,Unnamed: 0,core0_status,core1_status,core2_status,core3_status,core_freq,gpu_status,gpu_freq,emc_status,emc_freq,inference_time,total_energy_consumption,gpu_energy_consumption,cpu_energy_consumption,total_temp,gpu_temp,cpu_temp,cpu_utilization,kernel.cpu_time_max_percent,kernel.random.read_wakeup_threshold,kernel.random.write_wakeup_threshold,kernel.sched_cfs_bandwith_slice_us,kernel.sched_child_runs_first,kernel.sched_rr_timeslice_ms,kernel.sched_rt_period_us,kernel.sched_rt_runtime_us,kernel.timer_migration,scheduler.policy,vm.dirty_background_bytes,vm.dirty_background_ratio,vm.dirty_bytes,vm.drop_caches,vm.swappiness,vm.vfs_cache_pressure,L1-dcache-load-misses,L1-dcache-loads,L1-dcache-stores,alignment-faults,block:block_bio_backmerge,block:block_bio_bounce,block:block_bio_complete,block:block_bio_frontmerge,block:block_bio_queue,block:block_bio_remap,block:block_dirty_buffer,block:block_getrq,block:block_plug,block:block_rq_abort,block:block_rq_complete,block:block_rq_insert,block:block_rq_issue,block:block_rq_remap,block:block_rq_requeue,block:block_sleeprq,block:block_split,block:block_touch_buffer,block:block_unplug,branch-load-misses,branch-loads,branch-misses,cache-misses,cache-references,context-switches,cycles,emulation-faults,ext4:ext4_alloc_da_blocks,ext4:ext4_allocate_blocks,ext4:ext4_allocate_inode,ext4:ext4_begin_ordered_truncate,ext4:ext4_collapse_range,ext4:ext4_da_release_space,ext4:ext4_da_reserve_space,ext4:ext4_da_update_reserve_space,ext4:ext4_da_write_begin,ext4:ext4_da_write_end,ext4:ext4_da_write_pages,ext4:ext4_da_write_pages_extent,ext4:ext4_direct_IO_enter,ext4:ext4_direct_IO_exit,ext4:ext4_discard_blocks,ext4:ext4_discard_preallocations,ext4:ext4_drop_inode,ext4:ext4_es_cache_extent,ext4:ext4_es_find_delayed_extent_range_enter,ext4:ext4_es_find_delayed_extent_range_exit,ext4:ext4_es_insert_extent,ext4:ext4_es_lookup_extent_enter,ext4:ext4_es_lookup_extent_exit,ext4:ext4_es_remove_extent,ext4:ext4_es_shrink,ext4:ext4_es_shrink_count,ext4:ext4_es_shrink_scan_enter,ext4:ext4_es_shrink_scan_exit,ext4:ext4_evict_inode,ext4:ext4_ext_convert_to_initialized_enter,ext4:ext4_ext_convert_to_initialized_fastpath,ext4:ext4_ext_handle_unwritten_extents,ext4:ext4_ext_in_cache,ext4:ext4_ext_load_extent,ext4:ext4_ext_map_blocks_enter,ext4:ext4_ext_map_blocks_exit,ext4:ext4_ext_put_in_cache,ext4:ext4_ext_remove_space,ext4:ext4_ext_remove_space_done,ext4:ext4_ext_rm_idx,ext4:ext4_ext_rm_leaf,ext4:ext4_ext_show_extent,ext4:ext4_fallocate_enter,ext4:ext4_fallocate_exit,ext4:ext4_find_delalloc_range,ext4:ext4_forget,ext4:ext4_free_blocks,ext4:ext4_free_inode,ext4:ext4_get_implied_cluster_alloc_exit,ext4:ext4_get_reserved_cluster_alloc,ext4:ext4_ind_map_blocks_enter,ext4:ext4_ind_map_blocks_exit,ext4:ext4_insert_range,ext4:ext4_invalidatepage,ext4:ext4_journal_start,ext4:ext4_journal_start_reserved,ext4:ext4_journalled_invalidatepage,ext4:ext4_journalled_write_end,ext4:ext4_load_inode,ext4:ext4_load_inode_bitmap,ext4:ext4_mark_inode_dirty,ext4:ext4_mb_bitmap_load,ext4:ext4_mb_buddy_bitmap_load,ext4:ext4_mb_discard_preallocations,ext4:ext4_mb_new_group_pa,ext4:ext4_mb_new_inode_pa,ext4:ext4_mb_release_group_pa,ext4:ext4_mb_release_inode_pa,ext4:ext4_mballoc_alloc,ext4:ext4_mballoc_discard,ext4:ext4_mballoc_free,ext4:ext4_mballoc_prealloc,ext4:ext4_other_inode_update_time,ext4:ext4_punch_hole,ext4:ext4_read_block_bitmap_load,ext4:ext4_readpage,ext4:ext4_releasepage,ext4:ext4_remove_blocks,ext4:ext4_request_blocks,ext4:ext4_request_inode,ext4:ext4_sync_file_enter,ext4:ext4_sync_file_exit,ext4:ext4_sync_fs,ext4:ext4_trim_all_free,ext4:ext4_trim_extent,ext4:ext4_truncate_enter,ext4:ext4_truncate_exit,ext4:ext4_unlink_enter,ext4:ext4_unlink_exit,ext4:ext4_write_begin,ext4:ext4_write_end,ext4:ext4_writepage,ext4:ext4_writepages,ext4:ext4_writepages_result,ext4:ext4_zero_range,instructions,irq:irq_handler_entry,irq:irq_handler_exit,irq:softirq_entry,irq:softirq_exit,irq:softirq_raise,major-faults,migrations,minor-faults,raw_syscalls:sys_enter,raw_syscalls:sys_exit,sched:sched_blocked_reason,sched:sched_cpu_hotplug,sched:sched_kthread_stop,sched:sched_kthread_stop_ret,sched:sched_migrate_task,sched:sched_move_numa,sched:sched_pi_setprio,sched:sched_process_exec,sched:sched_process_exit,sched:sched_process_fork,sched:sched_process_free,sched:sched_process_wait,sched:sched_stat_blocked,sched:sched_stat_iowait,sched:sched_stat_runtime,sched:sched_stat_sleep,sched:sched_stat_wait,sched:sched_stick_numa,sched:sched_swap_numa,sched:sched_switch,sched:sched_wait_task,sched:sched_wake_idle_without_ipi,sched:sched_wakeup,sched:sched_wakeup_new,sched:sched_waking
0,0.0,1.0,0.0,1.0,1.0,2035200.0,1.0,854250000.0,1.0,204000000.0,22.4358100891,621982.0,70632.0,265850.0,39822.3140496,40628.0991736,42161.157024800006,71.0,25.0,64.0,896.0,5000.0,0.0,25.0,1000000.0,950000.0,1.0,0.0,0.0,10.0,0.0,0.0,0.0,100.0,532624853.0,4247994657.0,4240102731.0,0.0,0.0,0.0,0.0,0.0,1.0,1.0,1.0,1.0,1.0,0.0,0.0,1.0,0.0,0.0,0.0,0.0,0.0,30.0,1.0,113677202.0,2364392718.0,114424591.0,515211466.0,4271665150.0,24930.0,81396286287.0,0.0,1.0,1.0,0.0,1.0,0.0,0.0,1.0,1.0,1.0,1.0,2.0,1.0,0.0,0.0,0.0,2.0,0.0,0.0,1.0,1.0,3.0,50.0,50.0,1.0,0.0,0.0,0.0,0.0,0.0,0.0,0.0,0.0,0.0,0.0,2.0,2.0,0.0,1.0,1.0,0.0,1.0,0.0,0.0,0.0,0.0,0.0,1.0,0.0,0.0,1.0,0.0,0.0,0.0,1.0,11.0,0.0,0.0,0.0,0.0,0.0,12.0,0.0,0.0,0.0,0.0,0.0,0.0,0.0,0.0,0.0,1.0,1.0,0.0,0.0,0.0,0.0,1.0,1.0,1.0,0.0,0.0,0.0,0.0,0.0,0.0,1.0,1.0,0.0,0.0,0.0,0.0,0.0,1.0,1.0,0.0,8886555949.0,15190.0,15190.0,30837.0,30837.0,31538.0,0.0,4399.0,352327.0,128998.0,127524.0,1165.0,0.0,0.0,0.0,4204.0,0.0,0.0,1465.0,1475.0,1474.0,613.0,1463.0,9322097024.0,9088160.0,43802371392.0,1486555582976.0,11108283872.0,0.0,0.0,24930.0,0.0,0.0,33816.0,2948.0,36286.0
1,0.0,1.0,0.0,1.0,1.0,2035200.0,1.0,854250000.0,1.0,204000000.0,0.387814044952,12882.0,1676.0,4800.0,39500.0,40500.0,42000.0,84.0,25.0,64.0,896.0,5000.0,0.0,25.0,1000000.0,950000.0,1.0,0.0,0.0,10.0,0.0,0.0,0.0,100.0,25334950.0,662794336.0,631048148.0,0.0,0.0,0.0,0.0,0.0,2.0,2.0,1.0,2.0,2.0,0.0,0.0,2.0,0.0,0.0,0.0,0.0,0.0,128.0,2.0,17171917.0,283287955.0,17497504.0,27486117.0,700728063.0,916.0,5728969118.0,0.0,1.0,1.0,0.0,1.0,0.0,0.0,1.0,1.0,1.0,1.0,2.0,1.0,0.0,0.0,0.0,2.0,0.0,0.0,1.0,1.0,4.0,165.0,165.0,1.0,0.0,0.0,0.0,0.0,0.0,0.0,0.0,0.0,0.0,0.0,3.0,3.0,0.0,1.0,1.0,0.0,1.0,1.0,0.0,0.0,0.0,0.0,1.0,0.0,0.0,1.0,0.0,0.0,0.0,1.0,11.0,0.0,0.0,0.0,0.0,0.0,12.0,0.0,0.0,0.0,0.0,0.0,0.0,0.0,0.0,0.0,1.0,1.0,0.0,0.0,0.0,0.0,1.0,1.0,1.0,0.0,0.0,0.0,0.0,0.0,0.0,1.0,1.0,0.0,0.0,0.0,0.0,0.0,1.0,1.0,0.0,1462511078.0,1102.0,1102.0,2214.0,2214.0,2244.0,1.0,115.0,23208.0,22500.0,22459.0,64.0,0.0,0.0,0.0,133.0,0.0,0.0,37.0,42.0,41.0,11.0,35.0,163325856.0,1870624.0,3352110880.0,305050881408.0,328682624.0,0.0,0.0,916.0,0.0,0.0,1234.0,82.0,1539.0
2,0.0,1.0,0.0,1.0,1.0,2035200.0,1.0,854250000.0,1.0,204000000.0,0.38705801963799996,12424.0,1676.0,4419.0,39500.0,40500.0,41500.0,84.0,25.0,64.0,896.0,5000.0,0.0,25.0,1000000.0,950000.0,1.0,0.0,0.0,10.0,0.0,0.0,0.0,100.0,27015875.0,667465923.0,627958308.0,0.0,0.0,0.0,0.0,0.0,1.0,1.0,1.0,1.0,1.0,0.0,0.0,1.0,0.0,0.0,0.0,0.0,0.0,59.0,1.0,16955397.0,288294639.0,17081940.0,27346226.0,680806074.0,831.0,5588166283.0,0.0,1.0,1.0,0.0,1.0,0.0,0.0,1.0,1.0,1.0,1.0,2.0,1.0,0.0,0.0,0.0,2.0,0.0,0.0,1.0,1.0,3.0,78.0,78.0,1.0,0.0,0.0,0.0,0.0,0.0,0.0,0.0,0.0,0.0,0.0,2.0,2.0,0.0,1.0,1.0,0.0,1.0,0.0,0.0,0.0,0.0,0.0,1.0,0.0,0.0,1.0,0.0,0.0,0.0,1.0,11.0,0.0,0.0,0.0,0.0,0.0,12.0,0.0,0.0,0.0,0.0,0.0,0.0,0.0,0.0,0.0,1.0,1.0,0.0,0.0,0.0,0.0,1.0,1.0,1.0,0.0,0.0,0.0,0.0,0.0,0.0,1.0,1.0,0.0,0.0,0.0,0.0,0.0,1.0,1.0,0.0,1456659966.0,1017.0,1017.0,2254.0,2254.0,2284.0,0.0,118.0,22953.0,22517.0,22476.0,65.0,0.0,0.0,0.0,152.0,0.0,0.0,37.0,42.0,41.0,9.0,35.0,381685760.0,0.0,3293698304.0,46372671904.0,181946112.0,0.0,0.0,831.0,0.0,0.0,1177.0,82.0,1498.0
3,0.0,1.0,0.0,1.0,1.0,2035200.0,1.0,854250000.0,1.0,204000000.0,0.396932125092,12577.0,1676.0,4800.0,39500.0,40333.3333333,41500.0,84.0,25.0,64.0,896.0,5000.0,0.0,25.0,1000000.0,950000.0,1.0,0.0,0.0,10.0,0.0,0.0,0.0,100.0,29593256.0,668102202.0,655559432.0,0.0,0.0,0.0,0.0,0.0,1.0,1.0,1.0,1.0,1.0,0.0,0.0,1.0,0.0,0.0,0.0,0.0,0.0,36.0,1.0,17197997.0,298043346.0,17068810.0,30340430.0,696926437.0,878.0,5738627019.0,0.0,1.0,1.0,0.0,1.0,0.0,0.0,1.0,1.0,1.0,1.0,2.0,1.0,0.0,0.0,0.0,2.0,0.0,0.0,1.0,1.0,3.0,50.0,50.0,1.0,0.0,0.0,0.0,0.0,0.0,0.0,0.0,0.0,0.0,0.0,2.0,2.0,0.0,1.0,1.0,0.0,1.0,0.0,0.0,0.0,0.0,0.0,1.0,0.0,0.0,1.0,0.0,0.0,0.0,1.0,11.0,0.0,0.0,0.0,0.0,0.0,12.0,0.0,0.0,0.0,0.0,0.0,0.0,0.0,0.0,0.0,1.0,1.0,0.0,0.0,0.0,0.0,1.0,1.0,1.0,0.0,0.0,0.0,0.0,0.0,0.0,1.0,1.0,0.0,0.0,0.0,0.0,0.0,1.0,1.0,0.0,1463519441.0,1030.0,1030.0,2297.0,2297.0,2327.0,0.0,140.0,24566.0,22759.0,22711.0,59.0,0.0,0.0,0.0,151.0,0.0,0.0,43.0,49.0,48.0,12.0,41.0,137669376.0,0.0,3355119936.0,30587802112.0,344922304.0,0.0,0.0,878.0,0.0,0.0,1122.0,96.0,1439.0
4,0.0,1.0,0.0,1.0,1.0,2035200.0,1.0,854250000.0,1.0,204000000.0,0.385886907578,12348.0,1599.0,4496.0,39500.0,40500.0,41750.0,87.0,25.0,64.0,896.0,5000.0,0.0,25.0,1000000.0,950000.0,1.0,1.0,0.0,10.0,0.0,0.0,0.0,100.0,26158946.0,654126527.0,631637711.0,0.0,0.0,0.0,0.0,0.0,1.0,1.0,1.0,1.0,1.0,0.0,0.0,1.0,0.0,0.0,0.0,0.0,0.0,35.0,1.0,16956172.0,290452355.0,17175787.0,26704085.0,676718210.0,881.0,5553718971.0,0.0,1.0,1.0,0.0,1.0,0.0,0.0,1.0,1.0,1.0,1.0,2.0,1.0,0.0,0.0,0.0,2.0,0.0,0.0,1.0,1.0,3.0,50.0,50.0,1.0,0.0,0.0,0.0,0.0,0.0,0.0,0.0,0.0,0.0,0.0,2.0,2.0,0.0,1.0,1.0,0.0,1.0,0.0,0.0,0.0,0.0,0.0,1.0,0.0,0.0,1.0,0.0,0.0,0.0,1.0,11.0,0.0,0.0,0.0,0.0,0.0,12.0,0.0,0.0,0.0,0.0,0.0,0.0,0.0,0.0,0.0,1.0,1.0,0.0,0.0,0.0,0.0,1.0,1.0,1.0,0.0,0.0,0.0,0.0,0.0,0.0,1.0,1.0,0.0,0.0,0.0,0.0,0.0,1.0,1.0,0.0,1482986046.0,984.0,984.0,2154.0,2154.0,2187.0,0.0,104.0,23474.0,22609.0,22568.0,56.0,0.0,0.0,0.0,123.0,0.0,0.0,37.0,42.0,41.0,9.0,35.0,362965024.0,2019328.0,3244923392.0,41416696960.0,215356416.0,0.0,0.0,881.0,0.0,0.0,1184.0,82.0,1550.0
5,0.0,1.0,0.0,1.0,1.0,2035200.0,1.0,854250000.0,1.0,204000000.0,0.411750078201,12348.0,1522.0,4420.0,39250.0,40500.0,41500.0,87.0,25.0,64.0,896.0,5000.0,0.0,25.0,1000000.0,950000.0,1.0,1.0,0.0,10.0,0.0,0.0,0.0,100.0,26698587.0,654898128.0,611402953.0,0.0,0.0,0.0,0.0,0.0,1.0,1.0,1.0,1.0,1.0,0.0,0.0,1.0,0.0,0.0,0.0,0.0,0.0,33.0,1.0,16748732.0,277239089.0,17002424.0,27802997.0,694341793.0,849.0,5599543470.0,0.0,1.0,1.0,0.0,1.0,0.0,0.0,1.0,1.0,1.0,1.0,2.0,1.0,0.0,0.0,0.0,2.0,0.0,0.0,1.0,1.0,3.0,50.0,50.0,1.0,0.0,0.0,0.0,0.0,0.0,0.0,0.0,0.0,0.0,0.0,2.0,2.0,0.0,1.0,1.0,0.0,1.0,0.0,0.0,0.0,0.0,0.0,1.0,0.0,0.0,1.0,0.0,0.0,0.0,1.0,10.0,0.0,0.0,0.0,0.0,0.0,11.0,0.0,0.0,0.0,0.0,0.0,0.0,0.0,0.0,0.0,1.0,1.0,0.0,0.0,0.0,0.0,1.0,1.0,1.0,0.0,0.0,0.0,0.0,0.0,0.0,1.0,1.0,0.0,0.0,0.0,0.0,0.0,1.0,1.0,0.0,1470225753.0,1072.0,1072.0,2168.0,2168.0,2193.0,0.0,129.0,23472.0,22458.0,22417.0,75.0,0.0,0.0,0.0,160.0,0.0,0.0,37.0,42.0,41.0,8.0,35.0,250248256.0,0.0,3293254272.0,25971779104.0,271669472.0,0.0,0.0,849.0,0.0,0.0,1222.0,82.0,1503.0
6,0.0,1.0,0.0,1.0,1.0,2035200.0,1.0,854250000.0,1.0,204000000.0,0.395846128464,12462.0,1599.0,4572.0,39250.0,40250.0,41500.0,87.0,25.0,64.0,896.0,5000.0,0.0,25.0,1000000.0,950000.0,1.0,1.0,0.0,10.0,0.0,0.0,0.0,100.0,25926470.0,678421661.0,646172658.0,0.0,0.0,0.0,0.0,0.0,1.0,1.0,1.0,1.0,1.0,0.0,0.0,1.0,0.0,0.0,0.0,0.0,0.0,34.0,1.0,17410304.0,284493187.0,17137955.0,26779184.0,676493890.0,852.0,5636478493.0,0.0,1.0,1.0,0.0,1.0,0.0,0.0,1.0,1.0,1.0,1.0,2.0,1.0,0.0,0.0,0.0,2.0,0.0,0.0,1.0,1.0,3.0,50.0,50.0,1.0,0.0,0.0,0.0,0.0,0.0,0.0,0.0,0.0,0.0,0.0,2.0,2.0,0.0,1.0,1.0,0.0,1.0,0.0,0.0,0.0,0.0,0.0,1.0,0.0,0.0,1.0,0.0,0.0,0.0,1.0,11.0,0.0,0.0,0.0,0.0,0.0,12.0,0.0,0.0,0.0,0.0,0.0,0.0,0.0,0.0,0.0,1.0,1.0,0.0,0.0,0.0,0.0,1.0,1.0,1.0,0.0,0.0,0.0,0.0,0.0,0.0,1.0,1.0,0.0,0.0,0.0,0.0,0.0,1.0,1.0,0.0,1437261191.0,982.0,982.0,2162.0,2162.0,2183.0,0.0,108.0,23259.0,22524.0,22483.0,54.0,0.0,0.0,0.0,119.0,0.0,0.0,37.0,42.0,41.0,13.0,35.0,167024960.0,2034496.0,3283665504.0,30523757536.0,298711584.0,0.0,0.0,852.0,0.0,0.0,1132.0,82.0,1374.0
7,0.0,1.0,0.0,1.0,1.0,2035200.0,1.0,854250000.0,1.0,204000000.0,0.405923843384,12348.0,1522.0,4572.0,39562.5,40125.0,41375.0,81.0,25.0,64.0,896.0,5000.0,0.0,25.0,1000000.0,950000.0,1.0,0.0,0.0,10.0,0.0,0.0,0.0,500.0,29606942.0,693228186.0,670253613.0,0.0,0.0,0.0,0.0,0.0,1.0,1.0,1.0,1.0,1.0,0.0,0.0,1.0,0.0,0.0,0.0,0.0,0.0,35.0,1.0,17184961.0,312291079.0,16897220.0,31225278.0,710596183.0,1076.0,6009581193.0,0.0,1.0,1.0,0.0,1.0,0.0,0.0,1.0,1.0,1.0,1.0,2.0,1.0,0.0,0.0,0.0,2.0,0.0,0.0,1.0,1.0,3.0,50.0,50.0,1.0,0.0,0.0,0.0,0.0,0.0,0.0,0.0,0.0,0.0,0.0,2.0,2.0,0.0,1.0,1.0,0.0,1.0,0.0,0.0,0.0,0.0,0.0,1.0,0.0,0.0,1.0,0.0,0.0,0.0,1.0,11.0,0.0,0.0,0.0,0.0,0.0,12.0,0.0,0.0,0.0,0.0,0.0,0.0,0.0,0.0,0.0,1.0,1.0,0.0,0.0,0.0,0.0,1.0,1.0,1.0,0.0,0.0,0.0,0.0,0.0,0.0,1.0,1.0,0.0,0.0,0.0,0.0,0.0,1.0,1.0,0.0,1499519280.0,1154.0,1154.0,2442.0,2442.0,2470.0,0.0,145.0,25867.0,23461.0,23407.0,57.0,0.0,0.0,0.0,174.0,0.0,0.0,49.0,55.0,54.0,16.0,47.0,152221152.0,0.0,3596644320.0,35339883936.0,274825120.0,0.0,0.0,1076.0,0.0,0.0,1502.0,108.0,1862.0
8,0.0,1.0,0.0,1.0,1.0,2035200.0,1.0,854250000.0,1.0,204000000.0,0.394665956497,8080.0,990.0,3124.0,39375.0,40500.0,41750.0,81.0,25.0,64.0,896.0,5000.0,0.0,25.0,1000000.0,950000.0,1.0,0.0,0.0,10.0,0.0,0.0,0.0,500.0,23849983.0,653303874.0,603440907.0,0.0,0.0,0.0,0.0,0.0,1.0,1.0,1.0,1.0,1.0,0.0,0.0,1.0,0.0,0.0,0.0,0.0,0.0,31.0,1.0,16125094.0,264363465.0,16306613.0,25438494.0,671743047.0,844.0,5302531292.0,0.0,1.0,1.0,0.0,1.0,0.0,0.0,1.0,1.0,1.0,1.0,2.0,1.0,0.0,0.0,0.0,2.0,0.0,0.0,1.0,1.0,3.0,50.0,50.0,1.0,0.0,0.0,0.0,0.0,0.0,0.0,0.0,0.0,0.0,0.0,2.0,2.0,0.0,1.0,1.0,0.0,1.0,0.0,0.0,0.0,0.0,0.0,1.0,0.0,0.0,1.0,0.0,0.0,0.0,1.0,11.0,0.0,0.0,0.0,0.0,0.0,12.0,0.0,0.0,0.0,0.0,0.0,0.0,0.0,0.0,0.0,1.0,1.0,0.0,0.0,0.0,0.0,1.0,1.0,1.0,0.0,0.0,0.0,0.0,0.0,0.0,1.0,1.0,0.0,0.0,0.0,0.0,0.0,1.0,1.0,0.0,1444191705.0,1006.0,1006.0,2125.0,2125.0,2156.0,0.0,80.0,21267.0,22021.0,21987.0,47.0,0.0,0.0,0.0,108.0,0.0,0.0,31.0,35.0,34.0,12.0,29.0,142159392.0,1920000.0,3142829280.0,29693848576.0,276517216.0,0.0,0.0,844.0,0.0,0.0,1062.0,68.0,1265.0
9,0.0,1.0,0.0,1.0,1.0,2035200.0,1.0,854250000.0,1.0,204000000.0,0.403562068939,12465.0,1676.0,4572.0,39500.0,40500.0,41500.0,81.0,25.0,64.0,896.0,5000.0,0.0,25.0,1000000.0,950000.0,1.0,0.0,0.0,10.0,0.0,0.0,0.0,500.0,26330435.0,678419218.0,643314474.0,0.0,0.0,0.0,0.0,0.0,1.0,1.0,1.0,1.0,1.0,0.0,0.0,1.0,0.0,0.0,0.0,0.0,0.0,35.0,1.0,16950522.0,280476178.0,16624269.0,27350419.0,695696751.0,932.0,5668286362.0,0.0,1.0,1.0,0.0,1.0,0.0,0.0,1.0,1.0,1.0,1.0,2.0,1.0,0.0,0.0,0.0,2.0,0.0,0.0,1.0,1.0,3.0,50.0,50.0,1.0,0.0,0.0,0.0,0.0,0.0,0.0,0.0,0.0,0.0,0.0,2.0,2.0,0.0,1.0,1.0,0.0,1.0,0.0,0.0,0.0,0.0,0.0,1.0,0.0,0.0,1.0,0.0,0.0,0.0,1.0,10.0,0.0,0.0,0.0,0.0,0.0,11.0,0.0,0.0,0.0,0.0,0.0,0.0,0.0,0.0,0.0,1.0,1.0,0.0,0.0,0.0,0.0,1.0,1.0,1.0,0.0,0.0,0.0,0.0,0.0,0.0,1.0,1.0,0.0,0.0,0.0,0.0,0.0,1.0,1.0,0.0,1491125662.0,1050.0,1050.0,2218.0,2218.0,2254.0,0.0,111.0,23762.0,22602.0,22561.0,75.0,0.0,0.0,0.0,119.0,0.0,0.0,37.0,42.0,41.0,13.0,35.0,183149408.0,0.0,3378984544.0,31392126720.0,237297920.0,0.0,0.0,932.0,0.0,0.0,1245.0,82.0,1566.0
10,0.0,1.0,0.0,1.0,1.0,2035200.0,1.0,854250000.0,1.0,204000000.0,0.381953954697,12348.0,1676.0,4572.0,39500.0,40500.0,42000.0,90.0,25.0,64.0,896.0,5000.0,0.0,25.0,1000000.0,950000.0,1.0,1.0,0.0,10.0,0.0,0.0,0.0,500.0,25296828.0,646746497.0,616268232.0,0.0,0.0,0.0,0.0,0.0,1.0,1.0,1.0,1.0,1.0,0.0,0.0,1.0,0.0,0.0,0.0,0.0,0.0,36.0,1.0,16558977.0,275856868.0,16968161.0,26173115.0,695367380.0,831.0,5687608861.0,0.0,1.0,1.0,0.0,1.0,0.0,0.0,1.0,1.0,1.0,1.0,2.0,1.0,0.0,0.0,0.0,2.0,0.0,0.0,1.0,1.0,3.0,50.0,50.0,1.0,0.0,0.0,0.0,0.0,0.0,0.0,0.0,0.0,0.0,0.0,2.0,2.0,0.0,1.0,1.0,0.0,1.0,0.0,0.0,0.0,0.0,0.0,1.0,0.0,0.0,1.0,0.0,0.0,0.0,1.0,11.0,0.0,0.0,0.0,0.0,0.0,12.0,0.0,0.0,0.0,0.0,0.0,0.0,0.0,0.0,0.0,1.0,1.0,0.0,0.0,0.0,0.0,1.0,1.0,1.0,0.0,0.0,0.0,0.0,0.0,0.0,1.0,1.0,0.0,0.0,0.0,0.0,0.0,1.0,1.0,0.0,1475745379.0,1031.0,1031.0,2133.0,2133.0,2166.0,0.0,117.0,22744.0,22351.0,22310.0,57.0,0.0,0.0,0.0,130.0,0.0,0.0,37.0,42.0,41.0,9.0,35.0,91048064.0,2199008.0,3277454048.0,171261818336.0,267689440.0,0.0,0.0,831.0,0.0,0.0,1087.0,82.0,1400.0
11,0.0,1.0,0.0,1.0,1.0,2035200.0,1.0,854250000.0,1.0,204000000.0,0.394223928452,8004.0,1067.0,3124.0,39500.0,40500.0,42000.0,90.0,25.0,64.0,896.0,5000.0,0.0,25.0,1000000.0,950000.0,1.0,1.0,0.0,10.0,0.0,0.0,0.0,500.0,28779906.0,699770717.0,682673325.0,0.0,0.0,0.0,0.0,0.0,4.0,4.0,52.0,4.0,4.0,0.0,0.0,4.0,0.0,0.0,0.0,0.0,0.0,200.0,4.0,19801664.0,298383968.0,20047336.0,28291408.0,698648178.0,798.0,5802249419.0,0.0,4.0,4.0,7.0,8.0,0.0,1.0,6.0,4.0,50.0,50.0,8.0,4.0,0.0,0.0,0.0,23.0,7.0,0.0,5.0,5.0,15.0,81.0,81.0,15.0,0.0,0.0,0.0,0.0,7.0,0.0,0.0,0.0,0.0,0.0,9.0,9.0,0.0,7.0,7.0,0.0,7.0,0.0,0.0,0.0,0.0,0.0,4.0,7.0,0.0,4.0,0.0,0.0,0.0,6.0,142.0,0.0,0.0,0.0,0.0,0.0,138.0,0.0,0.0,0.0,0.0,0.0,0.0,0.0,0.0,0.0,4.0,4.0,0.0,0.0,0.0,2.0,6.0,4.0,4.0,7.0,0.0,0.0,0.0,0.0,0.0,7.0,7.0,7.0,7.0,0.0,0.0,0.0,4.0,4.0,0.0,1458210723.0,977.0,977.0,2298.0,2298.0,2329.0,0.0,107.0,24455.0,23827.0,23788.0,64.0,0.0,0.0,0.0,119.0,0.0,0.0,37.0,41.0,40.0,11.0,35.0,280708000.0,0.0,3408574720.0,95666552416.0,300707424.0,0.0,0.0,798.0,0.0,0.0,1076.0,80.0,1396.0
12,0.0,1.0,0.0,1.0,1.0,2035200.0,1.0,854250000.0,1.0,204000000.0,0.39083695411700003,7930.0,1067.0,2896.0,39750.0,40500.0,41750.0,90.0,25.0,64.0,896.0,5000.0,0.0,25.0,1000000.0,950000.0,1.0,1.0,0.0,10.0,0.0,0.0,0.0,500.0,28116662.0,693491039.0,667107626.0,0.0,0.0,0.0,0.0,0.0,4.0,4.0,52.0,4.0,4.0,0.0,0.0,4.0,0.0,0.0,0.0,0.0,0.0,202.0,4.0,19020145.0,298257325.0,18938310.0,28428735.0,700939114.0,887.0,5790407271.0,0.0,4.0,4.0,7.0,8.0,0.0,1.0,6.0,4.0,50.0,50.0,8.0,4.0,0.0,0.0,0.0,23.0,7.0,0.0,5.0,5.0,15.0,81.0,81.0,15.0,0.0,0.0,0.0,0.0,7.0,0.0,0.0,0.0,0.0,0.0,9.0,9.0,0.0,7.0,7.0,0.0,7.0,0.0,0.0,0.0,0.0,0.0,4.0,7.0,0.0,4.0,0.0,0.0,0.0,6.0,145.0,0.0,0.0,0.0,0.0,0.0,141.0,0.0,0.0,0.0,0.0,0.0,0.0,0.0,0.0,0.0,4.0,4.0,0.0,0.0,0.0,2.0,6.0,4.0,4.0,7.0,0.0,0.0,0.0,0.0,0.0,7.0,7.0,7.0,7.0,0.0,0.0,0.0,4.0,4.0,0.0,1468304939.0,1075.0,1075.0,2203.0,2203.0,2237.0,0.0,113.0,24538.0,23935.0,23896.0,68.0,0.0,0.0,0.0,130.0,0.0,0.0,37.0,41.0,40.0,15.0,35.0,65254592.0,0.0,3458191360.0,36328633600.0,285754368.0,0.0,0.0,887.0,0.0,0.0,1245.0,80.0,1538.0
13,0.0,1.0,0.0,1.0,1.0,2035200.0,1.0,854250000.0,1.0,204000000.0,0.385333061218,12046.0,1446.0,4344.0,39500.0,40166.6666667,41500.0,77.0,25.0,64.0,896.0,5000.0,0.0,25.0,1000000.0,950000.0,1.0,0.0,0.0,10.0,0.0,0.0,100.0,100.0,31848353.0,720401629.0,696241454.0,0.0,0.0,0.0,0.0,0.0,4.0,4.0,52.0,4.0,4.0,0.0,0.0,4.0,0.0,0.0,0.0,0.0,0.0,210.0,4.0,18493230.0,332856431.0,18764763.0,33009234.0,754216120.0,1136.0,6372772724.0,0.0,4.0,4.0,7.0,8.0,0.0,1.0,6.0,4.0,50.0,50.0,8.0,4.0,0.0,0.0,0.0,23.0,7.0,0.0,5.0,5.0,15.0,81.0,81.0,15.0,0.0,0.0,0.0,0.0,7.0,0.0,0.0,0.0,0.0,0.0,9.0,9.0,0.0,7.0,7.0,0.0,7.0,0.0,0.0,0.0,0.0,0.0,4.0,7.0,0.0,4.0,0.0,0.0,0.0,6.0,144.0,0.0,0.0,0.0,0.0,0.0,140.0,0.0,0.0,0.0,0.0,0.0,0.0,0.0,0.0,0.0,4.0,4.0,0.0,0.0,0.0,2.0,6.0,4.0,4.0,7.0,0.0,0.0,0.0,0.0,0.0,7.0,7.0,7.0,7.0,0.0,0.0,0.0,4.0,4.0,0.0,1637365850.0,1206.0,1206.0,2421.0,2421.0,2446.0,0.0,146.0,28096.0,24817.0,24764.0,101.0,0.0,0.0,0.0,165.0,0.0,0.0,49.0,55.0,54.0,15.0,47.0,710385024.0,0.0,3802323520.0,43607083104.0,229035232.0,0.0,0.0,1136.0,0.0,0.0,1616.0,108.0,1952.0
14,0.0,1.0,0.0,1.0,1.0,2035200.0,1.0,854250000.0,1.0,204000000.0,0.38662314415,12236.0,1676.0,4420.0,39375.0,40500.0,41500.0,77.0,25.0,64.0,896.0,5000.0,0.0,25.0,1000000.0,950000.0,1.0,0.0,0.0,10.0,0.0,0.0,100.0,100.0,30293491.0,703790158.0,661525406.0,0.0,0.0,0.0,0.0,0.0,4.0,4.0,52.0,4.0,4.0,0.0,0.0,4.0,0.0,0.0,0.0,0.0,0.0,203.0,4.0,18233443.0,304415310.0,18033374.0,31071614.0,714373657.0,1023.0,6014754128.0,0.0,4.0,4.0,7.0,8.0,0.0,1.0,6.0,4.0,50.0,50.0,8.0,4.0,0.0,0.0,0.0,23.0,7.0,0.0,5.0,5.0,15.0,81.0,81.0,15.0,0.0,0.0,0.0,0.0,7.0,0.0,0.0,0.0,0.0,0.0,9.0,9.0,0.0,7.0,7.0,0.0,7.0,0.0,0.0,0.0,0.0,0.0,4.0,7.0,0.0,4.0,0.0,0.0,0.0,6.0,145.0,0.0,0.0,0.0,0.0,0.0,141.0,0.0,0.0,0.0,0.0,0.0,0.0,0.0,0.0,0.0,4.0,4.0,0.0,0.0,0.0,2.0,6.0,4.0,4.0,7.0,0.0,0.0,0.0,0.0,0.0,7.0,7.0,7.0,7.0,0.0,0.0,0.0,4.0,4.0,0.0,1522361106.0,1130.0,1130.0,2325.0,2325.0,2356.0,0.0,135.0,26788.0,24446.0,24400.0,82.0,0.0,0.0,0.0,171.0,0.0,0.0,43.0,48.0,47.0,10.0,41.0,465296032.0,0.0,3641397120.0,51812062432.0,278435968.0,0.0,0.0,1023.0,0.0,0.0,1504.0,94.0,1793.0
15,0.0,1.0,0.0,1.0,1.0,2035200.0,1.0,854250000.0,1.0,204000000.0,0.38964796066299995,12237.0,1599.0,4572.0,39625.0,40250.0,41625.0,77.0,25.0,64.0,896.0,5000.0,0.0,25.0,1000000.0,950000.0,1.0,0.0,0.0,10.0,0.0,0.0,100.0,100.0,33789001.0,731363132.0,716308824.0,0.0,0.0,0.0,0.0,0.0,4.0,4.0,52.0,4.0,4.0,0.0,0.0,4.0,0.0,0.0,0.0,0.0,0.0,211.0,4.0,19140518.0,356577774.0,19009229.0,34649357.0,747946172.0,1069.0,6318660608.0,0.0,4.0,4.0,7.0,8.0,0.0,1.0,6.0,4.0,50.0,50.0,8.0,4.0,0.0,0.0,0.0,23.0,7.0,0.0,5.0,5.0,15.0,81.0,81.0,15.0,0.0,0.0,0.0,0.0,7.0,0.0,0.0,0.0,0.0,0.0,9.0,9.0,0.0,7.0,7.0,0.0,7.0,0.0,0.0,0.0,0.0,0.0,4.0,7.0,0.0,4.0,0.0,0.0,0.0,6.0,147.0,0.0,0.0,0.0,0.0,0.0,143.0,0.0,0.0,0.0,0.0,0.0,0.0,0.0,0.0,0.0,4.0,4.0,0.0,0.0,0.0,2.0,6.0,4.0,4.0,7.0,0.0,0.0,0.0,0.0,0.0,7.0,7.0,7.0,7.0,0.0,0.0,0.0,4.0,4.0,0.0,1584790419.0,1216.0,1216.0,2551.0,2551.0,2587.0,0.0,155.0,29258.0,25107.0,25048.0,103.0,0.0,0.0,0.0,172.0,0.0,0.0,55.0,61.0,60.0,18.0,53.0,600193888.0,0.0,3911144096.0,58301058368.0,307183488.0,0.0,0.0,1069.0,0.0,0.0,1598.0,120.0,1902.0
16,0.0,1.0,0.0,1.0,1.0,2035200.0,1.0,854250000.0,1.0,204000000.0,0.383564949036,12425.0,1599.0,4724.0,39500.0,40333.3333333,41666.6666667,68.0,25.0,64.0,896.0,5000.0,0.0,25.0,1000000.0,950000.0,1.0,1.0,0.0,10.0,0.0,0.0,100.0,100.0,31267686.0,726799959.0,715910960.0,0.0,0.0,0.0,0.0,0.0,4.0,4.0,52.0,4.0,4.0,0.0,0.0,4.0,0.0,0.0,0.0,0.0,0.0,217.0,4.0,18802818.0,334580335.0,18878253.0,32186649.0,731517351.0,915.0,6244363001.0,0.0,4.0,4.0,7.0,8.0,0.0,1.0,6.0,4.0,50.0,50.0,8.0,4.0,0.0,0.0,0.0,23.0,7.0,0.0,5.0,5.0,15.0,81.0,81.0,15.0,0.0,0.0,0.0,0.0,7.0,0.0,0.0,0.0,0.0,0.0,9.0,9.0,0.0,7.0,7.0,0.0,7.0,0.0,0.0,0.0,0.0,0.0,4.0,7.0,0.0,4.0,0.0,0.0,0.0,6.0,146.0,0.0,0.0,0.0,0.0,0.0,142.0,0.0,0.0,0.0,0.0,0.0,0.0,0.0,0.0,0.0,4.0,4.0,0.0,0.0,0.0,2.0,6.0,4.0,4.0,7.0,0.0,0.0,0.0,0.0,0.0,7.0,7.0,7.0,7.0,0.0,0.0,0.0,4.0,4.0,0.0,1530556439.0,1100.0,1100.0,2367.0,2367.0,2400.0,0.0,153.0,28026.0,24694.0,24641.0,75.0,0.0,0.0,0.0,176.0,0.0,0.0,49.0,55.0,54.0,16.0,47.0,480886240.0,0.0,3691393216.0,35229281664.0,291604480.0,0.0,0.0,915.0,0.0,0.0,1389.0,108.0,1705.0
17,0.0,1.0,0.0,1.0,1.0,2035200.0,1.0,854250000.0,1.0,204000000.0,0.538486003876,13758.0,1675.0,6018.0,39583.3333333,40333.3333333,42166.6666667,68.0,25.0,64.0,896.0,5000.0,0.0,25.0,1000000.0,950000.0,1.0,1.0,0.0,10.0,0.0,0.0,100.0,100.0,31540841.0,775625598.0,730364364.0,0.0,1.0,0.0,0.0,0.0,4.0,4.0,52.0,3.0,3.0,0.0,0.0,3.0,0.0,0.0,0.0,0.0,0.0,211.0,3.0,21978209.0,320910284.0,22280606.0,33542777.0,765002905.0,1984.0,7337763016.0,0.0,4.0,4.0,7.0,8.0,0.0,1.0,6.0,4.0,50.0,50.0,8.0,4.0,0.0,0.0,0.0,23.0,7.0,0.0,5.0,5.0,15.0,81.0,81.0,15.0,0.0,0.0,0.0,0.0,7.0,0.0,0.0,0.0,0.0,0.0,9.0,9.0,0.0,7.0,7.0,0.0,7.0,0.0,0.0,0.0,0.0,0.0,4.0,7.0,0.0,4.0,0.0,0.0,0.0,6.0,146.0,0.0,0.0,0.0,0.0,0.0,142.0,0.0,0.0,0.0,0.0,0.0,0.0,0.0,0.0,0.0,4.0,4.0,0.0,0.0,0.0,2.0,6.0,4.0,4.0,7.0,0.0,0.0,0.0,0.0,0.0,7.0,7.0,7.0,7.0,0.0,0.0,0.0,4.0,4.0,0.0,1545329312.0,1748.0,1748.0,2687.0,2687.0,2721.0,0.0,187.0,27764.0,24954.0,24903.0,110.0,0.0,0.0,0.0,195.0,0.0,0.0,49.0,53.0,52.0,25.0,47.0,271107552.0,6298112.0,4129705088.0,34399109088.0,1077769056.0,0.0,0.0,1984.0,0.0,0.0,2075.0,104.0,2353.0
18,0.0,1.0,0.0,1.0,1.0,2035200.0,1.0,854250000.0,1.0,204000000.0,0.518231868744,10554.0,1065.0,5180.0,40250.0,40500.0,42500.0,68.0,25.0,64.0,896.0,5000.0,0.0,25.0,1000000.0,950000.0,1.0,1.0,0.0,10.0,0.0,0.0,100.0,100.0,27446191.0,788621495.0,754683192.0,0.0,0.0,0.0,0.0,0.0,17.0,17.0,52.0,17.0,11.0,0.0,0.0,17.0,0.0,0.0,0.0,0.0,0.0,1913.0,11.0,26466965.0,326292524.0,25790607.0,29211963.0,775619072.0,1504.0,7946716068.0,0.0,4.0,4.0,7.0,8.0,0.0,1.0,6.0,4.0,50.0,50.0,8.0,4.0,0.0,0.0,0.0,23.0,7.0,0.0,5.0,5.0,131.0,2023.0,2023.0,15.0,0.0,0.0,0.0,0.0,7.0,0.0,0.0,0.0,0.0,0.0,125.0,125.0,0.0,7.0,7.0,0.0,7.0,116.0,0.0,0.0,0.0,0.0,4.0,7.0,0.0,4.0,0.0,0.0,0.0,6.0,145.0,0.0,0.0,0.0,0.0,0.0,141.0,0.0,0.0,0.0,0.0,0.0,0.0,0.0,0.0,0.0,4.0,4.0,0.0,0.0,0.0,2.0,6.0,4.0,4.0,7.0,0.0,0.0,0.0,0.0,0.0,7.0,7.0,7.0,7.0,0.0,0.0,0.0,4.0,4.0,0.0,1445373700.0,2331.0,2331.0,2843.0,2843.0,2872.0,7.0,99.0,24850.0,23590.0,23552.0,66.0,0.0,0.0,0.0,93.0,0.0,0.0,37.0,40.0,39.0,15.0,35.0,386203392.0,27166016.0,4630069024.0,39480207648.0,1509602880.0,0.0,0.0,1504.0,0.0,0.0,1850.0,78.0,2082.0
19,0.0,1.0,0.0,1.0,1.0,2035200.0,1.0,854250000.0,1.0,204000000.0,0.382099151611,8042.0,1067.0,3048.0,39750.0,40750.0,42000.0,91.0,25.0,64.0,896.0,5000.0,0.0,25.0,1000000.0,950000.0,1.0,0.0,0.0,10.0,0.0,0.0,100.0,500.0,27861867.0,697217869.0,646887629.0,0.0,0.0,0.0,0.0,0.0,4.0,4.0,52.0,4.0,4.0,0.0,0.0,4.0,0.0,0.0,0.0,0.0,0.0,1582.0,4.0,18891497.0,289281552.0,19053809.0,29414079.0,710973282.0,997.0,6067435753.0,0.0,4.0,4.0,7.0,8.0,0.0,1.0,6.0,4.0,50.0,50.0,8.0,4.0,0.0,0.0,0.0,23.0,7.0,0.0,5.0,5.0,47.0,1632.0,1632.0,15.0,0.0,0.0,0.0,0.0,7.0,0.0,0.0,0.0,0.0,0.0,41.0,41.0,0.0,7.0,7.0,0.0,7.0,32.0,0.0,0.0,0.0,0.0,4.0,7.0,0.0,4.0,0.0,0.0,0.0,6.0,142.0,0.0,0.0,0.0,0.0,0.0,138.0,0.0,0.0,0.0,0.0,0.0,0.0,0.0,0.0,0.0,4.0,4.0,0.0,0.0,0.0,2.0,6.0,4.0,4.0,7.0,0.0,0.0,0.0,0.0,0.0,7.0,7.0,7.0,7.0,0.0,0.0,0.0,4.0,4.0,0.0,1502988332.0,1238.0,1238.0,2315.0,2315.0,2349.0,0.0,113.0,24677.0,24113.0,24074.0,68.0,0.0,0.0,0.0,144.0,0.0,0.0,37.0,41.0,40.0,14.0,35.0,285935712.0,0.0,3623625664.0,46318959936.0,224184608.0,0.0,0.0,997.0,0.0,0.0,1467.0,80.0,1735.0
20,0.0,1.0,0.0,1.0,1.0,2035200.0,1.0,854250000.0,1.0,204000000.0,0.453491926193,12465.0,1676.0,4800.0,39750.0,40500.0,42000.0,91.0,25.0,64.0,896.0,5000.0,0.0,25.0,1000000.0,950000.0,1.0,0.0,0.0,10.0,0.0,0.0,100.0,500.0,31450949.0,746483678.0,721718088.0,0.0,0.0,0.0,0.0,0.0,4.0,4.0,52.0,4.0,4.0,0.0,0.0,4.0,0.0,0.0,0.0,0.0,0.0,213.0,4.0,19497968.0,338630988.0,19603348.0,33341609.0,760420947.0,1447.0,7112009904.0,0.0,4.0,4.0,7.0,8.0,0.0,1.0,6.0,4.0,50.0,50.0,8.0,4.0,0.0,0.0,0.0,23.0,7.0,0.0,5.0,5.0,15.0,81.0,81.0,15.0,0.0,0.0,0.0,0.0,7.0,0.0,0.0,0.0,0.0,0.0,9.0,9.0,0.0,7.0,7.0,0.0,7.0,0.0,0.0,0.0,0.0,0.0,4.0,7.0,0.0,4.0,0.0,0.0,0.0,6.0,148.0,0.0,0.0,0.0,0.0,0.0,144.0,0.0,0.0,0.0,0.0,0.0,0.0,0.0,0.0,0.0,4.0,4.0,0.0,0.0,0.0,2.0,6.0,4.0,4.0,7.0,0.0,0.0,0.0,0.0,0.0,7.0,7.0,7.0,7.0,0.0,0.0,0.0,4.0,4.0,0.0,1550022624.0,1584.0,1584.0,2581.0,2581.0,2609.0,0.0,134.0,27488.0,24592.0,24539.0,75.0,0.0,0.0,0.0,160.0,0.0,0.0,49.0,55.0,54.0,13.0,47.0,244603520.0,3497856.0,4154056544.0,45537867040.0,485427040.0,0.0,0.0,1447.0,0.0,0.0,1670.0,108.0,2013.0
21,0.0,1.0,0.0,1.0,1.0,2035200.0,1.0,854250000.0,1.0,204000000.0,0.653289079666,14253.0,1903.0,5941.0,39750.0,40833.3333333,42166.6666667,91.0,25.0,64.0,896.0,5000.0,0.0,25.0,1000000.0,950000.0,1.0,0.0,0.0,10.0,0.0,0.0,100.0,500.0,34584408.0,770926057.0,734615947.0,0.0,0.0,0.0,0.0,0.0,4.0,4.0,52.0,4.0,4.0,0.0,0.0,4.0,0.0,0.0,0.0,0.0,0.0,227.0,4.0,20488468.0,329159296.0,20437101.0,36357908.0,777613426.0,1886.0,7437108272.0,0.0,4.0,4.0,7.0,8.0,0.0,1.0,6.0,4.0,50.0,50.0,8.0,4.0,0.0,0.0,0.0,23.0,7.0,0.0,5.0,5.0,15.0,81.0,81.0,15.0,0.0,0.0,0.0,0.0,7.0,0.0,0.0,0.0,0.0,0.0,9.0,9.0,0.0,7.0,7.0,0.0,7.0,0.0,0.0,0.0,0.0,0.0,4.0,7.0,0.0,4.0,0.0,0.0,0.0,6.0,145.0,0.0,0.0,0.0,0.0,0.0,141.0,0.0,0.0,0.0,0.0,0.0,0.0,0.0,0.0,0.0,4.0,4.0,0.0,0.0,0.0,2.0,6.0,4.0,4.0,7.0,0.0,0.0,0.0,0.0,0.0,7.0,7.0,7.0,7.0,0.0,0.0,0.0,4.0,4.0,0.0,1577103282.0,1593.0,1593.0,2725.0,2725.0,2756.0,0.0,139.0,27949.0,24910.0,24857.0,64.0,0.0,0.0,0.0,182.0,0.0,0.0,49.0,55.0,54.0,18.0,47.0,507293984.0,0.0,4221306688.0,70193758464.0,893391488.0,0.0,0.0,1886.0,0.0,0.0,1891.0,108.0,2173.0
22,0.0,1.0,0.0,1.0,1.0,2035200.0,1.0,854250000.0,1.0,204000000.0,0.390033960342,7890.0,1067.0,2896.0,39750.0,40750.0,42000.0,76.0,25.0,64.0,896.0,5000.0,0.0,25.0,1000000.0,950000.0,1.0,1.0,0.0,10.0,0.0,0.0,100.0,500.0,28588068.0,702030782.0,673522347.0,0.0,0.0,0.0,0.0,0.0,4.0,4.0,52.0,4.0,4.0,0.0,0.0,4.0,0.0,0.0,0.0,0.0,0.0,202.0,4.0,21469895.0,318285867.0,22091602.0,29115547.0,715162051.0,943.0,5969128603.0,0.0,4.0,4.0,7.0,8.0,0.0,1.0,6.0,4.0,50.0,50.0,8.0,4.0,0.0,0.0,0.0,23.0,7.0,0.0,5.0,5.0,15.0,81.0,81.0,15.0,0.0,0.0,0.0,0.0,7.0,0.0,0.0,0.0,0.0,0.0,9.0,9.0,0.0,7.0,7.0,0.0,7.0,0.0,0.0,0.0,0.0,0.0,4.0,7.0,0.0,4.0,0.0,0.0,0.0,6.0,143.0,0.0,0.0,0.0,0.0,0.0,139.0,0.0,0.0,0.0,0.0,0.0,0.0,0.0,0.0,0.0,4.0,4.0,0.0,0.0,0.0,2.0,6.0,4.0,4.0,7.0,0.0,0.0,0.0,0.0,0.0,7.0,7.0,7.0,7.0,0.0,0.0,0.0,4.0,4.0,0.0,1479246624.0,1155.0,1155.0,2353.0,2353.0,2379.0,0.0,109.0,24754.0,23946.0,23907.0,78.0,0.0,0.0,0.0,137.0,0.0,0.0,37.0,41.0,40.0,12.0,35.0,318716032.0,0.0,3482287328.0,26171277184.0,325385088.0,0.0,0.0,943.0,0.0,0.0,1304.0,80.0,1676.0
23,0.0,1.0,0.0,1.0,1.0,2035200.0,1.0,854250000.0,1.0,204000000.0,0.39775800705,12313.0,1522.0,4496.0,40000.0,40500.0,42000.0,76.0,25.0,64.0,896.0,5000.0,0.0,25.0,1000000.0,950000.0,1.0,1.0,0.0,10.0,0.0,0.0,100.0,500.0,31208663.0,709804622.0,671979428.0,0.0,0.0,0.0,0.0,0.0,4.0,4.0,52.0,4.0,4.0,0.0,0.0,4.0,0.0,0.0,0.0,0.0,0.0,223.0,4.0,19076293.0,306017413.0,19409739.0,31244090.0,724286262.0,968.0,6056868787.0,0.0,4.0,4.0,7.0,8.0,0.0,1.0,6.0,4.0,50.0,50.0,8.0,4.0,0.0,0.0,0.0,23.0,7.0,0.0,5.0,5.0,15.0,81.0,81.0,15.0,0.0,0.0,0.0,0.0,7.0,0.0,0.0,0.0,0.0,0.0,9.0,9.0,0.0,7.0,7.0,0.0,7.0,0.0,0.0,0.0,0.0,0.0,4.0,7.0,0.0,4.0,0.0,0.0,0.0,6.0,143.0,0.0,0.0,0.0,0.0,0.0,139.0,0.0,0.0,0.0,0.0,0.0,0.0,0.0,0.0,0.0,4.0,4.0,0.0,0.0,0.0,2.0,6.0,4.0,4.0,7.0,0.0,0.0,0.0,0.0,0.0,7.0,7.0,7.0,7.0,0.0,0.0,0.0,4.0,4.0,0.0,1537193570.0,1113.0,1113.0,2403.0,2403.0,2438.0,0.0,132.0,26654.0,24428.0,24382.0,89.0,0.0,0.0,0.0,162.0,0.0,0.0,43.0,48.0,47.0,18.0,41.0,393171424.0,0.0,3658680672.0,62628719808.0,379484128.0,0.0,0.0,968.0,0.0,0.0,1327.0,94.0,1664.0
24,0.0,1.0,0.0,1.0,1.0,2035200.0,1.0,854250000.0,1.0,204000000.0,0.387469053268,12997.0,1752.0,4800.0,39750.0,41000.0,42000.0,76.0,25.0,64.0,896.0,5000.0,0.0,25.0,1000000.0,950000.0,1.0,1.0,0.0,10.0,0.0,0.0,100.0,500.0,28627225.0,699301262.0,685329716.0,0.0,0.0,0.0,0.0,0.0,4.0,4.0,52.0,4.0,4.0,0.0,0.0,4.0,0.0,0.0,0.0,0.0,0.0,197.0,4.0,19296305.0,305634293.0,19143751.0,29848720.0,721129385.0,947.0,6442448785.0,0.0,4.0,4.0,7.0,8.0,0.0,1.0,6.0,4.0,50.0,50.0,8.0,4.0,0.0,0.0,0.0,23.0,7.0,0.0,5.0,5.0,15.0,81.0,81.0,15.0,0.0,0.0,0.0,0.0,7.0,0.0,0.0,0.0,0.0,0.0,9.0,9.0,0.0,7.0,7.0,0.0,7.0,0.0,0.0,0.0,0.0,0.0,4.0,7.0,0.0,4.0,0.0,0.0,0.0,6.0,144.0,0.0,0.0,0.0,0.0,0.0,140.0,0.0,0.0,0.0,0.0,0.0,0.0,0.0,0.0,0.0,4.0,4.0,0.0,0.0,0.0,2.0,6.0,4.0,4.0,7.0,0.0,0.0,0.0,0.0,0.0,7.0,7.0,7.0,7.0,0.0,0.0,0.0,4.0,4.0,0.0,1481936847.0,1219.0,1219.0,2571.0,2571.0,2602.0,0.0,118.0,25917.0,24018.0,23974.0,89.0,0.0,0.0,0.0,149.0,0.0,0.0,43.0,46.0,45.0,12.0,41.0,421450048.0,0.0,3892894976.0,54019375968.0,363906912.0,0.0,0.0,947.0,0.0,0.0,1129.0,90.0,1474.0
25,0.0,1.0,1.0,0.0,1.0,1728000.0,1.0,854250000.0,1.0,1062400000.0,0.159040212631,12457.0,1294.0,5178.0,39000.0,41500.0,42500.0,74.0,25.0,64.0,896.0,5000.0,0.0,25.0,1000000.0,950000.0,1.0,0.0,0.0,10.0,0.0,0.0,0.0,100.0,24948316.0,631480871.0,629298248.0,0.0,0.0,0.0,0.0,0.0,4.0,4.0,52.0,4.0,4.0,0.0,0.0,4.0,0.0,0.0,0.0,0.0,0.0,203.0,4.0,18711397.0,292622373.0,18478095.0,24698052.0,630027471.0,1093.0,3134413465.0,0.0,4.0,4.0,7.0,8.0,0.0,1.0,6.0,4.0,50.0,50.0,8.0,4.0,0.0,0.0,0.0,23.0,7.0,0.0,5.0,5.0,15.0,81.0,81.0,15.0,0.0,0.0,0.0,0.0,7.0,0.0,0.0,0.0,0.0,0.0,9.0,9.0,0.0,7.0,7.0,0.0,7.0,0.0,0.0,0.0,0.0,0.0,4.0,7.0,0.0,4.0,0.0,0.0,0.0,6.0,142.0,0.0,0.0,0.0,0.0,0.0,138.0,0.0,0.0,0.0,0.0,0.0,0.0,0.0,0.0,0.0,4.0,4.0,0.0,0.0,0.0,2.0,6.0,4.0,4.0,7.0,0.0,0.0,0.0,0.0,0.0,7.0,7.0,7.0,7.0,0.0,0.0,0.0,4.0,4.0,0.0,1420037415.0,951.0,951.0,1342.0,1342.0,1371.0,0.0,65.0,23427.0,23159.0,23127.0,39.0,0.0,0.0,0.0,64.0,0.0,0.0,31.0,34.0,33.0,8.0,29.0,21453728.0,0.0,1936364544.0,24165586976.0,339943680.0,0.0,0.0,1093.0,0.0,0.0,1230.0,66.0,1319.0
26,0.0,1.0,1.0,0.0,1.0,1728000.0,1.0,854250000.0,1.0,1062400000.0,0.173663139343,11201.0,1446.0,3884.0,40375.0,41500.0,42250.0,74.0,25.0,64.0,896.0,5000.0,0.0,25.0,1000000.0,950000.0,1.0,0.0,0.0,10.0,0.0,0.0,0.0,100.0,27936110.0,660299715.0,640241851.0,0.0,0.0,0.0,0.0,0.0,4.0,4.0,52.0,4.0,4.0,0.0,0.0,4.0,0.0,0.0,0.0,0.0,0.0,211.0,4.0,16915335.0,290125299.0,17049993.0,29404257.0,674970130.0,1270.0,3185020549.0,0.0,4.0,4.0,7.0,8.0,0.0,1.0,6.0,4.0,50.0,50.0,8.0,4.0,0.0,0.0,0.0,23.0,7.0,0.0,5.0,5.0,15.0,81.0,81.0,15.0,0.0,0.0,0.0,0.0,7.0,0.0,0.0,0.0,0.0,0.0,9.0,9.0,0.0,7.0,7.0,0.0,7.0,0.0,0.0,0.0,0.0,0.0,4.0,7.0,0.0,4.0,0.0,0.0,0.0,6.0,143.0,0.0,0.0,0.0,0.0,0.0,139.0,0.0,0.0,0.0,0.0,0.0,0.0,0.0,0.0,0.0,4.0,4.0,0.0,0.0,0.0,2.0,6.0,4.0,4.0,7.0,0.0,0.0,0.0,0.0,0.0,7.0,7.0,7.0,7.0,0.0,0.0,0.0,4.0,4.0,0.0,1480474135.0,1634.0,1634.0,1392.0,1392.0,1428.0,0.0,100.0,24779.0,23735.0,23696.0,39.0,0.0,0.0,0.0,92.0,0.0,0.0,37.0,41.0,40.0,7.0,35.0,46788384.0,13211200.0,1887747232.0,14596739360.0,182070304.0,0.0,0.0,1270.0,0.0,0.0,1980.0,80.0,2219.0
27,0.0,1.0,1.0,0.0,1.0,1728000.0,1.0,854250000.0,1.0,1062400000.0,0.149781227112,9565.0,1218.0,2894.0,40375.0,41250.0,42000.0,74.0,25.0,64.0,896.0,5000.0,0.0,25.0,1000000.0,950000.0,1.0,0.0,0.0,10.0,0.0,0.0,0.0,100.0,24466673.0,633930507.0,600508840.0,0.0,0.0,0.0,0.0,0.0,4.0,4.0,52.0,4.0,4.0,0.0,0.0,4.0,0.0,0.0,0.0,0.0,0.0,194.0,4.0,16863038.0,287461631.0,17181174.0,25651905.0,625742800.0,656.0,2915473635.0,0.0,4.0,4.0,7.0,8.0,0.0,1.0,6.0,4.0,50.0,50.0,8.0,4.0,0.0,0.0,0.0,23.0,7.0,0.0,5.0,5.0,15.0,81.0,81.0,15.0,0.0,0.0,0.0,0.0,7.0,0.0,0.0,0.0,0.0,0.0,9.0,9.0,0.0,7.0,7.0,0.0,7.0,0.0,0.0,0.0,0.0,0.0,4.0,7.0,0.0,4.0,0.0,0.0,0.0,6.0,142.0,0.0,0.0,0.0,0.0,0.0,138.0,0.0,0.0,0.0,0.0,0.0,0.0,0.0,0.0,0.0,4.0,4.0,0.0,0.0,0.0,2.0,6.0,4.0,4.0,7.0,0.0,0.0,0.0,0.0,0.0,7.0,7.0,7.0,7.0,0.0,0.0,0.0,4.0,4.0,0.0,1382116432.0,523.0,523.0,1332.0,1332.0,1362.0,0.0,87.0,24599.0,23618.0,23579.0,129.0,0.0,0.0,0.0,66.0,0.0,0.0,37.0,41.0,40.0,13.0,35.0,237749440.0,0.0,1847077248.0,26900779808.0,70096096.0,0.0,0.0,656.0,0.0,0.0,887.0,80.0,1083.0
28,0.0,1.0,1.0,0.0,1.0,1728000.0,1.0,854250000.0,1.0,1062400000.0,0.155342102051,9756.0,1218.0,3046.0,39750.0,41250.0,42000.0,77.0,25.0,64.0,896.0,5000.0,0.0,25.0,1000000.0,950000.0,1.0,1.0,0.0,10.0,0.0,0.0,0.0,100.0,24652924.0,612001580.0,616205528.0,0.0,0.0,0.0,0.0,0.0,4.0,4.0,52.0,4.0,4.0,0.0,0.0,4.0,0.0,0.0,0.0,0.0,0.0,213.0,4.0,17463537.0,314282874.0,17219993.0,25300643.0,635973127.0,591.0,2961529311.0,0.0,4.0,4.0,7.0,8.0,0.0,1.0,6.0,4.0,50.0,50.0,8.0,4.0,0.0,0.0,0.0,23.0,7.0,0.0,5.0,5.0,15.0,81.0,81.0,15.0,0.0,0.0,0.0,0.0,7.0,0.0,0.0,0.0,0.0,0.0,9.0,9.0,0.0,7.0,7.0,0.0,7.0,0.0,0.0,0.0,0.0,0.0,4.0,7.0,0.0,4.0,0.0,0.0,0.0,6.0,142.0,0.0,0.0,0.0,0.0,0.0,138.0,0.0,0.0,0.0,0.0,0.0,0.0,0.0,0.0,0.0,4.0,4.0,0.0,0.0,0.0,2.0,6.0,4.0,4.0,7.0,0.0,0.0,0.0,0.0,0.0,7.0,7.0,7.0,7.0,0.0,0.0,0.0,4.0,4.0,0.0,1455172195.0,588.0,588.0,1396.0,1396.0,1428.0,0.0,91.0,24275.0,23515.0,23476.0,44.0,0.0,0.0,0.0,96.0,0.0,0.0,37.0,41.0,40.0,10.0,35.0,34691680.0,0.0,1790208832.0,22343209408.0,113001920.0,0.0,0.0,591.0,0.0,0.0,821.0,80.0,1045.0
29,0.0,1.0,1.0,0.0,1.0,1728000.0,1.0,854250000.0,1.0,1062400000.0,0.162391901016,11735.0,1294.0,4721.0,40250.0,41750.0,42500.0,77.0,25.0,64.0,896.0,5000.0,0.0,25.0,1000000.0,950000.0,1.0,1.0,0.0,10.0,0.0,0.0,0.0,100.0,24988132.0,612480115.0,608340629.0,0.0,0.0,0.0,0.0,0.0,4.0,4.0,52.0,4.0,4.0,0.0,0.0,4.0,0.0,0.0,0.0,0.0,0.0,208.0,4.0,18592010.0,290616199.0,18459579.0,26600104.0,650057460.0,882.0,3124079510.0,0.0,4.0,4.0,7.0,8.0,0.0,1.0,6.0,4.0,50.0,50.0,8.0,4.0,0.0,0.0,0.0,23.0,7.0,0.0,5.0,5.0,15.0,81.0,81.0,15.0,0.0,0.0,0.0,0.0,7.0,0.0,0.0,0.0,0.0,0.0,9.0,9.0,0.0,7.0,7.0,0.0,7.0,0.0,0.0,0.0,0.0,0.0,4.0,7.0,0.0,4.0,0.0,0.0,0.0,6.0,141.0,0.0,0.0,0.0,0.0,0.0,137.0,0.0,0.0,0.0,0.0,0.0,0.0,0.0,0.0,0.0,4.0,4.0,0.0,0.0,0.0,2.0,6.0,4.0,4.0,7.0,0.0,0.0,0.0,0.0,0.0,7.0,7.0,7.0,7.0,0.0,0.0,0.0,4.0,4.0,0.0,1431661050.0,738.0,738.0,1379.0,1379.0,1411.0,0.0,91.0,24685.0,23584.0,23545.0,37.0,0.0,0.0,0.0,87.0,0.0,0.0,37.0,41.0,40.0,12.0,35.0,120008864.0,0.0,1841891520.0,17727462560.0,212485856.0,0.0,0.0,882.0,0.0,0.0,1050.0,80.0,1117.0
30,0.0,1.0,1.0,0.0,1.0,1728000.0,1.0,854250000.0,1.0,1062400000.0,0.158314943314,12342.0,1294.0,5254.0,40375.0,41500.0,42500.0,77.0,25.0,64.0,896.0,5000.0,0.0,25.0,1000000.0,950000.0,1.0,1.0,0.0,10.0,0.0,0.0,0.0,100.0,25218612.0,635912828.0,614708108.0,0.0,0.0,0.0,0.0,0.0,4.0,4.0,52.0,4.0,4.0,0.0,0.0,4.0,0.0,0.0,0.0,0.0,0.0,194.0,4.0,17373568.0,298446915.0,17280154.0,26901303.0,640644269.0,908.0,3183762057.0,0.0,4.0,4.0,7.0,8.0,0.0,1.0,6.0,4.0,50.0,50.0,8.0,4.0,0.0,0.0,0.0,23.0,7.0,0.0,5.0,5.0,15.0,81.0,81.0,15.0,0.0,0.0,0.0,0.0,7.0,0.0,0.0,0.0,0.0,0.0,9.0,9.0,0.0,7.0,7.0,0.0,7.0,0.0,0.0,0.0,0.0,0.0,4.0,7.0,0.0,4.0,0.0,0.0,0.0,6.0,142.0,0.0,0.0,0.0,0.0,0.0,138.0,0.0,0.0,0.0,0.0,0.0,0.0,0.0,0.0,0.0,4.0,4.0,0.0,0.0,0.0,2.0,6.0,4.0,4.0,7.0,0.0,0.0,0.0,0.0,0.0,7.0,7.0,7.0,7.0,0.0,0.0,0.0,4.0,4.0,0.0,1436334426.0,659.0,659.0,1468.0,1468.0,1507.0,0.0,101.0,24815.0,23698.0,23659.0,62.0,0.0,0.0,0.0,118.0,0.0,0.0,37.0,41.0,40.0,11.0,35.0,25073440.0,0.0,1850380160.0,14946919456.0,165599040.0,0.0,0.0,908.0,0.0,0.0,1000.0,80.0,1150.0
31,0.0,1.0,1.0,0.0,1.0,1728000.0,1.0,854250000.0,1.0,1062400000.0,0.141404151917,10937.0,1446.0,3656.0,40250.0,41750.0,42000.0,69.0,25.0,64.0,896.0,5000.0,0.0,25.0,1000000.0,950000.0,1.0,0.0,0.0,10.0,0.0,0.0,0.0,500.0,25705951.0,629902972.0,619485465.0,0.0,1.0,0.0,0.0,0.0,4.0,4.0,52.0,3.0,3.0,0.0,0.0,3.0,0.0,0.0,0.0,0.0,0.0,199.0,3.0,17281856.0,293268031.0,17124829.0,26119396.0,638009602.0,958.0,3107465238.0,0.0,4.0,4.0,7.0,8.0,0.0,1.0,6.0,4.0,50.0,50.0,8.0,4.0,0.0,0.0,0.0,23.0,7.0,0.0,5.0,5.0,15.0,81.0,81.0,15.0,0.0,0.0,0.0,0.0,7.0,0.0,0.0,0.0,0.0,0.0,9.0,9.0,0.0,7.0,7.0,0.0,7.0,0.0,0.0,0.0,0.0,0.0,4.0,7.0,0.0,4.0,0.0,0.0,0.0,6.0,142.0,0.0,0.0,0.0,0.0,0.0,138.0,0.0,0.0,0.0,0.0,0.0,0.0,0.0,0.0,0.0,4.0,4.0,0.0,0.0,0.0,2.0,6.0,4.0,4.0,7.0,0.0,0.0,0.0,0.0,0.0,7.0,7.0,7.0,7.0,0.0,0.0,0.0,4.0,4.0,0.0,1420163986.0,744.0,744.0,1378.0,1378.0,1411.0,0.0,106.0,24487.0,23681.0,23642.0,46.0,0.0,0.0,0.0,96.0,0.0,0.0,37.0,41.0,40.0,13.0,35.0,239085248.0,0.0,1933531104.0,22284092352.0,126759680.0,0.0,0.0,958.0,0.0,0.0,1067.0,80.0,1214.0
32,0.0,1.0,1.0,0.0,1.0,1728000.0,1.0,854250000.0,1.0,1062400000.0,0.141319036484,9375.0,1142.0,2818.0,40625.0,41250.0,42000.0,69.0,25.0,64.0,896.0,5000.0,0.0,25.0,1000000.0,950000.0,1.0,0.0,0.0,10.0,0.0,0.0,0.0,500.0,26250037.0,640470369.0,608916419.0,0.0,0.0,0.0,0.0,0.0,4.0,4.0,52.0,4.0,4.0,0.0,0.0,4.0,0.0,0.0,0.0,0.0,0.0,197.0,4.0,17484415.0,291035553.0,17332725.0,28525253.0,640169914.0,536.0,2785148850.0,0.0,4.0,4.0,7.0,8.0,0.0,1.0,6.0,4.0,50.0,50.0,8.0,4.0,0.0,0.0,0.0,23.0,7.0,0.0,5.0,5.0,15.0,81.0,81.0,15.0,0.0,0.0,0.0,0.0,7.0,0.0,0.0,0.0,0.0,0.0,9.0,9.0,0.0,7.0,7.0,0.0,7.0,0.0,0.0,0.0,0.0,0.0,4.0,7.0,0.0,4.0,0.0,0.0,0.0,6.0,139.0,0.0,0.0,0.0,0.0,0.0,135.0,0.0,0.0,0.0,0.0,0.0,0.0,0.0,0.0,0.0,4.0,4.0,0.0,0.0,0.0,2.0,6.0,4.0,4.0,7.0,0.0,0.0,0.0,0.0,0.0,7.0,7.0,7.0,7.0,0.0,0.0,0.0,4.0,4.0,0.0,1399214075.0,598.0,598.0,1310.0,1310.0,1336.0,0.0,76.0,24777.0,23599.0,23560.0,35.0,0.0,0.0,0.0,97.0,0.0,0.0,37.0,41.0,40.0,10.0,35.0,18780288.0,0.0,1741403072.0,24906667904.0,50241824.0,0.0,0.0,536.0,0.0,0.0,888.0,80.0,1056.0
33,0.0,1.0,1.0,0.0,1.0,1728000.0,1.0,854250000.0,1.0,1062400000.0,0.148470878601,9717.0,1218.0,2894.0,40375.0,41250.0,42000.0,69.0,25.0,64.0,896.0,5000.0,0.0,25.0,1000000.0,950000.0,1.0,0.0,0.0,10.0,0.0,0.0,0.0,500.0,25517127.0,631834802.0,604991941.0,0.0,0.0,0.0,0.0,0.0,4.0,4.0,52.0,4.0,4.0,0.0,0.0,4.0,0.0,0.0,0.0,0.0,0.0,209.0,4.0,20067786.0,296168941.0,19839092.0,26936377.0,647648790.0,644.0,2954339780.0,0.0,4.0,4.0,7.0,8.0,0.0,1.0,6.0,4.0,50.0,50.0,8.0,4.0,0.0,0.0,0.0,23.0,7.0,0.0,5.0,5.0,15.0,81.0,81.0,15.0,0.0,0.0,0.0,0.0,7.0,0.0,0.0,0.0,0.0,0.0,9.0,9.0,0.0,7.0,7.0,0.0,7.0,0.0,0.0,0.0,0.0,0.0,4.0,7.0,0.0,4.0,0.0,0.0,0.0,6.0,142.0,0.0,0.0,0.0,0.0,0.0,138.0,0.0,0.0,0.0,0.0,0.0,0.0,0.0,0.0,0.0,4.0,4.0,0.0,0.0,0.0,2.0,6.0,4.0,4.0,7.0,0.0,0.0,0.0,0.0,0.0,7.0,7.0,7.0,7.0,0.0,0.0,0.0,4.0,4.0,0.0,1417090864.0,520.0,520.0,1359.0,1359.0,1389.0,0.0,88.0,24504.0,23551.0,23512.0,49.0,0.0,0.0,0.0,89.0,0.0,0.0,37.0,41.0,40.0,7.0,35.0,236463648.0,0.0,1774792032.0,26853862848.0,87579232.0,0.0,0.0,644.0,0.0,0.0,819.0,80.0,1059.0
34,0.0,1.0,1.0,0.0,1.0,1728000.0,1.0,854250000.0,1.0,1062400000.0,0.137072086334,9375.0,1142.0,2666.0,40750.0,41500.0,42000.0,89.0,25.0,64.0,896.0,5000.0,0.0,25.0,1000000.0,950000.0,1.0,1.0,0.0,10.0,0.0,0.0,0.0,500.0,23153322.0,622746344.0,568716501.0,0.0,0.0,0.0,0.0,0.0,4.0,4.0,52.0,4.0,4.0,0.0,0.0,4.0,0.0,0.0,0.0,0.0,0.0,210.0,4.0,16227269.0,285150694.0,16638167.0,24332550.0,608431578.0,495.0,2789057064.0,0.0,4.0,4.0,7.0,8.0,0.0,1.0,6.0,4.0,50.0,50.0,8.0,4.0,0.0,0.0,0.0,23.0,7.0,0.0,5.0,5.0,15.0,81.0,81.0,15.0,0.0,0.0,0.0,0.0,7.0,0.0,0.0,0.0,0.0,0.0,9.0,9.0,0.0,7.0,7.0,0.0,7.0,0.0,0.0,0.0,0.0,0.0,4.0,7.0,0.0,4.0,0.0,0.0,0.0,6.0,142.0,0.0,0.0,0.0,0.0,0.0,138.0,0.0,0.0,0.0,0.0,0.0,0.0,0.0,0.0,0.0,4.0,4.0,0.0,0.0,0.0,2.0,6.0,4.0,4.0,7.0,0.0,0.0,0.0,0.0,0.0,7.0,7.0,7.0,7.0,0.0,0.0,0.0,4.0,4.0,0.0,1351530446.0,538.0,538.0,1255.0,1255.0,1279.0,0.0,72.0,23568.0,23140.0,23108.0,32.0,0.0,0.0,0.0,71.0,0.0,0.0,31.0,34.0,33.0,4.0,29.0,126561120.0,0.0,1715637856.0,14402105984.0,40932800.0,0.0,0.0,495.0,0.0,0.0,675.0,66.0,854.0
35,0.0,1.0,1.0,0.0,1.0,1728000.0,1.0,854250000.0,1.0,1062400000.0,0.138509988785,9299.0,1142.0,2742.0,40000.0,41250.0,42000.0,89.0,25.0,64.0,896.0,5000.0,0.0,25.0,1000000.0,950000.0,1.0,1.0,0.0,10.0,0.0,0.0,0.0,500.0,28376265.0,624861295.0,609331946.0,0.0,0.0,0.0,0.0,0.0,4.0,4.0,52.0,4.0,4.0,0.0,0.0,4.0,0.0,0.0,0.0,0.0,0.0,216.0,4.0,16226628.0,284002979.0,16259809.0,27459588.0,609456580.0,621.0,2738694516.0,0.0,4.0,4.0,7.0,8.0,0.0,1.0,6.0,4.0,50.0,50.0,8.0,4.0,0.0,0.0,0.0,23.0,7.0,0.0,5.0,5.0,15.0,81.0,81.0,15.0,0.0,0.0,0.0,0.0,7.0,0.0,0.0,0.0,0.0,0.0,9.0,9.0,0.0,7.0,7.0,0.0,7.0,0.0,0.0,0.0,0.0,0.0,4.0,7.0,0.0,4.0,0.0,0.0,0.0,6.0,142.0,0.0,0.0,0.0,0.0,0.0,138.0,0.0,0.0,0.0,0.0,0.0,0.0,0.0,0.0,0.0,4.0,4.0,0.0,0.0,0.0,2.0,6.0,4.0,4.0,7.0,0.0,0.0,0.0,0.0,0.0,7.0,7.0,7.0,7.0,0.0,0.0,0.0,4.0,4.0,0.0,1370349365.0,570.0,570.0,1257.0,1257.0,1285.0,0.0,98.0,24549.0,23674.0,23635.0,50.0,0.0,0.0,0.0,104.0,0.0,0.0,37.0,41.0,40.0,10.0,35.0,122512576.0,0.0,1723105344.0,22162177344.0,62925024.0,0.0,0.0,621.0,0.0,0.0,894.0,80.0,1099.0
36,0.0,1.0,1.0,0.0,1.0,1728000.0,1.0,854250000.0,1.0,1062400000.0,0.165809869766,10935.0,1294.0,4265.0,40375.0,41250.0,42500.0,89.0,25.0,64.0,896.0,5000.0,0.0,25.0,1000000.0,950000.0,1.0,1.0,0.0,10.0,0.0,0.0,0.0,500.0,28036345.0,637574420.0,641013412.0,0.0,0.0,0.0,0.0,0.0,4.0,4.0,52.0,4.0,4.0,0.0,0.0,4.0,0.0,0.0,0.0,0.0,0.0,210.0,4.0,18709953.0,306159715.0,18648677.0,25113391.0,638713640.0,752.0,3018600083.0,0.0,4.0,4.0,7.0,8.0,0.0,1.0,6.0,4.0,50.0,50.0,8.0,4.0,0.0,0.0,0.0,23.0,7.0,0.0,5.0,5.0,15.0,81.0,81.0,15.0,0.0,0.0,0.0,0.0,7.0,0.0,0.0,0.0,0.0,0.0,9.0,9.0,0.0,7.0,7.0,0.0,7.0,0.0,0.0,0.0,0.0,0.0,4.0,7.0,0.0,4.0,0.0,0.0,0.0,6.0,143.0,0.0,0.0,0.0,0.0,0.0,139.0,0.0,0.0,0.0,0.0,0.0,0.0,0.0,0.0,0.0,4.0,4.0,0.0,0.0,0.0,2.0,6.0,4.0,4.0,7.0,0.0,0.0,0.0,0.0,0.0,7.0,7.0,7.0,7.0,0.0,0.0,0.0,4.0,4.0,0.0,1441981144.0,666.0,666.0,1360.0,1360.0,1391.0,0.0,96.0,25108.0,23600.0,23561.0,60.0,0.0,0.0,0.0,88.0,0.0,0.0,37.0,41.0,40.0,13.0,35.0,133475040.0,0.0,1761285504.0,32009356128.0,300809344.0,0.0,0.0,752.0,0.0,0.0,1005.0,80.0,1223.0
37,0.0,1.0,1.0,0.0,1.0,1728000.0,1.0,854250000.0,1.0,1062400000.0,0.141790866852,9108.0,1142.0,2590.0,40000.0,41500.0,41500.0,98.0,25.0,64.0,896.0,5000.0,0.0,25.0,1000000.0,950000.0,1.0,0.0,0.0,10.0,0.0,0.0,100.0,100.0,24434774.0,597309382.0,589404335.0,0.0,1.0,0.0,0.0,0.0,4.0,4.0,52.0,3.0,3.0,0.0,0.0,3.0,0.0,0.0,0.0,0.0,0.0,200.0,3.0,17593556.0,284893375.0,17491020.0,24679342.0,611955849.0,498.0,2816184471.0,0.0,4.0,4.0,7.0,8.0,0.0,1.0,6.0,4.0,50.0,50.0,8.0,4.0,0.0,0.0,0.0,23.0,7.0,0.0,5.0,5.0,15.0,81.0,81.0,15.0,0.0,0.0,0.0,0.0,7.0,0.0,0.0,0.0,0.0,0.0,9.0,9.0,0.0,7.0,7.0,0.0,7.0,0.0,0.0,0.0,0.0,0.0,4.0,7.0,0.0,4.0,0.0,0.0,0.0,6.0,143.0,0.0,0.0,0.0,0.0,0.0,139.0,0.0,0.0,0.0,0.0,0.0,0.0,0.0,0.0,0.0,4.0,4.0,0.0,0.0,0.0,2.0,6.0,4.0,4.0,7.0,0.0,0.0,0.0,0.0,0.0,7.0,7.0,7.0,7.0,0.0,0.0,0.0,4.0,4.0,0.0,1385774308.0,498.0,498.0,1265.0,1265.0,1291.0,0.0,68.0,23140.0,23209.0,23177.0,44.0,0.0,0.0,0.0,71.0,0.0,0.0,31.0,34.0,33.0,9.0,29.0,118781728.0,0.0,1668798560.0,14763662976.0,52233952.0,0.0,0.0,498.0,0.0,0.0,733.0,66.0,905.0
38,0.0,1.0,1.0,0.0,1.0,1728000.0,1.0,854250000.0,1.0,1062400000.0,0.136265039444,9184.0,1142.0,2667.0,40000.0,41500.0,42000.0,98.0,25.0,64.0,896.0,5000.0,0.0,25.0,1000000.0,950000.0,1.0,0.0,0.0,10.0,0.0,0.0,100.0,100.0,24255483.0,597497510.0,587266483.0,0.0,0.0,0.0,0.0,0.0,4.0,4.0,52.0,4.0,4.0,0.0,0.0,4.0,0.0,0.0,0.0,0.0,0.0,204.0,4.0,17525609.0,273852062.0,17811154.0,24955897.0,610916736.0,426.0,2822544229.0,0.0,4.0,4.0,7.0,8.0,0.0,1.0,6.0,4.0,50.0,50.0,8.0,4.0,0.0,0.0,0.0,23.0,7.0,0.0,5.0,5.0,15.0,81.0,81.0,15.0,0.0,0.0,0.0,0.0,7.0,0.0,0.0,0.0,0.0,0.0,9.0,9.0,0.0,7.0,7.0,0.0,7.0,0.0,0.0,0.0,0.0,0.0,4.0,7.0,0.0,4.0,0.0,0.0,0.0,6.0,142.0,0.0,0.0,0.0,0.0,0.0,138.0,0.0,0.0,0.0,0.0,0.0,0.0,0.0,0.0,0.0,4.0,4.0,0.0,0.0,0.0,2.0,6.0,4.0,4.0,7.0,0.0,0.0,0.0,0.0,0.0,7.0,7.0,7.0,7.0,0.0,0.0,0.0,4.0,4.0,0.0,1390426624.0,473.0,473.0,1229.0,1229.0,1256.0,0.0,69.0,23307.0,23097.0,23065.0,26.0,0.0,0.0,0.0,77.0,0.0,0.0,31.0,34.0,33.0,5.0,29.0,312924448.0,0.0,1679241856.0,24825666112.0,55268320.0,0.0,0.0,426.0,0.0,0.0,588.0,66.0,759.0
39,0.0,1.0,1.0,0.0,1.0,1728000.0,1.0,854250000.0,1.0,1062400000.0,0.137377977371,9794.0,1294.0,3046.0,40000.0,41750.0,42000.0,98.0,25.0,64.0,896.0,5000.0,0.0,25.0,1000000.0,950000.0,1.0,0.0,0.0,10.0,0.0,0.0,100.0,100.0,28415501.0,643220738.0,621451072.0,0.0,0.0,0.0,0.0,0.0,4.0,4.0,52.0,4.0,4.0,0.0,0.0,4.0,0.0,0.0,0.0,0.0,0.0,220.0,4.0,17622130.0,283377368.0,18064652.0,27697385.0,649518796.0,819.0,2997708948.0,0.0,4.0,4.0,7.0,8.0,0.0,1.0,6.0,4.0,50.0,50.0,8.0,4.0,0.0,0.0,0.0,23.0,7.0,0.0,5.0,5.0,15.0,81.0,81.0,15.0,0.0,0.0,0.0,0.0,7.0,0.0,0.0,0.0,0.0,0.0,9.0,9.0,0.0,7.0,7.0,0.0,7.0,0.0,0.0,0.0,0.0,0.0,4.0,7.0,0.0,4.0,0.0,0.0,0.0,6.0,142.0,0.0,0.0,0.0,0.0,0.0,138.0,0.0,0.0,0.0,0.0,0.0,0.0,0.0,0.0,0.0,4.0,4.0,0.0,0.0,0.0,2.0,6.0,4.0,4.0,7.0,0.0,0.0,0.0,0.0,0.0,7.0,7.0,7.0,7.0,0.0,0.0,0.0,4.0,4.0,0.0,1458561416.0,600.0,600.0,1311.0,1311.0,1348.0,0.0,100.0,24891.0,23691.0,23652.0,49.0,0.0,0.0,0.0,96.0,0.0,0.0,37.0,41.0,40.0,14.0,35.0,124649792.0,0.0,1861916128.0,17541208288.0,121535072.0,0.0,0.0,819.0,0.0,0.0,1018.0,80.0,1100.0
40,0.0,1.0,1.0,0.0,1.0,1728000.0,1.0,854250000.0,1.0,1062400000.0,0.14685797691299998,10099.0,1294.0,3123.0,40000.0,41250.0,42000.0,94.0,25.0,64.0,896.0,5000.0,0.0,25.0,1000000.0,950000.0,1.0,1.0,0.0,10.0,0.0,0.0,100.0,100.0,27145240.0,630772736.0,612628583.0,0.0,0.0,0.0,0.0,0.0,4.0,4.0,52.0,4.0,4.0,0.0,0.0,4.0,0.0,0.0,0.0,0.0,0.0,200.0,4.0,17444594.0,293956859.0,16941461.0,27453385.0,631008249.0,948.0,2979643606.0,0.0,4.0,4.0,7.0,8.0,0.0,1.0,6.0,4.0,50.0,50.0,8.0,4.0,0.0,0.0,0.0,23.0,7.0,0.0,5.0,5.0,15.0,81.0,81.0,15.0,0.0,0.0,0.0,0.0,7.0,0.0,0.0,0.0,0.0,0.0,9.0,9.0,0.0,7.0,7.0,0.0,7.0,0.0,0.0,0.0,0.0,0.0,4.0,7.0,0.0,4.0,0.0,0.0,0.0,6.0,140.0,0.0,0.0,0.0,0.0,0.0,136.0,0.0,0.0,0.0,0.0,0.0,0.0,0.0,0.0,0.0,4.0,4.0,0.0,0.0,0.0,2.0,6.0,4.0,4.0,7.0,0.0,0.0,0.0,0.0,0.0,7.0,7.0,7.0,7.0,0.0,0.0,0.0,4.0,4.0,0.0,1410637636.0,750.0,750.0,1417.0,1417.0,1452.0,0.0,118.0,24867.0,23758.0,23719.0,203.0,0.0,0.0,0.0,115.0,0.0,0.0,37.0,41.0,40.0,10.0,35.0,50884512.0,0.0,1876347424.0,90271537312.0,172851648.0,0.0,0.0,948.0,0.0,0.0,1429.0,80.0,1663.0
41,0.0,1.0,1.0,0.0,1.0,1728000.0,1.0,854250000.0,1.0,1062400000.0,0.16187715530400001,12609.0,1294.0,4797.0,40625.0,41750.0,42500.0,94.0,25.0,64.0,896.0,5000.0,0.0,25.0,1000000.0,950000.0,1.0,1.0,0.0,10.0,0.0,0.0,100.0,100.0,23393389.0,651724575.0,642609811.0,0.0,0.0,0.0,0.0,0.0,4.0,4.0,52.0,4.0,4.0,0.0,0.0,4.0,0.0,0.0,0.0,0.0,0.0,205.0,4.0,18262371.0,294301415.0,18075064.0,26197582.0,654639994.0,858.0,3260255806.0,0.0,4.0,4.0,7.0,8.0,0.0,1.0,6.0,4.0,50.0,50.0,8.0,4.0,0.0,0.0,0.0,23.0,7.0,0.0,5.0,5.0,15.0,81.0,81.0,15.0,0.0,0.0,0.0,0.0,7.0,0.0,0.0,0.0,0.0,0.0,9.0,9.0,0.0,7.0,7.0,0.0,7.0,0.0,0.0,0.0,0.0,0.0,4.0,7.0,0.0,4.0,0.0,0.0,0.0,6.0,141.0,0.0,0.0,0.0,0.0,0.0,137.0,0.0,0.0,0.0,0.0,0.0,0.0,0.0,0.0,0.0,4.0,4.0,0.0,0.0,0.0,2.0,6.0,4.0,4.0,7.0,0.0,0.0,0.0,0.0,0.0,7.0,7.0,7.0,7.0,0.0,0.0,0.0,4.0,4.0,0.0,1436485191.0,734.0,734.0,1377.0,1377.0,1405.0,0.0,95.0,24535.0,23554.0,23515.0,70.0,0.0,0.0,0.0,102.0,0.0,0.0,37.0,41.0,40.0,12.0,35.0,27157728.0,0.0,1874860864.0,15022750560.0,169443616.0,0.0,0.0,858.0,0.0,0.0,1098.0,80.0,1197.0
42,0.0,1.0,1.0,0.0,1.0,1728000.0,1.0,854250000.0,1.0,1062400000.0,0.141249895096,9985.0,1294.0,3047.0,40000.0,42000.0,42500.0,94.0,25.0,64.0,896.0,5000.0,0.0,25.0,1000000.0,950000.0,1.0,1.0,0.0,10.0,0.0,0.0,100.0,100.0,35899923.0,764193672.0,761767322.0,0.0,0.0,0.0,0.0,0.0,4.0,4.0,52.0,4.0,4.0,0.0,0.0,4.0,0.0,0.0,0.0,0.0,0.0,191.0,4.0,21931486.0,352198038.0,22442312.0,35952942.0,771505511.0,5929.0,3145625969.0,0.0,4.0,4.0,7.0,8.0,0.0,1.0,6.0,4.0,50.0,50.0,8.0,4.0,0.0,0.0,0.0,23.0,7.0,0.0,5.0,5.0,15.0,81.0,81.0,15.0,0.0,0.0,0.0,0.0,7.0,0.0,0.0,0.0,0.0,0.0,9.0,9.0,0.0,7.0,7.0,0.0,7.0,0.0,0.0,0.0,0.0,0.0,4.0,7.0,0.0,4.0,0.0,0.0,0.0,6.0,143.0,0.0,0.0,0.0,0.0,0.0,139.0,0.0,0.0,0.0,0.0,0.0,0.0,0.0,0.0,0.0,4.0,4.0,0.0,0.0,0.0,2.0,6.0,4.0,4.0,7.0,0.0,0.0,0.0,0.0,0.0,7.0,7.0,7.0,7.0,0.0,0.0,0.0,4.0,4.0,0.0,1613503494.0,3307.0,3307.0,1279.0,1279.0,1302.0,0.0,70.0,23492.0,23305.0,23273.0,56.0,0.0,0.0,0.0,80.0,0.0,0.0,31.0,34.0,33.0,9.0,29.0,115976192.0,0.0,1903793568.0,77038867488.0,400166208.0,0.0,0.0,5929.0,0.0,0.0,3432.0,66.0,3679.0
43,0.0,1.0,1.0,0.0,1.0,1728000.0,1.0,854250000.0,1.0,1062400000.0,0.13845491409299998,9375.0,1142.0,2742.0,40750.0,41500.0,42000.0,69.0,25.0,64.0,896.0,5000.0,0.0,25.0,1000000.0,950000.0,1.0,0.0,0.0,10.0,0.0,0.0,100.0,500.0,25689022.0,616550877.0,606468994.0,0.0,0.0,0.0,0.0,0.0,4.0,4.0,52.0,4.0,4.0,0.0,0.0,4.0,0.0,0.0,0.0,0.0,0.0,209.0,4.0,17876216.0,289891962.0,17246056.0,27761042.0,623233628.0,657.0,2876219983.0,0.0,4.0,4.0,7.0,8.0,0.0,1.0,6.0,4.0,50.0,50.0,8.0,4.0,0.0,0.0,0.0,23.0,7.0,0.0,5.0,5.0,15.0,81.0,81.0,15.0,0.0,0.0,0.0,0.0,7.0,0.0,0.0,0.0,0.0,0.0,9.0,9.0,0.0,7.0,7.0,0.0,7.0,0.0,0.0,0.0,0.0,0.0,4.0,7.0,0.0,4.0,0.0,0.0,0.0,6.0,142.0,0.0,0.0,0.0,0.0,0.0,138.0,0.0,0.0,0.0,0.0,0.0,0.0,0.0,0.0,0.0,4.0,4.0,0.0,0.0,0.0,2.0,6.0,4.0,4.0,7.0,0.0,0.0,0.0,0.0,0.0,7.0,7.0,7.0,7.0,0.0,0.0,0.0,4.0,4.0,0.0,1387462465.0,606.0,606.0,1338.0,1338.0,1367.0,0.0,95.0,24817.0,23764.0,23725.0,44.0,0.0,0.0,0.0,106.0,0.0,0.0,37.0,41.0,40.0,10.0,35.0,124408896.0,0.0,1773828256.0,22837530496.0,69100672.0,0.0,0.0,657.0,0.0,0.0,975.0,80.0,1170.0
44,0.0,1.0,1.0,0.0,1.0,1728000.0,1.0,854250000.0,1.0,1062400000.0,0.136559009552,9413.0,1142.0,2666.0,40000.0,41500.0,42000.0,69.0,25.0,64.0,896.0,5000.0,0.0,25.0,1000000.0,950000.0,1.0,0.0,0.0,10.0,0.0,0.0,100.0,500.0,25202194.0,600781296.0,589331283.0,0.0,0.0,0.0,0.0,0.0,4.0,4.0,52.0,4.0,4.0,0.0,0.0,4.0,0.0,0.0,0.0,0.0,0.0,208.0,4.0,15018454.0,277085770.0,14883128.0,25695500.0,600182191.0,434.0,2714273789.0,0.0,4.0,4.0,7.0,8.0,0.0,1.0,6.0,4.0,50.0,50.0,8.0,4.0,0.0,0.0,0.0,23.0,7.0,0.0,5.0,5.0,15.0,81.0,81.0,15.0,0.0,0.0,0.0,0.0,7.0,0.0,0.0,0.0,0.0,0.0,9.0,9.0,0.0,7.0,7.0,0.0,7.0,0.0,0.0,0.0,0.0,0.0,4.0,7.0,0.0,4.0,0.0,0.0,0.0,6.0,143.0,0.0,0.0,0.0,0.0,0.0,139.0,0.0,0.0,0.0,0.0,0.0,0.0,0.0,0.0,0.0,4.0,4.0,0.0,0.0,0.0,2.0,6.0,4.0,4.0,7.0,0.0,0.0,0.0,0.0,0.0,7.0,7.0,7.0,7.0,0.0,0.0,0.0,4.0,4.0,0.0,1363804055.0,524.0,524.0,1246.0,1246.0,1272.0,0.0,67.0,23256.0,23051.0,23019.0,35.0,0.0,0.0,0.0,71.0,0.0,0.0,31.0,34.0,33.0,7.0,29.0,115913152.0,0.0,1692523584.0,20518519936.0,38314560.0,0.0,0.0,434.0,0.0,0.0,639.0,66.0,767.0
45,0.0,1.0,1.0,0.0,1.0,1728000.0,1.0,854250000.0,1.0,1062400000.0,0.137993097305,9261.0,1066.0,2742.0,40000.0,41500.0,42000.0,69.0,25.0,64.0,896.0,5000.0,0.0,25.0,1000000.0,950000.0,1.0,0.0,0.0,10.0,0.0,0.0,100.0,500.0,26150023.0,627658617.0,612983036.0,0.0,0.0,0.0,0.0,0.0,4.0,4.0,52.0,4.0,4.0,0.0,0.0,4.0,0.0,0.0,0.0,0.0,0.0,207.0,4.0,16710036.0,297624211.0,16146402.0,26890477.0,622012174.0,599.0,2787516376.0,0.0,4.0,4.0,7.0,8.0,0.0,1.0,6.0,4.0,50.0,50.0,8.0,4.0,0.0,0.0,0.0,23.0,7.0,0.0,5.0,5.0,15.0,81.0,81.0,15.0,0.0,0.0,0.0,0.0,7.0,0.0,0.0,0.0,0.0,0.0,9.0,9.0,0.0,7.0,7.0,0.0,7.0,0.0,0.0,0.0,0.0,0.0,4.0,7.0,0.0,4.0,0.0,0.0,0.0,6.0,143.0,0.0,0.0,0.0,0.0,0.0,139.0,0.0,0.0,0.0,0.0,0.0,0.0,0.0,0.0,0.0,4.0,4.0,0.0,0.0,0.0,2.0,6.0,4.0,4.0,7.0,0.0,0.0,0.0,0.0,0.0,7.0,7.0,7.0,7.0,0.0,0.0,0.0,4.0,4.0,0.0,1403523704.0,515.0,515.0,1357.0,1357.0,1391.0,0.0,80.0,24513.0,23539.0,23500.0,60.0,0.0,0.0,0.0,79.0,0.0,0.0,37.0,41.0,40.0,8.0,35.0,130564864.0,4963360.0,1787252736.0,35531285408.0,78712512.0,0.0,0.0,599.0,0.0,0.0,834.0,80.0,998.0
46,0.0,1.0,1.0,0.0,1.0,1728000.0,1.0,854250000.0,1.0,1062400000.0,0.135788202286,9145.0,1142.0,2590.0,40000.0,41500.0,42000.0,100.0,25.0,64.0,896.0,5000.0,0.0,25.0,1000000.0,950000.0,1.0,1.0,0.0,10.0,0.0,0.0,100.0,500.0,26168322.0,634585599.0,619981119.0,0.0,0.0,0.0,0.0,0.0,4.0,4.0,52.0,4.0,4.0,0.0,0.0,4.0,0.0,0.0,0.0,0.0,0.0,200.0,4.0,17243972.0,297642399.0,16509207.0,27823021.0,618403276.0,738.0,2865029987.0,0.0,4.0,4.0,7.0,8.0,0.0,1.0,6.0,4.0,50.0,50.0,8.0,4.0,0.0,0.0,0.0,23.0,7.0,0.0,5.0,5.0,15.0,81.0,81.0,15.0,0.0,0.0,0.0,0.0,7.0,0.0,0.0,0.0,0.0,0.0,9.0,9.0,0.0,7.0,7.0,0.0,7.0,0.0,0.0,0.0,0.0,0.0,4.0,7.0,0.0,4.0,0.0,0.0,0.0,6.0,140.0,0.0,0.0,0.0,0.0,0.0,136.0,0.0,0.0,0.0,0.0,0.0,0.0,0.0,0.0,0.0,4.0,4.0,0.0,0.0,0.0,2.0,6.0,4.0,4.0,7.0,0.0,0.0,0.0,0.0,0.0,7.0,7.0,7.0,7.0,0.0,0.0,0.0,4.0,4.0,0.0,1390906043.0,575.0,575.0,1376.0,1376.0,1412.0,0.0,82.0,24172.0,23637.0,23598.0,54.0,0.0,0.0,0.0,79.0,0.0,0.0,37.0,41.0,40.0,8.0,35.0,332620064.0,0.0,1837961376.0,23948974912.0,81422912.0,0.0,0.0,738.0,0.0,0.0,965.0,80.0,1288.0
47,0.0,1.0,1.0,0.0,1.0,1728000.0,1.0,854250000.0,1.0,1062400000.0,0.185606956482,10935.0,1218.0,4189.0,40625.0,42000.0,42500.0,100.0,25.0,64.0,896.0,5000.0,0.0,25.0,1000000.0,950000.0,1.0,1.0,0.0,10.0,0.0,0.0,100.0,500.0,27887060.0,663359394.0,668253433.0,0.0,0.0,0.0,0.0,0.0,4.0,4.0,52.0,4.0,4.0,0.0,0.0,4.0,0.0,0.0,0.0,0.0,0.0,192.0,4.0,22123259.0,315067714.0,21878033.0,26622707.0,682072466.0,1128.0,3211064835.0,0.0,4.0,4.0,7.0,8.0,0.0,1.0,6.0,4.0,50.0,50.0,8.0,4.0,0.0,0.0,0.0,23.0,7.0,0.0,5.0,5.0,15.0,81.0,81.0,15.0,0.0,0.0,0.0,0.0,7.0,0.0,0.0,0.0,0.0,0.0,9.0,9.0,0.0,7.0,7.0,0.0,7.0,0.0,0.0,0.0,0.0,0.0,4.0,7.0,0.0,4.0,0.0,0.0,0.0,6.0,143.0,0.0,0.0,0.0,0.0,0.0,139.0,0.0,0.0,0.0,0.0,0.0,0.0,0.0,0.0,0.0,4.0,4.0,0.0,0.0,0.0,2.0,6.0,4.0,4.0,7.0,0.0,0.0,0.0,0.0,0.0,7.0,7.0,7.0,7.0,0.0,0.0,0.0,4.0,4.0,0.0,1433664273.0,1073.0,1073.0,1416.0,1416.0,1447.0,0.0,112.0,24669.0,23744.0,23705.0,56.0,0.0,0.0,0.0,108.0,0.0,0.0,37.0,41.0,40.0,12.0,35.0,15921728.0,0.0,1950759168.0,12137013728.0,287263328.0,0.0,0.0,1128.0,0.0,0.0,1437.0,80.0,1518.0
48,0.0,1.0,1.0,0.0,1.0,1728000.0,1.0,854250000.0,1.0,1062400000.0,0.156997203827,11087.0,1218.0,4037.0,40875.0,41750.0,42500.0,100.0,25.0,64.0,896.0,5000.0,0.0,25.0,1000000.0,950000.0,1.0,1.0,0.0,10.0,0.0,0.0,100.0,500.0,28457811.0,678815139.0,669902908.0,0.0,0.0,0.0,0.0,0.0,4.0,4.0,52.0,4.0,4.0,0.0,0.0,4.0,0.0,0.0,0.0,0.0,0.0,203.0,4.0,18557761.0,294835632.0,17886716.0,31067647.0,686299477.0,2165.0,3153647394.0,0.0,4.0,4.0,7.0,8.0,0.0,1.0,6.0,4.0,50.0,50.0,8.0,4.0,0.0,0.0,0.0,23.0,7.0,0.0,5.0,5.0,15.0,81.0,81.0,15.0,0.0,0.0,0.0,0.0,7.0,0.0,0.0,0.0,0.0,0.0,9.0,9.0,0.0,7.0,7.0,0.0,7.0,0.0,0.0,0.0,0.0,0.0,4.0,7.0,0.0,4.0,0.0,0.0,0.0,6.0,142.0,0.0,0.0,0.0,0.0,0.0,138.0,0.0,0.0,0.0,0.0,0.0,0.0,0.0,0.0,0.0,4.0,4.0,0.0,0.0,0.0,2.0,6.0,4.0,4.0,7.0,0.0,0.0,0.0,0.0,0.0,7.0,7.0,7.0,7.0,0.0,0.0,0.0,4.0,4.0,0.0,1456748509.0,1020.0,1020.0,1315.0,1315.0,1350.0,0.0,114.0,24385.0,23609.0,23570.0,60.0,0.0,0.0,0.0,101.0,0.0,0.0,37.0,41.0,40.0,8.0,35.0,128946592.0,0.0,1915447552.0,17842608608.0,393766592.0,0.0,0.0,2165.0,0.0,0.0,2425.0,80.0,1486.0
49,0.0,1.0,0.0,1.0,0.0,1728000.0,1.0,229500000.0,1.0,1062400000.0,0.34389090538,18635.0,1827.0,5637.0,40500.0,41375.0,42500.0,71.0,25.0,64.0,896.0,5000.0,0.0,25.0,1000000.0,950000.0,1.0,0.0,0.0,10.0,0.0,0.0,0.0,100.0,35652899.0,696956766.0,690359178.0,0.0,0.0,0.0,0.0,0.0,4.0,4.0,52.0,4.0,4.0,0.0,0.0,4.0,0.0,0.0,0.0,0.0,0.0,196.0,4.0,19282290.0,336524965.0,19493850.0,36216698.0,713338601.0,1598.0,3376534086.0,0.0,4.0,4.0,7.0,8.0,0.0,1.0,6.0,4.0,50.0,50.0,8.0,4.0,0.0,0.0,0.0,23.0,7.0,0.0,5.0,5.0,15.0,81.0,81.0,15.0,0.0,0.0,0.0,0.0,7.0,0.0,0.0,0.0,0.0,0.0,9.0,9.0,0.0,7.0,7.0,0.0,7.0,0.0,0.0,0.0,0.0,0.0,4.0,7.0,0.0,4.0,0.0,0.0,0.0,6.0,141.0,0.0,0.0,0.0,0.0,0.0,137.0,0.0,0.0,0.0,0.0,0.0,0.0,0.0,0.0,0.0,4.0,4.0,0.0,0.0,0.0,2.0,6.0,4.0,4.0,7.0,0.0,0.0,0.0,0.0,0.0,7.0,7.0,7.0,7.0,0.0,0.0,0.0,4.0,4.0,0.0,1563598322.0,939.0,939.0,1605.0,1605.0,1650.0,0.0,133.0,29937.0,25337.0,25270.0,85.0,0.0,0.0,0.0,144.0,0.0,0.0,61.0,69.0,68.0,18.0,59.0,140759136.0,0.0,2181326624.0,31222246432.0,301336800.0,0.0,0.0,1598.0,0.0,0.0,1964.0,136.0,1875.0
50,0.0,1.0,0.0,1.0,0.0,1728000.0,1.0,229500000.0,1.0,1062400000.0,0.353001117706,18406.0,1827.0,5486.0,40500.0,41250.0,42375.0,71.0,25.0,64.0,896.0,5000.0,0.0,25.0,1000000.0,950000.0,1.0,0.0,0.0,10.0,0.0,0.0,0.0,100.0,35068505.0,676774584.0,653642376.0,0.0,0.0,0.0,0.0,0.0,4.0,4.0,52.0,4.0,4.0,0.0,0.0,4.0,0.0,0.0,0.0,0.0,0.0,212.0,4.0,21103244.0,311300589.0,20941025.0,36590900.0,685035808.0,1327.0,3247327141.0,0.0,4.0,4.0,7.0,8.0,0.0,1.0,6.0,4.0,50.0,50.0,8.0,4.0,0.0,0.0,0.0,23.0,7.0,0.0,5.0,5.0,15.0,81.0,81.0,15.0,0.0,0.0,0.0,0.0,7.0,0.0,0.0,0.0,0.0,0.0,9.0,9.0,0.0,7.0,7.0,0.0,7.0,0.0,0.0,0.0,0.0,0.0,4.0,7.0,0.0,4.0,0.0,0.0,0.0,6.0,143.0,0.0,0.0,0.0,0.0,0.0,139.0,0.0,0.0,0.0,0.0,0.0,0.0,0.0,0.0,0.0,4.0,4.0,0.0,0.0,0.0,2.0,6.0,4.0,4.0,7.0,0.0,0.0,0.0,0.0,0.0,7.0,7.0,7.0,7.0,0.0,0.0,0.0,4.0,4.0,0.0,1514429856.0,783.0,783.0,1609.0,1609.0,1651.0,0.0,145.0,29917.0,25326.0,25259.0,167.0,0.0,0.0,0.0,141.0,0.0,0.0,61.0,69.0,68.0,16.0,59.0,149026528.0,0.0,2131052480.0,37293493344.0,388565984.0,0.0,0.0,1327.0,0.0,0.0,1720.0,136.0,1682.0
51,0.0,1.0,0.0,1.0,0.0,1728000.0,1.0,229500000.0,1.0,1062400000.0,0.345377206802,13149.0,1294.0,3810.0,40562.5,41250.0,42125.0,71.0,25.0,64.0,896.0,5000.0,0.0,25.0,1000000.0,950000.0,1.0,0.0,0.0,10.0,0.0,0.0,0.0,100.0,33483958.0,655522006.0,636683363.0,0.0,0.0,0.0,0.0,0.0,4.0,4.0,52.0,4.0,4.0,0.0,0.0,4.0,0.0,0.0,0.0,0.0,0.0,215.0,4.0,16852246.0,313300678.0,16322779.0,34014369.0,667675783.0,915.0,3009617673.0,0.0,4.0,4.0,7.0,8.0,0.0,1.0,6.0,4.0,50.0,50.0,8.0,4.0,0.0,0.0,0.0,23.0,7.0,0.0,5.0,5.0,15.0,81.0,81.0,15.0,0.0,0.0,0.0,0.0,7.0,0.0,0.0,0.0,0.0,0.0,9.0,9.0,0.0,7.0,7.0,0.0,7.0,0.0,0.0,0.0,0.0,0.0,4.0,7.0,0.0,4.0,0.0,0.0,0.0,6.0,142.0,0.0,0.0,0.0,0.0,0.0,138.0,0.0,0.0,0.0,0.0,0.0,0.0,0.0,0.0,0.0,4.0,4.0,0.0,0.0,0.0,2.0,6.0,4.0,4.0,7.0,0.0,0.0,0.0,0.0,0.0,7.0,7.0,7.0,7.0,0.0,0.0,0.0,4.0,4.0,0.0,1470033232.0,741.0,741.0,1520.0,1520.0,1555.0,0.0,138.0,28828.0,24871.0,24811.0,74.0,0.0,0.0,0.0,131.0,0.0,0.0,55.0,62.0,61.0,15.0,53.0,553689344.0,0.0,2047151264.0,31890533312.0,240347136.0,0.0,0.0,915.0,0.0,0.0,1261.0,122.0,1487.0
52,0.0,1.0,0.0,1.0,0.0,1728000.0,1.0,229500000.0,1.0,1062400000.0,0.42338490486100006,15014.0,1294.0,5028.0,40562.5,41125.0,42500.0,100.0,25.0,64.0,896.0,5000.0,0.0,25.0,1000000.0,950000.0,1.0,1.0,0.0,10.0,0.0,0.0,0.0,100.0,33701360.0,685901003.0,696711642.0,0.0,0.0,0.0,0.0,0.0,4.0,4.0,52.0,4.0,4.0,0.0,0.0,4.0,0.0,0.0,0.0,0.0,0.0,201.0,4.0,19857115.0,344799026.0,19020971.0,33635286.0,693039943.0,1614.0,3329811395.0,0.0,4.0,4.0,7.0,8.0,0.0,1.0,6.0,4.0,50.0,50.0,8.0,4.0,0.0,0.0,0.0,23.0,7.0,0.0,5.0,5.0,15.0,81.0,81.0,15.0,0.0,0.0,0.0,0.0,7.0,0.0,0.0,0.0,0.0,0.0,9.0,9.0,0.0,7.0,7.0,0.0,7.0,0.0,0.0,0.0,0.0,0.0,4.0,7.0,0.0,4.0,0.0,0.0,0.0,6.0,145.0,0.0,0.0,0.0,0.0,0.0,141.0,0.0,0.0,0.0,0.0,0.0,0.0,0.0,0.0,0.0,4.0,4.0,0.0,0.0,0.0,2.0,6.0,4.0,4.0,7.0,0.0,0.0,0.0,0.0,0.0,7.0,7.0,7.0,7.0,0.0,0.0,0.0,4.0,4.0,0.0,1498382615.0,1043.0,1043.0,1520.0,1520.0,1560.0,0.0,127.0,28823.0,24871.0,24811.0,87.0,0.0,0.0,0.0,119.0,0.0,0.0,55.0,62.0,61.0,10.0,53.0,284251424.0,0.0,2103171936.0,25344898048.0,532583328.0,0.0,0.0,1614.0,0.0,0.0,1853.0,122.0,1826.0
53,0.0,1.0,0.0,1.0,0.0,1728000.0,1.0,229500000.0,1.0,1062400000.0,0.429469823837,18596.0,1751.0,6019.0,40500.0,41375.0,42500.0,100.0,25.0,64.0,896.0,5000.0,0.0,25.0,1000000.0,950000.0,1.0,1.0,0.0,10.0,0.0,0.0,0.0,100.0,34522555.0,700552556.0,677616969.0,0.0,0.0,0.0,0.0,0.0,4.0,4.0,52.0,4.0,4.0,0.0,0.0,4.0,0.0,0.0,0.0,0.0,0.0,208.0,4.0,20265802.0,327414336.0,20604140.0,36525285.0,708384708.0,1494.0,3320963890.0,0.0,4.0,4.0,7.0,8.0,0.0,1.0,6.0,4.0,50.0,50.0,8.0,4.0,0.0,0.0,0.0,23.0,7.0,0.0,5.0,5.0,15.0,81.0,81.0,15.0,0.0,0.0,0.0,0.0,7.0,0.0,0.0,0.0,0.0,0.0,9.0,9.0,0.0,7.0,7.0,0.0,7.0,0.0,0.0,0.0,0.0,0.0,4.0,7.0,0.0,4.0,0.0,0.0,0.0,6.0,142.0,0.0,0.0,0.0,0.0,0.0,138.0,0.0,0.0,0.0,0.0,0.0,0.0,0.0,0.0,0.0,4.0,4.0,0.0,0.0,0.0,2.0,6.0,4.0,4.0,7.0,0.0,0.0,0.0,0.0,0.0,7.0,7.0,7.0,7.0,0.0,0.0,0.0,4.0,4.0,0.0,1524997460.0,961.0,961.0,1592.0,1592.0,1628.0,0.0,108.0,29994.0,25344.0,25277.0,126.0,0.0,0.0,0.0,84.0,0.0,0.0,61.0,69.0,68.0,12.0,59.0,148881792.0,70784.0,2070323904.0,20330254912.0,474792288.0,0.0,0.0,1494.0,0.0,0.0,1788.0,136.0,1871.0
54,0.0,1.0,0.0,1.0,0.0,1728000.0,1.0,229500000.0,1.0,1062400000.0,0.357545852661,18027.0,1827.0,5257.0,40500.0,41375.0,42500.0,100.0,25.0,64.0,896.0,5000.0,0.0,25.0,1000000.0,950000.0,1.0,1.0,0.0,10.0,0.0,0.0,0.0,100.0,37806184.0,725888757.0,706820633.0,0.0,0.0,0.0,0.0,0.0,4.0,4.0,52.0,4.0,4.0,0.0,0.0,4.0,0.0,0.0,0.0,0.0,0.0,201.0,4.0,21333586.0,332647466.0,21264724.0,38398710.0,736265030.0,1750.0,3311357873.0,0.0,4.0,4.0,7.0,8.0,0.0,1.0,6.0,4.0,50.0,50.0,8.0,4.0,0.0,0.0,0.0,23.0,7.0,0.0,5.0,5.0,15.0,81.0,81.0,15.0,0.0,0.0,0.0,0.0,7.0,0.0,0.0,0.0,0.0,0.0,9.0,9.0,0.0,7.0,7.0,0.0,7.0,0.0,0.0,0.0,0.0,0.0,4.0,7.0,0.0,4.0,0.0,0.0,0.0,6.0,142.0,0.0,0.0,0.0,0.0,0.0,138.0,0.0,0.0,0.0,0.0,0.0,0.0,0.0,0.0,0.0,4.0,4.0,0.0,0.0,0.0,2.0,6.0,4.0,4.0,7.0,0.0,0.0,0.0,0.0,0.0,7.0,7.0,7.0,7.0,0.0,0.0,0.0,4.0,4.0,0.0,1560939341.0,920.0,920.0,1563.0,1563.0,1601.0,0.0,142.0,29729.0,25162.0,25095.0,122.0,0.0,0.0,0.0,130.0,0.0,0.0,61.0,69.0,68.0,14.0,59.0,361668416.0,0.0,2131973216.0,21891547808.0,294820928.0,0.0,0.0,1750.0,0.0,0.0,2201.0,136.0,1869.0
55,0.0,1.0,0.0,1.0,0.0,1728000.0,1.0,229500000.0,1.0,1062400000.0,0.397389888763,22249.0,1827.0,8531.0,40625.0,41500.0,42750.0,84.0,25.0,64.0,896.0,5000.0,0.0,25.0,1000000.0,950000.0,1.0,0.0,0.0,10.0,0.0,0.0,0.0,500.0,34534266.0,692220582.0,682586979.0,0.0,0.0,0.0,0.0,0.0,4.0,4.0,52.0,4.0,4.0,0.0,0.0,4.0,0.0,0.0,0.0,0.0,0.0,205.0,4.0,18783653.0,328440303.0,18961136.0,35989283.0,709801905.0,1773.0,3458668172.0,0.0,4.0,4.0,7.0,8.0,0.0,1.0,6.0,4.0,50.0,50.0,8.0,4.0,0.0,0.0,0.0,23.0,7.0,0.0,5.0,5.0,15.0,81.0,81.0,15.0,0.0,0.0,0.0,0.0,7.0,0.0,0.0,0.0,0.0,0.0,9.0,9.0,0.0,7.0,7.0,0.0,7.0,0.0,0.0,0.0,0.0,0.0,4.0,7.0,0.0,4.0,0.0,0.0,0.0,6.0,142.0,0.0,0.0,0.0,0.0,0.0,138.0,0.0,0.0,0.0,0.0,0.0,0.0,0.0,0.0,0.0,4.0,4.0,0.0,0.0,0.0,2.0,6.0,4.0,4.0,7.0,0.0,0.0,0.0,0.0,0.0,7.0,7.0,7.0,7.0,0.0,0.0,0.0,4.0,4.0,0.0,1525219860.0,1299.0,1299.0,1644.0,1644.0,1692.0,0.0,141.0,29873.0,25301.0,25234.0,77.0,0.0,0.0,0.0,127.0,0.0,0.0,61.0,69.0,68.0,11.0,59.0,255581216.0,0.0,2137766560.0,63643388448.0,543961888.0,0.0,0.0,1773.0,0.0,0.0,2144.0,136.0,2167.0
56,0.0,1.0,0.0,1.0,0.0,1728000.0,1.0,229500000.0,1.0,1062400000.0,0.35280609130900004,19778.0,1827.0,6551.0,40583.3333333,41666.6666667,42500.0,84.0,25.0,64.0,896.0,5000.0,0.0,25.0,1000000.0,950000.0,1.0,0.0,0.0,10.0,0.0,0.0,0.0,500.0,30927142.0,688490031.0,661248519.0,0.0,0.0,0.0,0.0,0.0,4.0,4.0,52.0,4.0,4.0,0.0,0.0,4.0,0.0,0.0,0.0,0.0,0.0,205.0,4.0,18364840.0,319976796.0,18357791.0,33096401.0,694831828.0,1277.0,3389333160.0,0.0,4.0,4.0,7.0,8.0,0.0,1.0,6.0,4.0,50.0,50.0,8.0,4.0,0.0,0.0,0.0,23.0,7.0,0.0,5.0,5.0,15.0,81.0,81.0,15.0,0.0,0.0,0.0,0.0,7.0,0.0,0.0,0.0,0.0,0.0,9.0,9.0,0.0,7.0,7.0,0.0,7.0,0.0,0.0,0.0,0.0,0.0,4.0,7.0,0.0,4.0,0.0,0.0,0.0,6.0,143.0,0.0,0.0,0.0,0.0,0.0,139.0,0.0,0.0,0.0,0.0,0.0,0.0,0.0,0.0,0.0,4.0,4.0,0.0,0.0,0.0,2.0,6.0,4.0,4.0,7.0,0.0,0.0,0.0,0.0,0.0,7.0,7.0,7.0,7.0,0.0,0.0,0.0,4.0,4.0,0.0,1501258036.0,836.0,836.0,1463.0,1463.0,1496.0,0.0,109.0,28968.0,24946.0,24886.0,78.0,0.0,0.0,0.0,121.0,0.0,0.0,55.0,62.0,61.0,10.0,53.0,333694048.0,0.0,2058092672.0,37493456992.0,284856992.0,0.0,0.0,1277.0,0.0,0.0,1516.0,122.0,1602.0
57,0.0,1.0,0.0,1.0,0.0,1728000.0,1.0,229500000.0,1.0,1062400000.0,0.38728690147399997,19398.0,1750.0,6628.0,41062.5,41500.0,42500.0,84.0,25.0,64.0,896.0,5000.0,0.0,25.0,1000000.0,950000.0,1.0,0.0,0.0,10.0,0.0,0.0,0.0,500.0,37578390.0,732065676.0,731989160.0,0.0,0.0,0.0,0.0,0.0,4.0,4.0,52.0,4.0,4.0,0.0,0.0,4.0,0.0,0.0,0.0,0.0,0.0,197.0,4.0,19448213.0,344160966.0,18833671.0,38809273.0,712951699.0,2375.0,3411620611.0,0.0,4.0,4.0,7.0,8.0,0.0,1.0,6.0,4.0,50.0,50.0,8.0,4.0,0.0,0.0,0.0,23.0,7.0,0.0,5.0,5.0,15.0,81.0,81.0,15.0,0.0,0.0,0.0,0.0,7.0,0.0,0.0,0.0,0.0,0.0,9.0,9.0,0.0,7.0,7.0,0.0,7.0,0.0,0.0,0.0,0.0,0.0,4.0,7.0,0.0,4.0,0.0,0.0,0.0,6.0,139.0,0.0,0.0,0.0,0.0,0.0,135.0,0.0,0.0,0.0,0.0,0.0,0.0,0.0,0.0,0.0,4.0,4.0,0.0,0.0,0.0,2.0,6.0,4.0,4.0,7.0,0.0,0.0,0.0,0.0,0.0,7.0,7.0,7.0,7.0,0.0,0.0,0.0,4.0,4.0,0.0,1515495597.0,1079.0,1079.0,1604.0,1604.0,1649.0,0.0,125.0,29915.0,25298.0,25231.0,152.0,0.0,0.0,0.0,141.0,0.0,0.0,61.0,69.0,68.0,22.0,59.0,239287744.0,0.0,2114621152.0,31445507008.0,470987392.0,0.0,0.0,2375.0,0.0,0.0,2741.0,136.0,2153.0
58,0.0,1.0,0.0,1.0,0.0,1728000.0,1.0,229500000.0,1.0,1062400000.0,0.344866037369,18254.0,1675.0,5638.0,40750.0,41875.0,42500.0,88.0,25.0,64.0,896.0,5000.0,0.0,25.0,1000000.0,950000.0,1.0,1.0,0.0,10.0,0.0,0.0,0.0,500.0,35938482.0,724424970.0,692062001.0,0.0,0.0,0.0,0.0,0.0,4.0,4.0,52.0,4.0,4.0,0.0,0.0,4.0,0.0,0.0,0.0,0.0,0.0,203.0,4.0,22252713.0,334375787.0,21656370.0,39927647.0,724852350.0,2191.0,3430066045.0,0.0,4.0,4.0,7.0,8.0,0.0,1.0,6.0,4.0,50.0,50.0,8.0,4.0,0.0,0.0,0.0,23.0,7.0,0.0,5.0,5.0,15.0,81.0,81.0,15.0,0.0,0.0,0.0,0.0,7.0,0.0,0.0,0.0,0.0,0.0,9.0,9.0,0.0,7.0,7.0,0.0,7.0,0.0,0.0,0.0,0.0,0.0,4.0,7.0,0.0,4.0,0.0,0.0,0.0,6.0,142.0,0.0,0.0,0.0,0.0,0.0,138.0,0.0,0.0,0.0,0.0,0.0,0.0,0.0,0.0,0.0,4.0,4.0,0.0,0.0,0.0,2.0,6.0,4.0,4.0,7.0,0.0,0.0,0.0,0.0,0.0,7.0,7.0,7.0,7.0,0.0,0.0,0.0,4.0,4.0,0.0,1571870011.0,802.0,802.0,1587.0,1587.0,1639.0,0.0,144.0,30258.0,25439.0,25372.0,63.0,0.0,0.0,0.0,152.0,0.0,0.0,61.0,69.0,68.0,18.0,59.0,431435744.0,0.0,2150214944.0,22985444512.0,351176352.0,0.0,0.0,2191.0,0.0,0.0,2606.0,136.0,1780.0
59,0.0,1.0,0.0,1.0,0.0,1728000.0,1.0,229500000.0,1.0,1062400000.0,0.353433847427,13225.0,1142.0,3963.0,40500.0,41500.0,42500.0,88.0,25.0,64.0,896.0,5000.0,0.0,25.0,1000000.0,950000.0,1.0,1.0,0.0,10.0,0.0,0.0,0.0,500.0,29669891.0,652424890.0,640558362.0,0.0,0.0,0.0,0.0,0.0,4.0,4.0,52.0,4.0,4.0,0.0,0.0,4.0,0.0,0.0,0.0,0.0,0.0,209.0,4.0,17563022.0,298423432.0,17058139.0,30280121.0,661196215.0,897.0,3018068359.0,0.0,4.0,4.0,7.0,8.0,0.0,1.0,6.0,4.0,50.0,50.0,8.0,4.0,0.0,0.0,0.0,23.0,7.0,0.0,5.0,5.0,15.0,81.0,81.0,15.0,0.0,0.0,0.0,0.0,7.0,0.0,0.0,0.0,0.0,0.0,9.0,9.0,0.0,7.0,7.0,0.0,7.0,0.0,0.0,0.0,0.0,0.0,4.0,7.0,0.0,4.0,0.0,0.0,0.0,6.0,143.0,0.0,0.0,0.0,0.0,0.0,139.0,0.0,0.0,0.0,0.0,0.0,0.0,0.0,0.0,0.0,4.0,4.0,0.0,0.0,0.0,2.0,6.0,4.0,4.0,7.0,0.0,0.0,0.0,0.0,0.0,7.0,7.0,7.0,7.0,0.0,0.0,0.0,4.0,4.0,0.0,1481406928.0,719.0,719.0,1433.0,1433.0,1470.0,0.0,121.0,26312.0,24350.0,24297.0,210.0,0.0,0.0,0.0,120.0,0.0,0.0,49.0,55.0,54.0,8.0,47.0,149610848.0,0.0,1952724640.0,24331620256.0,147482528.0,0.0,0.0,897.0,0.0,0.0,1277.0,108.0,1532.0
60,0.0,1.0,0.0,1.0,0.0,1728000.0,1.0,229500000.0,1.0,1062400000.0,0.34955906868000003,18520.0,1827.0,5561.0,40937.5,41500.0,42500.0,88.0,25.0,64.0,896.0,5000.0,0.0,25.0,1000000.0,950000.0,1.0,1.0,0.0,10.0,0.0,0.0,0.0,500.0,34576944.0,674095735.0,680513442.0,0.0,0.0,0.0,0.0,0.0,4.0,4.0,52.0,4.0,4.0,0.0,0.0,4.0,0.0,0.0,0.0,0.0,0.0,205.0,4.0,16806164.0,328809143.0,16278621.0,34943833.0,668232086.0,1374.0,3357292808.0,0.0,4.0,4.0,7.0,8.0,0.0,1.0,6.0,4.0,50.0,50.0,8.0,4.0,0.0,0.0,0.0,23.0,7.0,0.0,5.0,5.0,15.0,81.0,81.0,15.0,0.0,0.0,0.0,0.0,7.0,0.0,0.0,0.0,0.0,0.0,9.0,9.0,0.0,7.0,7.0,0.0,7.0,0.0,0.0,0.0,0.0,0.0,4.0,7.0,0.0,4.0,0.0,0.0,0.0,6.0,143.0,0.0,0.0,0.0,0.0,0.0,139.0,0.0,0.0,0.0,0.0,0.0,0.0,0.0,0.0,0.0,4.0,4.0,0.0,0.0,0.0,2.0,6.0,4.0,4.0,7.0,0.0,0.0,0.0,0.0,0.0,7.0,7.0,7.0,7.0,0.0,0.0,0.0,4.0,4.0,0.0,1511514864.0,849.0,849.0,1588.0,1588.0,1623.0,0.0,134.0,30092.0,25301.0,25234.0,122.0,0.0,0.0,0.0,122.0,0.0,0.0,61.0,69.0,68.0,11.0,59.0,234031840.0,0.0,2160643712.0,29862114976.0,302591104.0,0.0,0.0,1374.0,0.0,0.0,1697.0,136.0,1802.0
61,0.0,1.0,0.0,1.0,0.0,1728000.0,1.0,229500000.0,1.0,1062400000.0,0.352624893188,17912.0,1827.0,5257.0,40437.5,41500.0,42500.0,76.0,25.0,64.0,896.0,5000.0,0.0,25.0,1000000.0,950000.0,1.0,0.0,0.0,10.0,0.0,0.0,100.0,100.0,34635253.0,691502741.0,669885850.0,0.0,0.0,0.0,0.0,0.0,4.0,4.0,52.0,4.0,4.0,0.0,0.0,4.0,0.0,0.0,0.0,0.0,0.0,205.0,4.0,16992136.0,299652863.0,16950658.0,36339497.0,685612039.0,1114.0,3126497938.0,0.0,4.0,4.0,7.0,8.0,0.0,1.0,6.0,4.0,50.0,50.0,8.0,4.0,0.0,0.0,0.0,23.0,7.0,0.0,5.0,5.0,15.0,81.0,81.0,15.0,0.0,0.0,0.0,0.0,7.0,0.0,0.0,0.0,0.0,0.0,9.0,9.0,0.0,7.0,7.0,0.0,7.0,0.0,0.0,0.0,0.0,0.0,4.0,7.0,0.0,4.0,0.0,0.0,0.0,6.0,142.0,0.0,0.0,0.0,0.0,0.0,138.0,0.0,0.0,0.0,0.0,0.0,0.0,0.0,0.0,0.0,4.0,4.0,0.0,0.0,0.0,2.0,6.0,4.0,4.0,7.0,0.0,0.0,0.0,0.0,0.0,7.0,7.0,7.0,7.0,0.0,0.0,0.0,4.0,4.0,0.0,1493638706.0,811.0,811.0,1549.0,1549.0,1593.0,0.0,145.0,30368.0,25371.0,25304.0,101.0,0.0,0.0,0.0,131.0,0.0,0.0,61.0,69.0,68.0,19.0,59.0,152570464.0,0.0,2103111936.0,34359470208.0,285128128.0,0.0,0.0,1114.0,0.0,0.0,1521.0,136.0,1825.0
62,0.0,1.0,0.0,1.0,0.0,1728000.0,1.0,229500000.0,1.0,1062400000.0,0.355041980743,13264.0,1218.0,3886.0,40625.0,41500.0,42500.0,76.0,25.0,64.0,896.0,5000.0,0.0,25.0,1000000.0,950000.0,1.0,0.0,0.0,10.0,0.0,0.0,100.0,100.0,35730587.0,650744001.0,635489074.0,0.0,0.0,0.0,0.0,0.0,4.0,4.0,52.0,4.0,4.0,0.0,0.0,4.0,0.0,0.0,0.0,0.0,0.0,206.0,4.0,17191145.0,320333883.0,17441959.0,33300213.0,663595532.0,841.0,3072284635.0,0.0,4.0,4.0,7.0,8.0,0.0,1.0,6.0,4.0,50.0,50.0,8.0,4.0,0.0,0.0,0.0,23.0,7.0,0.0,5.0,5.0,15.0,81.0,81.0,15.0,0.0,0.0,0.0,0.0,7.0,0.0,0.0,0.0,0.0,0.0,9.0,9.0,0.0,7.0,7.0,0.0,7.0,0.0,0.0,0.0,0.0,0.0,4.0,7.0,0.0,4.0,0.0,0.0,0.0,6.0,143.0,0.0,0.0,0.0,0.0,0.0,139.0,0.0,0.0,0.0,0.0,0.0,0.0,0.0,0.0,0.0,4.0,4.0,0.0,0.0,0.0,2.0,6.0,4.0,4.0,7.0,0.0,0.0,0.0,0.0,0.0,7.0,7.0,7.0,7.0,0.0,0.0,0.0,4.0,4.0,0.0,1469803087.0,762.0,762.0,1545.0,1545.0,1586.0,0.0,112.0,28818.0,24651.0,24591.0,77.0,0.0,0.0,0.0,108.0,0.0,0.0,55.0,62.0,61.0,15.0,53.0,253757472.0,0.0,2053126752.0,43878949440.0,246596032.0,0.0,0.0,841.0,0.0,0.0,1123.0,122.0,1327.0
63,0.0,1.0,0.0,1.0,0.0,1728000.0,1.0,229500000.0,1.0,1062400000.0,0.35268807411200004,13340.0,1294.0,3962.0,40916.6666667,41500.0,42500.0,76.0,25.0,64.0,896.0,5000.0,0.0,25.0,1000000.0,950000.0,1.0,0.0,0.0,10.0,0.0,0.0,100.0,100.0,28834065.0,657601068.0,640691776.0,0.0,0.0,0.0,0.0,0.0,4.0,4.0,52.0,4.0,4.0,0.0,0.0,4.0,0.0,0.0,0.0,0.0,0.0,199.0,4.0,17991489.0,320031304.0,17303535.0,31958942.0,658449198.0,792.0,3033584514.0,0.0,4.0,4.0,7.0,8.0,0.0,1.0,6.0,4.0,50.0,50.0,8.0,4.0,0.0,0.0,0.0,23.0,7.0,0.0,5.0,5.0,15.0,81.0,81.0,15.0,0.0,0.0,0.0,0.0,7.0,0.0,0.0,0.0,0.0,0.0,9.0,9.0,0.0,7.0,7.0,0.0,7.0,0.0,0.0,0.0,0.0,0.0,4.0,7.0,0.0,4.0,0.0,0.0,0.0,6.0,142.0,0.0,0.0,0.0,0.0,0.0,138.0,0.0,0.0,0.0,0.0,0.0,0.0,0.0,0.0,0.0,4.0,4.0,0.0,0.0,0.0,2.0,6.0,4.0,4.0,7.0,0.0,0.0,0.0,0.0,0.0,7.0,7.0,7.0,7.0,0.0,0.0,0.0,4.0,4.0,0.0,1452188838.0,700.0,700.0,1497.0,1497.0,1531.0,0.0,106.0,27045.0,24340.0,24287.0,75.0,0.0,0.0,0.0,112.0,0.0,0.0,49.0,55.0,54.0,15.0,47.0,148828832.0,0.0,1982520608.0,27349719872.0,183084192.0,0.0,0.0,792.0,0.0,0.0,1087.0,108.0,1385.0
64,0.0,1.0,0.0,1.0,0.0,1728000.0,1.0,229500000.0,1.0,1062400000.0,0.39942502975500005,18901.0,1674.0,5864.0,40500.0,41375.0,42500.0,98.0,25.0,64.0,896.0,5000.0,0.0,25.0,1000000.0,950000.0,1.0,1.0,0.0,10.0,0.0,0.0,100.0,100.0,37284000.0,686283176.0,682487059.0,0.0,0.0,0.0,0.0,0.0,4.0,4.0,52.0,4.0,4.0,0.0,0.0,4.0,0.0,0.0,0.0,0.0,0.0,212.0,4.0,17114299.0,320859519.0,17204531.0,35215376.0,683872215.0,1248.0,3298001756.0,0.0,4.0,4.0,7.0,8.0,0.0,1.0,6.0,4.0,50.0,50.0,8.0,4.0,0.0,0.0,0.0,23.0,7.0,0.0,5.0,5.0,15.0,81.0,81.0,15.0,0.0,0.0,0.0,0.0,7.0,0.0,0.0,0.0,0.0,0.0,9.0,9.0,0.0,7.0,7.0,0.0,7.0,0.0,0.0,0.0,0.0,0.0,4.0,7.0,0.0,4.0,0.0,0.0,0.0,6.0,142.0,0.0,0.0,0.0,0.0,0.0,138.0,0.0,0.0,0.0,0.0,0.0,0.0,0.0,0.0,0.0,4.0,4.0,0.0,0.0,0.0,2.0,6.0,4.0,4.0,7.0,0.0,0.0,0.0,0.0,0.0,7.0,7.0,7.0,7.0,0.0,0.0,0.0,4.0,4.0,0.0,1523504827.0,811.0,811.0,1530.0,1530.0,1573.0,0.0,161.0,30482.0,25406.0,25339.0,110.0,0.0,0.0,0.0,153.0,0.0,0.0,61.0,69.0,68.0,13.0,59.0,266519264.0,0.0,2098177952.0,24581937088.0,411191712.0,0.0,0.0,1248.0,0.0,0.0,1616.0,136.0,1772.0
65,0.0,1.0,0.0,1.0,0.0,1728000.0,1.0,229500000.0,1.0,1062400000.0,0.655196905136,26979.0,2664.0,9140.0,40950.0,41500.0,42900.0,98.0,25.0,64.0,896.0,5000.0,0.0,25.0,1000000.0,950000.0,1.0,1.0,0.0,10.0,0.0,0.0,100.0,100.0,38933108.0,757324780.0,735926547.0,0.0,0.0,0.0,0.0,0.0,4.0,4.0,52.0,4.0,4.0,0.0,0.0,4.0,0.0,0.0,0.0,0.0,0.0,214.0,4.0,22068640.0,339444295.0,21741596.0,44159620.0,768520869.0,2508.0,3628189515.0,0.0,4.0,4.0,7.0,8.0,0.0,1.0,6.0,4.0,50.0,50.0,8.0,4.0,0.0,0.0,0.0,23.0,7.0,0.0,5.0,5.0,15.0,81.0,81.0,15.0,0.0,0.0,0.0,0.0,7.0,0.0,0.0,0.0,0.0,0.0,9.0,9.0,0.0,7.0,7.0,0.0,7.0,0.0,0.0,0.0,0.0,0.0,4.0,7.0,0.0,4.0,0.0,0.0,0.0,6.0,142.0,0.0,0.0,0.0,0.0,0.0,138.0,0.0,0.0,0.0,0.0,0.0,0.0,0.0,0.0,0.0,4.0,4.0,0.0,0.0,0.0,2.0,6.0,4.0,4.0,7.0,0.0,0.0,0.0,0.0,0.0,7.0,7.0,7.0,7.0,0.0,0.0,0.0,4.0,4.0,0.0,1603063128.0,1951.0,1951.0,1625.0,1625.0,1679.0,0.0,151.0,32342.0,26034.0,25953.0,169.0,0.0,0.0,0.0,150.0,0.0,0.0,73.0,83.0,82.0,16.0,71.0,67984704.0,0.0,2262012576.0,39357390144.0,785902560.0,0.0,0.0,2508.0,0.0,0.0,2805.0,164.0,2916.0
66,0.0,1.0,0.0,1.0,0.0,1728000.0,1.0,229500000.0,1.0,1062400000.0,0.35348582267800005,18103.0,1827.0,5410.0,40812.5,41500.0,42500.0,98.0,25.0,64.0,896.0,5000.0,0.0,25.0,1000000.0,950000.0,1.0,1.0,0.0,10.0,0.0,0.0,100.0,100.0,35656916.0,676656632.0,686013762.0,0.0,1.0,0.0,0.0,0.0,4.0,4.0,52.0,3.0,3.0,0.0,0.0,3.0,0.0,0.0,0.0,0.0,0.0,213.0,3.0,18098051.0,333220696.0,17599294.0,36275249.0,687707936.0,1026.0,3151151278.0,0.0,4.0,4.0,7.0,8.0,0.0,1.0,6.0,4.0,50.0,50.0,8.0,4.0,0.0,0.0,0.0,23.0,7.0,0.0,5.0,5.0,15.0,81.0,81.0,15.0,0.0,0.0,0.0,0.0,7.0,0.0,0.0,0.0,0.0,0.0,9.0,9.0,0.0,7.0,7.0,0.0,7.0,0.0,0.0,0.0,0.0,0.0,4.0,7.0,0.0,4.0,0.0,0.0,0.0,6.0,143.0,0.0,0.0,0.0,0.0,0.0,139.0,0.0,0.0,0.0,0.0,0.0,0.0,0.0,0.0,0.0,4.0,4.0,0.0,0.0,0.0,2.0,6.0,4.0,4.0,7.0,0.0,0.0,0.0,0.0,0.0,7.0,7.0,7.0,7.0,0.0,0.0,0.0,4.0,4.0,0.0,1497063530.0,767.0,767.0,1612.0,1612.0,1662.0,0.0,151.0,30028.0,25302.0,25235.0,73.0,0.0,0.0,0.0,157.0,0.0,0.0,61.0,69.0,68.0,15.0,59.0,451175296.0,0.0,2109938816.0,30211892448.0,262771840.0,0.0,0.0,1026.0,0.0,0.0,1407.0,136.0,1739.0
67,0.0,1.0,0.0,1.0,0.0,1728000.0,1.0,229500000.0,1.0,1062400000.0,0.34880208969099996,17989.0,1827.0,5410.0,40625.0,41500.0,42500.0,85.0,25.0,64.0,896.0,5000.0,0.0,25.0,1000000.0,950000.0,1.0,0.0,0.0,10.0,0.0,0.0,100.0,500.0,33794851.0,672453026.0,675322585.0,0.0,0.0,0.0,0.0,0.0,4.0,4.0,52.0,4.0,4.0,0.0,0.0,4.0,0.0,0.0,0.0,0.0,0.0,218.0,4.0,18811757.0,324718862.0,18344752.0,34144689.0,682918722.0,1032.0,3226285108.0,0.0,4.0,4.0,7.0,8.0,0.0,1.0,6.0,4.0,50.0,50.0,8.0,4.0,0.0,0.0,0.0,23.0,7.0,0.0,5.0,5.0,15.0,81.0,81.0,15.0,0.0,0.0,0.0,0.0,7.0,0.0,0.0,0.0,0.0,0.0,9.0,9.0,0.0,7.0,7.0,0.0,7.0,0.0,0.0,0.0,0.0,0.0,4.0,7.0,0.0,4.0,0.0,0.0,0.0,6.0,143.0,0.0,0.0,0.0,0.0,0.0,139.0,0.0,0.0,0.0,0.0,0.0,0.0,0.0,0.0,0.0,4.0,4.0,0.0,0.0,0.0,2.0,6.0,4.0,4.0,7.0,0.0,0.0,0.0,0.0,0.0,7.0,7.0,7.0,7.0,0.0,0.0,0.0,4.0,4.0,0.0,1540975376.0,805.0,805.0,1654.0,1654.0,1696.0,0.0,121.0,30079.0,25281.0,25214.0,75.0,0.0,0.0,0.0,120.0,0.0,0.0,61.0,69.0,68.0,13.0,59.0,151439712.0,0.0,2090525440.0,30197980864.0,263804288.0,0.0,0.0,1032.0,0.0,0.0,1337.0,136.0,1602.0
68,0.0,1.0,0.0,1.0,0.0,1728000.0,1.0,229500000.0,1.0,1062400000.0,0.355006933212,13340.0,1294.0,3962.0,41083.3333333,41500.0,42500.0,85.0,25.0,64.0,896.0,5000.0,0.0,25.0,1000000.0,950000.0,1.0,0.0,0.0,10.0,0.0,0.0,100.0,500.0,31582791.0,647313112.0,655113564.0,0.0,0.0,0.0,0.0,0.0,4.0,4.0,52.0,4.0,4.0,0.0,0.0,4.0,0.0,0.0,0.0,0.0,0.0,209.0,4.0,17961305.0,313238650.0,17141214.0,33375290.0,647009264.0,981.0,2969952458.0,0.0,4.0,4.0,7.0,8.0,0.0,1.0,6.0,4.0,50.0,50.0,8.0,4.0,0.0,0.0,0.0,23.0,7.0,0.0,5.0,5.0,15.0,81.0,81.0,15.0,0.0,0.0,0.0,0.0,7.0,0.0,0.0,0.0,0.0,0.0,9.0,9.0,0.0,7.0,7.0,0.0,7.0,0.0,0.0,0.0,0.0,0.0,4.0,7.0,0.0,4.0,0.0,0.0,0.0,6.0,142.0,0.0,0.0,0.0,0.0,0.0,138.0,0.0,0.0,0.0,0.0,0.0,0.0,0.0,0.0,0.0,4.0,4.0,0.0,0.0,0.0,2.0,6.0,4.0,4.0,7.0,0.0,0.0,0.0,0.0,0.0,7.0,7.0,7.0,7.0,0.0,0.0,0.0,4.0,4.0,0.0,1423390534.0,916.0,916.0,1474.0,1474.0,1512.0,0.0,109.0,27094.0,24440.0,24387.0,82.0,0.0,0.0,0.0,120.0,0.0,0.0,49.0,55.0,54.0,14.0,47.0,242216864.0,70208.0,1959805696.0,45541356096.0,241562336.0,0.0,0.0,981.0,0.0,0.0,1341.0,108.0,1540.0
69,0.0,1.0,0.0,1.0,0.0,1728000.0,1.0,229500000.0,1.0,1062400000.0,0.355873823166,18103.0,1827.0,5334.0,40750.0,41625.0,42125.0,85.0,25.0,64.0,896.0,5000.0,0.0,25.0,1000000.0,950000.0,1.0,0.0,0.0,10.0,0.0,0.0,100.0,500.0,35626211.0,679753427.0,679660876.0,0.0,0.0,0.0,0.0,0.0,4.0,4.0,52.0,4.0,4.0,0.0,0.0,4.0,0.0,0.0,0.0,0.0,0.0,211.0,4.0,18692283.0,331472471.0,17992013.0,34565904.0,701314346.0,1127.0,3222525722.0,0.0,4.0,4.0,7.0,8.0,0.0,1.0,6.0,4.0,50.0,50.0,8.0,4.0,0.0,0.0,0.0,23.0,7.0,0.0,5.0,5.0,15.0,81.0,81.0,15.0,0.0,0.0,0.0,0.0,7.0,0.0,0.0,0.0,0.0,0.0,9.0,9.0,0.0,7.0,7.0,0.0,7.0,0.0,0.0,0.0,0.0,0.0,4.0,7.0,0.0,4.0,0.0,0.0,0.0,6.0,142.0,0.0,0.0,0.0,0.0,0.0,138.0,0.0,0.0,0.0,0.0,0.0,0.0,0.0,0.0,0.0,4.0,4.0,0.0,0.0,0.0,2.0,6.0,4.0,4.0,7.0,0.0,0.0,0.0,0.0,0.0,7.0,7.0,7.0,7.0,0.0,0.0,0.0,4.0,4.0,0.0,1538938325.0,770.0,770.0,1608.0,1608.0,1645.0,0.0,137.0,30342.0,25346.0,25279.0,85.0,0.0,0.0,0.0,159.0,0.0,0.0,61.0,69.0,68.0,16.0,59.0,159641632.0,0.0,2099027744.0,25523878816.0,268445792.0,0.0,0.0,1127.0,0.0,0.0,1457.0,136.0,1768.0
70,0.0,1.0,0.0,1.0,0.0,1728000.0,1.0,229500000.0,1.0,1062400000.0,0.354240894318,13302.0,1218.0,4115.0,40333.3333333,41500.0,42500.0,99.0,25.0,64.0,896.0,5000.0,0.0,25.0,1000000.0,950000.0,1.0,1.0,0.0,10.0,0.0,0.0,100.0,500.0,30877102.0,669404105.0,654819610.0,0.0,0.0,0.0,0.0,0.0,4.0,4.0,52.0,4.0,4.0,0.0,0.0,4.0,0.0,0.0,0.0,0.0,0.0,213.0,4.0,17448347.0,336182464.0,17085526.0,29938022.0,676097506.0,845.0,3050647725.0,0.0,4.0,4.0,7.0,8.0,0.0,1.0,6.0,4.0,50.0,50.0,8.0,4.0,0.0,0.0,0.0,23.0,7.0,0.0,5.0,5.0,15.0,81.0,81.0,15.0,0.0,0.0,0.0,0.0,7.0,0.0,0.0,0.0,0.0,0.0,9.0,9.0,0.0,7.0,7.0,0.0,7.0,0.0,0.0,0.0,0.0,0.0,4.0,7.0,0.0,4.0,0.0,0.0,0.0,6.0,142.0,0.0,0.0,0.0,0.0,0.0,138.0,0.0,0.0,0.0,0.0,0.0,0.0,0.0,0.0,0.0,4.0,4.0,0.0,0.0,0.0,2.0,6.0,4.0,4.0,7.0,0.0,0.0,0.0,0.0,0.0,7.0,7.0,7.0,7.0,0.0,0.0,0.0,4.0,4.0,0.0,1524127002.0,747.0,747.0,1566.0,1566.0,1604.0,0.0,122.0,26690.0,24416.0,24363.0,77.0,0.0,0.0,0.0,128.0,0.0,0.0,49.0,55.0,54.0,10.0,47.0,544392576.0,0.0,2024066304.0,31048290688.0,153728800.0,0.0,0.0,845.0,0.0,0.0,1126.0,108.0,1422.0
71,0.0,1.0,0.0,1.0,0.0,1728000.0,1.0,229500000.0,1.0,1062400000.0,0.353368997574,13225.0,1294.0,3886.0,40416.6666667,41500.0,42500.0,99.0,25.0,64.0,896.0,5000.0,0.0,25.0,1000000.0,950000.0,1.0,1.0,0.0,10.0,0.0,0.0,100.0,500.0,29002056.0,661884809.0,632263313.0,0.0,0.0,0.0,0.0,0.0,4.0,4.0,52.0,4.0,4.0,0.0,0.0,4.0,0.0,0.0,0.0,0.0,0.0,204.0,4.0,17049699.0,316587563.0,16729785.0,31609493.0,676515943.0,848.0,3020523606.0,0.0,4.0,4.0,7.0,8.0,0.0,1.0,6.0,4.0,50.0,50.0,8.0,4.0,0.0,0.0,0.0,23.0,7.0,0.0,5.0,5.0,15.0,81.0,81.0,15.0,0.0,0.0,0.0,0.0,7.0,0.0,0.0,0.0,0.0,0.0,9.0,9.0,0.0,7.0,7.0,0.0,7.0,0.0,0.0,0.0,0.0,0.0,4.0,7.0,0.0,4.0,0.0,0.0,0.0,6.0,140.0,0.0,0.0,0.0,0.0,0.0,136.0,0.0,0.0,0.0,0.0,0.0,0.0,0.0,0.0,0.0,4.0,4.0,0.0,0.0,0.0,2.0,6.0,4.0,4.0,7.0,0.0,0.0,0.0,0.0,0.0,7.0,7.0,7.0,7.0,0.0,0.0,0.0,4.0,4.0,0.0,1548119417.0,759.0,759.0,1472.0,1472.0,1513.0,0.0,115.0,26367.0,24353.0,24300.0,139.0,0.0,0.0,0.0,119.0,0.0,0.0,49.0,55.0,54.0,11.0,47.0,540112320.0,41088.0,2013914560.0,31639894624.0,141313504.0,0.0,0.0,848.0,0.0,0.0,1226.0,108.0,1497.0
72,0.0,1.0,0.0,1.0,0.0,1728000.0,1.0,229500000.0,1.0,1062400000.0,0.353802919388,18027.0,1827.0,5334.0,40687.5,41375.0,42500.0,99.0,25.0,64.0,896.0,5000.0,0.0,25.0,1000000.0,950000.0,1.0,1.0,0.0,10.0,0.0,0.0,100.0,500.0,34717106.0,684536269.0,656265059.0,0.0,0.0,0.0,0.0,0.0,4.0,4.0,52.0,4.0,4.0,0.0,0.0,4.0,0.0,0.0,0.0,0.0,0.0,214.0,4.0,17414164.0,318468643.0,17626855.0,35330429.0,701343800.0,1052.0,3244423725.0,0.0,4.0,4.0,7.0,8.0,0.0,1.0,6.0,4.0,50.0,50.0,8.0,4.0,0.0,0.0,0.0,23.0,7.0,0.0,5.0,5.0,15.0,81.0,81.0,15.0,0.0,0.0,0.0,0.0,7.0,0.0,0.0,0.0,0.0,0.0,9.0,9.0,0.0,7.0,7.0,0.0,7.0,0.0,0.0,0.0,0.0,0.0,4.0,7.0,0.0,4.0,0.0,0.0,0.0,6.0,142.0,0.0,0.0,0.0,0.0,0.0,138.0,0.0,0.0,0.0,0.0,0.0,0.0,0.0,0.0,0.0,4.0,4.0,0.0,0.0,0.0,2.0,6.0,4.0,4.0,7.0,0.0,0.0,0.0,0.0,0.0,7.0,7.0,7.0,7.0,0.0,0.0,0.0,4.0,4.0,0.0,1624496674.0,802.0,802.0,1581.0,1581.0,1619.0,0.0,129.0,30107.0,25302.0,25235.0,73.0,0.0,0.0,0.0,141.0,0.0,0.0,61.0,69.0,68.0,14.0,59.0,255383360.0,0.0,2099470016.0,28055144448.0,248406688.0,0.0,0.0,1052.0,0.0,0.0,1446.0,136.0,1736.0
73,0.0,1.0,1.0,1.0,1.0,1267200.0,1.0,229500000.0,1.0,1600000000.0,0.34942889213600004,19626.0,1827.0,4722.0,40687.5,41500.0,42500.0,81.0,25.0,64.0,896.0,5000.0,0.0,25.0,1000000.0,950000.0,1.0,0.0,0.0,10.0,0.0,0.0,0.0,100.0,34041295.0,691296643.0,671515315.0,0.0,0.0,0.0,0.0,0.0,4.0,4.0,52.0,4.0,4.0,0.0,0.0,4.0,0.0,0.0,0.0,0.0,0.0,194.0,4.0,20901880.0,329881357.0,20529596.0,37054074.0,696673190.0,915.0,2970088689.0,0.0,4.0,4.0,7.0,8.0,0.0,1.0,6.0,4.0,50.0,50.0,8.0,4.0,0.0,0.0,0.0,23.0,7.0,0.0,5.0,5.0,15.0,81.0,81.0,15.0,0.0,0.0,0.0,0.0,7.0,0.0,0.0,0.0,0.0,0.0,9.0,9.0,0.0,7.0,7.0,0.0,7.0,0.0,0.0,0.0,0.0,0.0,4.0,7.0,0.0,4.0,0.0,0.0,0.0,6.0,142.0,0.0,0.0,0.0,0.0,0.0,138.0,0.0,0.0,0.0,0.0,0.0,0.0,0.0,0.0,0.0,4.0,4.0,0.0,0.0,0.0,2.0,6.0,4.0,4.0,7.0,0.0,0.0,0.0,0.0,0.0,7.0,7.0,7.0,7.0,0.0,0.0,0.0,4.0,4.0,0.0,1557466254.0,650.0,650.0,1657.0,1657.0,1695.0,0.0,169.0,30039.0,25390.0,25323.0,71.0,0.0,0.0,0.0,151.0,0.0,0.0,61.0,69.0,68.0,16.0,59.0,343649248.0,0.0,2180987648.0,21476021440.0,114351520.0,0.0,0.0,915.0,0.0,0.0,1226.0,136.0,1591.0
74,0.0,1.0,1.0,1.0,1.0,1267200.0,1.0,229500000.0,1.0,1600000000.0,0.34669208526600004,14672.0,1294.0,3580.0,40666.6666667,41666.6666667,42500.0,81.0,25.0,64.0,896.0,5000.0,0.0,25.0,1000000.0,950000.0,1.0,0.0,0.0,10.0,0.0,0.0,0.0,100.0,30605574.0,639125539.0,634542880.0,0.0,0.0,0.0,0.0,0.0,4.0,4.0,52.0,4.0,4.0,0.0,0.0,4.0,0.0,0.0,0.0,0.0,0.0,207.0,4.0,17157045.0,308226437.0,16675448.0,30597232.0,632287999.0,766.0,2717933873.0,0.0,4.0,4.0,7.0,8.0,0.0,1.0,6.0,4.0,50.0,50.0,8.0,4.0,0.0,0.0,0.0,23.0,7.0,0.0,5.0,5.0,15.0,81.0,81.0,15.0,0.0,0.0,0.0,0.0,7.0,0.0,0.0,0.0,0.0,0.0,9.0,9.0,0.0,7.0,7.0,0.0,7.0,0.0,0.0,0.0,0.0,0.0,4.0,7.0,0.0,4.0,0.0,0.0,0.0,6.0,142.0,0.0,0.0,0.0,0.0,0.0,138.0,0.0,0.0,0.0,0.0,0.0,0.0,0.0,0.0,0.0,4.0,4.0,0.0,0.0,0.0,2.0,6.0,4.0,4.0,7.0,0.0,0.0,0.0,0.0,0.0,7.0,7.0,7.0,7.0,0.0,0.0,0.0,4.0,4.0,0.0,1438659921.0,587.0,587.0,1513.0,1513.0,1546.0,0.0,117.0,26650.0,24561.0,24508.0,90.0,0.0,0.0,0.0,108.0,0.0,0.0,49.0,55.0,54.0,10.0,47.0,131168000.0,0.0,1957189600.0,32059728128.0,55668768.0,0.0,0.0,766.0,0.0,0.0,1112.0,108.0,1387.0
75,0.0,1.0,1.0,1.0,1.0,1267200.0,1.0,229500000.0,1.0,1600000000.0,0.346762895584,19359.0,1827.0,4493.0,41083.3333333,41666.6666667,42333.3333333,81.0,25.0,64.0,896.0,5000.0,0.0,25.0,1000000.0,950000.0,1.0,0.0,0.0,10.0,0.0,0.0,0.0,100.0,33196672.0,651648895.0,637802092.0,0.0,0.0,0.0,0.0,0.0,4.0,4.0,52.0,4.0,4.0,0.0,0.0,4.0,0.0,0.0,0.0,0.0,0.0,205.0,4.0,17915840.0,303981106.0,18212638.0,33330517.0,653781685.0,884.0,2857936891.0,0.0,4.0,4.0,7.0,8.0,0.0,1.0,6.0,4.0,50.0,50.0,8.0,4.0,0.0,0.0,0.0,23.0,7.0,0.0,5.0,5.0,15.0,81.0,81.0,15.0,0.0,0.0,0.0,0.0,7.0,0.0,0.0,0.0,0.0,0.0,9.0,9.0,0.0,7.0,7.0,0.0,7.0,0.0,0.0,0.0,0.0,0.0,4.0,7.0,0.0,4.0,0.0,0.0,0.0,6.0,139.0,0.0,0.0,0.0,0.0,0.0,135.0,0.0,0.0,0.0,0.0,0.0,0.0,0.0,0.0,0.0,4.0,4.0,0.0,0.0,0.0,2.0,6.0,4.0,4.0,7.0,0.0,0.0,0.0,0.0,0.0,7.0,7.0,7.0,7.0,0.0,0.0,0.0,4.0,4.0,0.0,1499783224.0,617.0,617.0,1643.0,1643.0,1684.0,0.0,155.0,29685.0,25090.0,25030.0,83.0,0.0,0.0,0.0,156.0,0.0,0.0,55.0,62.0,61.0,13.0,53.0,40575840.0,0.0,2119144928.0,35205768160.0,107333696.0,0.0,0.0,884.0,0.0,0.0,1264.0,122.0,1533.0
76,0.0,1.0,1.0,1.0,1.0,1267200.0,1.0,229500000.0,1.0,1600000000.0,0.34727191924999995,19359.0,1751.0,4493.0,40666.6666667,41833.3333333,42500.0,93.0,25.0,64.0,896.0,5000.0,0.0,25.0,1000000.0,950000.0,1.0,1.0,0.0,10.0,0.0,0.0,0.0,100.0,33270446.0,635808336.0,636567207.0,0.0,0.0,0.0,0.0,0.0,4.0,4.0,52.0,4.0,4.0,0.0,0.0,4.0,0.0,0.0,0.0,0.0,0.0,197.0,4.0,17657138.0,332440557.0,17244858.0,32619455.0,658274701.0,930.0,2827952006.0,0.0,4.0,4.0,7.0,8.0,0.0,1.0,6.0,4.0,50.0,50.0,8.0,4.0,0.0,0.0,0.0,23.0,7.0,0.0,5.0,5.0,15.0,81.0,81.0,15.0,0.0,0.0,0.0,0.0,7.0,0.0,0.0,0.0,0.0,0.0,9.0,9.0,0.0,7.0,7.0,0.0,7.0,0.0,0.0,0.0,0.0,0.0,4.0,7.0,0.0,4.0,0.0,0.0,0.0,6.0,142.0,0.0,0.0,0.0,0.0,0.0,138.0,0.0,0.0,0.0,0.0,0.0,0.0,0.0,0.0,0.0,4.0,4.0,0.0,0.0,0.0,2.0,6.0,4.0,4.0,7.0,0.0,0.0,0.0,0.0,0.0,7.0,7.0,7.0,7.0,0.0,0.0,0.0,4.0,4.0,0.0,1519601073.0,635.0,635.0,1527.0,1527.0,1560.0,0.0,160.0,29205.0,25241.0,25181.0,92.0,0.0,0.0,0.0,160.0,0.0,0.0,55.0,62.0,61.0,11.0,53.0,646297984.0,156000.0,2104647392.0,42348471232.0,148842656.0,0.0,0.0,930.0,0.0,0.0,1339.0,122.0,1651.0
77,0.0,1.0,1.0,1.0,1.0,1267200.0,1.0,229500000.0,1.0,1600000000.0,0.354614019394,27474.0,2131.0,8759.0,40937.5,41500.0,42750.0,93.0,25.0,64.0,896.0,5000.0,0.0,25.0,1000000.0,950000.0,1.0,1.0,0.0,10.0,0.0,0.0,0.0,100.0,37173840.0,663155122.0,656513103.0,0.0,0.0,0.0,0.0,0.0,4.0,4.0,52.0,4.0,4.0,0.0,0.0,4.0,0.0,0.0,0.0,0.0,0.0,205.0,4.0,17810469.0,333628111.0,17152051.0,38752003.0,663380858.0,1006.0,2837725861.0,0.0,4.0,4.0,7.0,8.0,0.0,1.0,6.0,4.0,50.0,50.0,8.0,4.0,0.0,0.0,0.0,23.0,7.0,0.0,5.0,5.0,15.0,81.0,81.0,15.0,0.0,0.0,0.0,0.0,7.0,0.0,0.0,0.0,0.0,0.0,9.0,9.0,0.0,7.0,7.0,0.0,7.0,0.0,0.0,0.0,0.0,0.0,4.0,7.0,0.0,4.0,0.0,0.0,0.0,6.0,142.0,0.0,0.0,0.0,0.0,0.0,138.0,0.0,0.0,0.0,0.0,0.0,0.0,0.0,0.0,0.0,4.0,4.0,0.0,0.0,0.0,2.0,6.0,4.0,4.0,7.0,0.0,0.0,0.0,0.0,0.0,7.0,7.0,7.0,7.0,0.0,0.0,0.0,4.0,4.0,0.0,1484711880.0,632.0,632.0,1500.0,1500.0,1534.0,0.0,206.0,30851.0,26043.0,25969.0,115.0,0.0,0.0,0.0,206.0,0.0,0.0,67.0,76.0,75.0,10.0,65.0,349675104.0,109312.0,2058934176.0,51783465568.0,93845664.0,0.0,0.0,1006.0,0.0,0.0,1612.0,150.0,1837.0
78,0.0,1.0,1.0,1.0,1.0,1267200.0,1.0,229500000.0,1.0,1600000000.0,0.347702026367,14519.0,1294.0,3580.0,40500.0,41500.0,42500.0,93.0,25.0,64.0,896.0,5000.0,0.0,25.0,1000000.0,950000.0,1.0,1.0,0.0,10.0,0.0,0.0,0.0,100.0,31877812.0,626151018.0,630501894.0,0.0,0.0,0.0,0.0,0.0,4.0,4.0,52.0,4.0,4.0,0.0,0.0,4.0,0.0,0.0,0.0,0.0,0.0,203.0,4.0,17730608.0,301204198.0,17304811.0,32542138.0,626210939.0,680.0,2626138632.0,0.0,4.0,4.0,7.0,8.0,0.0,1.0,6.0,4.0,50.0,50.0,8.0,4.0,0.0,0.0,0.0,23.0,7.0,0.0,5.0,5.0,15.0,81.0,81.0,15.0,0.0,0.0,0.0,0.0,7.0,0.0,0.0,0.0,0.0,0.0,9.0,9.0,0.0,7.0,7.0,0.0,7.0,0.0,0.0,0.0,0.0,0.0,4.0,7.0,0.0,4.0,0.0,0.0,0.0,6.0,142.0,0.0,0.0,0.0,0.0,0.0,138.0,0.0,0.0,0.0,0.0,0.0,0.0,0.0,0.0,0.0,4.0,4.0,0.0,0.0,0.0,2.0,6.0,4.0,4.0,7.0,0.0,0.0,0.0,0.0,0.0,7.0,7.0,7.0,7.0,0.0,0.0,0.0,4.0,4.0,0.0,1399935359.0,628.0,628.0,1382.0,1382.0,1417.0,0.0,116.0,26470.0,24370.0,24317.0,54.0,0.0,0.0,0.0,85.0,0.0,0.0,49.0,55.0,54.0,11.0,47.0,429495936.0,0.0,1960506464.0,40535975552.0,82641312.0,0.0,0.0,680.0,0.0,0.0,930.0,108.0,1191.0
79,0.0,1.0,1.0,1.0,1.0,1267200.0,1.0,229500000.0,1.0,1600000000.0,0.346750020981,26791.0,2207.0,6550.0,40916.6666667,41500.0,42500.0,100.0,25.0,64.0,896.0,5000.0,0.0,25.0,1000000.0,950000.0,1.0,0.0,0.0,10.0,0.0,0.0,0.0,500.0,34411481.0,661299877.0,664817180.0,0.0,0.0,0.0,0.0,0.0,4.0,4.0,52.0,4.0,4.0,0.0,0.0,4.0,0.0,0.0,0.0,0.0,0.0,199.0,4.0,17936173.0,314580807.0,17845885.0,33636472.0,694279154.0,1096.0,2889533337.0,0.0,4.0,4.0,7.0,8.0,0.0,1.0,6.0,4.0,50.0,50.0,8.0,4.0,0.0,0.0,0.0,23.0,7.0,0.0,5.0,5.0,15.0,81.0,81.0,15.0,0.0,0.0,0.0,0.0,7.0,0.0,0.0,0.0,0.0,0.0,9.0,9.0,0.0,7.0,7.0,0.0,7.0,0.0,0.0,0.0,0.0,0.0,4.0,7.0,0.0,4.0,0.0,0.0,0.0,6.0,143.0,0.0,0.0,0.0,0.0,0.0,139.0,0.0,0.0,0.0,0.0,0.0,0.0,0.0,0.0,0.0,4.0,4.0,0.0,0.0,0.0,2.0,6.0,4.0,4.0,7.0,0.0,0.0,0.0,0.0,0.0,7.0,7.0,7.0,7.0,0.0,0.0,0.0,4.0,4.0,0.0,1540141747.0,714.0,714.0,1663.0,1663.0,1710.0,0.0,157.0,30222.0,25455.0,25389.0,234.0,0.0,0.0,0.0,142.0,0.0,0.0,61.0,68.0,67.0,14.0,59.0,256037408.0,0.0,2138458368.0,162584542464.0,220969984.0,0.0,0.0,1096.0,0.0,0.0,1572.0,134.0,1932.0
80,0.0,1.0,1.0,1.0,1.0,1267200.0,1.0,229500000.0,1.0,1600000000.0,0.347645998001,14520.0,1370.0,3503.0,41000.0,41833.3333333,42500.0,100.0,25.0,64.0,896.0,5000.0,0.0,25.0,1000000.0,950000.0,1.0,0.0,0.0,10.0,0.0,0.0,0.0,500.0,30952595.0,633175634.0,627590279.0,0.0,0.0,0.0,0.0,0.0,4.0,4.0,52.0,4.0,4.0,0.0,0.0,4.0,0.0,0.0,0.0,0.0,0.0,200.0,4.0,17395126.0,301896933.0,17741773.0,32337842.0,637772196.0,728.0,2726898587.0,0.0,4.0,4.0,7.0,8.0,0.0,1.0,6.0,4.0,50.0,50.0,8.0,4.0,0.0,0.0,0.0,23.0,7.0,0.0,5.0,5.0,15.0,81.0,81.0,15.0,0.0,0.0,0.0,0.0,7.0,0.0,0.0,0.0,0.0,0.0,9.0,9.0,0.0,7.0,7.0,0.0,7.0,0.0,0.0,0.0,0.0,0.0,4.0,7.0,0.0,4.0,0.0,0.0,0.0,6.0,143.0,0.0,0.0,0.0,0.0,0.0,139.0,0.0,0.0,0.0,0.0,0.0,0.0,0.0,0.0,0.0,4.0,4.0,0.0,0.0,0.0,2.0,6.0,4.0,4.0,7.0,0.0,0.0,0.0,0.0,0.0,7.0,7.0,7.0,7.0,0.0,0.0,0.0,4.0,4.0,0.0,1463776418.0,583.0,583.0,1422.0,1422.0,1460.0,0.0,132.0,27132.0,24491.0,24438.0,243.0,0.0,0.0,0.0,111.0,0.0,0.0,49.0,55.0,54.0,12.0,47.0,40807904.0,0.0,1997257760.0,45726878848.0,108798784.0,0.0,0.0,728.0,0.0,0.0,1220.0,108.0,1439.0
81,0.0,1.0,1.0,1.0,1.0,1267200.0,1.0,229500000.0,1.0,1600000000.0,0.347584962845,15663.0,1294.0,3732.0,40833.3333333,41833.3333333,42500.0,100.0,25.0,64.0,896.0,5000.0,0.0,25.0,1000000.0,950000.0,1.0,0.0,0.0,10.0,0.0,0.0,0.0,500.0,30177881.0,651409326.0,620757335.0,0.0,0.0,0.0,0.0,0.0,4.0,4.0,52.0,4.0,4.0,0.0,0.0,4.0,0.0,0.0,0.0,0.0,0.0,198.0,4.0,17563771.0,300225159.0,17751840.0,32044997.0,657076543.0,787.0,2815850753.0,0.0,4.0,4.0,7.0,8.0,0.0,1.0,6.0,4.0,50.0,50.0,8.0,4.0,0.0,0.0,0.0,23.0,7.0,0.0,5.0,5.0,15.0,81.0,81.0,15.0,0.0,0.0,0.0,0.0,7.0,0.0,0.0,0.0,0.0,0.0,9.0,9.0,0.0,7.0,7.0,0.0,7.0,0.0,0.0,0.0,0.0,0.0,4.0,7.0,0.0,4.0,0.0,0.0,0.0,6.0,142.0,0.0,0.0,0.0,0.0,0.0,138.0,0.0,0.0,0.0,0.0,0.0,0.0,0.0,0.0,0.0,4.0,4.0,0.0,0.0,0.0,2.0,6.0,4.0,4.0,7.0,0.0,0.0,0.0,0.0,0.0,7.0,7.0,7.0,7.0,0.0,0.0,0.0,4.0,4.0,0.0,1473660736.0,578.0,578.0,1445.0,1445.0,1481.0,0.0,130.0,26294.0,24558.0,24505.0,96.0,0.0,0.0,0.0,108.0,0.0,0.0,49.0,55.0,54.0,7.0,47.0,150905120.0,0.0,1989920576.0,29895873760.0,99021504.0,0.0,0.0,787.0,0.0,0.0,1116.0,108.0,1392.0
82,0.0,1.0,1.0,1.0,1.0,1267200.0,1.0,229500000.0,1.0,1600000000.0,0.347273111343,20998.0,1827.0,4646.0,40666.6666667,41833.3333333,42500.0,81.0,25.0,64.0,896.0,5000.0,0.0,25.0,1000000.0,950000.0,1.0,1.0,0.0,10.0,0.0,0.0,0.0,500.0,33807636.0,645028088.0,651767903.0,0.0,0.0,0.0,0.0,0.0,4.0,4.0,52.0,4.0,4.0,0.0,0.0,4.0,0.0,0.0,0.0,0.0,0.0,203.0,4.0,17594107.0,311685828.0,17215221.0,33276995.0,655142677.0,894.0,2766932138.0,0.0,4.0,4.0,7.0,8.0,0.0,1.0,6.0,4.0,50.0,50.0,8.0,4.0,0.0,0.0,0.0,23.0,7.0,0.0,5.0,5.0,15.0,81.0,81.0,15.0,0.0,0.0,0.0,0.0,7.0,0.0,0.0,0.0,0.0,0.0,9.0,9.0,0.0,7.0,7.0,0.0,7.0,0.0,0.0,0.0,0.0,0.0,4.0,7.0,0.0,4.0,0.0,0.0,0.0,6.0,139.0,0.0,0.0,0.0,0.0,0.0,135.0,0.0,0.0,0.0,0.0,0.0,0.0,0.0,0.0,0.0,4.0,4.0,0.0,0.0,0.0,2.0,6.0,4.0,4.0,7.0,0.0,0.0,0.0,0.0,0.0,7.0,7.0,7.0,7.0,0.0,0.0,0.0,4.0,4.0,0.0,1489817222.0,657.0,657.0,1609.0,1609.0,1649.0,0.0,143.0,29071.0,24991.0,24931.0,355.0,0.0,0.0,0.0,123.0,0.0,0.0,55.0,62.0,61.0,14.0,53.0,52285280.0,368416.0,2114245056.0,36963791488.0,106157504.0,0.0,0.0,894.0,0.0,0.0,1492.0,122.0,1720.0
83,0.0,1.0,1.0,1.0,1.0,1267200.0,1.0,229500000.0,1.0,1600000000.0,0.34915900230400004,14710.0,1294.0,3656.0,40937.5,41750.0,42500.0,81.0,25.0,64.0,896.0,5000.0,0.0,25.0,1000000.0,950000.0,1.0,1.0,0.0,10.0,0.0,0.0,0.0,500.0,33701695.0,678403577.0,644475011.0,0.0,0.0,0.0,0.0,0.0,4.0,4.0,52.0,4.0,4.0,0.0,0.0,4.0,0.0,0.0,0.0,0.0,0.0,203.0,4.0,21564565.0,341915683.0,20434277.0,34427307.0,663752514.0,845.0,2860500403.0,0.0,4.0,4.0,7.0,8.0,0.0,1.0,6.0,4.0,50.0,50.0,8.0,4.0,0.0,0.0,0.0,23.0,7.0,0.0,5.0,5.0,15.0,81.0,81.0,15.0,0.0,0.0,0.0,0.0,7.0,0.0,0.0,0.0,0.0,0.0,9.0,9.0,0.0,7.0,7.0,0.0,7.0,0.0,0.0,0.0,0.0,0.0,4.0,7.0,0.0,4.0,0.0,0.0,0.0,6.0,142.0,0.0,0.0,0.0,0.0,0.0,138.0,0.0,0.0,0.0,0.0,0.0,0.0,0.0,0.0,0.0,4.0,4.0,0.0,0.0,0.0,2.0,6.0,4.0,4.0,7.0,0.0,0.0,0.0,0.0,0.0,7.0,7.0,7.0,7.0,0.0,0.0,0.0,4.0,4.0,0.0,1496882031.0,615.0,615.0,1519.0,1519.0,1556.0,0.0,138.0,28784.0,25045.0,24985.0,47.0,0.0,0.0,0.0,115.0,0.0,0.0,55.0,62.0,61.0,13.0,53.0,332972672.0,0.0,2078919936.0,156167946432.0,99780320.0,0.0,0.0,845.0,0.0,0.0,1124.0,122.0,1593.0
84,0.0,1.0,1.0,1.0,1.0,1267200.0,1.0,229500000.0,1.0,1600000000.0,0.347548961639,14558.0,1294.0,3656.0,41000.0,41833.3333333,42500.0,81.0,25.0,64.0,896.0,5000.0,0.0,25.0,1000000.0,950000.0,1.0,1.0,0.0,10.0,0.0,0.0,0.0,500.0,30138770.0,635714814.0,615094049.0,0.0,0.0,0.0,0.0,0.0,4.0,4.0,52.0,4.0,4.0,0.0,0.0,4.0,0.0,0.0,0.0,0.0,0.0,206.0,4.0,16251276.0,300932272.0,16175267.0,31184088.0,643824186.0,793.0,2714148013.0,0.0,4.0,4.0,7.0,8.0,0.0,1.0,6.0,4.0,50.0,50.0,8.0,4.0,0.0,0.0,0.0,23.0,7.0,0.0,5.0,5.0,15.0,81.0,81.0,15.0,0.0,0.0,0.0,0.0,7.0,0.0,0.0,0.0,0.0,0.0,9.0,9.0,0.0,7.0,7.0,0.0,7.0,0.0,0.0,0.0,0.0,0.0,4.0,7.0,0.0,4.0,0.0,0.0,0.0,6.0,142.0,0.0,0.0,0.0,0.0,0.0,138.0,0.0,0.0,0.0,0.0,0.0,0.0,0.0,0.0,0.0,4.0,4.0,0.0,0.0,0.0,2.0,6.0,4.0,4.0,7.0,0.0,0.0,0.0,0.0,0.0,7.0,7.0,7.0,7.0,0.0,0.0,0.0,4.0,4.0,0.0,1434254474.0,560.0,560.0,1377.0,1377.0,1406.0,0.0,121.0,27197.0,24600.0,24547.0,56.0,0.0,0.0,0.0,96.0,0.0,0.0,49.0,55.0,54.0,9.0,47.0,135198304.0,0.0,2030487616.0,38805196576.0,151363520.0,0.0,0.0,793.0,0.0,0.0,1044.0,108.0,1292.0
85,0.0,1.0,1.0,1.0,1.0,1267200.0,1.0,229500000.0,1.0,1600000000.0,0.34972691535899997,14596.0,1294.0,3580.0,41000.0,42000.0,42500.0,97.0,25.0,64.0,896.0,5000.0,0.0,25.0,1000000.0,950000.0,1.0,0.0,0.0,10.0,0.0,0.0,100.0,100.0,31461084.0,650761631.0,655547797.0,0.0,0.0,0.0,0.0,0.0,4.0,4.0,52.0,4.0,4.0,0.0,0.0,4.0,0.0,0.0,0.0,0.0,0.0,205.0,4.0,17736210.0,329053469.0,17062454.0,32398760.0,653792194.0,734.0,2715679517.0,0.0,4.0,4.0,7.0,8.0,0.0,1.0,6.0,4.0,50.0,50.0,8.0,4.0,0.0,0.0,0.0,23.0,7.0,0.0,5.0,5.0,15.0,81.0,81.0,15.0,0.0,0.0,0.0,0.0,7.0,0.0,0.0,0.0,0.0,0.0,9.0,9.0,0.0,7.0,7.0,0.0,7.0,0.0,0.0,0.0,0.0,0.0,4.0,7.0,0.0,4.0,0.0,0.0,0.0,6.0,142.0,0.0,0.0,0.0,0.0,0.0,138.0,0.0,0.0,0.0,0.0,0.0,0.0,0.0,0.0,0.0,4.0,4.0,0.0,0.0,0.0,2.0,6.0,4.0,4.0,7.0,0.0,0.0,0.0,0.0,0.0,7.0,7.0,7.0,7.0,0.0,0.0,0.0,4.0,4.0,0.0,1481479892.0,606.0,606.0,1525.0,1525.0,1569.0,0.0,123.0,26517.0,24544.0,24491.0,92.0,0.0,0.0,0.0,112.0,0.0,0.0,49.0,55.0,54.0,14.0,47.0,222694048.0,0.0,2000570240.0,41950055520.0,78672736.0,0.0,0.0,734.0,0.0,0.0,1045.0,108.0,1326.0
86,0.0,1.0,1.0,1.0,1.0,1267200.0,1.0,229500000.0,1.0,1600000000.0,0.34915518760700004,19702.0,1827.0,4798.0,41000.0,41833.3333333,42500.0,97.0,25.0,64.0,896.0,5000.0,0.0,25.0,1000000.0,950000.0,1.0,0.0,0.0,10.0,0.0,0.0,100.0,100.0,33421026.0,647474103.0,653491190.0,0.0,0.0,0.0,0.0,0.0,4.0,4.0,52.0,4.0,4.0,0.0,0.0,4.0,0.0,0.0,0.0,0.0,0.0,202.0,4.0,17465881.0,326469444.0,17338048.0,33348820.0,661843431.0,867.0,2732065491.0,0.0,4.0,4.0,7.0,8.0,0.0,1.0,6.0,4.0,50.0,50.0,8.0,4.0,0.0,0.0,0.0,23.0,7.0,0.0,5.0,5.0,15.0,81.0,81.0,15.0,0.0,0.0,0.0,0.0,7.0,0.0,0.0,0.0,0.0,0.0,9.0,9.0,0.0,7.0,7.0,0.0,7.0,0.0,0.0,0.0,0.0,0.0,4.0,7.0,0.0,4.0,0.0,0.0,0.0,6.0,142.0,0.0,0.0,0.0,0.0,0.0,138.0,0.0,0.0,0.0,0.0,0.0,0.0,0.0,0.0,0.0,4.0,4.0,0.0,0.0,0.0,2.0,6.0,4.0,4.0,7.0,0.0,0.0,0.0,0.0,0.0,7.0,7.0,7.0,7.0,0.0,0.0,0.0,4.0,4.0,0.0,1483458363.0,607.0,607.0,1466.0,1466.0,1502.0,0.0,139.0,28504.0,24984.0,24924.0,74.0,0.0,0.0,0.0,129.0,0.0,0.0,55.0,62.0,61.0,9.0,53.0,143585248.0,0.0,2056889312.0,36344408832.0,105429536.0,0.0,0.0,867.0,0.0,0.0,1191.0,122.0,1484.0
87,0.0,1.0,1.0,1.0,1.0,1267200.0,1.0,229500000.0,1.0,1600000000.0,0.347330093384,19702.0,1827.0,4798.0,41000.0,42000.0,42500.0,97.0,25.0,64.0,896.0,5000.0,0.0,25.0,1000000.0,950000.0,1.0,0.0,0.0,10.0,0.0,0.0,100.0,100.0,32538328.0,657223648.0,633591641.0,0.0,0.0,0.0,0.0,0.0,4.0,4.0,52.0,4.0,4.0,0.0,0.0,4.0,0.0,0.0,0.0,0.0,0.0,204.0,4.0,18065039.0,317046270.0,18294823.0,34338900.0,641062192.0,921.0,2856696669.0,0.0,4.0,4.0,7.0,8.0,0.0,1.0,6.0,4.0,50.0,50.0,8.0,4.0,0.0,0.0,0.0,23.0,7.0,0.0,5.0,5.0,15.0,81.0,81.0,15.0,0.0,0.0,0.0,0.0,7.0,0.0,0.0,0.0,0.0,0.0,9.0,9.0,0.0,7.0,7.0,0.0,7.0,0.0,0.0,0.0,0.0,0.0,4.0,7.0,0.0,4.0,0.0,0.0,0.0,6.0,139.0,0.0,0.0,0.0,0.0,0.0,135.0,0.0,0.0,0.0,0.0,0.0,0.0,0.0,0.0,0.0,4.0,4.0,0.0,0.0,0.0,2.0,6.0,4.0,4.0,7.0,0.0,0.0,0.0,0.0,0.0,7.0,7.0,7.0,7.0,0.0,0.0,0.0,4.0,4.0,0.0,1463004887.0,641.0,641.0,1555.0,1555.0,1599.0,0.0,136.0,28582.0,25050.0,24990.0,130.0,0.0,0.0,0.0,120.0,0.0,0.0,55.0,62.0,61.0,13.0,53.0,245348800.0,0.0,2071169376.0,36793593312.0,78953216.0,0.0,0.0,921.0,0.0,0.0,1342.0,122.0,1625.0
88,0.0,1.0,1.0,1.0,1.0,1267200.0,1.0,229500000.0,1.0,1600000000.0,0.353693008423,14596.0,1294.0,3580.0,40916.6666667,42000.0,42500.0,93.0,25.0,64.0,896.0,5000.0,0.0,25.0,1000000.0,950000.0,1.0,1.0,0.0,10.0,0.0,0.0,100.0,100.0,29608560.0,631006451.0,608509275.0,0.0,0.0,0.0,0.0,0.0,4.0,4.0,52.0,4.0,4.0,0.0,0.0,4.0,0.0,0.0,0.0,0.0,0.0,208.0,4.0,17250725.0,312158453.0,17402452.0,29736087.0,640720910.0,769.0,2727676406.0,0.0,4.0,4.0,7.0,8.0,0.0,1.0,6.0,4.0,50.0,50.0,8.0,4.0,0.0,0.0,0.0,23.0,7.0,0.0,5.0,5.0,15.0,81.0,81.0,15.0,0.0,0.0,0.0,0.0,7.0,0.0,0.0,0.0,0.0,0.0,9.0,9.0,0.0,7.0,7.0,0.0,7.0,0.0,0.0,0.0,0.0,0.0,4.0,7.0,0.0,4.0,0.0,0.0,0.0,6.0,146.0,0.0,0.0,0.0,0.0,0.0,142.0,0.0,0.0,0.0,0.0,0.0,0.0,0.0,0.0,0.0,4.0,4.0,0.0,0.0,0.0,2.0,6.0,4.0,4.0,7.0,0.0,0.0,0.0,0.0,0.0,7.0,7.0,7.0,7.0,0.0,0.0,0.0,4.0,4.0,0.0,1448046087.0,554.0,554.0,1445.0,1445.0,1477.0,0.0,145.0,26482.0,24519.0,24466.0,69.0,0.0,0.0,0.0,123.0,0.0,0.0,49.0,55.0,54.0,10.0,47.0,238330400.0,3434336.0,1977424480.0,39535457152.0,68904832.0,0.0,0.0,769.0,0.0,0.0,1021.0,108.0,1304.0
89,0.0,1.0,1.0,1.0,1.0,1267200.0,1.0,229500000.0,1.0,1600000000.0,0.348322153091,19626.0,1827.0,4722.0,40937.5,42000.0,42625.0,93.0,25.0,64.0,896.0,5000.0,0.0,25.0,1000000.0,950000.0,1.0,1.0,0.0,10.0,0.0,0.0,100.0,100.0,34556577.0,687840875.0,663380936.0,0.0,0.0,0.0,0.0,0.0,4.0,4.0,52.0,4.0,4.0,0.0,0.0,4.0,0.0,0.0,0.0,0.0,0.0,207.0,4.0,17647964.0,329644265.0,17757222.0,34691244.0,694810586.0,964.0,2946567947.0,0.0,4.0,4.0,7.0,8.0,0.0,1.0,6.0,4.0,50.0,50.0,8.0,4.0,0.0,0.0,0.0,23.0,7.0,0.0,5.0,5.0,15.0,81.0,81.0,15.0,0.0,0.0,0.0,0.0,7.0,0.0,0.0,0.0,0.0,0.0,9.0,9.0,0.0,7.0,7.0,0.0,7.0,0.0,0.0,0.0,0.0,0.0,4.0,7.0,0.0,4.0,0.0,0.0,0.0,6.0,143.0,0.0,0.0,0.0,0.0,0.0,139.0,0.0,0.0,0.0,0.0,0.0,0.0,0.0,0.0,0.0,4.0,4.0,0.0,0.0,0.0,2.0,6.0,4.0,4.0,7.0,0.0,0.0,0.0,0.0,0.0,7.0,7.0,7.0,7.0,0.0,0.0,0.0,4.0,4.0,0.0,1567233014.0,633.0,633.0,1631.0,1631.0,1668.0,0.0,182.0,30359.0,25469.0,25402.0,53.0,0.0,0.0,0.0,147.0,0.0,0.0,61.0,69.0,68.0,15.0,59.0,252559392.0,3327264.0,2131896576.0,41373016992.0,110236000.0,0.0,0.0,964.0,0.0,0.0,1316.0,136.0,1628.0
90,0.0,1.0,1.0,1.0,1.0,1267200.0,1.0,229500000.0,1.0,1600000000.0,0.350990772247,14519.0,1294.0,3503.0,41125.0,42000.0,42625.0,93.0,25.0,64.0,896.0,5000.0,0.0,25.0,1000000.0,950000.0,1.0,1.0,0.0,10.0,0.0,0.0,100.0,100.0,33245740.0,650851968.0,646934566.0,0.0,0.0,0.0,0.0,0.0,4.0,4.0,52.0,4.0,4.0,0.0,0.0,4.0,0.0,0.0,0.0,0.0,0.0,205.0,4.0,17022353.0,333872548.0,17210542.0,32241464.0,660733828.0,875.0,2797536459.0,0.0,4.0,4.0,7.0,8.0,0.0,1.0,6.0,4.0,50.0,50.0,8.0,4.0,0.0,0.0,0.0,23.0,7.0,0.0,5.0,5.0,15.0,81.0,81.0,15.0,0.0,0.0,0.0,0.0,7.0,0.0,0.0,0.0,0.0,0.0,9.0,9.0,0.0,7.0,7.0,0.0,7.0,0.0,0.0,0.0,0.0,0.0,4.0,7.0,0.0,4.0,0.0,0.0,0.0,6.0,142.0,0.0,0.0,0.0,0.0,0.0,138.0,0.0,0.0,0.0,0.0,0.0,0.0,0.0,0.0,0.0,4.0,4.0,0.0,0.0,0.0,2.0,6.0,4.0,4.0,7.0,0.0,0.0,0.0,0.0,0.0,7.0,7.0,7.0,7.0,0.0,0.0,0.0,4.0,4.0,0.0,1524901287.0,643.0,643.0,1607.0,1607.0,1652.0,0.0,145.0,28589.0,25022.0,24962.0,63.0,0.0,0.0,0.0,132.0,0.0,0.0,55.0,62.0,61.0,12.0,53.0,31399520.0,0.0,2104875520.0,40156005728.0,102823200.0,0.0,0.0,875.0,0.0,0.0,1199.0,122.0,1493.0
91,0.0,1.0,1.0,1.0,1.0,1267200.0,1.0,229500000.0,1.0,1600000000.0,0.35109305381800004,19702.0,1750.0,4798.0,41125.0,41750.0,42875.0,94.0,25.0,64.0,896.0,5000.0,0.0,25.0,1000000.0,950000.0,1.0,0.0,0.0,10.0,0.0,0.0,100.0,500.0,33607163.0,662525128.0,631898477.0,0.0,1.0,0.0,0.0,0.0,4.0,4.0,52.0,3.0,3.0,0.0,0.0,3.0,0.0,0.0,0.0,0.0,0.0,199.0,3.0,17698794.0,318701764.0,17640116.0,35323453.0,675821470.0,959.0,2907824453.0,0.0,4.0,4.0,7.0,8.0,0.0,1.0,6.0,4.0,50.0,50.0,8.0,4.0,0.0,0.0,0.0,23.0,7.0,0.0,5.0,5.0,15.0,81.0,81.0,15.0,0.0,0.0,0.0,0.0,7.0,0.0,0.0,0.0,0.0,0.0,9.0,9.0,0.0,7.0,7.0,0.0,7.0,0.0,0.0,0.0,0.0,0.0,4.0,7.0,0.0,4.0,0.0,0.0,0.0,6.0,142.0,0.0,0.0,0.0,0.0,0.0,138.0,0.0,0.0,0.0,0.0,0.0,0.0,0.0,0.0,0.0,4.0,4.0,0.0,0.0,0.0,2.0,6.0,4.0,4.0,7.0,0.0,0.0,0.0,0.0,0.0,7.0,7.0,7.0,7.0,0.0,0.0,0.0,4.0,4.0,0.0,1525816762.0,634.0,634.0,1668.0,1668.0,1714.0,0.0,179.0,29532.0,25519.0,25452.0,152.0,0.0,0.0,0.0,161.0,0.0,0.0,61.0,69.0,68.0,17.0,59.0,79280608.0,0.0,2125936416.0,37299252928.0,203568768.0,0.0,0.0,959.0,0.0,0.0,1421.0,136.0,1758.0
92,0.0,1.0,1.0,1.0,1.0,1267200.0,1.0,229500000.0,1.0,1600000000.0,0.350058078766,14672.0,1370.0,3503.0,41250.0,42000.0,42666.6666667,94.0,25.0,64.0,896.0,5000.0,0.0,25.0,1000000.0,950000.0,1.0,0.0,0.0,10.0,0.0,0.0,100.0,500.0,31421671.0,639549004.0,630588820.0,0.0,0.0,0.0,0.0,0.0,4.0,4.0,52.0,4.0,4.0,0.0,0.0,4.0,0.0,0.0,0.0,0.0,0.0,201.0,4.0,16433876.0,303561265.0,16878701.0,31542097.0,639409180.0,777.0,2666745912.0,0.0,4.0,4.0,7.0,8.0,0.0,1.0,6.0,4.0,50.0,50.0,8.0,4.0,0.0,0.0,0.0,23.0,7.0,0.0,5.0,5.0,15.0,81.0,81.0,15.0,0.0,0.0,0.0,0.0,7.0,0.0,0.0,0.0,0.0,0.0,9.0,9.0,0.0,7.0,7.0,0.0,7.0,0.0,0.0,0.0,0.0,0.0,4.0,7.0,0.0,4.0,0.0,0.0,0.0,6.0,139.0,0.0,0.0,0.0,0.0,0.0,135.0,0.0,0.0,0.0,0.0,0.0,0.0,0.0,0.0,0.0,4.0,4.0,0.0,0.0,0.0,2.0,6.0,4.0,4.0,7.0,0.0,0.0,0.0,0.0,0.0,7.0,7.0,7.0,7.0,0.0,0.0,0.0,4.0,4.0,0.0,1453638955.0,598.0,598.0,1509.0,1509.0,1545.0,0.0,140.0,27733.0,24575.0,24522.0,112.0,0.0,0.0,0.0,117.0,0.0,0.0,49.0,55.0,54.0,6.0,47.0,47440736.0,75232.0,2037010976.0,34562540864.0,107714912.0,0.0,0.0,777.0,0.0,0.0,1195.0,108.0,1391.0
93,0.0,1.0,1.0,1.0,1.0,1267200.0,1.0,229500000.0,1.0,1600000000.0,0.34596419334399997,14481.0,1294.0,3503.0,41333.3333333,42000.0,42500.0,94.0,25.0,64.0,896.0,5000.0,0.0,25.0,1000000.0,950000.0,1.0,0.0,0.0,10.0,0.0,0.0,100.0,500.0,29557772.0,648009941.0,632994004.0,0.0,0.0,0.0,0.0,0.0,4.0,4.0,52.0,4.0,4.0,0.0,0.0,4.0,0.0,0.0,0.0,0.0,0.0,209.0,4.0,17239245.0,324898922.0,16898763.0,30140680.0,668180750.0,900.0,2800697250.0,0.0,4.0,4.0,7.0,8.0,0.0,1.0,6.0,4.0,50.0,50.0,8.0,4.0,0.0,0.0,0.0,23.0,7.0,0.0,5.0,5.0,15.0,81.0,81.0,15.0,0.0,0.0,0.0,0.0,7.0,0.0,0.0,0.0,0.0,0.0,9.0,9.0,0.0,7.0,7.0,0.0,7.0,0.0,0.0,0.0,0.0,0.0,4.0,7.0,0.0,4.0,0.0,0.0,0.0,6.0,143.0,0.0,0.0,0.0,0.0,0.0,139.0,0.0,0.0,0.0,0.0,0.0,0.0,0.0,0.0,0.0,4.0,4.0,0.0,0.0,0.0,2.0,6.0,4.0,4.0,7.0,0.0,0.0,0.0,0.0,0.0,7.0,7.0,7.0,7.0,0.0,0.0,0.0,4.0,4.0,0.0,1532492903.0,617.0,617.0,1536.0,1536.0,1572.0,0.0,153.0,27182.0,24764.0,24711.0,64.0,0.0,0.0,0.0,141.0,0.0,0.0,49.0,55.0,54.0,9.0,47.0,232406432.0,0.0,2034339552.0,35007768864.0,107267296.0,0.0,0.0,900.0,0.0,0.0,1258.0,108.0,1541.0
94,0.0,1.0,1.0,1.0,1.0,1267200.0,1.0,229500000.0,1.0,1600000000.0,0.350116014481,14596.0,1294.0,3656.0,41166.6666667,42000.0,42666.6666667,95.0,25.0,64.0,896.0,5000.0,0.0,25.0,1000000.0,950000.0,1.0,1.0,0.0,10.0,0.0,0.0,100.0,500.0,32514722.0,634199682.0,635264961.0,0.0,1.0,0.0,0.0,0.0,4.0,4.0,52.0,3.0,3.0,0.0,0.0,3.0,0.0,0.0,0.0,0.0,0.0,204.0,3.0,17758290.0,302641906.0,17275645.0,30441462.0,642092425.0,731.0,2754841505.0,0.0,4.0,4.0,7.0,8.0,0.0,1.0,6.0,4.0,50.0,50.0,8.0,4.0,0.0,0.0,0.0,23.0,7.0,0.0,5.0,5.0,15.0,81.0,81.0,15.0,0.0,0.0,0.0,0.0,7.0,0.0,0.0,0.0,0.0,0.0,9.0,9.0,0.0,7.0,7.0,0.0,7.0,0.0,0.0,0.0,0.0,0.0,4.0,7.0,0.0,4.0,0.0,0.0,0.0,6.0,142.0,0.0,0.0,0.0,0.0,0.0,138.0,0.0,0.0,0.0,0.0,0.0,0.0,0.0,0.0,0.0,4.0,4.0,0.0,0.0,0.0,2.0,6.0,4.0,4.0,7.0,0.0,0.0,0.0,0.0,0.0,7.0,7.0,7.0,7.0,0.0,0.0,0.0,4.0,4.0,0.0,1470316214.0,565.0,565.0,1493.0,1493.0,1531.0,0.0,133.0,26623.0,24497.0,24444.0,59.0,0.0,0.0,0.0,123.0,0.0,0.0,49.0,55.0,54.0,12.0,47.0,129590336.0,0.0,1959046976.0,38045628832.0,107383360.0,0.0,0.0,731.0,0.0,0.0,1003.0,108.0,1222.0
95,0.0,1.0,1.0,1.0,1.0,1267200.0,1.0,229500000.0,1.0,1600000000.0,0.34890604019199994,19588.0,1827.0,4722.0,41312.5,41875.0,42625.0,95.0,25.0,64.0,896.0,5000.0,0.0,25.0,1000000.0,950000.0,1.0,1.0,0.0,10.0,0.0,0.0,100.0,500.0,35577518.0,667416392.0,666048516.0,0.0,0.0,0.0,0.0,0.0,4.0,4.0,52.0,4.0,4.0,0.0,0.0,4.0,0.0,0.0,0.0,0.0,0.0,215.0,4.0,20812121.0,327738094.0,20549261.0,37259527.0,669875712.0,882.0,2985862504.0,0.0,4.0,4.0,7.0,8.0,0.0,1.0,6.0,4.0,50.0,50.0,8.0,4.0,0.0,0.0,0.0,23.0,7.0,0.0,5.0,5.0,15.0,81.0,81.0,15.0,0.0,0.0,0.0,0.0,7.0,0.0,0.0,0.0,0.0,0.0,9.0,9.0,0.0,7.0,7.0,0.0,7.0,0.0,0.0,0.0,0.0,0.0,4.0,7.0,0.0,4.0,0.0,0.0,0.0,6.0,143.0,0.0,0.0,0.0,0.0,0.0,139.0,0.0,0.0,0.0,0.0,0.0,0.0,0.0,0.0,0.0,4.0,4.0,0.0,0.0,0.0,2.0,6.0,4.0,4.0,7.0,0.0,0.0,0.0,0.0,0.0,7.0,7.0,7.0,7.0,0.0,0.0,0.0,4.0,4.0,0.0,1502856295.0,640.0,640.0,1621.0,1621.0,1659.0,0.0,153.0,30060.0,25445.0,25378.0,106.0,0.0,0.0,0.0,118.0,0.0,0.0,61.0,69.0,68.0,14.0,59.0,330263520.0,0.0,2150633504.0,37655245248.0,118675584.0,0.0,0.0,882.0,0.0,0.0,1249.0,136.0,1553.0
96,0.0,1.0,1.0,1.0,1.0,1267200.0,1.0,229500000.0,1.0,1600000000.0,0.346907138824,19511.0,1827.0,4493.0,41250.0,42000.0,42666.6666667,95.0,25.0,64.0,896.0,5000.0,0.0,25.0,1000000.0,950000.0,1.0,1.0,0.0,10.0,0.0,0.0,100.0,500.0,32788170.0,652185318.0,623828945.0,0.0,0.0,0.0,0.0,0.0,4.0,4.0,52.0,4.0,4.0,0.0,0.0,4.0,0.0,0.0,0.0,0.0,0.0,202.0,4.0,17610143.0,316287616.0,16978099.0,33343883.0,662082013.0,844.0,2814523587.0,0.0,4.0,4.0,7.0,8.0,0.0,1.0,6.0,4.0,50.0,50.0,8.0,4.0,0.0,0.0,0.0,23.0,7.0,0.0,5.0,5.0,15.0,81.0,81.0,15.0,0.0,0.0,0.0,0.0,7.0,0.0,0.0,0.0,0.0,0.0,9.0,9.0,0.0,7.0,7.0,0.0,7.0,0.0,0.0,0.0,0.0,0.0,4.0,7.0,0.0,4.0,0.0,0.0,0.0,6.0,139.0,0.0,0.0,0.0,0.0,0.0,135.0,0.0,0.0,0.0,0.0,0.0,0.0,0.0,0.0,0.0,4.0,4.0,0.0,0.0,0.0,2.0,6.0,4.0,4.0,7.0,0.0,0.0,0.0,0.0,0.0,7.0,7.0,7.0,7.0,0.0,0.0,0.0,4.0,4.0,0.0,1483971940.0,590.0,590.0,1543.0,1543.0,1581.0,0.0,137.0,28713.0,24960.0,24900.0,70.0,0.0,0.0,0.0,109.0,0.0,0.0,55.0,62.0,61.0,11.0,53.0,136946272.0,0.0,2055980928.0,40756273792.0,79707296.0,0.0,0.0,844.0,0.0,0.0,1115.0,122.0,1405.0
97,0.0,1.0,1.0,1.0,1.0,960000.0,1.0,675750000.0,1.0,102000000.0,0.8564000129699999,19824.0,2208.0,5105.0,40750.0,41500.0,42500.0,97.0,25.0,64.0,896.0,5000.0,0.0,25.0,1000000.0,950000.0,1.0,0.0,0.0,10.0,0.0,0.0,0.0,100.0,42398812.0,823949999.0,764370561.0,0.0,0.0,0.0,0.0,0.0,4.0,4.0,52.0,4.0,4.0,0.0,0.0,4.0,0.0,0.0,0.0,0.0,0.0,206.0,4.0,22536261.0,338771355.0,23443380.0,43502978.0,856588608.0,1573.0,10766744030.0,0.0,4.0,4.0,7.0,8.0,0.0,1.0,6.0,4.0,50.0,50.0,8.0,4.0,0.0,0.0,0.0,23.0,7.0,0.0,5.0,5.0,15.0,81.0,81.0,15.0,0.0,0.0,0.0,0.0,7.0,0.0,0.0,0.0,0.0,0.0,9.0,9.0,0.0,7.0,7.0,0.0,7.0,0.0,0.0,0.0,0.0,0.0,4.0,7.0,0.0,4.0,0.0,0.0,0.0,6.0,144.0,0.0,0.0,0.0,0.0,0.0,140.0,0.0,0.0,0.0,0.0,0.0,0.0,0.0,0.0,0.0,4.0,4.0,0.0,0.0,0.0,2.0,6.0,4.0,4.0,7.0,0.0,0.0,0.0,0.0,0.0,7.0,7.0,7.0,7.0,0.0,0.0,0.0,4.0,4.0,0.0,1752349615.0,2360.0,2360.0,4698.0,4698.0,4728.0,0.0,215.0,32568.0,26717.0,26640.0,169.0,0.0,0.0,0.0,260.0,0.0,0.0,73.0,79.0,78.0,27.0,71.0,722827712.0,3081888.0,8260324896.0,62855899968.0,499693184.0,0.0,0.0,1573.0,0.0,0.0,2293.0,156.0,2833.0
98,0.0,1.0,1.0,1.0,1.0,960000.0,1.0,675750000.0,1.0,102000000.0,0.863490104675,13953.0,1523.0,4039.0,40583.3333333,41500.0,42500.0,97.0,25.0,64.0,896.0,5000.0,0.0,25.0,1000000.0,950000.0,1.0,0.0,0.0,10.0,0.0,0.0,0.0,100.0,34317314.0,821912662.0,740161241.0,0.0,0.0,0.0,0.0,0.0,4.0,4.0,52.0,4.0,4.0,0.0,0.0,4.0,0.0,0.0,0.0,0.0,0.0,206.0,4.0,23472435.0,310909681.0,24249842.0,36250553.0,813491081.0,1384.0,10319834968.0,0.0,4.0,4.0,7.0,8.0,0.0,1.0,6.0,4.0,50.0,50.0,8.0,4.0,0.0,0.0,0.0,23.0,7.0,0.0,5.0,5.0,15.0,81.0,81.0,15.0,0.0,0.0,0.0,0.0,7.0,0.0,0.0,0.0,0.0,0.0,9.0,9.0,0.0,7.0,7.0,0.0,7.0,0.0,0.0,0.0,0.0,0.0,4.0,7.0,0.0,4.0,0.0,0.0,0.0,6.0,146.0,0.0,0.0,0.0,0.0,0.0,142.0,0.0,0.0,0.0,0.0,0.0,0.0,0.0,0.0,0.0,4.0,4.0,0.0,0.0,0.0,2.0,6.0,4.0,4.0,7.0,0.0,0.0,0.0,0.0,0.0,7.0,7.0,7.0,7.0,0.0,0.0,0.0,4.0,4.0,0.0,1620148607.0,2082.0,2082.0,4276.0,4276.0,4304.0,0.0,179.0,29961.0,25759.0,25700.0,113.0,0.0,0.0,0.0,204.0,0.0,0.0,55.0,61.0,60.0,15.0,53.0,514435552.0,0.0,7309892256.0,75229313888.0,451759200.0,0.0,0.0,1384.0,0.0,0.0,1957.0,120.0,2550.0
99,0.0,1.0,1.0,1.0,1.0,960000.0,1.0,675750000.0,1.0,102000000.0,0.871639966965,17002.0,1828.0,4344.0,40666.6666667,41166.6666667,42166.6666667,97.0,25.0,64.0,896.0,5000.0,0.0,25.0,1000000.0,950000.0,1.0,0.0,0.0,10.0,0.0,0.0,0.0,100.0,37381923.0,799874087.0,764577137.0,0.0,0.0,0.0,0.0,0.0,4.0,4.0,52.0,4.0,4.0,0.0,0.0,4.0,0.0,0.0,0.0,0.0,0.0,208.0,4.0,23374001.0,344608404.0,23175449.0,38811743.0,813927473.0,1389.0,10449013823.0,0.0,4.0,4.0,7.0,8.0,0.0,1.0,6.0,4.0,50.0,50.0,8.0,4.0,0.0,0.0,0.0,23.0,7.0,0.0,5.0,5.0,15.0,81.0,81.0,15.0,0.0,0.0,0.0,0.0,7.0,0.0,0.0,0.0,0.0,0.0,9.0,9.0,0.0,7.0,7.0,0.0,7.0,0.0,0.0,0.0,0.0,0.0,4.0,7.0,0.0,4.0,0.0,0.0,0.0,6.0,145.0,0.0,0.0,0.0,0.0,0.0,141.0,0.0,0.0,0.0,0.0,0.0,0.0,0.0,0.0,0.0,4.0,4.0,0.0,0.0,0.0,2.0,6.0,4.0,4.0,7.0,0.0,0.0,0.0,0.0,0.0,7.0,7.0,7.0,7.0,0.0,0.0,0.0,4.0,4.0,0.0,1636746464.0,2175.0,2175.0,4259.0,4259.0,4280.0,0.0,177.0,30987.0,25992.0,25927.0,112.0,0.0,0.0,0.0,220.0,0.0,0.0,61.0,67.0,66.0,24.0,59.0,714327712.0,0.0,7726858976.0,88908241024.0,492968256.0,0.0,0.0,1389.0,0.0,0.0,2083.0,132.0,2576.0
100,0.0,1.0,1.0,1.0,1.0,960000.0,1.0,675750000.0,1.0,102000000.0,0.851650953293,13648.0,1447.0,3734.0,40583.3333333,41500.0,42333.3333333,68.0,25.0,64.0,896.0,5000.0,0.0,25.0,1000000.0,950000.0,1.0,1.0,0.0,10.0,0.0,0.0,0.0,100.0,36323708.0,793597225.0,746081083.0,0.0,0.0,0.0,0.0,0.0,4.0,4.0,52.0,4.0,4.0,0.0,0.0,4.0,0.0,0.0,0.0,0.0,0.0,207.0,4.0,22294928.0,321792715.0,22570255.0,35632337.0,813121025.0,1361.0,9971590980.0,0.0,4.0,4.0,7.0,8.0,0.0,1.0,6.0,4.0,50.0,50.0,8.0,4.0,0.0,0.0,0.0,23.0,7.0,0.0,5.0,5.0,15.0,81.0,81.0,15.0,0.0,0.0,0.0,0.0,7.0,0.0,0.0,0.0,0.0,0.0,9.0,9.0,0.0,7.0,7.0,0.0,7.0,0.0,0.0,0.0,0.0,0.0,4.0,7.0,0.0,4.0,0.0,0.0,0.0,6.0,145.0,0.0,0.0,0.0,0.0,0.0,141.0,0.0,0.0,0.0,0.0,0.0,0.0,0.0,0.0,0.0,4.0,4.0,0.0,0.0,0.0,2.0,6.0,4.0,4.0,7.0,0.0,0.0,0.0,0.0,0.0,7.0,7.0,7.0,7.0,0.0,0.0,0.0,4.0,4.0,0.0,1656306244.0,2117.0,2117.0,4061.0,4061.0,4080.0,0.0,190.0,30018.0,25623.0,25564.0,122.0,0.0,0.0,0.0,240.0,0.0,0.0,55.0,61.0,60.0,20.0,53.0,453450592.0,0.0,7329535104.0,73525659552.0,480676896.0,0.0,0.0,1361.0,0.0,0.0,2041.0,120.0,2584.0
101,0.0,1.0,1.0,1.0,1.0,960000.0,1.0,675750000.0,1.0,102000000.0,0.8731219768520001,13953.0,1675.0,3961.0,40625.0,41250.0,42125.0,68.0,25.0,64.0,896.0,5000.0,0.0,25.0,1000000.0,950000.0,1.0,1.0,0.0,10.0,0.0,0.0,0.0,100.0,35859817.0,809215188.0,749693246.0,0.0,0.0,0.0,0.0,0.0,4.0,4.0,52.0,4.0,4.0,0.0,0.0,4.0,0.0,0.0,0.0,0.0,0.0,203.0,4.0,24070767.0,324105307.0,24449349.0,38441558.0,831249893.0,1386.0,10613202314.0,0.0,4.0,4.0,7.0,8.0,0.0,1.0,6.0,4.0,50.0,50.0,8.0,4.0,0.0,0.0,0.0,23.0,7.0,0.0,5.0,5.0,15.0,81.0,81.0,15.0,0.0,0.0,0.0,0.0,7.0,0.0,0.0,0.0,0.0,0.0,9.0,9.0,0.0,7.0,7.0,0.0,7.0,0.0,0.0,0.0,0.0,0.0,4.0,7.0,0.0,4.0,0.0,0.0,0.0,6.0,145.0,0.0,0.0,0.0,0.0,0.0,141.0,0.0,0.0,0.0,0.0,0.0,0.0,0.0,0.0,0.0,4.0,4.0,0.0,0.0,0.0,2.0,6.0,4.0,4.0,7.0,0.0,0.0,0.0,0.0,0.0,7.0,7.0,7.0,7.0,0.0,0.0,0.0,4.0,4.0,0.0,1688508748.0,2144.0,2144.0,4423.0,4423.0,4447.0,0.0,197.0,30991.0,25990.0,25925.0,103.0,0.0,0.0,0.0,243.0,0.0,0.0,61.0,67.0,66.0,33.0,59.0,951720832.0,0.0,7691985376.0,99301122464.0,490118592.0,0.0,0.0,1386.0,0.0,0.0,1979.0,132.0,2529.0
102,0.0,1.0,1.0,1.0,1.0,960000.0,1.0,675750000.0,1.0,102000000.0,0.851885795593,17194.0,1980.0,4724.0,40500.0,41333.3333333,42000.0,68.0,25.0,64.0,896.0,5000.0,0.0,25.0,1000000.0,950000.0,1.0,1.0,0.0,10.0,0.0,0.0,0.0,100.0,36251125.0,797222048.0,759174867.0,0.0,0.0,0.0,0.0,0.0,4.0,4.0,52.0,4.0,4.0,0.0,0.0,4.0,0.0,0.0,0.0,0.0,0.0,201.0,4.0,21411353.0,327570873.0,22003252.0,39121765.0,836145716.0,1381.0,10249248681.0,0.0,4.0,4.0,7.0,8.0,0.0,1.0,6.0,4.0,50.0,50.0,8.0,4.0,0.0,0.0,0.0,23.0,7.0,0.0,5.0,5.0,15.0,81.0,81.0,15.0,0.0,0.0,0.0,0.0,7.0,0.0,0.0,0.0,0.0,0.0,9.0,9.0,0.0,7.0,7.0,0.0,7.0,0.0,0.0,0.0,0.0,0.0,4.0,7.0,0.0,4.0,0.0,0.0,0.0,6.0,143.0,0.0,0.0,0.0,0.0,0.0,139.0,0.0,0.0,0.0,0.0,0.0,0.0,0.0,0.0,0.0,4.0,4.0,0.0,0.0,0.0,2.0,6.0,4.0,4.0,7.0,0.0,0.0,0.0,0.0,0.0,7.0,7.0,7.0,7.0,0.0,0.0,0.0,4.0,4.0,0.0,1675670791.0,2076.0,2076.0,4471.0,4471.0,4494.0,0.0,165.0,30198.0,25849.0,25785.0,129.0,0.0,0.0,0.0,232.0,0.0,0.0,61.0,66.0,65.0,22.0,59.0,727622592.0,0.0,7613077056.0,76064955776.0,379220736.0,0.0,0.0,1381.0,0.0,0.0,1914.0,130.0,2445.0
103,0.0,1.0,1.0,1.0,1.0,960000.0,1.0,675750000.0,1.0,102000000.0,0.8772928714749999,11513.0,1294.0,2971.0,40500.0,41166.6666667,42000.0,80.0,25.0,64.0,896.0,5000.0,0.0,25.0,1000000.0,950000.0,1.0,0.0,0.0,10.0,0.0,0.0,0.0,500.0,31986807.0,786846282.0,714768343.0,0.0,0.0,0.0,0.0,0.0,4.0,4.0,52.0,4.0,4.0,0.0,0.0,4.0,0.0,0.0,0.0,0.0,0.0,208.0,4.0,21746495.0,321675021.0,22387458.0,33159342.0,808759886.0,1244.0,9918909057.0,0.0,4.0,4.0,7.0,8.0,0.0,1.0,6.0,4.0,50.0,50.0,8.0,4.0,0.0,0.0,0.0,23.0,7.0,0.0,5.0,5.0,15.0,81.0,81.0,15.0,0.0,0.0,0.0,0.0,7.0,0.0,0.0,0.0,0.0,0.0,9.0,9.0,0.0,7.0,7.0,0.0,7.0,0.0,0.0,0.0,0.0,0.0,4.0,7.0,0.0,4.0,0.0,0.0,0.0,6.0,144.0,0.0,0.0,0.0,0.0,0.0,140.0,0.0,0.0,0.0,0.0,0.0,0.0,0.0,0.0,0.0,4.0,4.0,0.0,0.0,0.0,2.0,6.0,4.0,4.0,7.0,0.0,0.0,0.0,0.0,0.0,7.0,7.0,7.0,7.0,0.0,0.0,0.0,4.0,4.0,0.0,1661476486.0,1958.0,1958.0,3897.0,3897.0,3929.0,0.0,151.0,27925.0,25127.0,25075.0,100.0,0.0,0.0,0.0,197.0,0.0,0.0,49.0,54.0,53.0,18.0,47.0,469476928.0,0.0,7074503168.0,84485664320.0,415284736.0,0.0,0.0,1244.0,0.0,0.0,1802.0,106.0,2255.0
104,0.0,1.0,1.0,1.0,1.0,960000.0,1.0,675750000.0,1.0,102000000.0,0.87393116951,11551.0,1294.0,2971.0,40500.0,41166.6666667,42000.0,80.0,25.0,64.0,896.0,5000.0,0.0,25.0,1000000.0,950000.0,1.0,0.0,0.0,10.0,0.0,0.0,0.0,500.0,31019653.0,759114868.0,712229185.0,0.0,0.0,0.0,0.0,0.0,4.0,4.0,52.0,4.0,4.0,0.0,0.0,4.0,0.0,0.0,0.0,0.0,0.0,220.0,4.0,20993936.0,308752531.0,21373228.0,31892234.0,782984948.0,1178.0,9741366327.0,0.0,4.0,4.0,7.0,8.0,0.0,1.0,6.0,4.0,50.0,50.0,8.0,4.0,0.0,0.0,0.0,23.0,7.0,0.0,5.0,5.0,15.0,81.0,81.0,15.0,0.0,0.0,0.0,0.0,7.0,0.0,0.0,0.0,0.0,0.0,9.0,9.0,0.0,7.0,7.0,0.0,7.0,0.0,0.0,0.0,0.0,0.0,4.0,7.0,0.0,4.0,0.0,0.0,0.0,6.0,148.0,0.0,0.0,0.0,0.0,0.0,144.0,0.0,0.0,0.0,0.0,0.0,0.0,0.0,0.0,0.0,4.0,4.0,0.0,0.0,0.0,2.0,6.0,4.0,4.0,7.0,0.0,0.0,0.0,0.0,0.0,7.0,7.0,7.0,7.0,0.0,0.0,0.0,4.0,4.0,0.0,1590996925.0,1944.0,1944.0,4066.0,4066.0,4086.0,0.0,151.0,27836.0,25128.0,25076.0,87.0,0.0,0.0,0.0,200.0,0.0,0.0,49.0,54.0,53.0,25.0,47.0,565105792.0,0.0,6976872960.0,61190449056.0,413740128.0,0.0,0.0,1178.0,0.0,0.0,1650.0,106.0,2170.0
105,0.0,1.0,1.0,1.0,1.0,960000.0,1.0,675750000.0,1.0,102000000.0,0.849531173706,10332.0,1218.0,2971.0,40437.5,41125.0,42000.0,80.0,25.0,64.0,896.0,5000.0,0.0,25.0,1000000.0,950000.0,1.0,0.0,0.0,10.0,0.0,0.0,0.0,500.0,34057819.0,806010176.0,746854439.0,0.0,0.0,0.0,0.0,0.0,4.0,4.0,52.0,4.0,4.0,0.0,0.0,4.0,0.0,0.0,0.0,0.0,0.0,200.0,4.0,22635660.0,323441714.0,22437851.0,35109841.0,813983509.0,1323.0,10433731839.0,0.0,4.0,4.0,7.0,8.0,0.0,1.0,6.0,4.0,50.0,50.0,8.0,4.0,0.0,0.0,0.0,23.0,7.0,0.0,5.0,5.0,15.0,81.0,81.0,15.0,0.0,0.0,0.0,0.0,7.0,0.0,0.0,0.0,0.0,0.0,9.0,9.0,0.0,7.0,7.0,0.0,7.0,0.0,0.0,0.0,0.0,0.0,4.0,7.0,0.0,4.0,0.0,0.0,0.0,6.0,145.0,0.0,0.0,0.0,0.0,0.0,141.0,0.0,0.0,0.0,0.0,0.0,0.0,0.0,0.0,0.0,4.0,4.0,0.0,0.0,0.0,2.0,6.0,4.0,4.0,7.0,0.0,0.0,0.0,0.0,0.0,7.0,7.0,7.0,7.0,0.0,0.0,0.0,4.0,4.0,0.0,1626523013.0,2112.0,2112.0,4239.0,4239.0,4261.0,0.0,160.0,29683.0,25619.0,25561.0,139.0,0.0,0.0,0.0,236.0,0.0,0.0,55.0,60.0,59.0,23.0,53.0,741841920.0,0.0,7500887040.0,77480345984.0,414558720.0,0.0,0.0,1323.0,0.0,0.0,1945.0,118.0,2473.0
106,0.0,1.0,1.0,1.0,1.0,960000.0,1.0,675750000.0,1.0,102000000.0,0.8727750778200001,22797.0,2360.0,5944.0,40312.5,41250.0,42000.0,88.0,25.0,64.0,896.0,5000.0,0.0,25.0,1000000.0,950000.0,1.0,1.0,0.0,10.0,0.0,0.0,0.0,500.0,44516525.0,855657011.0,777044699.0,0.0,0.0,0.0,0.0,0.0,4.0,4.0,52.0,4.0,4.0,0.0,0.0,4.0,0.0,0.0,0.0,0.0,0.0,205.0,4.0,25799743.0,333709085.0,26465933.0,45723965.0,895755906.0,1670.0,11233702184.0,0.0,4.0,4.0,7.0,8.0,0.0,1.0,6.0,4.0,50.0,50.0,8.0,4.0,0.0,0.0,0.0,23.0,7.0,0.0,5.0,5.0,15.0,81.0,81.0,15.0,0.0,0.0,0.0,0.0,7.0,0.0,0.0,0.0,0.0,0.0,9.0,9.0,0.0,7.0,7.0,0.0,7.0,0.0,0.0,0.0,0.0,0.0,4.0,7.0,0.0,4.0,0.0,0.0,0.0,6.0,142.0,0.0,0.0,0.0,0.0,0.0,138.0,0.0,0.0,0.0,0.0,0.0,0.0,0.0,0.0,0.0,4.0,4.0,0.0,0.0,0.0,2.0,6.0,4.0,4.0,7.0,0.0,0.0,0.0,0.0,0.0,7.0,7.0,7.0,7.0,0.0,0.0,0.0,4.0,4.0,0.0,1775153924.0,2400.0,2400.0,4916.0,4916.0,4961.0,0.0,225.0,33597.0,27099.0,27016.0,177.0,0.0,0.0,0.0,234.0,0.0,0.0,79.0,85.0,84.0,29.0,77.0,753597728.0,0.0,8472240640.0,106253446752.0,634424608.0,0.0,0.0,1670.0,0.0,0.0,2211.0,168.0,2927.0
107,0.0,1.0,1.0,1.0,1.0,960000.0,1.0,675750000.0,1.0,102000000.0,0.872224092484,17117.0,1827.0,4648.0,40375.0,41125.0,42125.0,88.0,25.0,64.0,896.0,5000.0,0.0,25.0,1000000.0,950000.0,1.0,1.0,0.0,10.0,0.0,0.0,0.0,500.0,39946558.0,828293777.0,769765181.0,0.0,0.0,0.0,0.0,0.0,4.0,4.0,52.0,4.0,4.0,0.0,0.0,4.0,0.0,0.0,0.0,0.0,0.0,208.0,4.0,23881555.0,335838734.0,24303342.0,39598160.0,846644444.0,1469.0,10891833958.0,0.0,4.0,4.0,7.0,8.0,0.0,1.0,6.0,4.0,50.0,50.0,8.0,4.0,0.0,0.0,0.0,23.0,7.0,0.0,5.0,5.0,15.0,81.0,81.0,15.0,0.0,0.0,0.0,0.0,7.0,0.0,0.0,0.0,0.0,0.0,9.0,9.0,0.0,7.0,7.0,0.0,7.0,0.0,0.0,0.0,0.0,0.0,4.0,7.0,0.0,4.0,0.0,0.0,0.0,6.0,144.0,0.0,0.0,0.0,0.0,0.0,140.0,0.0,0.0,0.0,0.0,0.0,0.0,0.0,0.0,0.0,4.0,4.0,0.0,0.0,0.0,2.0,6.0,4.0,4.0,7.0,0.0,0.0,0.0,0.0,0.0,7.0,7.0,7.0,7.0,0.0,0.0,0.0,4.0,4.0,0.0,1709679749.0,2284.0,2284.0,4685.0,4685.0,4710.0,0.0,204.0,31762.0,26337.0,26266.0,168.0,0.0,0.0,0.0,253.0,0.0,0.0,67.0,73.0,72.0,26.0,65.0,705738560.0,0.0,7984838944.0,95721541312.0,515632288.0,0.0,0.0,1469.0,0.0,0.0,2143.0,144.0,2710.0
108,0.0,1.0,1.0,1.0,1.0,960000.0,1.0,675750000.0,1.0,102000000.0,0.900958061218,13687.0,1675.0,3505.0,40166.6666667,41000.0,42000.0,88.0,25.0,64.0,896.0,5000.0,0.0,25.0,1000000.0,950000.0,1.0,1.0,0.0,10.0,0.0,0.0,0.0,500.0,34434401.0,780723272.0,743399768.0,0.0,0.0,0.0,0.0,0.0,4.0,4.0,52.0,4.0,4.0,0.0,0.0,4.0,0.0,0.0,0.0,0.0,0.0,209.0,4.0,22107494.0,331836326.0,22096411.0,35708057.0,797965047.0,1307.0,10071411622.0,0.0,4.0,4.0,7.0,8.0,0.0,1.0,6.0,4.0,50.0,50.0,8.0,4.0,0.0,0.0,0.0,23.0,7.0,0.0,5.0,5.0,15.0,81.0,81.0,15.0,0.0,0.0,0.0,0.0,7.0,0.0,0.0,0.0,0.0,0.0,9.0,9.0,0.0,7.0,7.0,0.0,7.0,0.0,0.0,0.0,0.0,0.0,4.0,7.0,0.0,4.0,0.0,0.0,0.0,6.0,144.0,0.0,0.0,0.0,0.0,0.0,140.0,0.0,0.0,0.0,0.0,0.0,0.0,0.0,0.0,0.0,4.0,4.0,0.0,0.0,0.0,2.0,6.0,4.0,4.0,7.0,0.0,0.0,0.0,0.0,0.0,7.0,7.0,7.0,7.0,0.0,0.0,0.0,4.0,4.0,0.0,1644619529.0,2068.0,2068.0,4245.0,4245.0,4267.0,0.0,165.0,29750.0,25513.0,25455.0,119.0,0.0,0.0,0.0,213.0,0.0,0.0,55.0,60.0,59.0,22.0,53.0,662533312.0,0.0,7355921440.0,72111020736.0,594354848.0,0.0,0.0,1307.0,0.0,0.0,1879.0,118.0,2345.0
109,0.0,1.0,1.0,1.0,1.0,960000.0,1.0,675750000.0,1.0,102000000.0,0.8757429122920001,10370.0,1294.0,2895.0,40250.0,41000.0,41875.0,72.0,25.0,64.0,896.0,5000.0,0.0,25.0,1000000.0,950000.0,1.0,0.0,0.0,10.0,0.0,0.0,100.0,100.0,36543194.0,791107396.0,745137101.0,0.0,0.0,0.0,0.0,0.0,4.0,4.0,52.0,4.0,4.0,0.0,0.0,4.0,0.0,0.0,0.0,0.0,0.0,215.0,4.0,24541802.0,335606576.0,25331747.0,35035699.0,815613731.0,1346.0,10345451544.0,0.0,4.0,4.0,7.0,8.0,0.0,1.0,6.0,4.0,50.0,50.0,8.0,4.0,0.0,0.0,0.0,23.0,7.0,0.0,5.0,5.0,15.0,81.0,81.0,15.0,0.0,0.0,0.0,0.0,7.0,0.0,0.0,0.0,0.0,0.0,9.0,9.0,0.0,7.0,7.0,0.0,7.0,0.0,0.0,0.0,0.0,0.0,4.0,7.0,0.0,4.0,0.0,0.0,0.0,6.0,146.0,0.0,0.0,0.0,0.0,0.0,142.0,0.0,0.0,0.0,0.0,0.0,0.0,0.0,0.0,0.0,4.0,4.0,0.0,0.0,0.0,2.0,6.0,4.0,4.0,7.0,0.0,0.0,0.0,0.0,0.0,7.0,7.0,7.0,7.0,0.0,0.0,0.0,4.0,4.0,0.0,1652679943.0,2103.0,2103.0,4287.0,4287.0,4317.0,0.0,182.0,29832.0,25634.0,25575.0,135.0,0.0,0.0,0.0,225.0,0.0,0.0,55.0,61.0,60.0,25.0,53.0,631810112.0,0.0,7481557376.0,89798884224.0,482169152.0,0.0,0.0,1346.0,0.0,0.0,1889.0,120.0,2462.0
110,0.0,1.0,1.0,1.0,1.0,960000.0,1.0,675750000.0,1.0,102000000.0,0.854341983795,16583.0,1828.0,4191.0,40083.3333333,41000.0,41833.3333333,72.0,25.0,64.0,896.0,5000.0,0.0,25.0,1000000.0,950000.0,1.0,0.0,0.0,10.0,0.0,0.0,100.0,100.0,37282715.0,813898757.0,759878042.0,0.0,0.0,0.0,0.0,0.0,4.0,4.0,52.0,4.0,4.0,0.0,0.0,4.0,0.0,0.0,0.0,0.0,0.0,203.0,4.0,22772941.0,329533812.0,23025251.0,37280629.0,820919500.0,1477.0,10590239264.0,0.0,4.0,4.0,7.0,8.0,0.0,1.0,6.0,4.0,50.0,50.0,8.0,4.0,0.0,0.0,0.0,23.0,7.0,0.0,5.0,5.0,15.0,81.0,81.0,15.0,0.0,0.0,0.0,0.0,7.0,0.0,0.0,0.0,0.0,0.0,9.0,9.0,0.0,7.0,7.0,0.0,7.0,0.0,0.0,0.0,0.0,0.0,4.0,7.0,0.0,4.0,0.0,0.0,0.0,6.0,142.0,0.0,0.0,0.0,0.0,0.0,138.0,0.0,0.0,0.0,0.0,0.0,0.0,0.0,0.0,0.0,4.0,4.0,0.0,0.0,0.0,2.0,6.0,4.0,4.0,7.0,0.0,0.0,0.0,0.0,0.0,7.0,7.0,7.0,7.0,0.0,0.0,0.0,4.0,4.0,0.0,1646284290.0,2272.0,2272.0,4412.0,4412.0,4439.0,0.0,207.0,31265.0,25920.0,25855.0,169.0,0.0,0.0,0.0,244.0,0.0,0.0,61.0,67.0,66.0,24.0,59.0,605029440.0,0.0,8000228416.0,157301231936.0,553181504.0,0.0,0.0,1477.0,0.0,0.0,2111.0,132.0,2626.0
111,0.0,1.0,1.0,1.0,1.0,960000.0,1.0,675750000.0,1.0,102000000.0,0.864811897278,10484.0,1294.0,3200.0,40125.0,40833.3333333,41750.0,72.0,25.0,64.0,896.0,5000.0,0.0,25.0,1000000.0,950000.0,1.0,0.0,0.0,10.0,0.0,0.0,100.0,100.0,37986451.0,822714896.0,766893172.0,0.0,0.0,0.0,0.0,0.0,4.0,4.0,52.0,4.0,4.0,0.0,0.0,4.0,0.0,0.0,0.0,0.0,0.0,202.0,4.0,22737989.0,320932186.0,23041419.0,39564930.0,839983791.0,1396.0,10679048702.0,0.0,4.0,4.0,7.0,8.0,0.0,1.0,6.0,4.0,50.0,50.0,8.0,4.0,0.0,0.0,0.0,23.0,7.0,0.0,5.0,5.0,15.0,81.0,81.0,15.0,0.0,0.0,0.0,0.0,7.0,0.0,0.0,0.0,0.0,0.0,9.0,9.0,0.0,7.0,7.0,0.0,7.0,0.0,0.0,0.0,0.0,0.0,4.0,7.0,0.0,4.0,0.0,0.0,0.0,6.0,145.0,0.0,0.0,0.0,0.0,0.0,141.0,0.0,0.0,0.0,0.0,0.0,0.0,0.0,0.0,0.0,4.0,4.0,0.0,0.0,0.0,2.0,6.0,4.0,4.0,7.0,0.0,0.0,0.0,0.0,0.0,7.0,7.0,7.0,7.0,0.0,0.0,0.0,4.0,4.0,0.0,1649338178.0,2242.0,2242.0,4685.0,4685.0,4712.0,0.0,194.0,30501.0,26162.0,26091.0,138.0,0.0,0.0,0.0,226.0,0.0,0.0,67.0,73.0,72.0,26.0,65.0,691679104.0,3096736.0,7995932640.0,83296501792.0,555568800.0,0.0,0.0,1396.0,0.0,0.0,1897.0,144.0,2423.0
112,0.0,1.0,1.0,1.0,1.0,960000.0,1.0,675750000.0,1.0,102000000.0,0.829787015915,10179.0,1218.0,2743.0,40062.5,40875.0,41625.0,76.0,25.0,64.0,896.0,5000.0,0.0,25.0,1000000.0,950000.0,1.0,1.0,0.0,10.0,0.0,0.0,100.0,100.0,36128554.0,792994088.0,732460658.0,0.0,0.0,0.0,0.0,0.0,4.0,4.0,52.0,4.0,4.0,0.0,0.0,4.0,0.0,0.0,0.0,0.0,0.0,210.0,4.0,21629306.0,315382891.0,21387698.0,36461188.0,820326159.0,1274.0,9831190399.0,0.0,4.0,4.0,7.0,8.0,0.0,1.0,6.0,4.0,50.0,50.0,8.0,4.0,0.0,0.0,0.0,23.0,7.0,0.0,5.0,5.0,15.0,81.0,81.0,15.0,0.0,0.0,0.0,0.0,7.0,0.0,0.0,0.0,0.0,0.0,9.0,9.0,0.0,7.0,7.0,0.0,7.0,0.0,0.0,0.0,0.0,0.0,4.0,7.0,0.0,4.0,0.0,0.0,0.0,6.0,147.0,0.0,0.0,0.0,0.0,0.0,143.0,0.0,0.0,0.0,0.0,0.0,0.0,0.0,0.0,0.0,4.0,4.0,0.0,0.0,0.0,2.0,6.0,4.0,4.0,7.0,0.0,0.0,0.0,0.0,0.0,7.0,7.0,7.0,7.0,0.0,0.0,0.0,4.0,4.0,0.0,1658455495.0,2017.0,2017.0,4245.0,4245.0,4269.0,0.0,165.0,29747.0,25517.0,25459.0,122.0,0.0,0.0,0.0,207.0,0.0,0.0,55.0,60.0,59.0,19.0,53.0,904119040.0,0.0,7257834688.0,100959459360.0,502431424.0,0.0,0.0,1274.0,0.0,0.0,1871.0,118.0,2332.0
113,0.0,1.0,1.0,1.0,1.0,960000.0,1.0,675750000.0,1.0,102000000.0,0.8667321205140001,19595.0,2132.0,5029.0,40000.0,40500.0,42000.0,76.0,25.0,64.0,896.0,5000.0,0.0,25.0,1000000.0,950000.0,1.0,1.0,0.0,10.0,0.0,0.0,100.0,100.0,39416522.0,821033234.0,752707007.0,0.0,0.0,0.0,0.0,0.0,4.0,4.0,52.0,4.0,4.0,0.0,0.0,4.0,0.0,0.0,0.0,0.0,0.0,213.0,4.0,22525037.0,328603147.0,22442837.0,41004764.0,841334702.0,1484.0,10535706900.0,0.0,4.0,4.0,7.0,8.0,0.0,1.0,6.0,4.0,50.0,50.0,8.0,4.0,0.0,0.0,0.0,23.0,7.0,0.0,5.0,5.0,15.0,81.0,81.0,15.0,0.0,0.0,0.0,0.0,7.0,0.0,0.0,0.0,0.0,0.0,9.0,9.0,0.0,7.0,7.0,0.0,7.0,0.0,0.0,0.0,0.0,0.0,4.0,7.0,0.0,4.0,0.0,0.0,0.0,6.0,144.0,0.0,0.0,0.0,0.0,0.0,140.0,0.0,0.0,0.0,0.0,0.0,0.0,0.0,0.0,0.0,4.0,4.0,0.0,0.0,0.0,2.0,6.0,4.0,4.0,7.0,0.0,0.0,0.0,0.0,0.0,7.0,7.0,7.0,7.0,0.0,0.0,0.0,4.0,4.0,0.0,1673648659.0,2205.0,2205.0,4573.0,4573.0,4600.0,0.0,200.0,31305.0,26257.0,26186.0,158.0,0.0,0.0,0.0,241.0,0.0,0.0,67.0,73.0,72.0,28.0,65.0,631240000.0,0.0,7981478752.0,107053673760.0,574936064.0,0.0,0.0,1484.0,0.0,0.0,2089.0,144.0,2615.0
114,0.0,1.0,1.0,1.0,1.0,960000.0,1.0,675750000.0,1.0,102000000.0,0.861872911453,13611.0,1599.0,3810.0,39900.0,40800.0,41500.0,76.0,25.0,64.0,896.0,5000.0,0.0,25.0,1000000.0,950000.0,1.0,1.0,0.0,10.0,0.0,0.0,100.0,100.0,41632026.0,824976537.0,776696758.0,0.0,0.0,0.0,0.0,0.0,4.0,4.0,52.0,4.0,4.0,0.0,0.0,4.0,0.0,0.0,0.0,0.0,0.0,208.0,4.0,23373176.0,341054812.0,23212302.0,42863092.0,836675806.0,1479.0,10687467933.0,0.0,4.0,4.0,7.0,8.0,0.0,1.0,6.0,4.0,50.0,50.0,8.0,4.0,0.0,0.0,0.0,23.0,7.0,0.0,5.0,5.0,15.0,81.0,81.0,15.0,0.0,0.0,0.0,0.0,7.0,0.0,0.0,0.0,0.0,0.0,9.0,9.0,0.0,7.0,7.0,0.0,7.0,0.0,0.0,0.0,0.0,0.0,4.0,7.0,0.0,4.0,0.0,0.0,0.0,6.0,144.0,0.0,0.0,0.0,0.0,0.0,140.0,0.0,0.0,0.0,0.0,0.0,0.0,0.0,0.0,0.0,4.0,4.0,0.0,0.0,0.0,2.0,6.0,4.0,4.0,7.0,0.0,0.0,0.0,0.0,0.0,7.0,7.0,7.0,7.0,0.0,0.0,0.0,4.0,4.0,0.0,1670050445.0,2207.0,2207.0,4514.0,4514.0,4537.0,0.0,232.0,31572.0,26359.0,26288.0,119.0,0.0,0.0,0.0,289.0,0.0,0.0,67.0,73.0,72.0,29.0,65.0,1042733920.0,0.0,7993339776.0,229141929248.0,603594848.0,0.0,0.0,1479.0,0.0,0.0,2170.0,144.0,2682.0
115,0.0,1.0,1.0,1.0,1.0,960000.0,1.0,675750000.0,1.0,102000000.0,0.850800991058,10141.0,1370.0,2743.0,40166.6666667,40666.6666667,41500.0,87.0,25.0,64.0,896.0,5000.0,0.0,25.0,1000000.0,950000.0,1.0,0.0,0.0,10.0,0.0,0.0,100.0,500.0,33032872.0,779418025.0,715758565.0,0.0,0.0,0.0,0.0,0.0,4.0,4.0,52.0,4.0,4.0,0.0,0.0,4.0,0.0,0.0,0.0,0.0,0.0,208.0,4.0,22294923.0,316452439.0,22845326.0,33230548.0,797752005.0,1261.0,9926605499.0,0.0,4.0,4.0,7.0,8.0,0.0,1.0,6.0,4.0,50.0,50.0,8.0,4.0,0.0,0.0,0.0,23.0,7.0,0.0,5.0,5.0,15.0,81.0,81.0,15.0,0.0,0.0,0.0,0.0,7.0,0.0,0.0,0.0,0.0,0.0,9.0,9.0,0.0,7.0,7.0,0.0,7.0,0.0,0.0,0.0,0.0,0.0,4.0,7.0,0.0,4.0,0.0,0.0,0.0,6.0,145.0,0.0,0.0,0.0,0.0,0.0,141.0,0.0,0.0,0.0,0.0,0.0,0.0,0.0,0.0,0.0,4.0,4.0,0.0,0.0,0.0,2.0,6.0,4.0,4.0,7.0,0.0,0.0,0.0,0.0,0.0,7.0,7.0,7.0,7.0,0.0,0.0,0.0,4.0,4.0,0.0,1616017880.0,1972.0,1972.0,4031.0,4031.0,4054.0,0.0,152.0,27852.0,25062.0,25010.0,122.0,0.0,0.0,0.0,212.0,0.0,0.0,49.0,54.0,53.0,21.0,47.0,354735328.0,5412384.0,7168579680.0,81616142976.0,415776064.0,0.0,0.0,1261.0,0.0,0.0,1786.0,106.0,2269.0
116,0.0,1.0,1.0,1.0,1.0,960000.0,1.0,675750000.0,1.0,102000000.0,0.8675670623780001,10255.0,1142.0,2895.0,40000.0,40800.0,41500.0,87.0,25.0,64.0,896.0,5000.0,0.0,25.0,1000000.0,950000.0,1.0,0.0,0.0,10.0,0.0,0.0,100.0,500.0,37600589.0,816297296.0,738257397.0,0.0,0.0,0.0,0.0,0.0,4.0,4.0,52.0,4.0,4.0,0.0,0.0,4.0,0.0,0.0,0.0,0.0,0.0,206.0,4.0,21283947.0,304584053.0,21709696.0,40105593.0,828456041.0,1330.0,11006306813.0,0.0,4.0,4.0,7.0,8.0,0.0,1.0,6.0,4.0,50.0,50.0,8.0,4.0,0.0,0.0,0.0,23.0,7.0,0.0,5.0,5.0,15.0,81.0,81.0,15.0,0.0,0.0,0.0,0.0,7.0,0.0,0.0,0.0,0.0,0.0,9.0,9.0,0.0,7.0,7.0,0.0,7.0,0.0,0.0,0.0,0.0,0.0,4.0,7.0,0.0,4.0,0.0,0.0,0.0,6.0,145.0,0.0,0.0,0.0,0.0,0.0,141.0,0.0,0.0,0.0,0.0,0.0,0.0,0.0,0.0,0.0,4.0,4.0,0.0,0.0,0.0,2.0,6.0,4.0,4.0,7.0,0.0,0.0,0.0,0.0,0.0,7.0,7.0,7.0,7.0,0.0,0.0,0.0,4.0,4.0,0.0,1661191975.0,2218.0,2218.0,4320.0,4320.0,4343.0,0.0,190.0,29884.0,25738.0,25674.0,123.0,0.0,0.0,0.0,239.0,0.0,0.0,61.0,66.0,65.0,23.0,59.0,1142469440.0,0.0,7843602016.0,61169627904.0,520641856.0,0.0,0.0,1330.0,0.0,0.0,1954.0,130.0,2380.0
117,0.0,1.0,1.0,1.0,1.0,960000.0,1.0,675750000.0,1.0,102000000.0,0.840795040131,11437.0,1370.0,2819.0,39833.3333333,40833.3333333,41500.0,87.0,25.0,64.0,896.0,5000.0,0.0,25.0,1000000.0,950000.0,1.0,0.0,0.0,10.0,0.0,0.0,100.0,500.0,32977536.0,796132623.0,735870179.0,0.0,0.0,0.0,0.0,0.0,4.0,4.0,52.0,4.0,4.0,0.0,0.0,4.0,0.0,0.0,0.0,0.0,0.0,200.0,4.0,28819757.0,324341364.0,29674903.0,36046326.0,824074607.0,1234.0,10357838549.0,0.0,4.0,4.0,7.0,8.0,0.0,1.0,6.0,4.0,50.0,50.0,8.0,4.0,0.0,0.0,0.0,23.0,7.0,0.0,5.0,5.0,15.0,81.0,81.0,15.0,0.0,0.0,0.0,0.0,7.0,0.0,0.0,0.0,0.0,0.0,9.0,9.0,0.0,7.0,7.0,0.0,7.0,0.0,0.0,0.0,0.0,0.0,4.0,7.0,0.0,4.0,0.0,0.0,0.0,6.0,143.0,0.0,0.0,0.0,0.0,0.0,139.0,0.0,0.0,0.0,0.0,0.0,0.0,0.0,0.0,0.0,4.0,4.0,0.0,0.0,0.0,2.0,6.0,4.0,4.0,7.0,0.0,0.0,0.0,0.0,0.0,7.0,7.0,7.0,7.0,0.0,0.0,0.0,4.0,4.0,0.0,1659414688.0,1984.0,1984.0,4082.0,4082.0,4105.0,0.0,179.0,28247.0,25164.0,25112.0,121.0,0.0,0.0,0.0,245.0,0.0,0.0,49.0,54.0,53.0,19.0,47.0,712402752.0,0.0,7357855776.0,51142952128.0,470285728.0,0.0,0.0,1234.0,0.0,0.0,1721.0,106.0,2289.0
118,0.0,1.0,1.0,1.0,1.0,960000.0,1.0,675750000.0,1.0,102000000.0,0.86622095108,11665.0,1294.0,3047.0,39916.6666667,40833.3333333,41666.6666667,74.0,25.0,64.0,896.0,5000.0,0.0,25.0,1000000.0,950000.0,1.0,1.0,0.0,10.0,0.0,0.0,100.0,500.0,31527389.0,782681605.0,720348875.0,0.0,0.0,0.0,0.0,0.0,4.0,4.0,52.0,4.0,4.0,0.0,0.0,4.0,0.0,0.0,0.0,0.0,0.0,213.0,4.0,22245796.0,321838565.0,22883831.0,34070514.0,806984219.0,1253.0,9875543234.0,0.0,4.0,4.0,7.0,8.0,0.0,1.0,6.0,4.0,50.0,50.0,8.0,4.0,0.0,0.0,0.0,23.0,7.0,0.0,5.0,5.0,15.0,81.0,81.0,15.0,0.0,0.0,0.0,0.0,7.0,0.0,0.0,0.0,0.0,0.0,9.0,9.0,0.0,7.0,7.0,0.0,7.0,0.0,0.0,0.0,0.0,0.0,4.0,7.0,0.0,4.0,0.0,0.0,0.0,6.0,146.0,0.0,0.0,0.0,0.0,0.0,142.0,0.0,0.0,0.0,0.0,0.0,0.0,0.0,0.0,0.0,4.0,4.0,0.0,0.0,0.0,2.0,6.0,4.0,4.0,7.0,0.0,0.0,0.0,0.0,0.0,7.0,7.0,7.0,7.0,0.0,0.0,0.0,4.0,4.0,0.0,1634548376.0,2020.0,2020.0,4284.0,4284.0,4317.0,0.0,154.0,28353.0,25234.0,25182.0,121.0,0.0,0.0,0.0,194.0,0.0,0.0,49.0,54.0,53.0,19.0,47.0,728958336.0,0.0,7162978912.0,85952043264.0,509838848.0,0.0,0.0,1253.0,0.0,0.0,1761.0,106.0,2331.0
119,0.0,1.0,1.0,1.0,1.0,960000.0,1.0,675750000.0,1.0,102000000.0,0.8479549884800001,10484.0,1370.0,3048.0,39916.6666667,40666.6666667,41833.3333333,74.0,25.0,64.0,896.0,5000.0,0.0,25.0,1000000.0,950000.0,1.0,1.0,0.0,10.0,0.0,0.0,100.0,500.0,33701860.0,787691675.0,729464102.0,0.0,0.0,0.0,0.0,0.0,4.0,4.0,52.0,4.0,4.0,0.0,0.0,4.0,0.0,0.0,0.0,0.0,0.0,210.0,4.0,22509125.0,316566747.0,22506832.0,32668218.0,788641605.0,1190.0,10086129007.0,0.0,4.0,4.0,7.0,8.0,0.0,1.0,6.0,4.0,50.0,50.0,8.0,4.0,0.0,0.0,0.0,23.0,7.0,0.0,5.0,5.0,15.0,81.0,81.0,15.0,0.0,0.0,0.0,0.0,7.0,0.0,0.0,0.0,0.0,0.0,9.0,9.0,0.0,7.0,7.0,0.0,7.0,0.0,0.0,0.0,0.0,0.0,4.0,7.0,0.0,4.0,0.0,0.0,0.0,6.0,143.0,0.0,0.0,0.0,0.0,0.0,139.0,0.0,0.0,0.0,0.0,0.0,0.0,0.0,0.0,0.0,4.0,4.0,0.0,0.0,0.0,2.0,6.0,4.0,4.0,7.0,0.0,0.0,0.0,0.0,0.0,7.0,7.0,7.0,7.0,0.0,0.0,0.0,4.0,4.0,0.0,1595908657.0,2044.0,2044.0,4053.0,4053.0,4081.0,0.0,173.0,28655.0,25128.0,25075.0,105.0,0.0,0.0,0.0,229.0,0.0,0.0,49.0,55.0,54.0,18.0,47.0,1080500512.0,4938208.0,7242282048.0,102124541056.0,465300608.0,0.0,0.0,1190.0,0.0,0.0,1789.0,108.0,2347.0
120,0.0,1.0,1.0,1.0,1.0,960000.0,1.0,675750000.0,1.0,102000000.0,0.875835895538,10178.0,1294.0,2819.0,39916.6666667,40833.3333333,41500.0,74.0,25.0,64.0,896.0,5000.0,0.0,25.0,1000000.0,950000.0,1.0,1.0,0.0,10.0,0.0,0.0,100.0,500.0,31950731.0,782686230.0,734251617.0,0.0,0.0,0.0,0.0,0.0,4.0,4.0,52.0,4.0,4.0,0.0,0.0,4.0,0.0,0.0,0.0,0.0,0.0,213.0,4.0,24914917.0,329791476.0,24970940.0,33115903.0,807600768.0,1134.0,10115510357.0,0.0,4.0,4.0,7.0,8.0,0.0,1.0,6.0,4.0,50.0,50.0,8.0,4.0,0.0,0.0,0.0,23.0,7.0,0.0,5.0,5.0,15.0,81.0,81.0,15.0,0.0,0.0,0.0,0.0,7.0,0.0,0.0,0.0,0.0,0.0,9.0,9.0,0.0,7.0,7.0,0.0,7.0,0.0,0.0,0.0,0.0,0.0,4.0,7.0,0.0,4.0,0.0,0.0,0.0,6.0,145.0,0.0,0.0,0.0,0.0,0.0,141.0,0.0,0.0,0.0,0.0,0.0,0.0,0.0,0.0,0.0,4.0,4.0,0.0,0.0,0.0,2.0,6.0,4.0,4.0,7.0,0.0,0.0,0.0,0.0,0.0,7.0,7.0,7.0,7.0,0.0,0.0,0.0,4.0,4.0,0.0,1620549309.0,1953.0,1953.0,3909.0,3909.0,3926.0,0.0,141.0,27886.0,25001.0,24949.0,107.0,0.0,0.0,0.0,187.0,0.0,0.0,49.0,54.0,53.0,15.0,47.0,362685408.0,1445056.0,7139371424.0,59377682016.0,418683200.0,0.0,0.0,1134.0,0.0,0.0,1589.0,106.0,2123.0
121,0.0,1.0,1.0,0.0,1.0,1574400.0,1.0,765000000.0,1.0,40800000.0,14.2797269821,36559.0,4113.0,13184.0,39944.444444400004,40777.77777780001,41833.3333333,81.0,25.0,64.0,896.0,5000.0,0.0,25.0,1000000.0,950000.0,1.0,0.0,0.0,10.0,0.0,0.0,0.0,100.0,74131427.0,1483755490.0,1380512733.0,0.0,0.0,0.0,0.0,0.0,4.0,4.0,52.0,4.0,4.0,0.0,0.0,4.0,0.0,0.0,0.0,0.0,0.0,217.0,4.0,113711660.0,660557459.0,118464441.0,74942222.0,1511325608.0,4640.0,83506551644.0,0.0,4.0,4.0,7.0,8.0,0.0,1.0,6.0,4.0,50.0,50.0,8.0,4.0,0.0,0.0,0.0,23.0,7.0,0.0,5.0,5.0,15.0,81.0,81.0,15.0,0.0,0.0,0.0,0.0,7.0,0.0,0.0,0.0,0.0,0.0,9.0,9.0,0.0,7.0,7.0,0.0,7.0,0.0,0.0,0.0,0.0,0.0,4.0,7.0,0.0,4.0,0.0,0.0,0.0,6.0,149.0,0.0,0.0,0.0,0.0,0.0,145.0,0.0,0.0,0.0,0.0,0.0,0.0,0.0,0.0,0.0,4.0,4.0,0.0,0.0,0.0,2.0,6.0,4.0,4.0,7.0,0.0,0.0,0.0,0.0,0.0,7.0,7.0,7.0,7.0,0.0,0.0,0.0,4.0,4.0,0.0,2715566956.0,14416.0,14416.0,23221.0,23221.0,23466.0,0.0,644.0,46857.0,32445.0,32310.0,310.0,0.0,0.0,0.0,1131.0,0.0,0.0,127.0,137.0,136.0,50.0,125.0,7246959808.0,0.0,50855803360.0,549158333248.0,6388444800.0,0.0,0.0,4640.0,0.0,0.0,6214.0,272.0,8472.0
122,0.0,1.0,1.0,0.0,1.0,1574400.0,1.0,765000000.0,1.0,40800000.0,16.4108428955,40678.0,4570.0,15394.0,39925.0,40950.0,41900.0,81.0,25.0,64.0,896.0,5000.0,0.0,25.0,1000000.0,950000.0,1.0,0.0,0.0,10.0,0.0,0.0,0.0,100.0,84867042.0,1610923245.0,1493989429.0,0.0,0.0,0.0,0.0,0.0,4.0,4.0,52.0,4.0,4.0,0.0,0.0,4.0,0.0,0.0,0.0,0.0,0.0,209.0,4.0,120669080.0,719649094.0,127207627.0,88453869.0,1652830792.0,7995.0,90508333374.0,0.0,4.0,4.0,7.0,8.0,0.0,1.0,6.0,4.0,50.0,50.0,8.0,4.0,0.0,0.0,0.0,23.0,7.0,0.0,5.0,5.0,15.0,81.0,81.0,15.0,0.0,0.0,0.0,0.0,7.0,0.0,0.0,0.0,0.0,0.0,9.0,9.0,0.0,7.0,7.0,0.0,7.0,0.0,0.0,0.0,0.0,0.0,4.0,7.0,0.0,4.0,0.0,0.0,0.0,6.0,149.0,0.0,0.0,0.0,0.0,0.0,145.0,0.0,0.0,0.0,0.0,0.0,0.0,0.0,0.0,0.0,4.0,4.0,0.0,0.0,0.0,2.0,6.0,4.0,4.0,7.0,0.0,0.0,0.0,0.0,0.0,7.0,7.0,7.0,7.0,0.0,0.0,0.0,4.0,4.0,0.0,2955053617.0,18023.0,18023.0,25264.0,25264.0,25532.0,0.0,723.0,51564.0,33460.0,33313.0,368.0,0.0,0.0,0.0,1149.0,0.0,0.0,139.0,149.0,148.0,56.0,137.0,7919698560.0,0.0,55022682560.0,985006491200.0,13477664512.0,0.0,0.0,7995.0,0.0,0.0,9657.0,296.0,11585.0
123,0.0,1.0,1.0,0.0,1.0,1574400.0,1.0,765000000.0,1.0,40800000.0,15.051015138599999,34575.0,3808.0,12422.0,39916.6666667,40777.77777780001,41833.3333333,81.0,25.0,64.0,896.0,5000.0,0.0,25.0,1000000.0,950000.0,1.0,0.0,0.0,10.0,0.0,0.0,0.0,100.0,74673149.0,1482993796.0,1388006454.0,0.0,0.0,0.0,0.0,0.0,4.0,4.0,52.0,4.0,4.0,0.0,0.0,4.0,0.0,0.0,0.0,0.0,0.0,203.0,4.0,107913917.0,665388279.0,114075674.0,80008745.0,1523127528.0,7069.0,82922007739.0,0.0,4.0,4.0,7.0,8.0,0.0,1.0,6.0,4.0,50.0,50.0,8.0,4.0,0.0,0.0,0.0,23.0,7.0,0.0,5.0,5.0,15.0,81.0,81.0,15.0,0.0,0.0,0.0,0.0,7.0,0.0,0.0,0.0,0.0,0.0,9.0,9.0,0.0,7.0,7.0,0.0,7.0,0.0,0.0,0.0,0.0,0.0,4.0,7.0,0.0,4.0,0.0,0.0,0.0,6.0,149.0,0.0,0.0,0.0,0.0,0.0,145.0,0.0,0.0,0.0,0.0,0.0,0.0,0.0,0.0,0.0,4.0,4.0,0.0,0.0,0.0,2.0,6.0,4.0,4.0,7.0,0.0,0.0,0.0,0.0,0.0,7.0,7.0,7.0,7.0,0.0,0.0,0.0,4.0,4.0,0.0,2789854794.0,16266.0,16266.0,24140.0,24140.0,24405.0,0.0,670.0,45764.0,32051.0,31922.0,345.0,0.0,0.0,0.0,1062.0,0.0,0.0,121.0,131.0,130.0,43.0,119.0,8298390688.0,1994976.0,50592945760.0,799689814144.0,12992776768.0,0.0,0.0,7069.0,0.0,0.0,8483.0,260.0,10400.0
124,0.0,1.0,1.0,0.0,1.0,1574400.0,1.0,765000000.0,1.0,40800000.0,14.261992931400002,36712.0,4265.0,13412.0,40027.77777780001,40833.3333333,41944.444444400004,92.0,25.0,64.0,896.0,5000.0,0.0,25.0,1000000.0,950000.0,1.0,1.0,0.0,10.0,0.0,0.0,0.0,100.0,73944846.0,1438266836.0,1337951938.0,0.0,0.0,0.0,0.0,0.0,4.0,4.0,52.0,4.0,4.0,0.0,0.0,4.0,0.0,0.0,0.0,0.0,0.0,204.0,4.0,117235329.0,674732289.0,121103804.0,76393469.0,1482558717.0,5737.0,83119426651.0,0.0,4.0,4.0,7.0,8.0,0.0,1.0,6.0,4.0,50.0,50.0,8.0,4.0,0.0,0.0,0.0,23.0,7.0,0.0,5.0,5.0,15.0,81.0,81.0,15.0,0.0,0.0,0.0,0.0,7.0,0.0,0.0,0.0,0.0,0.0,9.0,9.0,0.0,7.0,7.0,0.0,7.0,0.0,0.0,0.0,0.0,0.0,4.0,7.0,0.0,4.0,0.0,0.0,0.0,6.0,150.0,0.0,0.0,0.0,0.0,0.0,146.0,0.0,0.0,0.0,0.0,0.0,0.0,0.0,0.0,0.0,4.0,4.0,0.0,0.0,0.0,2.0,6.0,4.0,4.0,7.0,0.0,0.0,0.0,0.0,0.0,7.0,7.0,7.0,7.0,0.0,0.0,0.0,4.0,4.0,0.0,2713818525.0,15212.0,15212.0,23214.0,23214.0,23437.0,0.0,688.0,48201.0,32613.0,32478.0,380.0,0.0,0.0,0.0,1157.0,0.0,0.0,127.0,137.0,136.0,55.0,125.0,7983036992.0,4560000.0,50643744160.0,625774928192.0,7893728480.0,0.0,0.0,5737.0,0.0,0.0,7373.0,272.0,9387.0
125,0.0,1.0,1.0,0.0,1.0,1574400.0,1.0,765000000.0,1.0,40800000.0,14.377702951400002,36218.0,4189.0,13565.0,40027.77777780001,40944.444444400004,41888.8888889,92.0,25.0,64.0,896.0,5000.0,0.0,25.0,1000000.0,950000.0,1.0,1.0,0.0,10.0,0.0,0.0,0.0,100.0,76896225.0,1472064834.0,1384060989.0,0.0,0.0,0.0,0.0,0.0,4.0,4.0,52.0,4.0,4.0,0.0,0.0,4.0,0.0,0.0,0.0,0.0,0.0,197.0,4.0,115140241.0,704334315.0,120069818.0,77535676.0,1516221620.0,4873.0,85769427724.0,0.0,4.0,4.0,7.0,8.0,0.0,1.0,6.0,4.0,50.0,50.0,8.0,4.0,0.0,0.0,0.0,23.0,7.0,0.0,5.0,5.0,15.0,81.0,81.0,15.0,0.0,0.0,0.0,0.0,7.0,0.0,0.0,0.0,0.0,0.0,9.0,9.0,0.0,7.0,7.0,0.0,7.0,0.0,0.0,0.0,0.0,0.0,4.0,7.0,0.0,4.0,0.0,0.0,0.0,6.0,149.0,0.0,0.0,0.0,0.0,0.0,145.0,0.0,0.0,0.0,0.0,0.0,0.0,0.0,0.0,0.0,4.0,4.0,0.0,0.0,0.0,2.0,6.0,4.0,4.0,7.0,0.0,0.0,0.0,0.0,0.0,7.0,7.0,7.0,7.0,0.0,0.0,0.0,4.0,4.0,0.0,2754523470.0,14540.0,14540.0,23115.0,23115.0,23409.0,0.0,700.0,48247.0,32618.0,32483.0,350.0,0.0,0.0,0.0,1095.0,0.0,0.0,127.0,137.0,136.0,57.0,125.0,7053598368.0,6812992.0,52090895008.0,676275687680.0,8054832736.0,0.0,0.0,4873.0,0.0,0.0,6409.0,272.0,8501.0
126,0.0,1.0,1.0,0.0,1.0,1574400.0,1.0,765000000.0,1.0,40800000.0,15.675493001900001,40983.0,4493.0,14859.0,40050.0,41000.0,41950.0,92.0,25.0,64.0,896.0,5000.0,0.0,25.0,1000000.0,950000.0,1.0,1.0,0.0,10.0,0.0,0.0,0.0,100.0,82967965.0,1541735245.0,1459255502.0,0.0,0.0,0.0,0.0,0.0,4.0,4.0,52.0,4.0,4.0,0.0,0.0,4.0,0.0,0.0,0.0,0.0,0.0,204.0,4.0,121645495.0,719230006.0,126103296.0,83965493.0,1590232624.0,7003.0,88672510541.0,0.0,4.0,4.0,7.0,8.0,0.0,1.0,6.0,4.0,50.0,50.0,8.0,4.0,0.0,0.0,0.0,23.0,7.0,0.0,5.0,5.0,15.0,81.0,81.0,15.0,0.0,0.0,0.0,0.0,7.0,0.0,0.0,0.0,0.0,0.0,9.0,9.0,0.0,7.0,7.0,0.0,7.0,0.0,0.0,0.0,0.0,0.0,4.0,7.0,0.0,4.0,0.0,0.0,0.0,6.0,150.0,0.0,0.0,0.0,0.0,0.0,146.0,0.0,0.0,0.0,0.0,0.0,0.0,0.0,0.0,0.0,4.0,4.0,0.0,0.0,0.0,2.0,6.0,4.0,4.0,7.0,0.0,0.0,0.0,0.0,0.0,7.0,7.0,7.0,7.0,0.0,0.0,0.0,4.0,4.0,0.0,2898250219.0,16880.0,16880.0,24286.0,24286.0,24551.0,0.0,732.0,50884.0,33429.0,33282.0,372.0,0.0,0.0,0.0,1247.0,0.0,0.0,139.0,149.0,148.0,58.0,137.0,9940599136.0,4238816.0,53627138432.0,909107315552.0,9604795200.0,0.0,0.0,7003.0,0.0,0.0,8887.0,296.0,10856.0
127,0.0,1.0,1.0,0.0,1.0,1574400.0,1.0,765000000.0,1.0,40800000.0,14.2760949135,39761.0,4189.0,13184.0,40083.3333333,40833.3333333,42000.0,93.0,25.0,64.0,896.0,5000.0,0.0,25.0,1000000.0,950000.0,1.0,0.0,0.0,10.0,0.0,0.0,0.0,500.0,74743558.0,1442760892.0,1361006597.0,0.0,0.0,0.0,0.0,0.0,4.0,4.0,52.0,4.0,4.0,0.0,0.0,4.0,0.0,0.0,0.0,0.0,0.0,212.0,4.0,116461384.0,678721825.0,122501880.0,76035771.0,1491976108.0,5043.0,82779336097.0,0.0,4.0,4.0,7.0,8.0,0.0,1.0,6.0,4.0,50.0,50.0,8.0,4.0,0.0,0.0,0.0,23.0,7.0,0.0,5.0,5.0,15.0,81.0,81.0,15.0,0.0,0.0,0.0,0.0,7.0,0.0,0.0,0.0,0.0,0.0,9.0,9.0,0.0,7.0,7.0,0.0,7.0,0.0,0.0,0.0,0.0,0.0,4.0,7.0,0.0,4.0,0.0,0.0,0.0,6.0,152.0,0.0,0.0,0.0,0.0,0.0,148.0,0.0,0.0,0.0,0.0,0.0,0.0,0.0,0.0,0.0,4.0,4.0,0.0,0.0,0.0,2.0,6.0,4.0,4.0,7.0,0.0,0.0,0.0,0.0,0.0,7.0,7.0,7.0,7.0,0.0,0.0,0.0,4.0,4.0,0.0,2658879547.0,14467.0,14467.0,23637.0,23637.0,23884.0,0.0,675.0,47724.0,32456.0,32321.0,356.0,0.0,0.0,0.0,1136.0,0.0,0.0,127.0,137.0,136.0,50.0,125.0,8108314912.0,1837632.0,50321056512.0,626412486336.0,7660035808.0,0.0,0.0,5043.0,0.0,0.0,6845.0,272.0,8664.0
128,0.0,1.0,1.0,0.0,1.0,1574400.0,1.0,765000000.0,1.0,40800000.0,14.261685133,32937.0,3808.0,11888.0,40111.1111111,40777.77777780001,42000.0,93.0,25.0,64.0,896.0,5000.0,0.0,25.0,1000000.0,950000.0,1.0,0.0,0.0,10.0,0.0,0.0,0.0,500.0,72323349.0,1412680847.0,1323914390.0,0.0,0.0,0.0,0.0,0.0,4.0,4.0,52.0,4.0,4.0,0.0,0.0,4.0,0.0,0.0,0.0,0.0,0.0,199.0,4.0,116406960.0,625086898.0,122903993.0,75695177.0,1470348789.0,5236.0,81463048125.0,0.0,4.0,4.0,7.0,8.0,0.0,1.0,6.0,4.0,50.0,50.0,8.0,4.0,0.0,0.0,0.0,23.0,7.0,0.0,5.0,5.0,15.0,81.0,81.0,15.0,0.0,0.0,0.0,0.0,7.0,0.0,0.0,0.0,0.0,0.0,9.0,9.0,0.0,7.0,7.0,0.0,7.0,0.0,0.0,0.0,0.0,0.0,4.0,7.0,0.0,4.0,0.0,0.0,0.0,6.0,146.0,0.0,0.0,0.0,0.0,0.0,142.0,0.0,0.0,0.0,0.0,0.0,0.0,0.0,0.0,0.0,4.0,4.0,0.0,0.0,0.0,2.0,6.0,4.0,4.0,7.0,0.0,0.0,0.0,0.0,0.0,7.0,7.0,7.0,7.0,0.0,0.0,0.0,4.0,4.0,0.0,2667034713.0,14635.0,14635.0,22550.0,22550.0,22764.0,0.0,683.0,45401.0,32006.0,31877.0,312.0,0.0,0.0,0.0,1132.0,0.0,0.0,121.0,131.0,130.0,56.0,119.0,8372601120.0,0.0,49736278848.0,894463430496.0,7008089472.0,0.0,0.0,5236.0,0.0,0.0,6745.0,260.0,8847.0
129,0.0,1.0,1.0,0.0,1.0,1574400.0,1.0,765000000.0,1.0,40800000.0,15.5071899891,36865.0,4112.0,13412.0,40111.1111111,40833.3333333,41888.8888889,93.0,25.0,64.0,896.0,5000.0,0.0,25.0,1000000.0,950000.0,1.0,0.0,0.0,10.0,0.0,0.0,0.0,500.0,79567701.0,1494066616.0,1381588352.0,0.0,0.0,0.0,0.0,0.0,4.0,4.0,52.0,4.0,4.0,0.0,0.0,4.0,0.0,0.0,0.0,0.0,0.0,204.0,4.0,116530984.0,671017333.0,120658938.0,81307544.0,1527560552.0,6164.0,84760283566.0,0.0,4.0,4.0,7.0,8.0,0.0,1.0,6.0,4.0,50.0,50.0,8.0,4.0,0.0,0.0,0.0,23.0,7.0,0.0,5.0,5.0,15.0,81.0,81.0,15.0,0.0,0.0,0.0,0.0,7.0,0.0,0.0,0.0,0.0,0.0,9.0,9.0,0.0,7.0,7.0,0.0,7.0,0.0,0.0,0.0,0.0,0.0,4.0,7.0,0.0,4.0,0.0,0.0,0.0,6.0,149.0,0.0,0.0,0.0,0.0,0.0,145.0,0.0,0.0,0.0,0.0,0.0,0.0,0.0,0.0,0.0,4.0,4.0,0.0,0.0,0.0,2.0,6.0,4.0,4.0,7.0,0.0,0.0,0.0,0.0,0.0,7.0,7.0,7.0,7.0,0.0,0.0,0.0,4.0,4.0,0.0,2755246596.0,15798.0,15798.0,23204.0,23204.0,23428.0,0.0,718.0,48053.0,32410.0,32275.0,368.0,0.0,0.0,0.0,1193.0,0.0,0.0,127.0,137.0,136.0,50.0,125.0,8494913632.0,0.0,51755776512.0,851420728448.0,8841122912.0,0.0,0.0,6164.0,0.0,0.0,7847.0,272.0,9759.0
130,0.0,1.0,0.0,0.0,0.0,2035200.0,1.0,675750000.0,1.0,204000000.0,30.535568952600002,567348.0,52286.0,235080.0,41294.7154472,41914.634146300006,43105.6910569,69.0,25.0,64.0,896.0,5000.0,0.0,25.0,1000000.0,950000.0,1.0,0.0,0.0,10.0,0.0,0.0,0.0,100.0,521006147.0,5378666270.0,5344330595.0,0.0,0.0,0.0,0.0,0.0,36.0,36.0,1.0,36.0,13.0,0.0,0.0,36.0,0.0,0.0,0.0,0.0,0.0,1778.0,13.0,155143131.0,2246763295.0,157004581.0,536513196.0,5486056382.0,32103.0,76571648544.0,0.0,1.0,1.0,0.0,1.0,0.0,0.0,1.0,1.0,1.0,1.0,2.0,1.0,0.0,0.0,0.0,2.0,0.0,0.0,1.0,1.0,45.0,1306.0,1306.0,1.0,0.0,2.0,0.0,0.0,0.0,0.0,0.0,0.0,0.0,0.0,44.0,44.0,0.0,1.0,1.0,0.0,1.0,42.0,0.0,0.0,0.0,0.0,1.0,0.0,0.0,1.0,0.0,0.0,0.0,0.0,23.0,0.0,0.0,0.0,0.0,0.0,24.0,1.0,1.0,0.0,0.0,0.0,0.0,0.0,0.0,0.0,1.0,1.0,0.0,0.0,1.0,0.0,0.0,1.0,1.0,0.0,0.0,0.0,0.0,0.0,0.0,1.0,1.0,0.0,0.0,0.0,0.0,0.0,1.0,1.0,0.0,8203521748.0,18213.0,18213.0,27107.0,27107.0,27957.0,0.0,2760.0,360149.0,126518.0,125044.0,1798.0,0.0,0.0,0.0,1614.0,0.0,0.0,1465.0,1475.0,1474.0,493.0,1463.0,15675438528.0,317634880.0,44325951456.0,2927977878656.0,47331445984.0,0.0,0.0,32103.0,0.0,0.0,37567.0,2948.0,38840.0
131,0.0,1.0,0.0,0.0,0.0,2035200.0,1.0,675750000.0,1.0,204000000.0,0.441931962967,8347.0,761.0,3124.0,41125.0,42000.0,43000.0,69.0,25.0,64.0,896.0,5000.0,0.0,25.0,1000000.0,950000.0,1.0,0.0,0.0,10.0,0.0,0.0,0.0,100.0,34222043.0,783513227.0,761943224.0,0.0,81.0,0.0,0.0,2.0,834.0,827.0,1.0,751.0,548.0,0.0,0.0,751.0,0.0,0.0,0.0,0.0,0.0,4853.0,548.0,20322843.0,325496052.0,21165328.0,33622098.0,814725164.0,3314.0,5886893423.0,0.0,1.0,1.0,0.0,1.0,0.0,0.0,1.0,1.0,1.0,1.0,2.0,1.0,0.0,0.0,0.0,2.0,0.0,6.0,1.0,1.0,711.0,5852.0,5852.0,1.0,0.0,0.0,0.0,0.0,0.0,0.0,0.0,0.0,0.0,1.0,710.0,710.0,0.0,1.0,1.0,0.0,1.0,708.0,0.0,0.0,0.0,0.0,1.0,0.0,0.0,1.0,0.0,0.0,0.0,1.0,15.0,0.0,0.0,0.0,3.0,0.0,16.0,0.0,0.0,0.0,0.0,0.0,0.0,0.0,0.0,0.0,1.0,1.0,0.0,0.0,0.0,0.0,1.0,1.0,1.0,0.0,0.0,0.0,0.0,0.0,0.0,1.0,1.0,0.0,0.0,0.0,0.0,0.0,1.0,1.0,0.0,1552783143.0,2467.0,2467.0,2143.0,2143.0,2207.0,17.0,120.0,22299.0,22097.0,22063.0,233.0,0.0,0.0,0.0,74.0,0.0,0.0,31.0,35.0,34.0,7.0,29.0,1500033440.0,579208992.0,3739927904.0,103816615520.0,1301228160.0,0.0,0.0,3314.0,0.0,0.0,3980.0,68.0,4671.0
132,0.0,1.0,0.0,0.0,0.0,2035200.0,1.0,675750000.0,1.0,204000000.0,0.41631102562,8004.0,913.0,3124.0,41333.3333333,41666.6666667,43000.0,69.0,25.0,64.0,896.0,5000.0,0.0,25.0,1000000.0,950000.0,1.0,0.0,0.0,10.0,0.0,0.0,0.0,100.0,28196230.0,722620340.0,702803510.0,0.0,0.0,0.0,0.0,0.0,1.0,1.0,1.0,1.0,1.0,0.0,0.0,1.0,0.0,0.0,0.0,0.0,0.0,32.0,1.0,19444683.0,294813176.0,19590813.0,28454661.0,749350139.0,1881.0,6079646728.0,0.0,1.0,1.0,0.0,1.0,0.0,0.0,1.0,1.0,1.0,1.0,2.0,1.0,0.0,0.0,0.0,2.0,0.0,0.0,1.0,1.0,3.0,50.0,50.0,1.0,0.0,0.0,0.0,0.0,0.0,0.0,0.0,0.0,0.0,0.0,2.0,2.0,0.0,1.0,1.0,0.0,1.0,0.0,0.0,0.0,0.0,0.0,1.0,0.0,0.0,1.0,0.0,0.0,0.0,1.0,11.0,0.0,0.0,0.0,0.0,0.0,12.0,0.0,0.0,0.0,0.0,0.0,0.0,0.0,0.0,0.0,1.0,1.0,0.0,0.0,0.0,0.0,1.0,1.0,1.0,0.0,0.0,0.0,0.0,0.0,0.0,1.0,1.0,0.0,0.0,0.0,0.0,0.0,1.0,1.0,0.0,1465489084.0,1918.0,1918.0,2242.0,2242.0,2287.0,0.0,83.0,23166.0,22521.0,22481.0,58.0,0.0,0.0,0.0,44.0,0.0,0.0,37.0,41.0,40.0,15.0,35.0,451399808.0,7923872.0,3477983360.0,116356765792.0,997568000.0,0.0,0.0,1881.0,0.0,0.0,2106.0,80.0,2464.0
133,0.0,1.0,0.0,0.0,0.0,2035200.0,1.0,675750000.0,1.0,204000000.0,0.410998821259,12652.0,1524.0,4953.0,41166.6666667,42000.0,43000.0,93.0,25.0,64.0,896.0,5000.0,0.0,25.0,1000000.0,950000.0,1.0,1.0,0.0,10.0,0.0,0.0,0.0,100.0,31497927.0,739304308.0,708621925.0,0.0,0.0,0.0,0.0,0.0,1.0,1.0,1.0,1.0,1.0,0.0,0.0,1.0,0.0,0.0,0.0,0.0,0.0,32.0,1.0,20259575.0,312342149.0,20825637.0,33119229.0,770639572.0,2326.0,6158557076.0,0.0,1.0,1.0,0.0,1.0,0.0,0.0,1.0,1.0,1.0,1.0,2.0,1.0,0.0,0.0,0.0,2.0,0.0,0.0,1.0,1.0,3.0,50.0,50.0,1.0,0.0,0.0,0.0,0.0,0.0,0.0,0.0,0.0,0.0,0.0,2.0,2.0,0.0,1.0,1.0,0.0,1.0,0.0,0.0,0.0,0.0,0.0,1.0,0.0,0.0,1.0,0.0,0.0,0.0,1.0,11.0,0.0,0.0,0.0,0.0,0.0,12.0,0.0,0.0,0.0,0.0,0.0,0.0,0.0,0.0,0.0,1.0,1.0,0.0,0.0,0.0,0.0,1.0,1.0,1.0,0.0,0.0,0.0,0.0,0.0,0.0,1.0,1.0,0.0,0.0,0.0,0.0,0.0,1.0,1.0,0.0,1507478088.0,2281.0,2281.0,2354.0,2354.0,2390.0,0.0,112.0,24779.0,22793.0,22747.0,75.0,0.0,0.0,0.0,64.0,0.0,0.0,43.0,47.0,46.0,16.0,41.0,640289440.0,0.0,3500953184.0,47581812896.0,826945984.0,0.0,0.0,2326.0,0.0,0.0,2604.0,92.0,2951.0
134,0.0,1.0,0.0,0.0,0.0,2035200.0,1.0,675750000.0,1.0,204000000.0,0.414219141006,8080.0,913.0,3200.0,41500.0,41750.0,43000.0,93.0,25.0,64.0,896.0,5000.0,0.0,25.0,1000000.0,950000.0,1.0,1.0,0.0,10.0,0.0,0.0,0.0,100.0,26848698.0,709682693.0,669210672.0,0.0,0.0,0.0,0.0,0.0,7.0,7.0,1.0,7.0,7.0,0.0,0.0,7.0,0.0,0.0,0.0,0.0,0.0,36.0,7.0,17654869.0,283852974.0,18247113.0,26781628.0,726698840.0,1670.0,5598475232.0,0.0,1.0,1.0,0.0,1.0,0.0,0.0,1.0,1.0,1.0,1.0,2.0,1.0,0.0,0.0,0.0,2.0,0.0,0.0,1.0,1.0,3.0,50.0,50.0,1.0,0.0,0.0,0.0,0.0,0.0,0.0,0.0,0.0,0.0,0.0,2.0,2.0,0.0,1.0,1.0,0.0,1.0,0.0,0.0,0.0,0.0,0.0,1.0,0.0,0.0,1.0,0.0,0.0,0.0,1.0,11.0,0.0,0.0,0.0,0.0,0.0,12.0,6.0,6.0,0.0,1.0,0.0,0.0,0.0,1.0,0.0,1.0,0.0,0.0,0.0,6.0,0.0,1.0,1.0,1.0,0.0,0.0,0.0,0.0,0.0,0.0,1.0,1.0,0.0,0.0,0.0,0.0,0.0,1.0,1.0,0.0,1420854120.0,1755.0,1755.0,2050.0,2050.0,2083.0,0.0,68.0,22013.0,22010.0,21977.0,44.0,0.0,0.0,0.0,48.0,0.0,0.0,31.0,34.0,33.0,12.0,29.0,340019840.0,6566304.0,3164700032.0,61297939872.0,814404512.0,0.0,0.0,1670.0,0.0,0.0,1898.0,66.0,2232.0
135,0.0,1.0,0.0,0.0,0.0,2035200.0,1.0,675750000.0,1.0,204000000.0,0.47056794166599997,16923.0,1751.0,6552.0,41250.0,42000.0,43000.0,93.0,25.0,64.0,896.0,5000.0,0.0,25.0,1000000.0,950000.0,1.0,1.0,0.0,10.0,0.0,0.0,0.0,100.0,30007499.0,731004187.0,690192027.0,0.0,0.0,0.0,0.0,0.0,1.0,1.0,1.0,1.0,1.0,0.0,0.0,1.0,0.0,0.0,0.0,0.0,0.0,33.0,1.0,19103140.0,286419686.0,19096684.0,29412609.0,748790500.0,1539.0,6017423733.0,0.0,1.0,1.0,0.0,1.0,0.0,0.0,1.0,1.0,1.0,1.0,2.0,1.0,0.0,0.0,0.0,2.0,0.0,0.0,1.0,1.0,3.0,50.0,50.0,1.0,0.0,0.0,0.0,0.0,0.0,0.0,0.0,0.0,0.0,0.0,2.0,2.0,0.0,1.0,1.0,0.0,1.0,0.0,0.0,0.0,0.0,0.0,1.0,0.0,0.0,1.0,0.0,0.0,0.0,1.0,11.0,0.0,0.0,0.0,0.0,0.0,12.0,0.0,0.0,0.0,1.0,0.0,0.0,0.0,1.0,0.0,1.0,0.0,0.0,0.0,0.0,0.0,1.0,1.0,1.0,0.0,0.0,0.0,0.0,0.0,0.0,1.0,1.0,0.0,0.0,0.0,0.0,0.0,1.0,1.0,0.0,1459250393.0,1613.0,1613.0,2325.0,2325.0,2355.0,0.0,102.0,24062.0,22653.0,22608.0,46.0,0.0,0.0,0.0,72.0,0.0,0.0,43.0,46.0,45.0,15.0,41.0,209084864.0,2528960.0,3386435872.0,44606417952.0,931503392.0,0.0,0.0,1539.0,0.0,0.0,1712.0,90.0,2021.0
136,0.0,1.0,0.0,0.0,0.0,2035200.0,1.0,675750000.0,1.0,204000000.0,0.442056894302,7966.0,837.0,3200.0,41250.0,41750.0,43000.0,89.0,25.0,64.0,896.0,5000.0,0.0,25.0,1000000.0,950000.0,1.0,0.0,0.0,10.0,0.0,0.0,0.0,500.0,25799240.0,698811843.0,655821564.0,0.0,0.0,0.0,0.0,0.0,1.0,1.0,1.0,1.0,1.0,0.0,0.0,1.0,0.0,0.0,0.0,0.0,0.0,32.0,1.0,17677880.0,285288460.0,17729692.0,26190285.0,738454233.0,1858.0,5443376348.0,0.0,1.0,1.0,0.0,1.0,0.0,0.0,1.0,1.0,1.0,1.0,2.0,1.0,0.0,0.0,0.0,2.0,0.0,0.0,1.0,1.0,3.0,50.0,50.0,1.0,0.0,0.0,0.0,0.0,0.0,0.0,0.0,0.0,0.0,0.0,2.0,2.0,0.0,1.0,1.0,0.0,1.0,0.0,0.0,0.0,0.0,0.0,1.0,0.0,0.0,1.0,0.0,0.0,0.0,1.0,11.0,0.0,0.0,0.0,0.0,0.0,12.0,0.0,0.0,0.0,0.0,0.0,0.0,0.0,0.0,0.0,1.0,1.0,0.0,0.0,0.0,0.0,1.0,1.0,1.0,0.0,0.0,0.0,0.0,0.0,0.0,1.0,1.0,0.0,0.0,0.0,0.0,0.0,1.0,1.0,0.0,1474077572.0,1928.0,1928.0,2040.0,2040.0,2064.0,0.0,68.0,22032.0,21834.0,21801.0,46.0,0.0,0.0,0.0,45.0,0.0,0.0,31.0,34.0,33.0,7.0,29.0,352325920.0,2627168.0,3103194240.0,32525608512.0,694704704.0,0.0,0.0,1858.0,0.0,0.0,2102.0,66.0,2443.0
137,0.0,1.0,0.0,0.0,0.0,2035200.0,1.0,675750000.0,1.0,204000000.0,0.444772958755,12425.0,1294.0,5028.0,41250.0,42000.0,43250.0,89.0,25.0,64.0,896.0,5000.0,0.0,25.0,1000000.0,950000.0,1.0,0.0,0.0,10.0,0.0,0.0,0.0,500.0,25437401.0,697736274.0,669471067.0,0.0,0.0,0.0,0.0,0.0,1.0,1.0,1.0,1.0,1.0,0.0,0.0,1.0,0.0,0.0,0.0,0.0,0.0,33.0,1.0,18284698.0,274853472.0,18382767.0,28633182.0,715029516.0,1552.0,5706129804.0,0.0,1.0,1.0,0.0,1.0,0.0,0.0,1.0,1.0,1.0,1.0,2.0,1.0,0.0,0.0,0.0,2.0,0.0,0.0,1.0,1.0,3.0,50.0,50.0,1.0,0.0,0.0,0.0,0.0,0.0,0.0,0.0,0.0,0.0,0.0,2.0,2.0,0.0,1.0,1.0,0.0,1.0,0.0,0.0,0.0,0.0,0.0,1.0,0.0,0.0,1.0,0.0,0.0,0.0,1.0,11.0,0.0,0.0,0.0,0.0,0.0,12.0,0.0,0.0,0.0,0.0,0.0,0.0,0.0,0.0,0.0,1.0,1.0,0.0,0.0,0.0,0.0,1.0,1.0,1.0,0.0,0.0,0.0,0.0,0.0,0.0,1.0,1.0,0.0,0.0,0.0,0.0,0.0,1.0,1.0,0.0,1452629609.0,1573.0,1573.0,2226.0,2226.0,2252.0,0.0,77.0,23548.0,22555.0,22514.0,38.0,0.0,0.0,0.0,69.0,0.0,0.0,37.0,42.0,41.0,10.0,35.0,428131008.0,9111136.0,3218740576.0,58462194208.0,879961728.0,0.0,0.0,1552.0,0.0,0.0,1821.0,82.0,2170.0
138,0.0,1.0,0.0,0.0,0.0,2035200.0,1.0,675750000.0,1.0,204000000.0,0.42327022552500004,8042.0,913.0,3200.0,41250.0,42000.0,42750.0,89.0,25.0,64.0,896.0,5000.0,0.0,25.0,1000000.0,950000.0,1.0,0.0,0.0,10.0,0.0,0.0,0.0,500.0,25932113.0,712030523.0,684863277.0,0.0,0.0,0.0,0.0,0.0,1.0,1.0,1.0,1.0,1.0,0.0,0.0,1.0,0.0,0.0,0.0,0.0,0.0,32.0,1.0,17681995.0,283147277.0,17811528.0,28879052.0,730397933.0,2019.0,5465912481.0,0.0,1.0,1.0,0.0,1.0,0.0,0.0,1.0,1.0,1.0,1.0,2.0,1.0,0.0,0.0,0.0,2.0,0.0,0.0,1.0,1.0,3.0,50.0,50.0,1.0,0.0,0.0,0.0,0.0,0.0,0.0,0.0,0.0,0.0,0.0,2.0,2.0,0.0,1.0,1.0,0.0,1.0,0.0,0.0,0.0,0.0,0.0,1.0,0.0,0.0,1.0,0.0,0.0,0.0,1.0,11.0,0.0,0.0,0.0,0.0,0.0,12.0,0.0,0.0,0.0,0.0,0.0,0.0,0.0,0.0,0.0,1.0,1.0,0.0,0.0,0.0,0.0,1.0,1.0,1.0,0.0,0.0,0.0,0.0,0.0,0.0,1.0,1.0,0.0,0.0,0.0,0.0,0.0,1.0,1.0,0.0,1455783599.0,1956.0,1956.0,1990.0,1990.0,2015.0,0.0,70.0,21483.0,22090.0,22056.0,58.0,0.0,0.0,0.0,54.0,0.0,0.0,31.0,35.0,34.0,9.0,29.0,505346624.0,1792288.0,3146541056.0,48792182496.0,892950400.0,0.0,0.0,2019.0,0.0,0.0,2249.0,68.0,2570.0
139,0.0,1.0,0.0,0.0,0.0,2035200.0,1.0,675750000.0,1.0,204000000.0,0.411195039749,16959.0,1904.0,6324.0,41250.0,42000.0,43000.0,73.0,25.0,64.0,896.0,5000.0,0.0,25.0,1000000.0,950000.0,1.0,1.0,0.0,10.0,0.0,0.0,0.0,500.0,30084777.0,712752072.0,671277916.0,0.0,0.0,0.0,0.0,0.0,1.0,1.0,1.0,1.0,1.0,0.0,0.0,1.0,0.0,0.0,0.0,0.0,0.0,34.0,1.0,18422408.0,273959338.0,18862832.0,28931109.0,733034985.0,1585.0,5945018698.0,0.0,1.0,1.0,0.0,1.0,0.0,0.0,1.0,1.0,1.0,1.0,2.0,1.0,0.0,0.0,0.0,2.0,0.0,0.0,1.0,1.0,3.0,50.0,50.0,1.0,0.0,0.0,0.0,0.0,0.0,0.0,0.0,0.0,0.0,0.0,2.0,2.0,0.0,1.0,1.0,0.0,1.0,0.0,0.0,0.0,0.0,0.0,1.0,0.0,0.0,1.0,0.0,0.0,0.0,1.0,11.0,0.0,0.0,0.0,0.0,0.0,12.0,0.0,0.0,0.0,0.0,0.0,0.0,0.0,0.0,0.0,1.0,1.0,0.0,0.0,0.0,0.0,1.0,1.0,1.0,0.0,0.0,0.0,0.0,0.0,0.0,1.0,1.0,0.0,0.0,0.0,0.0,0.0,1.0,1.0,0.0,1509745125.0,1629.0,1629.0,2222.0,2222.0,2261.0,0.0,94.0,23827.0,22703.0,22657.0,47.0,0.0,0.0,0.0,58.0,0.0,0.0,43.0,47.0,46.0,17.0,41.0,304132288.0,8535200.0,3415765856.0,77169113536.0,898593856.0,0.0,0.0,1585.0,0.0,0.0,1811.0,92.0,2105.0
140,0.0,1.0,0.0,0.0,0.0,2035200.0,1.0,675750000.0,1.0,204000000.0,0.406155109406,8195.0,913.0,3200.0,41125.0,42000.0,43000.0,73.0,25.0,64.0,896.0,5000.0,0.0,25.0,1000000.0,950000.0,1.0,1.0,0.0,10.0,0.0,0.0,0.0,500.0,28099740.0,715313774.0,685400688.0,0.0,0.0,0.0,0.0,0.0,1.0,1.0,1.0,1.0,1.0,0.0,0.0,1.0,0.0,0.0,0.0,0.0,0.0,35.0,1.0,18353810.0,291521399.0,18397269.0,26112271.0,738619735.0,2335.0,5671498607.0,0.0,1.0,1.0,0.0,1.0,0.0,0.0,1.0,1.0,1.0,1.0,2.0,1.0,0.0,0.0,0.0,2.0,0.0,0.0,1.0,1.0,3.0,50.0,50.0,1.0,0.0,0.0,0.0,0.0,0.0,0.0,0.0,0.0,0.0,0.0,2.0,2.0,0.0,1.0,1.0,0.0,1.0,0.0,0.0,0.0,0.0,0.0,1.0,0.0,0.0,1.0,0.0,0.0,0.0,1.0,11.0,0.0,0.0,0.0,0.0,0.0,12.0,0.0,0.0,0.0,0.0,0.0,0.0,0.0,0.0,0.0,1.0,1.0,0.0,0.0,0.0,0.0,1.0,1.0,1.0,0.0,0.0,0.0,0.0,0.0,0.0,1.0,1.0,0.0,0.0,0.0,0.0,0.0,1.0,1.0,0.0,1469493825.0,2192.0,2192.0,2128.0,2128.0,2156.0,0.0,84.0,21810.0,22041.0,22008.0,41.0,0.0,0.0,0.0,57.0,0.0,0.0,31.0,34.0,33.0,14.0,29.0,254313696.0,2694816.0,3171875552.0,48814296000.0,873436064.0,0.0,0.0,2335.0,0.0,0.0,2585.0,66.0,2704.0
141,0.0,1.0,0.0,0.0,0.0,2035200.0,1.0,675750000.0,1.0,204000000.0,0.433581113815,8843.0,913.0,3580.0,41125.0,42000.0,43250.0,73.0,25.0,64.0,896.0,5000.0,0.0,25.0,1000000.0,950000.0,1.0,1.0,0.0,10.0,0.0,0.0,0.0,500.0,30529027.0,781142476.0,754251192.0,0.0,242.0,0.0,0.0,7.0,333.0,330.0,52.0,84.0,27.0,0.0,0.0,84.0,0.0,0.0,0.0,0.0,0.0,287.0,27.0,25305253.0,324376330.0,24583286.0,31116608.0,802601847.0,2210.0,7300810602.0,0.0,4.0,4.0,7.0,8.0,0.0,1.0,6.0,4.0,50.0,50.0,8.0,4.0,0.0,0.0,0.0,23.0,7.0,0.0,5.0,5.0,58.0,296.0,296.0,15.0,0.0,0.0,0.0,0.0,7.0,0.0,0.0,0.0,0.0,0.0,52.0,52.0,0.0,7.0,7.0,0.0,7.0,43.0,0.0,0.0,0.0,0.0,4.0,7.0,0.0,4.0,0.0,0.0,0.0,6.0,145.0,0.0,0.0,0.0,9.0,0.0,141.0,0.0,0.0,0.0,0.0,0.0,0.0,0.0,0.0,0.0,4.0,4.0,0.0,0.0,0.0,2.0,6.0,4.0,4.0,7.0,0.0,0.0,0.0,0.0,0.0,7.0,7.0,7.0,7.0,0.0,0.0,0.0,4.0,4.0,0.0,1520253951.0,1996.0,1996.0,2430.0,2430.0,2468.0,8.0,90.0,24956.0,23830.0,23791.0,112.0,0.0,0.0,0.0,49.0,0.0,0.0,37.0,41.0,40.0,9.0,35.0,435060096.0,86260928.0,4203339456.0,49698378944.0,1544181888.0,0.0,0.0,2210.0,0.0,0.0,2385.0,80.0,2358.0
142,0.0,1.0,0.0,0.0,0.0,2035200.0,1.0,675750000.0,1.0,204000000.0,0.405838012695,12653.0,1523.0,5029.0,41125.0,42000.0,43000.0,76.0,25.0,64.0,896.0,5000.0,0.0,25.0,1000000.0,950000.0,1.0,0.0,0.0,10.0,0.0,0.0,100.0,100.0,30310331.0,761032950.0,725333807.0,0.0,1.0,0.0,0.0,0.0,6.0,6.0,52.0,5.0,3.0,0.0,0.0,5.0,0.0,0.0,0.0,0.0,0.0,1788.0,3.0,21666406.0,311214464.0,21729004.0,32560694.0,779954586.0,1788.0,6568249752.0,0.0,4.0,4.0,7.0,8.0,0.0,1.0,6.0,4.0,50.0,50.0,8.0,4.0,0.0,0.0,0.0,23.0,7.0,0.0,5.0,5.0,43.0,1856.0,1856.0,15.0,0.0,0.0,0.0,0.0,7.0,0.0,0.0,0.0,0.0,0.0,37.0,37.0,0.0,7.0,7.0,0.0,7.0,28.0,0.0,0.0,0.0,0.0,4.0,7.0,0.0,4.0,0.0,0.0,0.0,6.0,143.0,0.0,0.0,0.0,0.0,0.0,139.0,0.0,0.0,0.0,0.0,0.0,0.0,0.0,0.0,0.0,4.0,4.0,0.0,0.0,0.0,2.0,6.0,4.0,4.0,7.0,0.0,0.0,0.0,0.0,0.0,7.0,7.0,7.0,7.0,0.0,0.0,0.0,4.0,4.0,0.0,1546826672.0,1711.0,1711.0,2365.0,2365.0,2407.0,0.0,109.0,26657.0,24121.0,24077.0,131.0,0.0,0.0,0.0,96.0,0.0,0.0,43.0,46.0,45.0,17.0,41.0,626447040.0,2730592.0,3829081504.0,87824883328.0,1030176128.0,0.0,0.0,1788.0,0.0,0.0,2118.0,90.0,2322.0
143,0.0,1.0,0.0,0.0,0.0,2035200.0,1.0,675750000.0,1.0,204000000.0,0.415750980377,8004.0,913.0,3200.0,41375.0,42000.0,43000.0,76.0,25.0,64.0,896.0,5000.0,0.0,25.0,1000000.0,950000.0,1.0,0.0,0.0,10.0,0.0,0.0,100.0,100.0,29443689.0,749049969.0,726039357.0,0.0,0.0,0.0,0.0,0.0,4.0,4.0,52.0,4.0,4.0,0.0,0.0,4.0,0.0,0.0,0.0,0.0,0.0,207.0,4.0,20988386.0,312351553.0,21170384.0,30394347.0,783098245.0,2300.0,6126790305.0,0.0,4.0,4.0,7.0,8.0,0.0,1.0,6.0,4.0,50.0,50.0,8.0,4.0,0.0,0.0,0.0,23.0,7.0,0.0,5.0,5.0,15.0,81.0,81.0,15.0,0.0,0.0,0.0,0.0,7.0,0.0,0.0,0.0,0.0,0.0,9.0,9.0,0.0,7.0,7.0,0.0,7.0,0.0,0.0,0.0,0.0,0.0,4.0,7.0,0.0,4.0,0.0,0.0,0.0,6.0,143.0,0.0,0.0,0.0,0.0,0.0,139.0,0.0,0.0,0.0,0.0,0.0,0.0,0.0,0.0,0.0,4.0,4.0,0.0,0.0,0.0,2.0,6.0,4.0,4.0,7.0,0.0,0.0,0.0,0.0,0.0,7.0,7.0,7.0,7.0,0.0,0.0,0.0,4.0,4.0,0.0,1526106017.0,1920.0,1920.0,2158.0,2158.0,2193.0,0.0,90.0,24863.0,24081.0,24042.0,56.0,0.0,0.0,0.0,66.0,0.0,0.0,37.0,41.0,40.0,15.0,35.0,739029856.0,0.0,3507628256.0,44425730400.0,770981600.0,0.0,0.0,2300.0,0.0,0.0,2582.0,80.0,2926.0
144,0.0,1.0,0.0,0.0,0.0,2035200.0,1.0,675750000.0,1.0,204000000.0,0.451266050339,12349.0,1446.0,4953.0,41333.3333333,42000.0,43000.0,76.0,25.0,64.0,896.0,5000.0,0.0,25.0,1000000.0,950000.0,1.0,0.0,0.0,10.0,0.0,0.0,100.0,100.0,33879254.0,768960494.0,742576796.0,0.0,0.0,0.0,0.0,0.0,4.0,4.0,52.0,4.0,4.0,0.0,0.0,4.0,0.0,0.0,0.0,0.0,0.0,205.0,4.0,21968606.0,315515700.0,22077465.0,32373252.0,802880159.0,2217.0,6465866001.0,0.0,4.0,4.0,7.0,8.0,0.0,1.0,6.0,4.0,50.0,50.0,8.0,4.0,0.0,0.0,0.0,23.0,7.0,0.0,5.0,5.0,15.0,81.0,81.0,15.0,0.0,0.0,0.0,0.0,7.0,0.0,0.0,0.0,0.0,0.0,9.0,9.0,0.0,7.0,7.0,0.0,7.0,0.0,0.0,0.0,0.0,0.0,4.0,7.0,0.0,4.0,0.0,0.0,0.0,6.0,147.0,0.0,0.0,0.0,0.0,0.0,143.0,0.0,0.0,0.0,0.0,0.0,0.0,0.0,0.0,0.0,4.0,4.0,0.0,0.0,0.0,2.0,6.0,4.0,4.0,7.0,0.0,0.0,0.0,0.0,0.0,7.0,7.0,7.0,7.0,0.0,0.0,0.0,4.0,4.0,0.0,1588455141.0,1798.0,1798.0,2384.0,2384.0,2429.0,0.0,120.0,27947.0,24749.0,24698.0,79.0,0.0,0.0,0.0,83.0,0.0,0.0,49.0,53.0,52.0,18.0,47.0,1012974304.0,379712.0,3730791488.0,87332360256.0,1060402816.0,0.0,0.0,2217.0,0.0,0.0,2546.0,104.0,2875.0
145,0.0,1.0,0.0,0.0,0.0,2035200.0,1.0,675750000.0,1.0,204000000.0,0.41264104843099997,8080.0,990.0,3200.0,41125.0,42000.0,43000.0,78.0,25.0,64.0,896.0,5000.0,0.0,25.0,1000000.0,950000.0,1.0,1.0,0.0,10.0,0.0,0.0,100.0,100.0,29860235.0,752006853.0,721782424.0,0.0,0.0,0.0,0.0,0.0,4.0,4.0,52.0,4.0,4.0,0.0,0.0,4.0,0.0,0.0,0.0,0.0,0.0,209.0,4.0,20416214.0,299459420.0,20637865.0,29393805.0,757418995.0,1978.0,5874328125.0,0.0,4.0,4.0,7.0,8.0,0.0,1.0,6.0,4.0,50.0,50.0,8.0,4.0,0.0,0.0,0.0,23.0,7.0,0.0,5.0,5.0,15.0,81.0,81.0,15.0,0.0,0.0,0.0,0.0,7.0,0.0,0.0,0.0,0.0,0.0,9.0,9.0,0.0,7.0,7.0,0.0,7.0,0.0,0.0,0.0,0.0,0.0,4.0,7.0,0.0,4.0,0.0,0.0,0.0,6.0,144.0,0.0,0.0,0.0,0.0,0.0,140.0,0.0,0.0,0.0,0.0,0.0,0.0,0.0,0.0,0.0,4.0,4.0,0.0,0.0,0.0,2.0,6.0,4.0,4.0,7.0,0.0,0.0,0.0,0.0,0.0,7.0,7.0,7.0,7.0,0.0,0.0,0.0,4.0,4.0,0.0,1470491523.0,1654.0,1654.0,2134.0,2134.0,2167.0,0.0,103.0,24215.0,23958.0,23920.0,72.0,0.0,0.0,0.0,79.0,0.0,0.0,37.0,40.0,39.0,15.0,35.0,412884672.0,0.0,3354011296.0,84771567712.0,844283168.0,0.0,0.0,1978.0,0.0,0.0,2247.0,78.0,2541.0
146,0.0,1.0,0.0,0.0,0.0,2035200.0,1.0,675750000.0,1.0,204000000.0,0.471271038055,8309.0,761.0,3580.0,41083.3333333,41833.3333333,42916.6666667,78.0,25.0,64.0,896.0,5000.0,0.0,25.0,1000000.0,950000.0,1.0,1.0,0.0,10.0,0.0,0.0,100.0,100.0,37689249.0,780413821.0,762233021.0,0.0,0.0,0.0,0.0,0.0,4.0,4.0,52.0,4.0,4.0,0.0,0.0,4.0,0.0,0.0,0.0,0.0,0.0,209.0,4.0,20967613.0,317769232.0,20525940.0,37021741.0,797096271.0,2311.0,6662033214.0,0.0,4.0,4.0,7.0,8.0,0.0,1.0,6.0,4.0,50.0,50.0,8.0,4.0,0.0,0.0,0.0,23.0,7.0,0.0,5.0,5.0,15.0,81.0,81.0,15.0,0.0,0.0,0.0,0.0,7.0,0.0,0.0,0.0,0.0,0.0,9.0,9.0,0.0,7.0,7.0,0.0,7.0,0.0,0.0,0.0,0.0,0.0,4.0,7.0,0.0,4.0,0.0,0.0,0.0,6.0,143.0,0.0,0.0,0.0,0.0,0.0,139.0,0.0,0.0,0.0,0.0,0.0,0.0,0.0,0.0,0.0,4.0,4.0,0.0,0.0,0.0,2.0,6.0,4.0,4.0,7.0,0.0,0.0,0.0,0.0,0.0,7.0,7.0,7.0,7.0,0.0,0.0,0.0,4.0,4.0,0.0,1591971058.0,2294.0,2294.0,2540.0,2540.0,2584.0,0.0,102.0,29020.0,25173.0,25110.0,109.0,0.0,0.0,0.0,35.0,0.0,0.0,61.0,65.0,64.0,23.0,59.0,1022205728.0,8391968.0,4007325728.0,119005212000.0,1450174176.0,0.0,0.0,2311.0,0.0,0.0,2566.0,128.0,2880.0
147,0.0,1.0,0.0,0.0,0.0,2035200.0,1.0,675750000.0,1.0,204000000.0,0.460326910019,7890.0,761.0,3124.0,41000.0,41750.0,43000.0,78.0,25.0,64.0,896.0,5000.0,0.0,25.0,1000000.0,950000.0,1.0,1.0,0.0,10.0,0.0,0.0,100.0,100.0,29718871.0,747883513.0,728667983.0,0.0,0.0,0.0,0.0,0.0,4.0,4.0,52.0,4.0,4.0,0.0,0.0,4.0,0.0,0.0,0.0,0.0,0.0,211.0,4.0,20073262.0,310341277.0,20131369.0,29013696.0,762310307.0,1965.0,5830881372.0,0.0,4.0,4.0,7.0,8.0,0.0,1.0,6.0,4.0,50.0,50.0,8.0,4.0,0.0,0.0,0.0,23.0,7.0,0.0,5.0,5.0,15.0,81.0,81.0,15.0,0.0,0.0,0.0,0.0,7.0,0.0,0.0,0.0,0.0,0.0,9.0,9.0,0.0,7.0,7.0,0.0,7.0,0.0,0.0,0.0,0.0,0.0,4.0,7.0,0.0,4.0,0.0,0.0,0.0,6.0,146.0,0.0,0.0,0.0,0.0,0.0,142.0,0.0,0.0,0.0,0.0,0.0,0.0,0.0,0.0,0.0,4.0,4.0,0.0,0.0,0.0,2.0,6.0,4.0,4.0,7.0,0.0,0.0,0.0,0.0,0.0,7.0,7.0,7.0,7.0,0.0,0.0,0.0,4.0,4.0,0.0,1494454685.0,1688.0,1688.0,2191.0,2191.0,2218.0,0.0,91.0,24372.0,23912.0,23873.0,97.0,0.0,0.0,0.0,67.0,0.0,0.0,37.0,41.0,40.0,9.0,35.0,580475872.0,0.0,3414809824.0,47498528672.0,1054729952.0,0.0,0.0,1965.0,0.0,0.0,2192.0,80.0,2489.0
148,0.0,1.0,0.0,0.0,0.0,2035200.0,1.0,675750000.0,1.0,204000000.0,0.407967090607,7890.0,913.0,3200.0,41083.3333333,41833.3333333,42833.3333333,82.0,25.0,64.0,896.0,5000.0,0.0,25.0,1000000.0,950000.0,1.0,0.0,0.0,10.0,0.0,0.0,100.0,500.0,30178495.0,729691293.0,702806942.0,0.0,0.0,0.0,0.0,0.0,4.0,4.0,52.0,4.0,4.0,0.0,0.0,4.0,0.0,0.0,0.0,0.0,0.0,209.0,4.0,19542855.0,306114753.0,19590713.0,29350891.0,748445244.0,1591.0,6050579310.0,0.0,4.0,4.0,7.0,8.0,0.0,1.0,6.0,4.0,50.0,50.0,8.0,4.0,0.0,0.0,0.0,23.0,7.0,0.0,5.0,5.0,15.0,81.0,81.0,15.0,0.0,0.0,0.0,0.0,7.0,0.0,0.0,0.0,0.0,0.0,9.0,9.0,0.0,7.0,7.0,0.0,7.0,0.0,0.0,0.0,0.0,0.0,4.0,7.0,0.0,4.0,0.0,0.0,0.0,6.0,145.0,0.0,0.0,0.0,0.0,0.0,141.0,0.0,0.0,0.0,0.0,0.0,0.0,0.0,0.0,0.0,4.0,4.0,0.0,0.0,0.0,2.0,6.0,4.0,4.0,7.0,0.0,0.0,0.0,0.0,0.0,7.0,7.0,7.0,7.0,0.0,0.0,0.0,4.0,4.0,0.0,1479641490.0,1597.0,1597.0,2148.0,2148.0,2181.0,0.0,77.0,26111.0,24242.0,24197.0,98.0,0.0,0.0,0.0,59.0,0.0,0.0,43.0,47.0,46.0,15.0,41.0,811396032.0,0.0,3523056224.0,94561752672.0,822748768.0,0.0,0.0,1591.0,0.0,0.0,1883.0,92.0,2204.0
149,0.0,1.0,0.0,0.0,0.0,2035200.0,1.0,675750000.0,1.0,204000000.0,0.409624099731,16617.0,1751.0,6476.0,40875.0,42000.0,43000.0,82.0,25.0,64.0,896.0,5000.0,0.0,25.0,1000000.0,950000.0,1.0,0.0,0.0,10.0,0.0,0.0,100.0,500.0,32329453.0,779646927.0,733026555.0,0.0,0.0,0.0,0.0,0.0,4.0,4.0,52.0,4.0,4.0,0.0,0.0,4.0,0.0,0.0,0.0,0.0,0.0,204.0,4.0,20644855.0,297699362.0,21125009.0,32742064.0,779667326.0,1533.0,6332908060.0,0.0,4.0,4.0,7.0,8.0,0.0,1.0,6.0,4.0,50.0,50.0,8.0,4.0,0.0,0.0,0.0,23.0,7.0,0.0,5.0,5.0,15.0,81.0,81.0,15.0,0.0,0.0,0.0,0.0,7.0,0.0,0.0,0.0,0.0,0.0,9.0,9.0,0.0,7.0,7.0,0.0,7.0,0.0,0.0,0.0,0.0,0.0,4.0,7.0,0.0,4.0,0.0,0.0,0.0,6.0,146.0,0.0,0.0,0.0,0.0,0.0,142.0,0.0,0.0,0.0,0.0,0.0,0.0,0.0,0.0,0.0,4.0,4.0,0.0,0.0,0.0,2.0,6.0,4.0,4.0,7.0,0.0,0.0,0.0,0.0,0.0,7.0,7.0,7.0,7.0,0.0,0.0,0.0,4.0,4.0,0.0,1518413830.0,1526.0,1526.0,2305.0,2305.0,2340.0,0.0,127.0,27138.0,24581.0,24529.0,119.0,0.0,0.0,0.0,79.0,0.0,0.0,49.0,54.0,53.0,16.0,47.0,813326560.0,6977408.0,3630213408.0,110326713632.0,818946944.0,0.0,0.0,1533.0,0.0,0.0,1849.0,106.0,2156.0
150,0.0,1.0,0.0,0.0,0.0,2035200.0,1.0,675750000.0,1.0,204000000.0,0.403888940811,8232.0,990.0,3200.0,40875.0,41750.0,42500.0,82.0,25.0,64.0,896.0,5000.0,0.0,25.0,1000000.0,950000.0,1.0,0.0,0.0,10.0,0.0,0.0,100.0,500.0,27699238.0,710585130.0,680977003.0,0.0,0.0,0.0,0.0,0.0,4.0,4.0,52.0,4.0,4.0,0.0,0.0,4.0,0.0,0.0,0.0,0.0,0.0,200.0,4.0,19898919.0,293644581.0,20225131.0,28500865.0,734812110.0,1591.0,5913694924.0,0.0,4.0,4.0,7.0,8.0,0.0,1.0,6.0,4.0,50.0,50.0,8.0,4.0,0.0,0.0,0.0,23.0,7.0,0.0,5.0,5.0,15.0,81.0,81.0,15.0,0.0,0.0,0.0,0.0,7.0,0.0,0.0,0.0,0.0,0.0,9.0,9.0,0.0,7.0,7.0,0.0,7.0,0.0,0.0,0.0,0.0,0.0,4.0,7.0,0.0,4.0,0.0,0.0,0.0,6.0,143.0,0.0,0.0,0.0,0.0,0.0,139.0,0.0,0.0,0.0,0.0,0.0,0.0,0.0,0.0,0.0,4.0,4.0,0.0,0.0,0.0,2.0,6.0,4.0,4.0,7.0,0.0,0.0,0.0,0.0,0.0,7.0,7.0,7.0,7.0,0.0,0.0,0.0,4.0,4.0,0.0,1509003628.0,1798.0,1798.0,2165.0,2165.0,2198.0,0.0,112.0,24695.0,23616.0,23578.0,78.0,0.0,0.0,0.0,79.0,0.0,0.0,37.0,40.0,39.0,12.0,35.0,785185472.0,0.0,3361714400.0,111736544896.0,1001739744.0,0.0,0.0,1591.0,0.0,0.0,1888.0,78.0,2201.0
151,0.0,1.0,0.0,0.0,0.0,2035200.0,1.0,675750000.0,1.0,204000000.0,0.46712207794200006,14176.0,1294.0,5788.0,41000.0,41750.0,43000.0,79.0,25.0,64.0,896.0,5000.0,0.0,25.0,1000000.0,950000.0,1.0,1.0,0.0,10.0,0.0,0.0,100.0,500.0,31587174.0,757199160.0,739817155.0,0.0,0.0,0.0,0.0,0.0,4.0,4.0,52.0,4.0,4.0,0.0,0.0,4.0,0.0,0.0,0.0,0.0,0.0,201.0,4.0,21343978.0,325800685.0,21206514.0,31767405.0,781895832.0,2570.0,6443479859.0,0.0,4.0,4.0,7.0,8.0,0.0,1.0,6.0,4.0,50.0,50.0,8.0,4.0,0.0,0.0,0.0,23.0,7.0,0.0,5.0,5.0,15.0,81.0,81.0,15.0,0.0,0.0,0.0,0.0,7.0,0.0,0.0,0.0,0.0,0.0,9.0,9.0,0.0,7.0,7.0,0.0,7.0,0.0,0.0,0.0,0.0,0.0,4.0,7.0,0.0,4.0,0.0,0.0,0.0,6.0,143.0,0.0,0.0,0.0,0.0,0.0,139.0,0.0,0.0,0.0,0.0,0.0,0.0,0.0,0.0,0.0,4.0,4.0,0.0,0.0,0.0,2.0,6.0,4.0,4.0,7.0,0.0,0.0,0.0,0.0,0.0,7.0,7.0,7.0,7.0,0.0,0.0,0.0,4.0,4.0,0.0,1564564069.0,2129.0,2129.0,2361.0,2361.0,2397.0,0.0,112.0,26868.0,24412.0,24368.0,86.0,0.0,0.0,0.0,83.0,0.0,0.0,43.0,46.0,45.0,18.0,41.0,812219520.0,347648.0,3735714944.0,205109252608.0,1875808512.0,0.0,0.0,2570.0,0.0,0.0,2819.0,90.0,3072.0
152,0.0,1.0,0.0,0.0,0.0,2035200.0,1.0,675750000.0,1.0,204000000.0,0.450617074966,12312.0,1218.0,4952.0,41083.3333333,41666.6666667,42666.6666667,79.0,25.0,64.0,896.0,5000.0,0.0,25.0,1000000.0,950000.0,1.0,1.0,0.0,10.0,0.0,0.0,100.0,500.0,34246089.0,792171984.0,781625193.0,0.0,0.0,0.0,0.0,0.0,4.0,4.0,52.0,4.0,4.0,0.0,0.0,4.0,0.0,0.0,0.0,0.0,0.0,207.0,4.0,22006653.0,335951108.0,22399651.0,35892295.0,803692600.0,2585.0,6382390174.0,0.0,4.0,4.0,7.0,8.0,0.0,1.0,6.0,4.0,50.0,50.0,8.0,4.0,0.0,0.0,0.0,23.0,7.0,0.0,5.0,5.0,15.0,81.0,81.0,15.0,0.0,0.0,0.0,0.0,7.0,0.0,0.0,0.0,0.0,0.0,9.0,9.0,0.0,7.0,7.0,0.0,7.0,0.0,0.0,0.0,0.0,0.0,4.0,7.0,0.0,4.0,0.0,0.0,0.0,6.0,143.0,0.0,0.0,0.0,0.0,0.0,139.0,0.0,0.0,0.0,0.0,0.0,0.0,0.0,0.0,0.0,4.0,4.0,0.0,0.0,0.0,2.0,6.0,4.0,4.0,7.0,0.0,0.0,0.0,0.0,0.0,7.0,7.0,7.0,7.0,0.0,0.0,0.0,4.0,4.0,0.0,1547069243.0,2483.0,2483.0,2404.0,2404.0,2448.0,0.0,160.0,27600.0,24763.0,24711.0,117.0,0.0,0.0,0.0,117.0,0.0,0.0,49.0,54.0,53.0,14.0,47.0,670487168.0,10873664.0,3665838592.0,67110928096.0,957687776.0,0.0,0.0,2585.0,0.0,0.0,2922.0,106.0,3356.0
153,0.0,1.0,0.0,0.0,0.0,2035200.0,1.0,675750000.0,1.0,204000000.0,0.40605115890500004,7852.0,913.0,3048.0,41125.0,42000.0,42500.0,79.0,25.0,64.0,896.0,5000.0,0.0,25.0,1000000.0,950000.0,1.0,1.0,0.0,10.0,0.0,0.0,100.0,500.0,28972308.0,741580794.0,700090334.0,0.0,0.0,0.0,0.0,0.0,4.0,4.0,52.0,4.0,4.0,0.0,0.0,4.0,0.0,0.0,0.0,0.0,0.0,203.0,4.0,20303149.0,297498565.0,20148197.0,30901288.0,770252088.0,1886.0,5912914333.0,0.0,4.0,4.0,7.0,8.0,0.0,1.0,6.0,4.0,50.0,50.0,8.0,4.0,0.0,0.0,0.0,23.0,7.0,0.0,5.0,5.0,15.0,81.0,81.0,15.0,0.0,0.0,0.0,0.0,7.0,0.0,0.0,0.0,0.0,0.0,9.0,9.0,0.0,7.0,7.0,0.0,7.0,0.0,0.0,0.0,0.0,0.0,4.0,7.0,0.0,4.0,0.0,0.0,0.0,6.0,143.0,0.0,0.0,0.0,0.0,0.0,139.0,0.0,0.0,0.0,0.0,0.0,0.0,0.0,0.0,0.0,4.0,4.0,0.0,0.0,0.0,2.0,6.0,4.0,4.0,7.0,0.0,0.0,0.0,0.0,0.0,7.0,7.0,7.0,7.0,0.0,0.0,0.0,4.0,4.0,0.0,1550905310.0,1925.0,1925.0,2213.0,2213.0,2244.0,0.0,83.0,25036.0,23680.0,23642.0,90.0,0.0,0.0,0.0,59.0,0.0,0.0,37.0,40.0,39.0,14.0,35.0,418254400.0,0.0,3414720640.0,73995704704.0,816691776.0,0.0,0.0,1886.0,0.0,0.0,2158.0,78.0,2392.0
154,0.0,1.0,1.0,1.0,1.0,1267200.0,1.0,854250000.0,1.0,1600000000.0,0.116903066635,4992.0,609.0,1295.0,40250.0,42500.0,43000.0,80.0,25.0,64.0,896.0,5000.0,0.0,25.0,1000000.0,950000.0,1.0,0.0,0.0,10.0,0.0,0.0,0.0,100.0,20432918.0,592914768.0,583764296.0,0.0,1.0,0.0,0.0,0.0,4.0,4.0,52.0,3.0,3.0,0.0,0.0,3.0,0.0,0.0,0.0,0.0,0.0,196.0,3.0,16698374.0,294630073.0,16654848.0,21345778.0,592307549.0,413.0,2491276238.0,0.0,4.0,4.0,7.0,8.0,0.0,1.0,6.0,4.0,50.0,50.0,8.0,4.0,0.0,0.0,0.0,23.0,7.0,0.0,5.0,5.0,15.0,81.0,81.0,15.0,0.0,0.0,0.0,0.0,7.0,0.0,0.0,0.0,0.0,0.0,9.0,9.0,0.0,7.0,7.0,0.0,7.0,0.0,0.0,0.0,0.0,0.0,4.0,7.0,0.0,4.0,0.0,0.0,0.0,6.0,142.0,0.0,0.0,0.0,0.0,0.0,138.0,0.0,0.0,0.0,0.0,0.0,0.0,0.0,0.0,0.0,4.0,4.0,0.0,0.0,0.0,2.0,6.0,4.0,4.0,7.0,0.0,0.0,0.0,0.0,0.0,7.0,7.0,7.0,7.0,0.0,0.0,0.0,4.0,4.0,0.0,1362284253.0,455.0,455.0,1223.0,1223.0,1251.0,0.0,66.0,21289.0,22710.0,22685.0,49.0,0.0,0.0,0.0,58.0,0.0,0.0,25.0,27.0,26.0,9.0,23.0,19697088.0,132224.0,1644618432.0,18544318560.0,52689824.0,0.0,0.0,413.0,0.0,0.0,575.0,52.0,699.0
155,0.0,1.0,1.0,1.0,1.0,1267200.0,1.0,854250000.0,1.0,1600000000.0,0.118091106415,4992.0,609.0,1295.0,41750.0,42500.0,43000.0,80.0,25.0,64.0,896.0,5000.0,0.0,25.0,1000000.0,950000.0,1.0,0.0,0.0,10.0,0.0,0.0,0.0,100.0,22618325.0,608555778.0,595684416.0,0.0,0.0,0.0,0.0,0.0,4.0,4.0,52.0,4.0,4.0,0.0,0.0,4.0,0.0,0.0,0.0,0.0,0.0,208.0,4.0,15860764.0,284794088.0,16009922.0,23470186.0,603891916.0,514.0,2428244815.0,0.0,4.0,4.0,7.0,8.0,0.0,1.0,6.0,4.0,50.0,50.0,8.0,4.0,0.0,0.0,0.0,23.0,7.0,0.0,5.0,5.0,15.0,81.0,81.0,15.0,0.0,0.0,0.0,0.0,7.0,0.0,0.0,0.0,0.0,0.0,9.0,9.0,0.0,7.0,7.0,0.0,7.0,0.0,0.0,0.0,0.0,0.0,4.0,7.0,0.0,4.0,0.0,0.0,0.0,6.0,143.0,0.0,0.0,0.0,0.0,0.0,139.0,0.0,0.0,0.0,0.0,0.0,0.0,0.0,0.0,0.0,4.0,4.0,0.0,0.0,0.0,2.0,6.0,4.0,4.0,7.0,0.0,0.0,0.0,0.0,0.0,7.0,7.0,7.0,7.0,0.0,0.0,0.0,4.0,4.0,0.0,1352486266.0,474.0,474.0,1199.0,1199.0,1229.0,0.0,59.0,21558.0,22742.0,22717.0,36.0,0.0,0.0,0.0,77.0,0.0,0.0,25.0,27.0,26.0,9.0,23.0,120040704.0,0.0,1689305472.0,30145245280.0,52811968.0,0.0,0.0,514.0,0.0,0.0,680.0,52.0,882.0
156,0.0,1.0,1.0,1.0,1.0,1267200.0,1.0,854250000.0,1.0,1600000000.0,0.116436004639,5488.0,533.0,1676.0,41000.0,42500.0,43000.0,80.0,25.0,64.0,896.0,5000.0,0.0,25.0,1000000.0,950000.0,1.0,0.0,0.0,10.0,0.0,0.0,0.0,100.0,23082016.0,598168954.0,587092209.0,0.0,1.0,0.0,0.0,0.0,4.0,4.0,52.0,3.0,3.0,0.0,0.0,3.0,0.0,0.0,0.0,0.0,0.0,201.0,3.0,16499480.0,287423004.0,16523082.0,22552429.0,596916684.0,470.0,2472071460.0,0.0,4.0,4.0,7.0,8.0,0.0,1.0,6.0,4.0,50.0,50.0,8.0,4.0,0.0,0.0,0.0,23.0,7.0,0.0,5.0,5.0,15.0,81.0,81.0,15.0,0.0,0.0,0.0,0.0,7.0,0.0,0.0,0.0,0.0,0.0,9.0,9.0,0.0,7.0,7.0,0.0,7.0,0.0,0.0,0.0,0.0,0.0,4.0,7.0,0.0,4.0,0.0,0.0,0.0,6.0,142.0,0.0,0.0,0.0,0.0,0.0,138.0,0.0,0.0,0.0,0.0,0.0,0.0,0.0,0.0,0.0,4.0,4.0,0.0,0.0,0.0,2.0,6.0,4.0,4.0,7.0,0.0,0.0,0.0,0.0,0.0,7.0,7.0,7.0,7.0,0.0,0.0,0.0,4.0,4.0,0.0,1327695578.0,481.0,481.0,1151.0,1151.0,1175.0,0.0,56.0,21270.0,22686.0,22661.0,25.0,0.0,0.0,0.0,58.0,0.0,0.0,25.0,27.0,26.0,7.0,23.0,11199840.0,0.0,1633868032.0,28316690528.0,36937120.0,0.0,0.0,470.0,0.0,0.0,616.0,52.0,805.0
157,0.0,1.0,1.0,1.0,1.0,1267200.0,1.0,854250000.0,1.0,1600000000.0,0.116317987442,5068.0,609.0,1371.0,41000.0,42500.0,43000.0,91.0,25.0,64.0,896.0,5000.0,0.0,25.0,1000000.0,950000.0,1.0,1.0,0.0,10.0,0.0,0.0,0.0,100.0,22207128.0,598930419.0,593598812.0,0.0,1.0,0.0,0.0,0.0,4.0,4.0,52.0,3.0,3.0,0.0,0.0,3.0,0.0,0.0,0.0,0.0,0.0,207.0,3.0,16729250.0,288823843.0,16836017.0,22434652.0,609684761.0,435.0,2429491880.0,0.0,4.0,4.0,7.0,8.0,0.0,1.0,6.0,4.0,50.0,50.0,8.0,4.0,0.0,0.0,0.0,23.0,7.0,0.0,5.0,5.0,15.0,81.0,81.0,15.0,0.0,0.0,0.0,0.0,7.0,0.0,0.0,0.0,0.0,0.0,9.0,9.0,0.0,7.0,7.0,0.0,7.0,0.0,0.0,0.0,0.0,0.0,4.0,7.0,0.0,4.0,0.0,0.0,0.0,6.0,142.0,0.0,0.0,0.0,0.0,0.0,138.0,0.0,0.0,0.0,0.0,0.0,0.0,0.0,0.0,0.0,4.0,4.0,0.0,0.0,0.0,2.0,6.0,4.0,4.0,7.0,0.0,0.0,0.0,0.0,0.0,7.0,7.0,7.0,7.0,0.0,0.0,0.0,4.0,4.0,0.0,1393238249.0,496.0,496.0,1238.0,1238.0,1272.0,0.0,52.0,21469.0,22638.0,22613.0,43.0,0.0,0.0,0.0,36.0,0.0,0.0,25.0,27.0,26.0,8.0,23.0,13980896.0,0.0,1674674912.0,31137762336.0,38841120.0,0.0,0.0,435.0,0.0,0.0,588.0,52.0,740.0
158,0.0,1.0,1.0,1.0,1.0,1267200.0,1.0,854250000.0,1.0,1600000000.0,0.114394187927,5107.0,609.0,1371.0,41000.0,43000.0,43000.0,91.0,25.0,64.0,896.0,5000.0,0.0,25.0,1000000.0,950000.0,1.0,1.0,0.0,10.0,0.0,0.0,0.0,100.0,22730776.0,572901766.0,575785817.0,0.0,1.0,0.0,0.0,0.0,4.0,4.0,52.0,3.0,3.0,0.0,0.0,3.0,0.0,0.0,0.0,0.0,0.0,209.0,3.0,16740874.0,287514063.0,16690515.0,23204861.0,596208675.0,450.0,2406912474.0,0.0,4.0,4.0,7.0,8.0,0.0,1.0,6.0,4.0,50.0,50.0,8.0,4.0,0.0,0.0,0.0,23.0,7.0,0.0,5.0,5.0,15.0,81.0,81.0,15.0,0.0,0.0,0.0,0.0,7.0,0.0,0.0,0.0,0.0,0.0,9.0,9.0,0.0,7.0,7.0,0.0,7.0,0.0,0.0,0.0,0.0,0.0,4.0,7.0,0.0,4.0,0.0,0.0,0.0,6.0,143.0,0.0,0.0,0.0,0.0,0.0,139.0,0.0,0.0,0.0,0.0,0.0,0.0,0.0,0.0,0.0,4.0,4.0,0.0,0.0,0.0,2.0,6.0,4.0,4.0,7.0,0.0,0.0,0.0,0.0,0.0,7.0,7.0,7.0,7.0,0.0,0.0,0.0,4.0,4.0,0.0,1354958111.0,441.0,441.0,1242.0,1242.0,1271.0,0.0,59.0,21554.0,22696.0,22671.0,40.0,0.0,0.0,0.0,53.0,0.0,0.0,25.0,27.0,26.0,5.0,23.0,18025792.0,4237248.0,1638530240.0,37293861568.0,48069664.0,0.0,0.0,450.0,0.0,0.0,603.0,52.0,737.0
159,0.0,1.0,1.0,1.0,1.0,1267200.0,1.0,854250000.0,1.0,1600000000.0,0.116128206253,10137.0,1142.0,2437.0,41625.0,42500.0,43000.0,91.0,25.0,64.0,896.0,5000.0,0.0,25.0,1000000.0,950000.0,1.0,1.0,0.0,10.0,0.0,0.0,0.0,100.0,26577841.0,617408001.0,614383989.0,0.0,1.0,0.0,0.0,0.0,4.0,4.0,52.0,3.0,3.0,0.0,0.0,3.0,0.0,0.0,0.0,0.0,0.0,199.0,3.0,21169054.0,306351003.0,21150959.0,27523478.0,618904470.0,596.0,2737454962.0,0.0,4.0,4.0,7.0,8.0,0.0,1.0,6.0,4.0,50.0,50.0,8.0,4.0,0.0,0.0,0.0,23.0,7.0,0.0,5.0,5.0,15.0,81.0,81.0,15.0,0.0,0.0,0.0,0.0,7.0,0.0,0.0,0.0,0.0,0.0,9.0,9.0,0.0,7.0,7.0,0.0,7.0,0.0,0.0,0.0,0.0,0.0,4.0,7.0,0.0,4.0,0.0,0.0,0.0,6.0,140.0,0.0,0.0,0.0,0.0,0.0,136.0,0.0,0.0,0.0,0.0,0.0,0.0,0.0,0.0,0.0,4.0,4.0,0.0,0.0,0.0,2.0,6.0,4.0,4.0,7.0,0.0,0.0,0.0,0.0,0.0,7.0,7.0,7.0,7.0,0.0,0.0,0.0,4.0,4.0,0.0,1408812743.0,503.0,503.0,1353.0,1353.0,1383.0,0.0,89.0,24413.0,23604.0,23565.0,57.0,0.0,0.0,0.0,63.0,0.0,0.0,37.0,41.0,40.0,6.0,35.0,26284576.0,0.0,1808088288.0,22907853600.0,55749280.0,0.0,0.0,596.0,0.0,0.0,770.0,80.0,1032.0
160,0.0,1.0,1.0,1.0,1.0,1267200.0,1.0,854250000.0,1.0,1600000000.0,0.115612983704,10403.0,1142.0,2590.0,41750.0,42500.0,43000.0,91.0,25.0,64.0,896.0,5000.0,0.0,25.0,1000000.0,950000.0,1.0,0.0,0.0,10.0,0.0,0.0,0.0,500.0,25947242.0,617221111.0,607949739.0,0.0,0.0,0.0,0.0,0.0,4.0,4.0,52.0,4.0,4.0,0.0,0.0,4.0,0.0,0.0,0.0,0.0,0.0,206.0,4.0,16390031.0,301801720.0,16318829.0,25845556.0,627851124.0,654.0,2537365999.0,0.0,4.0,4.0,7.0,8.0,0.0,1.0,6.0,4.0,50.0,50.0,8.0,4.0,0.0,0.0,0.0,23.0,7.0,0.0,5.0,5.0,15.0,81.0,81.0,15.0,0.0,0.0,0.0,0.0,7.0,0.0,0.0,0.0,0.0,0.0,9.0,9.0,0.0,7.0,7.0,0.0,7.0,0.0,0.0,0.0,0.0,0.0,4.0,7.0,0.0,4.0,0.0,0.0,0.0,6.0,142.0,0.0,0.0,0.0,0.0,0.0,138.0,0.0,0.0,0.0,0.0,0.0,0.0,0.0,0.0,0.0,4.0,4.0,0.0,0.0,0.0,2.0,6.0,4.0,4.0,7.0,0.0,0.0,0.0,0.0,0.0,7.0,7.0,7.0,7.0,0.0,0.0,0.0,4.0,4.0,0.0,1403510447.0,525.0,525.0,1332.0,1332.0,1363.0,0.0,94.0,24608.0,23672.0,23633.0,78.0,0.0,0.0,0.0,99.0,0.0,0.0,37.0,41.0,40.0,7.0,35.0,121358560.0,0.0,1814128704.0,41800913632.0,59429600.0,0.0,0.0,654.0,0.0,0.0,937.0,80.0,1138.0
161,0.0,1.0,1.0,1.0,1.0,1267200.0,1.0,854250000.0,1.0,1600000000.0,0.11661100387599999,10251.0,1294.0,2437.0,41250.0,43000.0,43000.0,91.0,25.0,64.0,896.0,5000.0,0.0,25.0,1000000.0,950000.0,1.0,0.0,0.0,10.0,0.0,0.0,0.0,500.0,25130709.0,602775113.0,578216824.0,0.0,1.0,0.0,0.0,0.0,4.0,4.0,52.0,3.0,3.0,0.0,0.0,3.0,0.0,0.0,0.0,0.0,0.0,210.0,3.0,16969632.0,282640520.0,16875643.0,24514309.0,595320190.0,687.0,2504136856.0,0.0,4.0,4.0,7.0,8.0,0.0,1.0,6.0,4.0,50.0,50.0,8.0,4.0,0.0,0.0,0.0,23.0,7.0,0.0,5.0,5.0,15.0,81.0,81.0,15.0,0.0,0.0,0.0,0.0,7.0,0.0,0.0,0.0,0.0,0.0,9.0,9.0,0.0,7.0,7.0,0.0,7.0,0.0,0.0,0.0,0.0,0.0,4.0,7.0,0.0,4.0,0.0,0.0,0.0,6.0,141.0,0.0,0.0,0.0,0.0,0.0,137.0,0.0,0.0,0.0,0.0,0.0,0.0,0.0,0.0,0.0,4.0,4.0,0.0,0.0,0.0,2.0,6.0,4.0,4.0,7.0,0.0,0.0,0.0,0.0,0.0,7.0,7.0,7.0,7.0,0.0,0.0,0.0,4.0,4.0,0.0,1380483896.0,524.0,524.0,1320.0,1320.0,1354.0,0.0,76.0,23492.0,23558.0,23526.0,56.0,0.0,0.0,0.0,70.0,0.0,0.0,31.0,34.0,33.0,8.0,29.0,149227712.0,67104.0,1733711712.0,43780344672.0,50611744.0,0.0,0.0,687.0,0.0,0.0,902.0,66.0,1172.0
162,0.0,1.0,1.0,1.0,1.0,1267200.0,1.0,854250000.0,1.0,1600000000.0,0.114881038666,10289.0,1218.0,2514.0,42125.0,42500.0,43000.0,91.0,25.0,64.0,896.0,5000.0,0.0,25.0,1000000.0,950000.0,1.0,0.0,0.0,10.0,0.0,0.0,0.0,500.0,28601447.0,621462612.0,611293439.0,0.0,1.0,0.0,0.0,0.0,4.0,4.0,52.0,3.0,3.0,0.0,0.0,3.0,0.0,0.0,0.0,0.0,0.0,207.0,3.0,17025581.0,295830646.0,16938234.0,28224049.0,614096400.0,723.0,2543549849.0,0.0,4.0,4.0,7.0,8.0,0.0,1.0,6.0,4.0,50.0,50.0,8.0,4.0,0.0,0.0,0.0,23.0,7.0,0.0,5.0,5.0,15.0,81.0,81.0,15.0,0.0,0.0,0.0,0.0,7.0,0.0,0.0,0.0,0.0,0.0,9.0,9.0,0.0,7.0,7.0,0.0,7.0,0.0,0.0,0.0,0.0,0.0,4.0,7.0,0.0,4.0,0.0,0.0,0.0,6.0,143.0,0.0,0.0,0.0,0.0,0.0,139.0,0.0,0.0,0.0,0.0,0.0,0.0,0.0,0.0,0.0,4.0,4.0,0.0,0.0,0.0,2.0,6.0,4.0,4.0,7.0,0.0,0.0,0.0,0.0,0.0,7.0,7.0,7.0,7.0,0.0,0.0,0.0,4.0,4.0,0.0,1396789326.0,555.0,555.0,1413.0,1413.0,1448.0,0.0,101.0,24662.0,23665.0,23626.0,68.0,0.0,0.0,0.0,90.0,0.0,0.0,37.0,41.0,40.0,10.0,35.0,134075680.0,82720.0,1826782592.0,43256127168.0,68167808.0,0.0,0.0,723.0,0.0,0.0,975.0,80.0,1249.0
163,0.0,1.0,1.0,1.0,1.0,1267200.0,1.0,854250000.0,1.0,1600000000.0,0.115170955658,5030.0,609.0,1295.0,41000.0,43000.0,43000.0,86.0,25.0,64.0,896.0,5000.0,0.0,25.0,1000000.0,950000.0,1.0,1.0,0.0,10.0,0.0,0.0,0.0,500.0,23253265.0,595808640.0,578308943.0,0.0,1.0,0.0,0.0,0.0,4.0,4.0,52.0,3.0,3.0,0.0,0.0,3.0,0.0,0.0,0.0,0.0,0.0,203.0,3.0,16553394.0,277115273.0,17002520.0,22617821.0,607313177.0,497.0,2479771578.0,0.0,4.0,4.0,7.0,8.0,0.0,1.0,6.0,4.0,50.0,50.0,8.0,4.0,0.0,0.0,0.0,23.0,7.0,0.0,5.0,5.0,15.0,81.0,81.0,15.0,0.0,0.0,0.0,0.0,7.0,0.0,0.0,0.0,0.0,0.0,9.0,9.0,0.0,7.0,7.0,0.0,7.0,0.0,0.0,0.0,0.0,0.0,4.0,7.0,0.0,4.0,0.0,0.0,0.0,6.0,140.0,0.0,0.0,0.0,0.0,0.0,136.0,0.0,0.0,0.0,0.0,0.0,0.0,0.0,0.0,0.0,4.0,4.0,0.0,0.0,0.0,2.0,6.0,4.0,4.0,7.0,0.0,0.0,0.0,0.0,0.0,7.0,7.0,7.0,7.0,0.0,0.0,0.0,4.0,4.0,0.0,1401575763.0,459.0,459.0,1222.0,1222.0,1251.0,0.0,61.0,21389.0,22773.0,22748.0,52.0,0.0,0.0,0.0,71.0,0.0,0.0,25.0,27.0,26.0,7.0,23.0,229299424.0,4918144.0,1672664352.0,46410611136.0,73004608.0,0.0,0.0,497.0,0.0,0.0,632.0,52.0,806.0
164,0.0,1.0,1.0,1.0,1.0,1267200.0,1.0,854250000.0,1.0,1600000000.0,0.117868185043,10289.0,1294.0,2514.0,41000.0,43000.0,43000.0,86.0,25.0,64.0,896.0,5000.0,0.0,25.0,1000000.0,950000.0,1.0,1.0,0.0,10.0,0.0,0.0,0.0,500.0,24950069.0,626781672.0,587343436.0,0.0,1.0,0.0,0.0,0.0,4.0,4.0,52.0,3.0,3.0,0.0,0.0,3.0,0.0,0.0,0.0,0.0,0.0,210.0,3.0,17462739.0,285521382.0,17073690.0,25948335.0,624357284.0,605.0,2495413511.0,0.0,4.0,4.0,7.0,8.0,0.0,1.0,6.0,4.0,50.0,50.0,8.0,4.0,0.0,0.0,0.0,23.0,7.0,0.0,5.0,5.0,15.0,81.0,81.0,15.0,0.0,0.0,0.0,0.0,7.0,0.0,0.0,0.0,0.0,0.0,9.0,9.0,0.0,7.0,7.0,0.0,7.0,0.0,0.0,0.0,0.0,0.0,4.0,7.0,0.0,4.0,0.0,0.0,0.0,6.0,143.0,0.0,0.0,0.0,0.0,0.0,139.0,0.0,0.0,0.0,0.0,0.0,0.0,0.0,0.0,0.0,4.0,4.0,0.0,0.0,0.0,2.0,6.0,4.0,4.0,7.0,0.0,0.0,0.0,0.0,0.0,7.0,7.0,7.0,7.0,0.0,0.0,0.0,4.0,4.0,0.0,1406833067.0,485.0,485.0,1245.0,1245.0,1274.0,0.0,83.0,23598.0,23330.0,23298.0,43.0,0.0,0.0,0.0,77.0,0.0,0.0,31.0,34.0,33.0,7.0,29.0,322839392.0,0.0,1738296672.0,34884203840.0,54457184.0,0.0,0.0,605.0,0.0,0.0,804.0,66.0,982.0
165,0.0,1.0,1.0,1.0,1.0,1267200.0,1.0,854250000.0,1.0,1600000000.0,0.116615056992,10289.0,1142.0,2437.0,41250.0,42250.0,43000.0,86.0,25.0,64.0,896.0,5000.0,0.0,25.0,1000000.0,950000.0,1.0,1.0,0.0,10.0,0.0,0.0,0.0,500.0,27559472.0,617259780.0,601542530.0,0.0,1.0,0.0,0.0,0.0,4.0,4.0,52.0,3.0,3.0,0.0,0.0,3.0,0.0,0.0,0.0,0.0,0.0,209.0,3.0,16703022.0,287482930.0,16379118.0,26434925.0,613781092.0,622.0,2507074234.0,0.0,4.0,4.0,7.0,8.0,0.0,1.0,6.0,4.0,50.0,50.0,8.0,4.0,0.0,0.0,0.0,23.0,7.0,0.0,5.0,5.0,15.0,81.0,81.0,15.0,0.0,0.0,0.0,0.0,7.0,0.0,0.0,0.0,0.0,0.0,9.0,9.0,0.0,7.0,7.0,0.0,7.0,0.0,0.0,0.0,0.0,0.0,4.0,7.0,0.0,4.0,0.0,0.0,0.0,6.0,142.0,0.0,0.0,0.0,0.0,0.0,138.0,0.0,0.0,0.0,0.0,0.0,0.0,0.0,0.0,0.0,4.0,4.0,0.0,0.0,0.0,2.0,6.0,4.0,4.0,7.0,0.0,0.0,0.0,0.0,0.0,7.0,7.0,7.0,7.0,0.0,0.0,0.0,4.0,4.0,0.0,1382514807.0,545.0,545.0,1407.0,1407.0,1445.0,0.0,98.0,24375.0,23616.0,23577.0,135.0,0.0,0.0,0.0,92.0,0.0,0.0,37.0,41.0,40.0,10.0,35.0,21028736.0,0.0,1823599328.0,50636333856.0,77628224.0,0.0,0.0,622.0,0.0,0.0,928.0,80.0,1122.0
166,0.0,1.0,1.0,1.0,1.0,1267200.0,1.0,854250000.0,1.0,1600000000.0,0.11935710907,10365.0,1142.0,2514.0,41250.0,43000.0,43000.0,87.0,25.0,64.0,896.0,5000.0,0.0,25.0,1000000.0,950000.0,1.0,0.0,0.0,10.0,0.0,0.0,100.0,100.0,22927400.0,604356916.0,592325881.0,0.0,1.0,0.0,0.0,0.0,4.0,4.0,52.0,3.0,3.0,0.0,0.0,3.0,0.0,0.0,0.0,0.0,0.0,204.0,3.0,16351565.0,284599955.0,16685371.0,24429276.0,601339101.0,600.0,2504943499.0,0.0,4.0,4.0,7.0,8.0,0.0,1.0,6.0,4.0,50.0,50.0,8.0,4.0,0.0,0.0,0.0,23.0,7.0,0.0,5.0,5.0,15.0,81.0,81.0,15.0,0.0,0.0,0.0,0.0,7.0,0.0,0.0,0.0,0.0,0.0,9.0,9.0,0.0,7.0,7.0,0.0,7.0,0.0,0.0,0.0,0.0,0.0,4.0,7.0,0.0,4.0,0.0,0.0,0.0,6.0,139.0,0.0,0.0,0.0,0.0,0.0,135.0,0.0,0.0,0.0,0.0,0.0,0.0,0.0,0.0,0.0,4.0,4.0,0.0,0.0,0.0,2.0,6.0,4.0,4.0,7.0,0.0,0.0,0.0,0.0,0.0,7.0,7.0,7.0,7.0,0.0,0.0,0.0,4.0,4.0,0.0,1380761825.0,516.0,516.0,1306.0,1306.0,1342.0,0.0,84.0,23427.0,23312.0,23280.0,29.0,0.0,0.0,0.0,82.0,0.0,0.0,31.0,34.0,33.0,4.0,29.0,211630240.0,0.0,1706197568.0,36437379776.0,62405056.0,0.0,0.0,600.0,0.0,0.0,776.0,66.0,1016.0
167,0.0,1.0,1.0,1.0,1.0,1267200.0,1.0,854250000.0,1.0,1600000000.0,0.11810302734400001,10213.0,1218.0,2437.0,41250.0,42500.0,43500.0,87.0,25.0,64.0,896.0,5000.0,0.0,25.0,1000000.0,950000.0,1.0,0.0,0.0,10.0,0.0,0.0,100.0,100.0,24830252.0,597778092.0,581170062.0,0.0,1.0,0.0,0.0,0.0,4.0,4.0,52.0,3.0,3.0,0.0,0.0,3.0,0.0,0.0,0.0,0.0,0.0,202.0,3.0,16035887.0,277701453.0,15799672.0,25443599.0,614155653.0,590.0,2439598222.0,0.0,4.0,4.0,7.0,8.0,0.0,1.0,6.0,4.0,50.0,50.0,8.0,4.0,0.0,0.0,0.0,23.0,7.0,0.0,5.0,5.0,15.0,81.0,81.0,15.0,0.0,0.0,0.0,0.0,7.0,0.0,0.0,0.0,0.0,0.0,9.0,9.0,0.0,7.0,7.0,0.0,7.0,0.0,0.0,0.0,0.0,0.0,4.0,7.0,0.0,4.0,0.0,0.0,0.0,6.0,142.0,0.0,0.0,0.0,0.0,0.0,138.0,0.0,0.0,0.0,0.0,0.0,0.0,0.0,0.0,0.0,4.0,4.0,0.0,0.0,0.0,2.0,6.0,4.0,4.0,7.0,0.0,0.0,0.0,0.0,0.0,7.0,7.0,7.0,7.0,0.0,0.0,0.0,4.0,4.0,0.0,1400916248.0,485.0,485.0,1238.0,1238.0,1270.0,0.0,76.0,23602.0,23313.0,23281.0,132.0,0.0,0.0,0.0,67.0,0.0,0.0,31.0,34.0,33.0,8.0,29.0,16695200.0,204352.0,1716636448.0,31210402496.0,51407744.0,0.0,0.0,590.0,0.0,0.0,887.0,66.0,1084.0
168,0.0,1.0,1.0,1.0,1.0,1267200.0,1.0,854250000.0,1.0,1600000000.0,0.113795995712,5030.0,609.0,1295.0,41250.0,43000.0,43000.0,87.0,25.0,64.0,896.0,5000.0,0.0,25.0,1000000.0,950000.0,1.0,0.0,0.0,10.0,0.0,0.0,100.0,100.0,21734048.0,608338836.0,590781240.0,0.0,0.0,0.0,0.0,0.0,4.0,4.0,52.0,4.0,4.0,0.0,0.0,4.0,0.0,0.0,0.0,0.0,0.0,199.0,4.0,16567478.0,270781570.0,16383171.0,22884104.0,618667206.0,449.0,2486021675.0,0.0,4.0,4.0,7.0,8.0,0.0,1.0,6.0,4.0,50.0,50.0,8.0,4.0,0.0,0.0,0.0,23.0,7.0,0.0,5.0,5.0,15.0,81.0,81.0,15.0,0.0,0.0,0.0,0.0,7.0,0.0,0.0,0.0,0.0,0.0,9.0,9.0,0.0,7.0,7.0,0.0,7.0,0.0,0.0,0.0,0.0,0.0,4.0,7.0,0.0,4.0,0.0,0.0,0.0,6.0,142.0,0.0,0.0,0.0,0.0,0.0,138.0,0.0,0.0,0.0,0.0,0.0,0.0,0.0,0.0,0.0,4.0,4.0,0.0,0.0,0.0,2.0,6.0,4.0,4.0,7.0,0.0,0.0,0.0,0.0,0.0,7.0,7.0,7.0,7.0,0.0,0.0,0.0,4.0,4.0,0.0,1378806895.0,463.0,463.0,1153.0,1153.0,1181.0,0.0,62.0,21503.0,22785.0,22760.0,43.0,0.0,0.0,0.0,52.0,0.0,0.0,25.0,27.0,26.0,8.0,23.0,17317056.0,0.0,1674358464.0,27090947296.0,53563328.0,0.0,0.0,449.0,0.0,0.0,617.0,52.0,749.0
169,0.0,1.0,1.0,1.0,1.0,1267200.0,1.0,854250000.0,1.0,1600000000.0,0.116100072861,5526.0,609.0,1752.0,42250.0,43000.0,43500.0,87.0,25.0,64.0,896.0,5000.0,0.0,25.0,1000000.0,950000.0,1.0,1.0,0.0,10.0,0.0,0.0,100.0,100.0,23398217.0,600270832.0,596774642.0,0.0,1.0,0.0,0.0,0.0,4.0,4.0,52.0,3.0,3.0,0.0,0.0,3.0,0.0,0.0,0.0,0.0,0.0,206.0,3.0,16394446.0,289351171.0,16536219.0,21333298.0,604528446.0,526.0,2443584404.0,0.0,4.0,4.0,7.0,8.0,0.0,1.0,6.0,4.0,50.0,50.0,8.0,4.0,0.0,0.0,0.0,23.0,7.0,0.0,5.0,5.0,15.0,81.0,81.0,15.0,0.0,0.0,0.0,0.0,7.0,0.0,0.0,0.0,0.0,0.0,9.0,9.0,0.0,7.0,7.0,0.0,7.0,0.0,0.0,0.0,0.0,0.0,4.0,7.0,0.0,4.0,0.0,0.0,0.0,6.0,143.0,0.0,0.0,0.0,0.0,0.0,139.0,0.0,0.0,0.0,0.0,0.0,0.0,0.0,0.0,0.0,4.0,4.0,0.0,0.0,0.0,2.0,6.0,4.0,4.0,7.0,0.0,0.0,0.0,0.0,0.0,7.0,7.0,7.0,7.0,0.0,0.0,0.0,4.0,4.0,0.0,1351150997.0,460.0,460.0,1204.0,1204.0,1233.0,0.0,59.0,21409.0,22811.0,22786.0,50.0,0.0,0.0,0.0,75.0,0.0,0.0,25.0,27.0,26.0,7.0,23.0,23045312.0,3532256.0,1664453472.0,44859331776.0,55638208.0,0.0,0.0,526.0,0.0,0.0,723.0,52.0,898.0
170,0.0,1.0,1.0,1.0,1.0,1267200.0,1.0,854250000.0,1.0,1600000000.0,0.119422912598,5030.0,609.0,1295.0,42000.0,43000.0,43000.0,87.0,25.0,64.0,896.0,5000.0,0.0,25.0,1000000.0,950000.0,1.0,1.0,0.0,10.0,0.0,0.0,100.0,100.0,21478363.0,605523030.0,591030178.0,0.0,0.0,0.0,0.0,0.0,4.0,4.0,52.0,4.0,4.0,0.0,0.0,4.0,0.0,0.0,0.0,0.0,0.0,203.0,4.0,20318701.0,297568801.0,20476071.0,21134102.0,613826020.0,464.0,2628516884.0,0.0,4.0,4.0,7.0,8.0,0.0,1.0,6.0,4.0,50.0,50.0,8.0,4.0,0.0,0.0,0.0,23.0,7.0,0.0,5.0,5.0,15.0,81.0,81.0,15.0,0.0,0.0,0.0,0.0,7.0,0.0,0.0,0.0,0.0,0.0,9.0,9.0,0.0,7.0,7.0,0.0,7.0,0.0,0.0,0.0,0.0,0.0,4.0,7.0,0.0,4.0,0.0,0.0,0.0,6.0,142.0,0.0,0.0,0.0,0.0,0.0,138.0,0.0,0.0,0.0,0.0,0.0,0.0,0.0,0.0,0.0,4.0,4.0,0.0,0.0,0.0,2.0,6.0,4.0,4.0,7.0,0.0,0.0,0.0,0.0,0.0,7.0,7.0,7.0,7.0,0.0,0.0,0.0,4.0,4.0,0.0,1394114218.0,451.0,451.0,1170.0,1170.0,1200.0,0.0,57.0,21419.0,22715.0,22690.0,69.0,0.0,0.0,0.0,55.0,0.0,0.0,25.0,27.0,26.0,8.0,23.0,16341568.0,0.0,1656414144.0,22929670912.0,32695040.0,0.0,0.0,464.0,0.0,0.0,625.0,52.0,835.0
171,0.0,1.0,1.0,1.0,1.0,1267200.0,1.0,854250000.0,1.0,1600000000.0,0.11599493026699999,11049.0,1218.0,2437.0,41000.0,43000.0,43000.0,87.0,25.0,64.0,896.0,5000.0,0.0,25.0,1000000.0,950000.0,1.0,1.0,0.0,10.0,0.0,0.0,100.0,100.0,24449222.0,588977943.0,608357471.0,0.0,1.0,0.0,0.0,0.0,4.0,4.0,52.0,3.0,3.0,0.0,0.0,3.0,0.0,0.0,0.0,0.0,0.0,204.0,3.0,16593813.0,301935753.0,16485709.0,24802776.0,620173226.0,598.0,2475753576.0,0.0,4.0,4.0,7.0,8.0,0.0,1.0,6.0,4.0,50.0,50.0,8.0,4.0,0.0,0.0,0.0,23.0,7.0,0.0,5.0,5.0,15.0,81.0,81.0,15.0,0.0,0.0,0.0,0.0,7.0,0.0,0.0,0.0,0.0,0.0,9.0,9.0,0.0,7.0,7.0,0.0,7.0,0.0,0.0,0.0,0.0,0.0,4.0,7.0,0.0,4.0,0.0,0.0,0.0,6.0,139.0,0.0,0.0,0.0,0.0,0.0,135.0,0.0,0.0,0.0,0.0,0.0,0.0,0.0,0.0,0.0,4.0,4.0,0.0,0.0,0.0,2.0,6.0,4.0,4.0,7.0,0.0,0.0,0.0,0.0,0.0,7.0,7.0,7.0,7.0,0.0,0.0,0.0,4.0,4.0,0.0,1395445441.0,517.0,517.0,1371.0,1371.0,1405.0,0.0,73.0,23456.0,23290.0,23258.0,40.0,0.0,0.0,0.0,68.0,0.0,0.0,31.0,34.0,33.0,11.0,29.0,125321312.0,0.0,1743533088.0,28076239296.0,56464352.0,0.0,0.0,598.0,0.0,0.0,827.0,66.0,1004.0
172,0.0,1.0,1.0,1.0,1.0,1267200.0,1.0,854250000.0,1.0,1600000000.0,0.117461919785,5488.0,609.0,1295.0,41250.0,43000.0,43000.0,85.0,25.0,64.0,896.0,5000.0,0.0,25.0,1000000.0,950000.0,1.0,0.0,0.0,10.0,0.0,0.0,100.0,500.0,21117767.0,600668490.0,588958994.0,0.0,1.0,0.0,0.0,0.0,4.0,4.0,52.0,3.0,3.0,0.0,0.0,3.0,0.0,0.0,0.0,0.0,0.0,199.0,3.0,15984436.0,280459945.0,15935142.0,22230781.0,605739101.0,491.0,2454605108.0,0.0,4.0,4.0,7.0,8.0,0.0,1.0,6.0,4.0,50.0,50.0,8.0,4.0,0.0,0.0,0.0,23.0,7.0,0.0,5.0,5.0,15.0,81.0,81.0,15.0,0.0,0.0,0.0,0.0,7.0,0.0,0.0,0.0,0.0,0.0,9.0,9.0,0.0,7.0,7.0,0.0,7.0,0.0,0.0,0.0,0.0,0.0,4.0,7.0,0.0,4.0,0.0,0.0,0.0,6.0,139.0,0.0,0.0,0.0,0.0,0.0,135.0,0.0,0.0,0.0,0.0,0.0,0.0,0.0,0.0,0.0,4.0,4.0,0.0,0.0,0.0,2.0,6.0,4.0,4.0,7.0,0.0,0.0,0.0,0.0,0.0,7.0,7.0,7.0,7.0,0.0,0.0,0.0,4.0,4.0,0.0,1353505573.0,455.0,455.0,1221.0,1221.0,1248.0,0.0,59.0,21427.0,22817.0,22792.0,54.0,0.0,0.0,0.0,64.0,0.0,0.0,25.0,27.0,26.0,6.0,23.0,121623904.0,0.0,1612830752.0,36681778016.0,66264288.0,0.0,0.0,491.0,0.0,0.0,645.0,52.0,883.0
173,0.0,1.0,1.0,1.0,1.0,1267200.0,1.0,854250000.0,1.0,1600000000.0,0.119051933289,4992.0,533.0,1295.0,41250.0,43000.0,43000.0,85.0,25.0,64.0,896.0,5000.0,0.0,25.0,1000000.0,950000.0,1.0,0.0,0.0,10.0,0.0,0.0,100.0,500.0,21767937.0,581168814.0,571638467.0,0.0,1.0,0.0,0.0,0.0,4.0,4.0,52.0,3.0,3.0,0.0,0.0,3.0,0.0,0.0,0.0,0.0,0.0,206.0,3.0,16283434.0,281210454.0,16136627.0,21858046.0,595048547.0,437.0,2389977416.0,0.0,4.0,4.0,7.0,8.0,0.0,1.0,6.0,4.0,50.0,50.0,8.0,4.0,0.0,0.0,0.0,23.0,7.0,0.0,5.0,5.0,15.0,81.0,81.0,15.0,0.0,0.0,0.0,0.0,7.0,0.0,0.0,0.0,0.0,0.0,9.0,9.0,0.0,7.0,7.0,0.0,7.0,0.0,0.0,0.0,0.0,0.0,4.0,7.0,0.0,4.0,0.0,0.0,0.0,6.0,142.0,0.0,0.0,0.0,0.0,0.0,138.0,0.0,0.0,0.0,0.0,0.0,0.0,0.0,0.0,0.0,4.0,4.0,0.0,0.0,0.0,2.0,6.0,4.0,4.0,7.0,0.0,0.0,0.0,0.0,0.0,7.0,7.0,7.0,7.0,0.0,0.0,0.0,4.0,4.0,0.0,1351630677.0,439.0,439.0,1177.0,1177.0,1211.0,0.0,52.0,21377.0,22637.0,22612.0,23.0,0.0,0.0,0.0,53.0,0.0,0.0,25.0,27.0,26.0,8.0,23.0,115106432.0,0.0,1610431776.0,29797313696.0,32764480.0,0.0,0.0,437.0,0.0,0.0,575.0,52.0,716.0
174,0.0,1.0,1.0,1.0,1.0,1267200.0,1.0,854250000.0,1.0,1600000000.0,0.11765408515900001,4992.0,533.0,1295.0,41500.0,43000.0,43500.0,85.0,25.0,64.0,896.0,5000.0,0.0,25.0,1000000.0,950000.0,1.0,0.0,0.0,10.0,0.0,0.0,100.0,500.0,22864739.0,581754533.0,573999225.0,0.0,1.0,0.0,0.0,0.0,4.0,4.0,52.0,3.0,3.0,0.0,0.0,3.0,0.0,0.0,0.0,0.0,0.0,206.0,3.0,16500616.0,282295182.0,16144432.0,21494920.0,594681040.0,570.0,2439497301.0,0.0,4.0,4.0,7.0,8.0,0.0,1.0,6.0,4.0,50.0,50.0,8.0,4.0,0.0,0.0,0.0,23.0,7.0,0.0,5.0,5.0,15.0,81.0,81.0,15.0,0.0,0.0,0.0,0.0,7.0,0.0,0.0,0.0,0.0,0.0,9.0,9.0,0.0,7.0,7.0,0.0,7.0,0.0,0.0,0.0,0.0,0.0,4.0,7.0,0.0,4.0,0.0,0.0,0.0,6.0,142.0,0.0,0.0,0.0,0.0,0.0,138.0,0.0,0.0,0.0,0.0,0.0,0.0,0.0,0.0,0.0,4.0,4.0,0.0,0.0,0.0,2.0,6.0,4.0,4.0,7.0,0.0,0.0,0.0,0.0,0.0,7.0,7.0,7.0,7.0,0.0,0.0,0.0,4.0,4.0,0.0,1340304955.0,461.0,461.0,1183.0,1183.0,1213.0,0.0,51.0,21254.0,22792.0,22767.0,55.0,0.0,0.0,0.0,53.0,0.0,0.0,25.0,27.0,26.0,8.0,23.0,219914400.0,0.0,1623422336.0,30122852992.0,49403040.0,0.0,0.0,570.0,0.0,0.0,683.0,52.0,838.0
175,0.0,1.0,1.0,1.0,1.0,1267200.0,1.0,854250000.0,1.0,1600000000.0,0.11698198318499999,5068.0,609.0,1295.0,41500.0,43000.0,43500.0,81.0,25.0,64.0,896.0,5000.0,0.0,25.0,1000000.0,950000.0,1.0,1.0,0.0,10.0,0.0,0.0,100.0,500.0,23035637.0,602772267.0,583936136.0,0.0,1.0,0.0,0.0,0.0,4.0,4.0,52.0,3.0,3.0,0.0,0.0,3.0,0.0,0.0,0.0,0.0,0.0,198.0,3.0,17143902.0,290514737.0,17001282.0,22559471.0,589769177.0,480.0,2410710138.0,0.0,4.0,4.0,7.0,8.0,0.0,1.0,6.0,4.0,50.0,50.0,8.0,4.0,0.0,0.0,0.0,23.0,7.0,0.0,5.0,5.0,15.0,81.0,81.0,15.0,0.0,0.0,0.0,0.0,7.0,0.0,0.0,0.0,0.0,0.0,9.0,9.0,0.0,7.0,7.0,0.0,7.0,0.0,0.0,0.0,0.0,0.0,4.0,7.0,0.0,4.0,0.0,0.0,0.0,6.0,139.0,0.0,0.0,0.0,0.0,0.0,135.0,0.0,0.0,0.0,0.0,0.0,0.0,0.0,0.0,0.0,4.0,4.0,0.0,0.0,0.0,2.0,6.0,4.0,4.0,7.0,0.0,0.0,0.0,0.0,0.0,7.0,7.0,7.0,7.0,0.0,0.0,0.0,4.0,4.0,0.0,1322837553.0,461.0,461.0,1183.0,1183.0,1209.0,0.0,61.0,21369.0,22801.0,22776.0,26.0,0.0,0.0,0.0,70.0,0.0,0.0,25.0,27.0,26.0,6.0,23.0,15395776.0,0.0,1622047872.0,46411843072.0,34631840.0,0.0,0.0,480.0,0.0,0.0,602.0,52.0,806.0
176,0.0,1.0,1.0,1.0,1.0,1267200.0,1.0,854250000.0,1.0,1600000000.0,0.115336179733,11013.0,1142.0,2437.0,41250.0,43000.0,43500.0,81.0,25.0,64.0,896.0,5000.0,0.0,25.0,1000000.0,950000.0,1.0,1.0,0.0,10.0,0.0,0.0,100.0,500.0,25239010.0,608620351.0,600642924.0,0.0,1.0,0.0,0.0,0.0,4.0,4.0,52.0,3.0,3.0,0.0,0.0,3.0,0.0,0.0,0.0,0.0,0.0,205.0,3.0,16752928.0,292637169.0,16636151.0,25020910.0,608341051.0,647.0,2485302112.0,0.0,4.0,4.0,7.0,8.0,0.0,1.0,6.0,4.0,50.0,50.0,8.0,4.0,0.0,0.0,0.0,23.0,7.0,0.0,5.0,5.0,15.0,81.0,81.0,15.0,0.0,0.0,0.0,0.0,7.0,0.0,0.0,0.0,0.0,0.0,9.0,9.0,0.0,7.0,7.0,0.0,7.0,0.0,0.0,0.0,0.0,0.0,4.0,7.0,0.0,4.0,0.0,0.0,0.0,6.0,142.0,0.0,0.0,0.0,0.0,0.0,138.0,0.0,0.0,0.0,0.0,0.0,0.0,0.0,0.0,0.0,4.0,4.0,0.0,0.0,0.0,2.0,6.0,4.0,4.0,7.0,0.0,0.0,0.0,0.0,0.0,7.0,7.0,7.0,7.0,0.0,0.0,0.0,4.0,4.0,0.0,1369338881.0,564.0,564.0,1322.0,1322.0,1353.0,0.0,85.0,23530.0,23284.0,23252.0,70.0,0.0,0.0,0.0,87.0,0.0,0.0,31.0,34.0,33.0,10.0,29.0,321056096.0,0.0,1770421856.0,48840305088.0,67997632.0,0.0,0.0,647.0,0.0,0.0,827.0,66.0,1061.0
177,0.0,1.0,1.0,1.0,1.0,1267200.0,1.0,854250000.0,1.0,1600000000.0,0.11609506607100001,4992.0,609.0,1295.0,42500.0,43000.0,43500.0,81.0,25.0,64.0,896.0,5000.0,0.0,25.0,1000000.0,950000.0,1.0,1.0,0.0,10.0,0.0,0.0,100.0,500.0,21388826.0,590059074.0,579621058.0,0.0,1.0,0.0,0.0,0.0,4.0,4.0,52.0,3.0,3.0,0.0,0.0,3.0,0.0,0.0,0.0,0.0,0.0,201.0,3.0,15585485.0,273359421.0,15856433.0,21555687.0,604483115.0,456.0,2425013817.0,0.0,4.0,4.0,7.0,8.0,0.0,1.0,6.0,4.0,50.0,50.0,8.0,4.0,0.0,0.0,0.0,23.0,7.0,0.0,5.0,5.0,15.0,81.0,81.0,15.0,0.0,0.0,0.0,0.0,7.0,0.0,0.0,0.0,0.0,0.0,9.0,9.0,0.0,7.0,7.0,0.0,7.0,0.0,0.0,0.0,0.0,0.0,4.0,7.0,0.0,4.0,0.0,0.0,0.0,6.0,139.0,0.0,0.0,0.0,0.0,0.0,135.0,0.0,0.0,0.0,0.0,0.0,0.0,0.0,0.0,0.0,4.0,4.0,0.0,0.0,0.0,2.0,6.0,4.0,4.0,7.0,0.0,0.0,0.0,0.0,0.0,7.0,7.0,7.0,7.0,0.0,0.0,0.0,4.0,4.0,0.0,1345675436.0,550.0,550.0,1232.0,1232.0,1261.0,0.0,51.0,21487.0,22813.0,22788.0,44.0,0.0,0.0,0.0,57.0,0.0,0.0,25.0,27.0,26.0,7.0,23.0,218255520.0,0.0,1638120064.0,32649275808.0,42749376.0,0.0,0.0,456.0,0.0,0.0,702.0,52.0,849.0
178,0.0,1.0,1.0,1.0,1.0,1881600.0,1.0,229500000.0,1.0,1062400000.0,0.344223022461,18368.0,1675.0,5713.0,41400.0,42200.0,43500.0,72.0,25.0,64.0,896.0,5000.0,0.0,25.0,1000000.0,950000.0,1.0,0.0,0.0,10.0,0.0,0.0,0.0,100.0,38286755.0,696842492.0,691519888.0,0.0,1.0,0.0,0.0,0.0,4.0,4.0,52.0,3.0,3.0,0.0,0.0,3.0,0.0,0.0,0.0,0.0,0.0,207.0,3.0,20895861.0,344657982.0,20623642.0,39410822.0,720593266.0,1004.0,3410594407.0,0.0,4.0,4.0,7.0,8.0,0.0,1.0,6.0,4.0,50.0,50.0,8.0,4.0,0.0,0.0,0.0,23.0,7.0,0.0,5.0,5.0,15.0,81.0,81.0,15.0,0.0,0.0,0.0,0.0,7.0,0.0,0.0,0.0,0.0,0.0,9.0,9.0,0.0,7.0,7.0,0.0,7.0,0.0,0.0,0.0,0.0,0.0,4.0,7.0,0.0,4.0,0.0,0.0,0.0,6.0,139.0,0.0,0.0,0.0,0.0,0.0,135.0,0.0,0.0,0.0,0.0,0.0,0.0,0.0,0.0,0.0,4.0,4.0,0.0,0.0,0.0,2.0,6.0,4.0,4.0,7.0,0.0,0.0,0.0,0.0,0.0,7.0,7.0,7.0,7.0,0.0,0.0,0.0,4.0,4.0,0.0,1585563854.0,694.0,694.0,1682.0,1682.0,1721.0,0.0,173.0,30995.0,25936.0,25862.0,65.0,0.0,0.0,0.0,188.0,0.0,0.0,67.0,76.0,75.0,19.0,65.0,125415296.0,183328.0,2136358496.0,33837858656.0,118157376.0,0.0,0.0,1004.0,0.0,0.0,1498.0,150.0,1758.0
179,0.0,1.0,1.0,1.0,1.0,1881600.0,1.0,229500000.0,1.0,1062400000.0,0.34481215477,18292.0,1827.0,5561.0,41500.0,42375.0,43125.0,72.0,25.0,64.0,896.0,5000.0,0.0,25.0,1000000.0,950000.0,1.0,0.0,0.0,10.0,0.0,0.0,0.0,100.0,37560538.0,707995451.0,704426945.0,0.0,0.0,0.0,0.0,0.0,4.0,4.0,52.0,4.0,4.0,0.0,0.0,4.0,0.0,0.0,0.0,0.0,0.0,206.0,4.0,16844252.0,337577641.0,16761223.0,36316549.0,692509661.0,930.0,3237488398.0,0.0,4.0,4.0,7.0,8.0,0.0,1.0,6.0,4.0,50.0,50.0,8.0,4.0,0.0,0.0,0.0,23.0,7.0,0.0,5.0,5.0,15.0,81.0,81.0,15.0,0.0,0.0,0.0,0.0,7.0,0.0,0.0,0.0,0.0,0.0,9.0,9.0,0.0,7.0,7.0,0.0,7.0,0.0,0.0,0.0,0.0,0.0,4.0,7.0,0.0,4.0,0.0,0.0,0.0,6.0,140.0,0.0,0.0,0.0,0.0,0.0,136.0,0.0,0.0,0.0,0.0,0.0,0.0,0.0,0.0,0.0,4.0,4.0,0.0,0.0,0.0,2.0,6.0,4.0,4.0,7.0,0.0,0.0,0.0,0.0,0.0,7.0,7.0,7.0,7.0,0.0,0.0,0.0,4.0,4.0,0.0,1579411141.0,706.0,706.0,1609.0,1609.0,1641.0,0.0,174.0,30368.0,25427.0,25360.0,86.0,0.0,0.0,0.0,180.0,0.0,0.0,61.0,69.0,68.0,12.0,59.0,245239424.0,249600.0,2164902592.0,42343358336.0,97546944.0,0.0,0.0,930.0,0.0,0.0,1446.0,136.0,1641.0
180,0.0,1.0,1.0,1.0,1.0,1881600.0,1.0,229500000.0,1.0,1062400000.0,0.34400510788000005,18292.0,1599.0,5713.0,41812.5,42125.0,43500.0,72.0,25.0,64.0,896.0,5000.0,0.0,25.0,1000000.0,950000.0,1.0,0.0,0.0,10.0,0.0,0.0,0.0,100.0,37514508.0,687896862.0,695190732.0,0.0,1.0,0.0,0.0,0.0,4.0,4.0,52.0,3.0,3.0,0.0,0.0,3.0,0.0,0.0,0.0,0.0,0.0,216.0,3.0,17157998.0,352366239.0,17344841.0,34778988.0,698653416.0,993.0,3275202746.0,0.0,4.0,4.0,7.0,8.0,0.0,1.0,6.0,4.0,50.0,50.0,8.0,4.0,0.0,0.0,0.0,23.0,7.0,0.0,5.0,5.0,15.0,81.0,81.0,15.0,0.0,0.0,0.0,0.0,7.0,0.0,0.0,0.0,0.0,0.0,9.0,9.0,0.0,7.0,7.0,0.0,7.0,0.0,0.0,0.0,0.0,0.0,4.0,7.0,0.0,4.0,0.0,0.0,0.0,6.0,142.0,0.0,0.0,0.0,0.0,0.0,138.0,0.0,0.0,0.0,0.0,0.0,0.0,0.0,0.0,0.0,4.0,4.0,0.0,0.0,0.0,2.0,6.0,4.0,4.0,7.0,0.0,0.0,0.0,0.0,0.0,7.0,7.0,7.0,7.0,0.0,0.0,0.0,4.0,4.0,0.0,1613915879.0,754.0,754.0,1659.0,1659.0,1704.0,0.0,168.0,29317.0,25467.0,25400.0,77.0,0.0,0.0,0.0,189.0,0.0,0.0,61.0,69.0,68.0,27.0,59.0,135701536.0,90048.0,2113396608.0,40648790464.0,99979200.0,0.0,0.0,993.0,0.0,0.0,1501.0,136.0,1744.0
181,0.0,1.0,1.0,1.0,1.0,1881600.0,1.0,229500000.0,1.0,1062400000.0,0.34463596344,18254.0,1599.0,5713.0,41437.5,42375.0,43375.0,100.0,25.0,64.0,896.0,5000.0,0.0,25.0,1000000.0,950000.0,1.0,1.0,0.0,10.0,0.0,0.0,0.0,100.0,36443178.0,704974546.0,704146799.0,0.0,1.0,0.0,0.0,0.0,4.0,4.0,52.0,3.0,3.0,0.0,0.0,3.0,0.0,0.0,0.0,0.0,0.0,213.0,3.0,17283968.0,332071415.0,17073049.0,38207573.0,692313052.0,1062.0,3225643324.0,0.0,4.0,4.0,7.0,8.0,0.0,1.0,6.0,4.0,50.0,50.0,8.0,4.0,0.0,0.0,0.0,23.0,7.0,0.0,5.0,5.0,15.0,81.0,81.0,15.0,0.0,0.0,0.0,0.0,7.0,0.0,0.0,0.0,0.0,0.0,9.0,9.0,0.0,7.0,7.0,0.0,7.0,0.0,0.0,0.0,0.0,0.0,4.0,7.0,0.0,4.0,0.0,0.0,0.0,6.0,140.0,0.0,0.0,0.0,0.0,0.0,136.0,0.0,0.0,0.0,0.0,0.0,0.0,0.0,0.0,0.0,4.0,4.0,0.0,0.0,0.0,2.0,6.0,4.0,4.0,7.0,0.0,0.0,0.0,0.0,0.0,7.0,7.0,7.0,7.0,0.0,0.0,0.0,4.0,4.0,0.0,1526637664.0,648.0,648.0,1601.0,1601.0,1634.0,0.0,150.0,30361.0,25562.0,25495.0,69.0,0.0,0.0,0.0,165.0,0.0,0.0,61.0,69.0,68.0,9.0,59.0,249528000.0,383584.0,2113153856.0,46425890368.0,94071552.0,0.0,0.0,1062.0,0.0,0.0,1551.0,136.0,1802.0
182,0.0,1.0,1.0,1.0,1.0,1881600.0,1.0,229500000.0,1.0,1062400000.0,0.346571922302,19245.0,1674.0,6170.0,41583.3333333,42333.3333333,43500.0,100.0,25.0,64.0,896.0,5000.0,0.0,25.0,1000000.0,950000.0,1.0,1.0,0.0,10.0,0.0,0.0,0.0,100.0,33670382.0,655034511.0,630238061.0,0.0,1.0,0.0,0.0,0.0,4.0,4.0,52.0,3.0,3.0,0.0,0.0,3.0,0.0,0.0,0.0,0.0,0.0,214.0,3.0,17415160.0,321828549.0,17046231.0,34115780.0,699850598.0,875.0,3302285108.0,0.0,4.0,4.0,7.0,8.0,0.0,1.0,6.0,4.0,50.0,50.0,8.0,4.0,0.0,0.0,0.0,23.0,7.0,0.0,5.0,5.0,15.0,81.0,81.0,15.0,0.0,0.0,0.0,0.0,7.0,0.0,0.0,0.0,0.0,0.0,9.0,9.0,0.0,7.0,7.0,0.0,7.0,0.0,0.0,0.0,0.0,0.0,4.0,7.0,0.0,4.0,0.0,0.0,0.0,6.0,142.0,0.0,0.0,0.0,0.0,0.0,138.0,0.0,0.0,0.0,0.0,0.0,0.0,0.0,0.0,0.0,4.0,4.0,0.0,0.0,0.0,2.0,6.0,4.0,4.0,7.0,0.0,0.0,0.0,0.0,0.0,7.0,7.0,7.0,7.0,0.0,0.0,0.0,4.0,4.0,0.0,1566889236.0,650.0,650.0,1573.0,1573.0,1610.0,0.0,146.0,29014.0,24957.0,24897.0,75.0,0.0,0.0,0.0,147.0,0.0,0.0,55.0,62.0,61.0,13.0,53.0,245905184.0,270400.0,2097597984.0,51563493536.0,72623008.0,0.0,0.0,875.0,0.0,0.0,1267.0,122.0,1535.0
183,0.0,1.0,1.0,1.0,1.0,1881600.0,1.0,229500000.0,1.0,1062400000.0,0.335099935532,18139.0,1675.0,5638.0,41583.3333333,42166.6666667,43500.0,100.0,25.0,64.0,896.0,5000.0,0.0,25.0,1000000.0,950000.0,1.0,1.0,0.0,10.0,0.0,0.0,0.0,100.0,34073336.0,662397282.0,664617373.0,0.0,0.0,0.0,0.0,0.0,4.0,4.0,52.0,4.0,4.0,0.0,0.0,4.0,0.0,0.0,0.0,0.0,0.0,201.0,4.0,17480719.0,328239460.0,16733910.0,36072356.0,667140664.0,921.0,3114315239.0,0.0,4.0,4.0,7.0,8.0,0.0,1.0,6.0,4.0,50.0,50.0,8.0,4.0,0.0,0.0,0.0,23.0,7.0,0.0,5.0,5.0,15.0,81.0,81.0,15.0,0.0,0.0,0.0,0.0,7.0,0.0,0.0,0.0,0.0,0.0,9.0,9.0,0.0,7.0,7.0,0.0,7.0,0.0,0.0,0.0,0.0,0.0,4.0,7.0,0.0,4.0,0.0,0.0,0.0,6.0,143.0,0.0,0.0,0.0,0.0,0.0,139.0,0.0,0.0,0.0,0.0,0.0,0.0,0.0,0.0,0.0,4.0,4.0,0.0,0.0,0.0,2.0,6.0,4.0,4.0,7.0,0.0,0.0,0.0,0.0,0.0,7.0,7.0,7.0,7.0,0.0,0.0,0.0,4.0,4.0,0.0,1451408364.0,667.0,667.0,1442.0,1442.0,1478.0,0.0,155.0,27987.0,25167.0,25107.0,88.0,0.0,0.0,0.0,181.0,0.0,0.0,55.0,62.0,61.0,14.0,53.0,233594720.0,0.0,2052308800.0,347152676992.0,121588288.0,0.0,0.0,921.0,0.0,0.0,1431.0,122.0,1583.0
184,0.0,1.0,1.0,1.0,1.0,1881600.0,1.0,229500000.0,1.0,1062400000.0,0.344942092896,18406.0,1751.0,5485.0,41583.3333333,42000.0,43500.0,74.0,25.0,64.0,896.0,5000.0,0.0,25.0,1000000.0,950000.0,1.0,0.0,0.0,10.0,0.0,0.0,0.0,500.0,33884608.0,686774308.0,653585231.0,0.0,1.0,0.0,0.0,0.0,4.0,4.0,52.0,3.0,3.0,0.0,0.0,3.0,0.0,0.0,0.0,0.0,0.0,212.0,3.0,16706843.0,318754807.0,16548008.0,34205696.0,668736280.0,961.0,3151221037.0,0.0,4.0,4.0,7.0,8.0,0.0,1.0,6.0,4.0,50.0,50.0,8.0,4.0,0.0,0.0,0.0,23.0,7.0,0.0,5.0,5.0,15.0,81.0,81.0,15.0,0.0,0.0,0.0,0.0,7.0,0.0,0.0,0.0,0.0,0.0,9.0,9.0,0.0,7.0,7.0,0.0,7.0,0.0,0.0,0.0,0.0,0.0,4.0,7.0,0.0,4.0,0.0,0.0,0.0,6.0,142.0,0.0,0.0,0.0,0.0,0.0,138.0,0.0,0.0,0.0,0.0,0.0,0.0,0.0,0.0,0.0,4.0,4.0,0.0,0.0,0.0,2.0,6.0,4.0,4.0,7.0,0.0,0.0,0.0,0.0,0.0,7.0,7.0,7.0,7.0,0.0,0.0,0.0,4.0,4.0,0.0,1526227095.0,647.0,647.0,1478.0,1478.0,1511.0,0.0,134.0,29005.0,25155.0,25095.0,65.0,0.0,0.0,0.0,158.0,0.0,0.0,55.0,62.0,61.0,14.0,53.0,140088384.0,0.0,2022376928.0,35748474016.0,102262656.0,0.0,0.0,961.0,0.0,0.0,1450.0,122.0,1658.0
185,0.0,1.0,1.0,1.0,1.0,1881600.0,1.0,229500000.0,1.0,1062400000.0,0.34394288063,13604.0,1218.0,4114.0,41625.0,42000.0,43500.0,74.0,25.0,64.0,896.0,5000.0,0.0,25.0,1000000.0,950000.0,1.0,0.0,0.0,10.0,0.0,0.0,0.0,500.0,34789006.0,659199812.0,653981953.0,0.0,1.0,0.0,0.0,0.0,4.0,4.0,52.0,3.0,3.0,0.0,0.0,3.0,0.0,0.0,0.0,0.0,0.0,219.0,3.0,16790585.0,321845287.0,16543079.0,33860891.0,682754667.0,786.0,3077449260.0,0.0,4.0,4.0,7.0,8.0,0.0,1.0,6.0,4.0,50.0,50.0,8.0,4.0,0.0,0.0,0.0,23.0,7.0,0.0,5.0,5.0,15.0,81.0,81.0,15.0,0.0,0.0,0.0,0.0,7.0,0.0,0.0,0.0,0.0,0.0,9.0,9.0,0.0,7.0,7.0,0.0,7.0,0.0,0.0,0.0,0.0,0.0,4.0,7.0,0.0,4.0,0.0,0.0,0.0,6.0,142.0,0.0,0.0,0.0,0.0,0.0,138.0,0.0,0.0,0.0,0.0,0.0,0.0,0.0,0.0,0.0,4.0,4.0,0.0,0.0,0.0,2.0,6.0,4.0,4.0,7.0,0.0,0.0,0.0,0.0,0.0,7.0,7.0,7.0,7.0,0.0,0.0,0.0,4.0,4.0,0.0,1489762928.0,606.0,606.0,1429.0,1429.0,1460.0,0.0,124.0,28119.0,24862.0,24802.0,70.0,0.0,0.0,0.0,154.0,0.0,0.0,55.0,62.0,61.0,11.0,53.0,144193376.0,150624.0,1987097888.0,49547763680.0,115476352.0,0.0,0.0,786.0,0.0,0.0,1185.0,122.0,1308.0
186,0.0,1.0,1.0,1.0,1.0,1881600.0,1.0,229500000.0,1.0,1062400000.0,0.347267866135,13566.0,1218.0,4190.0,41500.0,42125.0,43500.0,74.0,25.0,64.0,896.0,5000.0,0.0,25.0,1000000.0,950000.0,1.0,0.0,0.0,10.0,0.0,0.0,0.0,500.0,33740035.0,658849289.0,659763546.0,0.0,1.0,0.0,0.0,0.0,4.0,4.0,52.0,3.0,3.0,0.0,0.0,3.0,0.0,0.0,0.0,0.0,0.0,210.0,3.0,17395953.0,331353588.0,17494039.0,35133227.0,664170196.0,814.0,3157387476.0,0.0,4.0,4.0,7.0,8.0,0.0,1.0,6.0,4.0,50.0,50.0,8.0,4.0,0.0,0.0,0.0,23.0,7.0,0.0,5.0,5.0,15.0,81.0,81.0,15.0,0.0,0.0,0.0,0.0,7.0,0.0,0.0,0.0,0.0,0.0,9.0,9.0,0.0,7.0,7.0,0.0,7.0,0.0,0.0,0.0,0.0,0.0,4.0,7.0,0.0,4.0,0.0,0.0,0.0,6.0,139.0,0.0,0.0,0.0,0.0,0.0,135.0,0.0,0.0,0.0,0.0,0.0,0.0,0.0,0.0,0.0,4.0,4.0,0.0,0.0,0.0,2.0,6.0,4.0,4.0,7.0,0.0,0.0,0.0,0.0,0.0,7.0,7.0,7.0,7.0,0.0,0.0,0.0,4.0,4.0,0.0,1501284036.0,602.0,602.0,1536.0,1536.0,1571.0,0.0,155.0,28424.0,24999.0,24939.0,69.0,0.0,0.0,0.0,158.0,0.0,0.0,55.0,62.0,61.0,13.0,53.0,237364160.0,0.0,2009853984.0,45237640960.0,102062112.0,0.0,0.0,814.0,0.0,0.0,1222.0,122.0,1413.0
187,0.0,1.0,1.0,1.0,1.0,1881600.0,1.0,229500000.0,1.0,1062400000.0,0.34479713439900006,18254.0,1827.0,5561.0,41625.0,42250.0,43250.0,88.0,25.0,64.0,896.0,5000.0,0.0,25.0,1000000.0,950000.0,1.0,1.0,0.0,10.0,0.0,0.0,0.0,500.0,34432554.0,685753924.0,674779107.0,0.0,1.0,0.0,0.0,0.0,4.0,4.0,52.0,3.0,3.0,0.0,0.0,3.0,0.0,0.0,0.0,0.0,0.0,216.0,3.0,17127861.0,331497973.0,17313320.0,36034970.0,704552682.0,1018.0,3315989372.0,0.0,4.0,4.0,7.0,8.0,0.0,1.0,6.0,4.0,50.0,50.0,8.0,4.0,0.0,0.0,0.0,23.0,7.0,0.0,5.0,5.0,15.0,81.0,81.0,15.0,0.0,0.0,0.0,0.0,7.0,0.0,0.0,0.0,0.0,0.0,9.0,9.0,0.0,7.0,7.0,0.0,7.0,0.0,0.0,0.0,0.0,0.0,4.0,7.0,0.0,4.0,0.0,0.0,0.0,6.0,139.0,0.0,0.0,0.0,0.0,0.0,135.0,0.0,0.0,0.0,0.0,0.0,0.0,0.0,0.0,0.0,4.0,4.0,0.0,0.0,0.0,2.0,6.0,4.0,4.0,7.0,0.0,0.0,0.0,0.0,0.0,7.0,7.0,7.0,7.0,0.0,0.0,0.0,4.0,4.0,0.0,1612305909.0,708.0,708.0,1570.0,1570.0,1613.0,0.0,167.0,30060.0,25527.0,25460.0,74.0,0.0,0.0,0.0,188.0,0.0,0.0,61.0,69.0,68.0,13.0,59.0,35373184.0,148384.0,2110447968.0,55710756480.0,110802976.0,0.0,0.0,1018.0,0.0,0.0,1518.0,136.0,1713.0
188,0.0,1.0,1.0,1.0,1.0,1881600.0,1.0,229500000.0,1.0,1062400000.0,0.344350099564,18292.0,1675.0,5561.0,41750.0,42375.0,43375.0,88.0,25.0,64.0,896.0,5000.0,0.0,25.0,1000000.0,950000.0,1.0,1.0,0.0,10.0,0.0,0.0,0.0,500.0,34521014.0,668483927.0,648364792.0,0.0,0.0,0.0,0.0,0.0,4.0,4.0,52.0,4.0,4.0,0.0,0.0,4.0,0.0,0.0,0.0,0.0,0.0,213.0,4.0,17331284.0,328079793.0,17351285.0,36618991.0,700720575.0,891.0,3306566891.0,0.0,4.0,4.0,7.0,8.0,0.0,1.0,6.0,4.0,50.0,50.0,8.0,4.0,0.0,0.0,0.0,23.0,7.0,0.0,5.0,5.0,15.0,81.0,81.0,15.0,0.0,0.0,0.0,0.0,7.0,0.0,0.0,0.0,0.0,0.0,9.0,9.0,0.0,7.0,7.0,0.0,7.0,0.0,0.0,0.0,0.0,0.0,4.0,7.0,0.0,4.0,0.0,0.0,0.0,6.0,141.0,0.0,0.0,0.0,0.0,0.0,137.0,0.0,0.0,0.0,0.0,0.0,0.0,0.0,0.0,0.0,4.0,4.0,0.0,0.0,0.0,2.0,6.0,4.0,4.0,7.0,0.0,0.0,0.0,0.0,0.0,7.0,7.0,7.0,7.0,0.0,0.0,0.0,4.0,4.0,0.0,1605420417.0,643.0,643.0,1547.0,1547.0,1580.0,0.0,157.0,30582.0,25345.0,25278.0,57.0,0.0,0.0,0.0,163.0,0.0,0.0,61.0,69.0,68.0,11.0,59.0,234280672.0,421952.0,2093976192.0,343626285408.0,105762464.0,0.0,0.0,891.0,0.0,0.0,1304.0,136.0,1434.0
189,0.0,1.0,1.0,1.0,1.0,1881600.0,1.0,229500000.0,1.0,1062400000.0,0.334963083267,18330.0,1827.0,5485.0,41250.0,42333.3333333,43166.6666667,88.0,25.0,64.0,896.0,5000.0,0.0,25.0,1000000.0,950000.0,1.0,1.0,0.0,10.0,0.0,0.0,0.0,500.0,33269619.0,651964931.0,653998726.0,0.0,1.0,0.0,0.0,0.0,4.0,4.0,52.0,3.0,3.0,0.0,0.0,3.0,0.0,0.0,0.0,0.0,0.0,208.0,3.0,16548885.0,310726891.0,16550994.0,33675987.0,675192957.0,840.0,3162512384.0,0.0,4.0,4.0,7.0,8.0,0.0,1.0,6.0,4.0,50.0,50.0,8.0,4.0,0.0,0.0,0.0,23.0,7.0,0.0,5.0,5.0,15.0,81.0,81.0,15.0,0.0,0.0,0.0,0.0,7.0,0.0,0.0,0.0,0.0,0.0,9.0,9.0,0.0,7.0,7.0,0.0,7.0,0.0,0.0,0.0,0.0,0.0,4.0,7.0,0.0,4.0,0.0,0.0,0.0,6.0,140.0,0.0,0.0,0.0,0.0,0.0,136.0,0.0,0.0,0.0,0.0,0.0,0.0,0.0,0.0,0.0,4.0,4.0,0.0,0.0,0.0,2.0,6.0,4.0,4.0,7.0,0.0,0.0,0.0,0.0,0.0,7.0,7.0,7.0,7.0,0.0,0.0,0.0,4.0,4.0,0.0,1547681815.0,608.0,608.0,1552.0,1552.0,1589.0,0.0,140.0,28373.0,25071.0,25011.0,56.0,0.0,0.0,0.0,152.0,0.0,0.0,55.0,62.0,61.0,14.0,53.0,137054688.0,0.0,2003666784.0,54125168704.0,73042400.0,0.0,0.0,840.0,0.0,0.0,1228.0,122.0,1416.0
190,0.0,1.0,1.0,1.0,1.0,1881600.0,1.0,229500000.0,1.0,1062400000.0,0.33526802063,18216.0,1675.0,5561.0,41437.5,42125.0,43500.0,70.0,25.0,64.0,896.0,5000.0,0.0,25.0,1000000.0,950000.0,1.0,0.0,0.0,10.0,0.0,0.0,100.0,100.0,36988520.0,692667171.0,672959374.0,0.0,1.0,0.0,0.0,0.0,4.0,4.0,52.0,3.0,3.0,0.0,0.0,3.0,0.0,0.0,0.0,0.0,0.0,209.0,3.0,21586783.0,331520152.0,21201388.0,36758899.0,673930750.0,885.0,3321118757.0,0.0,4.0,4.0,7.0,8.0,0.0,1.0,6.0,4.0,50.0,50.0,8.0,4.0,0.0,0.0,0.0,23.0,7.0,0.0,5.0,5.0,15.0,81.0,81.0,15.0,0.0,0.0,0.0,0.0,7.0,0.0,0.0,0.0,0.0,0.0,9.0,9.0,0.0,7.0,7.0,0.0,7.0,0.0,0.0,0.0,0.0,0.0,4.0,7.0,0.0,4.0,0.0,0.0,0.0,6.0,139.0,0.0,0.0,0.0,0.0,0.0,135.0,0.0,0.0,0.0,0.0,0.0,0.0,0.0,0.0,0.0,4.0,4.0,0.0,0.0,0.0,2.0,6.0,4.0,4.0,7.0,0.0,0.0,0.0,0.0,0.0,7.0,7.0,7.0,7.0,0.0,0.0,0.0,4.0,4.0,0.0,1505362305.0,733.0,733.0,1578.0,1578.0,1610.0,0.0,151.0,29856.0,25393.0,25326.0,73.0,0.0,0.0,0.0,157.0,0.0,0.0,61.0,69.0,68.0,16.0,59.0,36566784.0,615360.0,2124593600.0,27213375680.0,86089440.0,0.0,0.0,885.0,0.0,0.0,1372.0,136.0,1599.0
191,0.0,1.0,1.0,1.0,1.0,1881600.0,1.0,229500000.0,1.0,1062400000.0,0.34490990638700003,18254.0,1599.0,5637.0,41625.0,42250.0,43375.0,70.0,25.0,64.0,896.0,5000.0,0.0,25.0,1000000.0,950000.0,1.0,0.0,0.0,10.0,0.0,0.0,100.0,100.0,37161787.0,696030181.0,669983827.0,0.0,0.0,0.0,0.0,0.0,4.0,4.0,52.0,4.0,4.0,0.0,0.0,4.0,0.0,0.0,0.0,0.0,0.0,204.0,4.0,17449476.0,339818364.0,17756681.0,36025840.0,661941921.0,1011.0,3277733013.0,0.0,4.0,4.0,7.0,8.0,0.0,1.0,6.0,4.0,50.0,50.0,8.0,4.0,0.0,0.0,0.0,23.0,7.0,0.0,5.0,5.0,15.0,81.0,81.0,15.0,0.0,0.0,0.0,0.0,7.0,0.0,0.0,0.0,0.0,0.0,9.0,9.0,0.0,7.0,7.0,0.0,7.0,0.0,0.0,0.0,0.0,0.0,4.0,7.0,0.0,4.0,0.0,0.0,0.0,6.0,142.0,0.0,0.0,0.0,0.0,0.0,138.0,0.0,0.0,0.0,0.0,0.0,0.0,0.0,0.0,0.0,4.0,4.0,0.0,0.0,0.0,2.0,6.0,4.0,4.0,7.0,0.0,0.0,0.0,0.0,0.0,7.0,7.0,7.0,7.0,0.0,0.0,0.0,4.0,4.0,0.0,1532578139.0,668.0,668.0,1551.0,1551.0,1590.0,0.0,170.0,30014.0,25550.0,25483.0,86.0,0.0,0.0,0.0,173.0,0.0,0.0,61.0,69.0,68.0,12.0,59.0,137386624.0,0.0,2091693056.0,50291921984.0,109369760.0,0.0,0.0,1011.0,0.0,0.0,1561.0,136.0,1751.0
192,0.0,1.0,1.0,1.0,1.0,1881600.0,1.0,229500000.0,1.0,1062400000.0,0.34805393219,18254.0,1675.0,5637.0,41500.0,42375.0,43500.0,70.0,25.0,64.0,896.0,5000.0,0.0,25.0,1000000.0,950000.0,1.0,0.0,0.0,10.0,0.0,0.0,100.0,100.0,37756608.0,673590620.0,690025323.0,0.0,1.0,0.0,0.0,0.0,4.0,4.0,52.0,3.0,3.0,0.0,0.0,3.0,0.0,0.0,0.0,0.0,0.0,220.0,3.0,17117800.0,332384302.0,16744694.0,37354036.0,668629263.0,904.0,3157246293.0,0.0,4.0,4.0,7.0,8.0,0.0,1.0,6.0,4.0,50.0,50.0,8.0,4.0,0.0,0.0,0.0,23.0,7.0,0.0,5.0,5.0,15.0,81.0,81.0,15.0,0.0,0.0,0.0,0.0,7.0,0.0,0.0,0.0,0.0,0.0,9.0,9.0,0.0,7.0,7.0,0.0,7.0,0.0,0.0,0.0,0.0,0.0,4.0,7.0,0.0,4.0,0.0,0.0,0.0,6.0,142.0,0.0,0.0,0.0,0.0,0.0,138.0,0.0,0.0,0.0,0.0,0.0,0.0,0.0,0.0,0.0,4.0,4.0,0.0,0.0,0.0,2.0,6.0,4.0,4.0,7.0,0.0,0.0,0.0,0.0,0.0,7.0,7.0,7.0,7.0,0.0,0.0,0.0,4.0,4.0,0.0,1489287425.0,656.0,656.0,1567.0,1567.0,1604.0,0.0,148.0,30777.0,25402.0,25335.0,67.0,0.0,0.0,0.0,173.0,0.0,0.0,61.0,69.0,68.0,18.0,59.0,150020064.0,93472.0,2113446112.0,46693828192.0,86330304.0,0.0,0.0,904.0,0.0,0.0,1360.0,136.0,1527.0
193,0.0,1.0,1.0,1.0,1.0,1881600.0,1.0,229500000.0,1.0,1062400000.0,0.34785389900200003,18139.0,1599.0,5562.0,41500.0,42125.0,43500.0,84.0,25.0,64.0,896.0,5000.0,0.0,25.0,1000000.0,950000.0,1.0,1.0,0.0,10.0,0.0,0.0,100.0,100.0,35965195.0,672629809.0,682340080.0,0.0,1.0,0.0,0.0,0.0,4.0,4.0,52.0,3.0,3.0,0.0,0.0,3.0,0.0,0.0,0.0,0.0,0.0,217.0,3.0,17226869.0,332509422.0,17088700.0,36779188.0,673824412.0,931.0,3214847711.0,0.0,4.0,4.0,7.0,8.0,0.0,1.0,6.0,4.0,50.0,50.0,8.0,4.0,0.0,0.0,0.0,23.0,7.0,0.0,5.0,5.0,15.0,81.0,81.0,15.0,0.0,0.0,0.0,0.0,7.0,0.0,0.0,0.0,0.0,0.0,9.0,9.0,0.0,7.0,7.0,0.0,7.0,0.0,0.0,0.0,0.0,0.0,4.0,7.0,0.0,4.0,0.0,0.0,0.0,6.0,140.0,0.0,0.0,0.0,0.0,0.0,136.0,0.0,0.0,0.0,0.0,0.0,0.0,0.0,0.0,0.0,4.0,4.0,0.0,0.0,0.0,2.0,6.0,4.0,4.0,7.0,0.0,0.0,0.0,0.0,0.0,7.0,7.0,7.0,7.0,0.0,0.0,0.0,4.0,4.0,0.0,1492261829.0,684.0,684.0,1646.0,1646.0,1686.0,0.0,149.0,29851.0,25446.0,25379.0,79.0,0.0,0.0,0.0,174.0,0.0,0.0,61.0,69.0,68.0,15.0,59.0,129069504.0,0.0,2081707872.0,41199007968.0,120240512.0,0.0,0.0,931.0,0.0,0.0,1435.0,136.0,1574.0
194,0.0,1.0,1.0,1.0,1.0,1881600.0,1.0,229500000.0,1.0,1062400000.0,0.346398830414,18254.0,1675.0,5713.0,41500.0,42125.0,43500.0,84.0,25.0,64.0,896.0,5000.0,0.0,25.0,1000000.0,950000.0,1.0,1.0,0.0,10.0,0.0,0.0,100.0,100.0,34584879.0,668488510.0,657050388.0,0.0,1.0,0.0,0.0,0.0,4.0,4.0,52.0,3.0,3.0,0.0,0.0,3.0,0.0,0.0,0.0,0.0,0.0,215.0,3.0,20890782.0,325994767.0,20984678.0,35823564.0,697171236.0,926.0,3259734157.0,0.0,4.0,4.0,7.0,8.0,0.0,1.0,6.0,4.0,50.0,50.0,8.0,4.0,0.0,0.0,0.0,23.0,7.0,0.0,5.0,5.0,15.0,81.0,81.0,15.0,0.0,0.0,0.0,0.0,7.0,0.0,0.0,0.0,0.0,0.0,9.0,9.0,0.0,7.0,7.0,0.0,7.0,0.0,0.0,0.0,0.0,0.0,4.0,7.0,0.0,4.0,0.0,0.0,0.0,6.0,139.0,0.0,0.0,0.0,0.0,0.0,135.0,0.0,0.0,0.0,0.0,0.0,0.0,0.0,0.0,0.0,4.0,4.0,0.0,0.0,0.0,2.0,6.0,4.0,4.0,7.0,0.0,0.0,0.0,0.0,0.0,7.0,7.0,7.0,7.0,0.0,0.0,0.0,4.0,4.0,0.0,1528644864.0,680.0,680.0,1547.0,1547.0,1579.0,0.0,159.0,29876.0,25405.0,25338.0,77.0,0.0,0.0,0.0,195.0,0.0,0.0,61.0,69.0,68.0,13.0,59.0,340996352.0,234528.0,2016535808.0,35872960224.0,110064352.0,0.0,0.0,926.0,0.0,0.0,1339.0,136.0,1560.0
195,0.0,1.0,1.0,1.0,1.0,1881600.0,1.0,229500000.0,1.0,1062400000.0,0.34488797187799997,18253.0,1751.0,5561.0,41562.5,42000.0,43375.0,84.0,25.0,64.0,896.0,5000.0,0.0,25.0,1000000.0,950000.0,1.0,1.0,0.0,10.0,0.0,0.0,100.0,100.0,35220951.0,687848057.0,681228984.0,0.0,1.0,0.0,0.0,0.0,4.0,4.0,52.0,3.0,3.0,0.0,0.0,3.0,0.0,0.0,0.0,0.0,0.0,219.0,3.0,17399413.0,344163960.0,17165193.0,36578801.0,690112694.0,1125.0,3304256517.0,0.0,4.0,4.0,7.0,8.0,0.0,1.0,6.0,4.0,50.0,50.0,8.0,4.0,0.0,0.0,0.0,23.0,7.0,0.0,5.0,5.0,15.0,81.0,81.0,15.0,0.0,0.0,0.0,0.0,7.0,0.0,0.0,0.0,0.0,0.0,9.0,9.0,0.0,7.0,7.0,0.0,7.0,0.0,0.0,0.0,0.0,0.0,4.0,7.0,0.0,4.0,0.0,0.0,0.0,6.0,140.0,0.0,0.0,0.0,0.0,0.0,136.0,0.0,0.0,0.0,0.0,0.0,0.0,0.0,0.0,0.0,4.0,4.0,0.0,0.0,0.0,2.0,6.0,4.0,4.0,7.0,0.0,0.0,0.0,0.0,0.0,7.0,7.0,7.0,7.0,0.0,0.0,0.0,4.0,4.0,0.0,1554313302.0,719.0,719.0,1590.0,1590.0,1627.0,0.0,156.0,30269.0,25396.0,25329.0,108.0,0.0,0.0,0.0,171.0,0.0,0.0,61.0,69.0,68.0,12.0,59.0,238203328.0,0.0,2141521664.0,52256522656.0,93354240.0,0.0,0.0,1125.0,0.0,0.0,1609.0,136.0,1910.0
196,0.0,1.0,1.0,1.0,1.0,1881600.0,1.0,229500000.0,1.0,1062400000.0,0.337377071381,18292.0,1827.0,5485.0,41583.3333333,42000.0,43500.0,92.0,25.0,64.0,896.0,5000.0,0.0,25.0,1000000.0,950000.0,1.0,0.0,0.0,10.0,0.0,0.0,100.0,500.0,33372041.0,670104026.0,640683944.0,0.0,1.0,0.0,0.0,0.0,4.0,4.0,52.0,3.0,3.0,0.0,0.0,3.0,0.0,0.0,0.0,0.0,0.0,213.0,3.0,16593095.0,311551491.0,16591741.0,33549458.0,678896542.0,845.0,3111203777.0,0.0,4.0,4.0,7.0,8.0,0.0,1.0,6.0,4.0,50.0,50.0,8.0,4.0,0.0,0.0,0.0,23.0,7.0,0.0,5.0,5.0,15.0,81.0,81.0,15.0,0.0,0.0,0.0,0.0,7.0,0.0,0.0,0.0,0.0,0.0,9.0,9.0,0.0,7.0,7.0,0.0,7.0,0.0,0.0,0.0,0.0,0.0,4.0,7.0,0.0,4.0,0.0,0.0,0.0,6.0,139.0,0.0,0.0,0.0,0.0,0.0,135.0,0.0,0.0,0.0,0.0,0.0,0.0,0.0,0.0,0.0,4.0,4.0,0.0,0.0,0.0,2.0,6.0,4.0,4.0,7.0,0.0,0.0,0.0,0.0,0.0,7.0,7.0,7.0,7.0,0.0,0.0,0.0,4.0,4.0,0.0,1494855262.0,618.0,618.0,1422.0,1422.0,1451.0,0.0,140.0,28421.0,25087.0,25027.0,68.0,0.0,0.0,0.0,163.0,0.0,0.0,55.0,62.0,61.0,9.0,53.0,39286976.0,359904.0,1990762016.0,51262767264.0,81817344.0,0.0,0.0,845.0,0.0,0.0,1308.0,122.0,1463.0
197,0.0,1.0,1.0,1.0,1.0,1881600.0,1.0,229500000.0,1.0,1062400000.0,0.344685077667,18140.0,1599.0,5562.0,41500.0,42125.0,43375.0,92.0,25.0,64.0,896.0,5000.0,0.0,25.0,1000000.0,950000.0,1.0,0.0,0.0,10.0,0.0,0.0,100.0,500.0,36124636.0,638011832.0,638595863.0,0.0,1.0,0.0,0.0,0.0,4.0,4.0,52.0,3.0,3.0,0.0,0.0,3.0,0.0,0.0,0.0,0.0,0.0,211.0,3.0,16822485.0,320091037.0,17111345.0,34234775.0,666495592.0,882.0,3206548224.0,0.0,4.0,4.0,7.0,8.0,0.0,1.0,6.0,4.0,50.0,50.0,8.0,4.0,0.0,0.0,0.0,23.0,7.0,0.0,5.0,5.0,15.0,81.0,81.0,15.0,0.0,0.0,0.0,0.0,7.0,0.0,0.0,0.0,0.0,0.0,9.0,9.0,0.0,7.0,7.0,0.0,7.0,0.0,0.0,0.0,0.0,0.0,4.0,7.0,0.0,4.0,0.0,0.0,0.0,6.0,142.0,0.0,0.0,0.0,0.0,0.0,138.0,0.0,0.0,0.0,0.0,0.0,0.0,0.0,0.0,0.0,4.0,4.0,0.0,0.0,0.0,2.0,6.0,4.0,4.0,7.0,0.0,0.0,0.0,0.0,0.0,7.0,7.0,7.0,7.0,0.0,0.0,0.0,4.0,4.0,0.0,1513400770.0,739.0,739.0,1546.0,1546.0,1589.0,0.0,152.0,30464.0,25375.0,25308.0,59.0,0.0,0.0,0.0,175.0,0.0,0.0,61.0,69.0,68.0,15.0,59.0,230586688.0,0.0,2050917216.0,43863584480.0,113132800.0,0.0,0.0,882.0,0.0,0.0,1430.0,136.0,1579.0
198,0.0,1.0,1.0,1.0,1.0,1881600.0,1.0,229500000.0,1.0,1062400000.0,0.34413599968,18254.0,1675.0,5637.0,41500.0,42375.0,43500.0,92.0,25.0,64.0,896.0,5000.0,0.0,25.0,1000000.0,950000.0,1.0,0.0,0.0,10.0,0.0,0.0,100.0,500.0,36598868.0,683744168.0,678705664.0,0.0,0.0,0.0,0.0,0.0,4.0,4.0,52.0,4.0,4.0,0.0,0.0,4.0,0.0,0.0,0.0,0.0,0.0,206.0,4.0,17303997.0,338346326.0,17263827.0,36806696.0,693793198.0,1072.0,3267237423.0,0.0,4.0,4.0,7.0,8.0,0.0,1.0,6.0,4.0,50.0,50.0,8.0,4.0,0.0,0.0,0.0,23.0,7.0,0.0,5.0,5.0,15.0,81.0,81.0,15.0,0.0,0.0,0.0,0.0,7.0,0.0,0.0,0.0,0.0,0.0,9.0,9.0,0.0,7.0,7.0,0.0,7.0,0.0,0.0,0.0,0.0,0.0,4.0,7.0,0.0,4.0,0.0,0.0,0.0,6.0,142.0,0.0,0.0,0.0,0.0,0.0,138.0,0.0,0.0,0.0,0.0,0.0,0.0,0.0,0.0,0.0,4.0,4.0,0.0,0.0,0.0,2.0,6.0,4.0,4.0,7.0,0.0,0.0,0.0,0.0,0.0,7.0,7.0,7.0,7.0,0.0,0.0,0.0,4.0,4.0,0.0,1520757158.0,658.0,658.0,1581.0,1581.0,1615.0,0.0,169.0,29546.0,25601.0,25534.0,78.0,0.0,0.0,0.0,183.0,0.0,0.0,61.0,69.0,68.0,10.0,59.0,46700608.0,128320.0,2111419296.0,38281690624.0,90558144.0,0.0,0.0,1072.0,0.0,0.0,1601.0,136.0,1800.0
199,0.0,1.0,1.0,1.0,1.0,1881600.0,1.0,229500000.0,1.0,1062400000.0,0.347125053406,18177.0,1751.0,5561.0,41625.0,42375.0,43500.0,77.0,25.0,64.0,896.0,5000.0,0.0,25.0,1000000.0,950000.0,1.0,1.0,0.0,10.0,0.0,0.0,100.0,500.0,33968625.0,683937783.0,667424961.0,0.0,1.0,0.0,0.0,0.0,4.0,4.0,52.0,3.0,3.0,0.0,0.0,3.0,0.0,0.0,0.0,0.0,0.0,214.0,3.0,16964031.0,337264262.0,16843993.0,35667344.0,664039099.0,875.0,3297281578.0,0.0,4.0,4.0,7.0,8.0,0.0,1.0,6.0,4.0,50.0,50.0,8.0,4.0,0.0,0.0,0.0,23.0,7.0,0.0,5.0,5.0,15.0,81.0,81.0,15.0,0.0,0.0,0.0,0.0,7.0,0.0,0.0,0.0,0.0,0.0,9.0,9.0,0.0,7.0,7.0,0.0,7.0,0.0,0.0,0.0,0.0,0.0,4.0,7.0,0.0,4.0,0.0,0.0,0.0,6.0,139.0,0.0,0.0,0.0,0.0,0.0,135.0,0.0,0.0,0.0,0.0,0.0,0.0,0.0,0.0,0.0,4.0,4.0,0.0,0.0,0.0,2.0,6.0,4.0,4.0,7.0,0.0,0.0,0.0,0.0,0.0,7.0,7.0,7.0,7.0,0.0,0.0,0.0,4.0,4.0,0.0,1493836861.0,668.0,668.0,1571.0,1571.0,1609.0,0.0,153.0,29938.0,25419.0,25352.0,90.0,0.0,0.0,0.0,170.0,0.0,0.0,61.0,69.0,68.0,10.0,59.0,135226304.0,0.0,2094595712.0,51719023936.0,94328768.0,0.0,0.0,875.0,0.0,0.0,1356.0,136.0,1548.0
200,0.0,1.0,1.0,1.0,1.0,1881600.0,1.0,229500000.0,1.0,1062400000.0,0.34331107139600003,18368.0,1827.0,5485.0,41500.0,42166.6666667,43500.0,77.0,25.0,64.0,896.0,5000.0,0.0,25.0,1000000.0,950000.0,1.0,1.0,0.0,10.0,0.0,0.0,100.0,500.0,33541314.0,638843477.0,647137931.0,0.0,1.0,0.0,0.0,0.0,4.0,4.0,52.0,3.0,3.0,0.0,0.0,3.0,0.0,0.0,0.0,0.0,0.0,209.0,3.0,16887616.0,327456725.0,16740869.0,33550389.0,649916634.0,780.0,3082777391.0,0.0,4.0,4.0,7.0,8.0,0.0,1.0,6.0,4.0,50.0,50.0,8.0,4.0,0.0,0.0,0.0,23.0,7.0,0.0,5.0,5.0,15.0,81.0,81.0,15.0,0.0,0.0,0.0,0.0,7.0,0.0,0.0,0.0,0.0,0.0,9.0,9.0,0.0,7.0,7.0,0.0,7.0,0.0,0.0,0.0,0.0,0.0,4.0,7.0,0.0,4.0,0.0,0.0,0.0,6.0,140.0,0.0,0.0,0.0,0.0,0.0,136.0,0.0,0.0,0.0,0.0,0.0,0.0,0.0,0.0,0.0,4.0,4.0,0.0,0.0,0.0,2.0,6.0,4.0,4.0,7.0,0.0,0.0,0.0,0.0,0.0,7.0,7.0,7.0,7.0,0.0,0.0,0.0,4.0,4.0,0.0,1479643263.0,628.0,628.0,1529.0,1529.0,1562.0,0.0,146.0,28607.0,24813.0,24753.0,57.0,0.0,0.0,0.0,169.0,0.0,0.0,55.0,62.0,61.0,11.0,53.0,229560960.0,361152.0,2027039264.0,52364103264.0,78639360.0,0.0,0.0,780.0,0.0,0.0,1171.0,122.0,1258.0
201,0.0,1.0,1.0,1.0,1.0,1881600.0,1.0,229500000.0,1.0,1062400000.0,0.34647202491800005,19892.0,1598.0,5484.0,41500.0,42250.0,43500.0,77.0,25.0,64.0,896.0,5000.0,0.0,25.0,1000000.0,950000.0,1.0,1.0,0.0,10.0,0.0,0.0,100.0,500.0,35317946.0,684820202.0,669957002.0,0.0,1.0,0.0,0.0,0.0,4.0,4.0,52.0,3.0,3.0,0.0,0.0,3.0,0.0,0.0,0.0,0.0,0.0,205.0,3.0,17245567.0,321189062.0,16872628.0,35608779.0,684449262.0,958.0,3260169238.0,0.0,4.0,4.0,7.0,8.0,0.0,1.0,6.0,4.0,50.0,50.0,8.0,4.0,0.0,0.0,0.0,23.0,7.0,0.0,5.0,5.0,15.0,81.0,81.0,15.0,0.0,0.0,0.0,0.0,7.0,0.0,0.0,0.0,0.0,0.0,9.0,9.0,0.0,7.0,7.0,0.0,7.0,0.0,0.0,0.0,0.0,0.0,4.0,7.0,0.0,4.0,0.0,0.0,0.0,6.0,140.0,0.0,0.0,0.0,0.0,0.0,136.0,0.0,0.0,0.0,0.0,0.0,0.0,0.0,0.0,0.0,4.0,4.0,0.0,0.0,0.0,2.0,6.0,4.0,4.0,7.0,0.0,0.0,0.0,0.0,0.0,7.0,7.0,7.0,7.0,0.0,0.0,0.0,4.0,4.0,0.0,1570106169.0,642.0,642.0,1563.0,1563.0,1600.0,0.0,145.0,30088.0,25314.0,25247.0,102.0,0.0,0.0,0.0,153.0,0.0,0.0,61.0,69.0,68.0,15.0,59.0,136733984.0,373984.0,2091752256.0,32523625792.0,101714144.0,0.0,0.0,958.0,0.0,0.0,1373.0,136.0,1536.0
202,0.0,1.0,0.0,1.0,0.0,2035200.0,1.0,1122000000.0,1.0,408000000.0,0.207035064697,9984.0,1447.0,3046.0,41750.0,42750.0,43500.0,94.0,25.0,64.0,896.0,5000.0,0.0,25.0,1000000.0,950000.0,1.0,0.0,0.0,10.0,0.0,0.0,0.0,100.0,25091130.0,652416443.0,649695275.0,0.0,1.0,0.0,0.0,0.0,4.0,4.0,52.0,3.0,3.0,0.0,0.0,3.0,0.0,0.0,0.0,0.0,0.0,214.0,3.0,18198660.0,295454132.0,18324074.0,25094420.0,662039524.0,992.0,4073323050.0,0.0,4.0,4.0,7.0,8.0,0.0,1.0,6.0,4.0,50.0,50.0,8.0,4.0,0.0,0.0,0.0,23.0,7.0,0.0,5.0,5.0,15.0,81.0,81.0,15.0,0.0,0.0,0.0,0.0,7.0,0.0,0.0,0.0,0.0,0.0,9.0,9.0,0.0,7.0,7.0,0.0,7.0,0.0,0.0,0.0,0.0,0.0,4.0,7.0,0.0,4.0,0.0,0.0,0.0,6.0,144.0,0.0,0.0,0.0,0.0,0.0,140.0,0.0,0.0,0.0,0.0,0.0,0.0,0.0,0.0,0.0,4.0,4.0,0.0,0.0,0.0,2.0,6.0,4.0,4.0,7.0,0.0,0.0,0.0,0.0,0.0,7.0,7.0,7.0,7.0,0.0,0.0,0.0,4.0,4.0,0.0,1469528555.0,1001.0,1001.0,1731.0,1731.0,1770.0,0.0,84.0,25251.0,23751.0,23712.0,79.0,0.0,0.0,0.0,100.0,0.0,0.0,37.0,41.0,40.0,10.0,35.0,283561408.0,0.0,2449340448.0,33115014016.0,273837792.0,0.0,0.0,992.0,0.0,0.0,1274.0,80.0,1553.0
203,0.0,1.0,0.0,1.0,0.0,2035200.0,1.0,1122000000.0,1.0,408000000.0,0.21264886856100002,9222.0,1523.0,3276.0,41750.0,42250.0,43250.0,94.0,25.0,64.0,896.0,5000.0,0.0,25.0,1000000.0,950000.0,1.0,0.0,0.0,10.0,0.0,0.0,0.0,100.0,27541387.0,665142655.0,647003852.0,0.0,1.0,0.0,0.0,0.0,4.0,4.0,52.0,3.0,3.0,0.0,0.0,3.0,0.0,0.0,0.0,0.0,0.0,214.0,3.0,16835838.0,295682957.0,16812879.0,28067439.0,684045185.0,765.0,4032212504.0,0.0,4.0,4.0,7.0,8.0,0.0,1.0,6.0,4.0,50.0,50.0,8.0,4.0,0.0,0.0,0.0,23.0,7.0,0.0,5.0,5.0,15.0,81.0,81.0,15.0,0.0,0.0,0.0,0.0,7.0,0.0,0.0,0.0,0.0,0.0,9.0,9.0,0.0,7.0,7.0,0.0,7.0,0.0,0.0,0.0,0.0,0.0,4.0,7.0,0.0,4.0,0.0,0.0,0.0,6.0,142.0,0.0,0.0,0.0,0.0,0.0,138.0,0.0,0.0,0.0,0.0,0.0,0.0,0.0,0.0,0.0,4.0,4.0,0.0,0.0,0.0,2.0,6.0,4.0,4.0,7.0,0.0,0.0,0.0,0.0,0.0,7.0,7.0,7.0,7.0,0.0,0.0,0.0,4.0,4.0,0.0,1443710917.0,894.0,894.0,1767.0,1767.0,1797.0,0.0,88.0,24931.0,23575.0,23536.0,63.0,0.0,0.0,0.0,125.0,0.0,0.0,37.0,41.0,40.0,13.0,35.0,45237344.0,0.0,2373110208.0,56496077344.0,340710336.0,0.0,0.0,765.0,0.0,0.0,1040.0,80.0,1254.0
204,0.0,1.0,0.0,1.0,0.0,2035200.0,1.0,1122000000.0,1.0,408000000.0,0.211765050888,9222.0,1523.0,3200.0,42000.0,42750.0,43500.0,94.0,25.0,64.0,896.0,5000.0,0.0,25.0,1000000.0,950000.0,1.0,0.0,0.0,10.0,0.0,0.0,0.0,100.0,28673866.0,673380040.0,651621045.0,0.0,0.0,0.0,0.0,0.0,4.0,4.0,52.0,4.0,4.0,0.0,0.0,4.0,0.0,0.0,0.0,0.0,0.0,200.0,4.0,17019376.0,298748156.0,17661844.0,28123852.0,691593179.0,956.0,4043433406.0,0.0,4.0,4.0,7.0,8.0,0.0,1.0,6.0,4.0,50.0,50.0,8.0,4.0,0.0,0.0,0.0,23.0,7.0,0.0,5.0,5.0,15.0,81.0,81.0,15.0,0.0,0.0,0.0,0.0,7.0,0.0,0.0,0.0,0.0,0.0,9.0,9.0,0.0,7.0,7.0,0.0,7.0,0.0,0.0,0.0,0.0,0.0,4.0,7.0,0.0,4.0,0.0,0.0,0.0,6.0,142.0,0.0,0.0,0.0,0.0,0.0,138.0,0.0,0.0,0.0,0.0,0.0,0.0,0.0,0.0,0.0,4.0,4.0,0.0,0.0,0.0,2.0,6.0,4.0,4.0,7.0,0.0,0.0,0.0,0.0,0.0,7.0,7.0,7.0,7.0,0.0,0.0,0.0,4.0,4.0,0.0,1456742547.0,914.0,914.0,1733.0,1733.0,1767.0,0.0,78.0,25225.0,23641.0,23602.0,59.0,0.0,0.0,0.0,101.0,0.0,0.0,37.0,41.0,40.0,14.0,35.0,147438400.0,0.0,2433903808.0,43029414400.0,250104480.0,0.0,0.0,956.0,0.0,0.0,1235.0,80.0,1449.0
205,0.0,1.0,0.0,1.0,0.0,2035200.0,1.0,1122000000.0,1.0,408000000.0,0.21222496032699997,9298.0,1523.0,3200.0,42375.0,42500.0,43500.0,90.0,25.0,64.0,896.0,5000.0,0.0,25.0,1000000.0,950000.0,1.0,1.0,0.0,10.0,0.0,0.0,0.0,100.0,27620903.0,670970732.0,663730625.0,0.0,0.0,0.0,0.0,0.0,4.0,4.0,52.0,4.0,4.0,0.0,0.0,4.0,0.0,0.0,0.0,0.0,0.0,213.0,4.0,16919846.0,295845669.0,17110602.0,28554737.0,687275108.0,854.0,3960474482.0,0.0,4.0,4.0,7.0,8.0,0.0,1.0,6.0,4.0,50.0,50.0,8.0,4.0,0.0,0.0,0.0,23.0,7.0,0.0,5.0,5.0,15.0,81.0,81.0,15.0,0.0,0.0,0.0,0.0,7.0,0.0,0.0,0.0,0.0,0.0,9.0,9.0,0.0,7.0,7.0,0.0,7.0,0.0,0.0,0.0,0.0,0.0,4.0,7.0,0.0,4.0,0.0,0.0,0.0,6.0,141.0,0.0,0.0,0.0,0.0,0.0,137.0,0.0,0.0,0.0,0.0,0.0,0.0,0.0,0.0,0.0,4.0,4.0,0.0,0.0,0.0,2.0,6.0,4.0,4.0,7.0,0.0,0.0,0.0,0.0,0.0,7.0,7.0,7.0,7.0,0.0,0.0,0.0,4.0,4.0,0.0,1434841272.0,923.0,923.0,1604.0,1604.0,1635.0,0.0,81.0,24460.0,23514.0,23475.0,57.0,0.0,0.0,0.0,88.0,0.0,0.0,37.0,41.0,40.0,12.0,35.0,318137024.0,686848.0,2368131520.0,33145840512.0,299122464.0,0.0,0.0,854.0,0.0,0.0,1084.0,80.0,1251.0
206,0.0,1.0,0.0,1.0,0.0,2035200.0,1.0,1122000000.0,1.0,408000000.0,0.212734937668,8995.0,1371.0,3123.0,41750.0,42500.0,43250.0,90.0,25.0,64.0,896.0,5000.0,0.0,25.0,1000000.0,950000.0,1.0,1.0,0.0,10.0,0.0,0.0,0.0,100.0,27094744.0,675305876.0,653655167.0,0.0,1.0,0.0,0.0,0.0,4.0,4.0,52.0,3.0,3.0,0.0,0.0,3.0,0.0,0.0,0.0,0.0,0.0,207.0,3.0,18568293.0,305090647.0,18669022.0,28412199.0,685419082.0,734.0,3953414088.0,0.0,4.0,4.0,7.0,8.0,0.0,1.0,6.0,4.0,50.0,50.0,8.0,4.0,0.0,0.0,0.0,23.0,7.0,0.0,5.0,5.0,15.0,81.0,81.0,15.0,0.0,0.0,0.0,0.0,7.0,0.0,0.0,0.0,0.0,0.0,9.0,9.0,0.0,7.0,7.0,0.0,7.0,0.0,0.0,0.0,0.0,0.0,4.0,7.0,0.0,4.0,0.0,0.0,0.0,6.0,142.0,0.0,0.0,0.0,0.0,0.0,138.0,0.0,0.0,0.0,0.0,0.0,0.0,0.0,0.0,0.0,4.0,4.0,0.0,0.0,0.0,2.0,6.0,4.0,4.0,7.0,0.0,0.0,0.0,0.0,0.0,7.0,7.0,7.0,7.0,0.0,0.0,0.0,4.0,4.0,0.0,1455299023.0,852.0,852.0,1668.0,1668.0,1703.0,0.0,85.0,24466.0,23451.0,23412.0,62.0,0.0,0.0,0.0,101.0,0.0,0.0,37.0,41.0,40.0,12.0,35.0,141721728.0,0.0,2345208256.0,37208802400.0,209348480.0,0.0,0.0,734.0,0.0,0.0,951.0,80.0,1151.0
207,0.0,1.0,0.0,1.0,0.0,2035200.0,1.0,1122000000.0,1.0,408000000.0,0.222217082977,9033.0,1447.0,3200.0,41750.0,42500.0,43500.0,90.0,25.0,64.0,896.0,5000.0,0.0,25.0,1000000.0,950000.0,1.0,1.0,0.0,10.0,0.0,0.0,0.0,100.0,28090934.0,676021641.0,664223487.0,0.0,0.0,0.0,0.0,0.0,4.0,4.0,52.0,4.0,4.0,0.0,0.0,4.0,0.0,0.0,0.0,0.0,0.0,208.0,4.0,17391522.0,301632236.0,17380103.0,27987728.0,689145501.0,1047.0,3925906661.0,0.0,4.0,4.0,7.0,8.0,0.0,1.0,6.0,4.0,50.0,50.0,8.0,4.0,0.0,0.0,0.0,23.0,7.0,0.0,5.0,5.0,15.0,81.0,81.0,15.0,0.0,0.0,0.0,0.0,7.0,0.0,0.0,0.0,0.0,0.0,9.0,9.0,0.0,7.0,7.0,0.0,7.0,0.0,0.0,0.0,0.0,0.0,4.0,7.0,0.0,4.0,0.0,0.0,0.0,6.0,142.0,0.0,0.0,0.0,0.0,0.0,138.0,0.0,0.0,0.0,0.0,0.0,0.0,0.0,0.0,0.0,4.0,4.0,0.0,0.0,0.0,2.0,6.0,4.0,4.0,7.0,0.0,0.0,0.0,0.0,0.0,7.0,7.0,7.0,7.0,0.0,0.0,0.0,4.0,4.0,0.0,1432458438.0,1056.0,1056.0,1682.0,1682.0,1722.0,0.0,73.0,24524.0,23567.0,23528.0,71.0,0.0,0.0,0.0,92.0,0.0,0.0,37.0,41.0,40.0,11.0,35.0,226463168.0,0.0,2361094976.0,46720044032.0,310354624.0,0.0,0.0,1047.0,0.0,0.0,1251.0,80.0,1417.0
208,0.0,1.0,0.0,1.0,0.0,2035200.0,1.0,1122000000.0,1.0,408000000.0,0.215403079987,8957.0,1447.0,3123.0,41750.0,42500.0,43250.0,72.0,25.0,64.0,896.0,5000.0,0.0,25.0,1000000.0,950000.0,1.0,0.0,0.0,10.0,0.0,0.0,0.0,500.0,26572926.0,652380653.0,640962993.0,0.0,1.0,0.0,0.0,0.0,4.0,4.0,52.0,3.0,3.0,0.0,0.0,3.0,0.0,0.0,0.0,0.0,0.0,220.0,3.0,17265102.0,296321509.0,16954230.0,27834182.0,660864231.0,808.0,3943980340.0,0.0,4.0,4.0,7.0,8.0,0.0,1.0,6.0,4.0,50.0,50.0,8.0,4.0,0.0,0.0,0.0,23.0,7.0,0.0,5.0,5.0,15.0,81.0,81.0,15.0,0.0,0.0,0.0,0.0,7.0,0.0,0.0,0.0,0.0,0.0,9.0,9.0,0.0,7.0,7.0,0.0,7.0,0.0,0.0,0.0,0.0,0.0,4.0,7.0,0.0,4.0,0.0,0.0,0.0,6.0,142.0,0.0,0.0,0.0,0.0,0.0,138.0,0.0,0.0,0.0,0.0,0.0,0.0,0.0,0.0,0.0,4.0,4.0,0.0,0.0,0.0,2.0,6.0,4.0,4.0,7.0,0.0,0.0,0.0,0.0,0.0,7.0,7.0,7.0,7.0,0.0,0.0,0.0,4.0,4.0,0.0,1394194842.0,868.0,868.0,1631.0,1631.0,1662.0,0.0,80.0,24794.0,23514.0,23475.0,116.0,0.0,0.0,0.0,104.0,0.0,0.0,37.0,41.0,40.0,13.0,35.0,334250816.0,0.0,2327110912.0,49518411872.0,297875136.0,0.0,0.0,808.0,0.0,0.0,1118.0,80.0,1340.0
209,0.0,1.0,0.0,1.0,0.0,2035200.0,1.0,1122000000.0,1.0,408000000.0,0.21136307716400002,8957.0,1447.0,3046.0,41250.0,42500.0,43250.0,72.0,25.0,64.0,896.0,5000.0,0.0,25.0,1000000.0,950000.0,1.0,0.0,0.0,10.0,0.0,0.0,0.0,500.0,28412495.0,670781525.0,655776846.0,0.0,1.0,0.0,0.0,0.0,4.0,4.0,52.0,3.0,3.0,0.0,0.0,3.0,0.0,0.0,0.0,0.0,0.0,212.0,3.0,17270026.0,293547350.0,17459937.0,27782863.0,665497401.0,981.0,3951631987.0,0.0,4.0,4.0,7.0,8.0,0.0,1.0,6.0,4.0,50.0,50.0,8.0,4.0,0.0,0.0,0.0,23.0,7.0,0.0,5.0,5.0,15.0,81.0,81.0,15.0,0.0,0.0,0.0,0.0,7.0,0.0,0.0,0.0,0.0,0.0,9.0,9.0,0.0,7.0,7.0,0.0,7.0,0.0,0.0,0.0,0.0,0.0,4.0,7.0,0.0,4.0,0.0,0.0,0.0,6.0,142.0,0.0,0.0,0.0,0.0,0.0,138.0,0.0,0.0,0.0,0.0,0.0,0.0,0.0,0.0,0.0,4.0,4.0,0.0,0.0,0.0,2.0,6.0,4.0,4.0,7.0,0.0,0.0,0.0,0.0,0.0,7.0,7.0,7.0,7.0,0.0,0.0,0.0,4.0,4.0,0.0,1405939192.0,1030.0,1030.0,1745.0,1745.0,1780.0,0.0,85.0,24919.0,23662.0,23623.0,98.0,0.0,0.0,0.0,110.0,0.0,0.0,37.0,41.0,40.0,13.0,35.0,436235360.0,0.0,2462872256.0,51249964672.0,311218304.0,0.0,0.0,981.0,0.0,0.0,1278.0,80.0,1479.0
210,0.0,1.0,0.0,1.0,0.0,2035200.0,1.0,1122000000.0,1.0,408000000.0,0.206907987595,9184.0,1599.0,3123.0,42000.0,42250.0,43500.0,72.0,25.0,64.0,896.0,5000.0,0.0,25.0,1000000.0,950000.0,1.0,0.0,0.0,10.0,0.0,0.0,0.0,500.0,27523268.0,672576809.0,673613032.0,0.0,1.0,0.0,0.0,0.0,4.0,4.0,52.0,3.0,3.0,0.0,0.0,3.0,0.0,0.0,0.0,0.0,0.0,211.0,3.0,18044042.0,312013080.0,18059336.0,28841200.0,668484207.0,912.0,4028119914.0,0.0,4.0,4.0,7.0,8.0,0.0,1.0,6.0,4.0,50.0,50.0,8.0,4.0,0.0,0.0,0.0,23.0,7.0,0.0,5.0,5.0,15.0,81.0,81.0,15.0,0.0,0.0,0.0,0.0,7.0,0.0,0.0,0.0,0.0,0.0,9.0,9.0,0.0,7.0,7.0,0.0,7.0,0.0,0.0,0.0,0.0,0.0,4.0,7.0,0.0,4.0,0.0,0.0,0.0,6.0,142.0,0.0,0.0,0.0,0.0,0.0,138.0,0.0,0.0,0.0,0.0,0.0,0.0,0.0,0.0,0.0,4.0,4.0,0.0,0.0,0.0,2.0,6.0,4.0,4.0,7.0,0.0,0.0,0.0,0.0,0.0,7.0,7.0,7.0,7.0,0.0,0.0,0.0,4.0,4.0,0.0,1411776210.0,927.0,927.0,1786.0,1786.0,1824.0,0.0,86.0,24906.0,23633.0,23594.0,151.0,0.0,0.0,0.0,102.0,0.0,0.0,37.0,41.0,40.0,9.0,35.0,255450912.0,0.0,2388709696.0,39273585664.0,248239584.0,0.0,0.0,912.0,0.0,0.0,1213.0,80.0,1445.0
211,0.0,1.0,0.0,1.0,0.0,2035200.0,1.0,1122000000.0,1.0,408000000.0,0.20732712745700002,9108.0,1371.0,3123.0,41625.0,42250.0,43500.0,81.0,25.0,64.0,896.0,5000.0,0.0,25.0,1000000.0,950000.0,1.0,1.0,0.0,10.0,0.0,0.0,0.0,500.0,26991834.0,662362835.0,640522295.0,0.0,1.0,0.0,0.0,0.0,4.0,4.0,52.0,3.0,3.0,0.0,0.0,3.0,0.0,0.0,0.0,0.0,0.0,212.0,3.0,16507569.0,292390151.0,16452340.0,26554866.0,681065420.0,843.0,3969951118.0,0.0,4.0,4.0,7.0,8.0,0.0,1.0,6.0,4.0,50.0,50.0,8.0,4.0,0.0,0.0,0.0,23.0,7.0,0.0,5.0,5.0,15.0,81.0,81.0,15.0,0.0,0.0,0.0,0.0,7.0,0.0,0.0,0.0,0.0,0.0,9.0,9.0,0.0,7.0,7.0,0.0,7.0,0.0,0.0,0.0,0.0,0.0,4.0,7.0,0.0,4.0,0.0,0.0,0.0,6.0,142.0,0.0,0.0,0.0,0.0,0.0,138.0,0.0,0.0,0.0,0.0,0.0,0.0,0.0,0.0,0.0,4.0,4.0,0.0,0.0,0.0,2.0,6.0,4.0,4.0,7.0,0.0,0.0,0.0,0.0,0.0,7.0,7.0,7.0,7.0,0.0,0.0,0.0,4.0,4.0,0.0,1410692123.0,865.0,865.0,1683.0,1683.0,1717.0,0.0,93.0,24935.0,23684.0,23645.0,199.0,0.0,0.0,0.0,118.0,0.0,0.0,37.0,41.0,40.0,6.0,35.0,343010016.0,0.0,2378470624.0,40311090816.0,204899680.0,0.0,0.0,843.0,0.0,0.0,1267.0,80.0,1495.0
212,0.0,1.0,0.0,1.0,0.0,2035200.0,1.0,1122000000.0,1.0,408000000.0,0.21187591552700002,9109.0,1447.0,3200.0,41625.0,42250.0,43500.0,81.0,25.0,64.0,896.0,5000.0,0.0,25.0,1000000.0,950000.0,1.0,1.0,0.0,10.0,0.0,0.0,0.0,500.0,26579574.0,685750411.0,666637352.0,0.0,0.0,0.0,0.0,0.0,4.0,4.0,52.0,4.0,4.0,0.0,0.0,4.0,0.0,0.0,0.0,0.0,0.0,211.0,4.0,17921146.0,312646746.0,17144151.0,27625768.0,685314759.0,847.0,3926767692.0,0.0,4.0,4.0,7.0,8.0,0.0,1.0,6.0,4.0,50.0,50.0,8.0,4.0,0.0,0.0,0.0,23.0,7.0,0.0,5.0,5.0,15.0,81.0,81.0,15.0,0.0,0.0,0.0,0.0,7.0,0.0,0.0,0.0,0.0,0.0,9.0,9.0,0.0,7.0,7.0,0.0,7.0,0.0,0.0,0.0,0.0,0.0,4.0,7.0,0.0,4.0,0.0,0.0,0.0,6.0,142.0,0.0,0.0,0.0,0.0,0.0,138.0,0.0,0.0,0.0,0.0,0.0,0.0,0.0,0.0,0.0,4.0,4.0,0.0,0.0,0.0,2.0,6.0,4.0,4.0,7.0,0.0,0.0,0.0,0.0,0.0,7.0,7.0,7.0,7.0,0.0,0.0,0.0,4.0,4.0,0.0,1422650380.0,863.0,863.0,1704.0,1704.0,1735.0,0.0,81.0,24507.0,23654.0,23615.0,103.0,0.0,0.0,0.0,111.0,0.0,0.0,37.0,41.0,40.0,10.0,35.0,261943968.0,0.0,2342589856.0,40255927840.0,312920224.0,0.0,0.0,847.0,0.0,0.0,1127.0,80.0,1367.0
213,0.0,1.0,0.0,1.0,0.0,2035200.0,1.0,1122000000.0,1.0,408000000.0,0.208765029907,9260.0,1523.0,3200.0,41750.0,42750.0,43500.0,81.0,25.0,64.0,896.0,5000.0,0.0,25.0,1000000.0,950000.0,1.0,1.0,0.0,10.0,0.0,0.0,0.0,500.0,25712193.0,677092436.0,660567422.0,0.0,0.0,0.0,0.0,0.0,4.0,4.0,52.0,4.0,4.0,0.0,0.0,4.0,0.0,0.0,0.0,0.0,0.0,207.0,4.0,18873832.0,319375358.0,18549002.0,26674378.0,682776232.0,895.0,4036435225.0,0.0,4.0,4.0,7.0,8.0,0.0,1.0,6.0,4.0,50.0,50.0,8.0,4.0,0.0,0.0,0.0,23.0,7.0,0.0,5.0,5.0,15.0,81.0,81.0,15.0,0.0,0.0,0.0,0.0,7.0,0.0,0.0,0.0,0.0,0.0,9.0,9.0,0.0,7.0,7.0,0.0,7.0,0.0,0.0,0.0,0.0,0.0,4.0,7.0,0.0,4.0,0.0,0.0,0.0,6.0,143.0,0.0,0.0,0.0,0.0,0.0,139.0,0.0,0.0,0.0,0.0,0.0,0.0,0.0,0.0,0.0,4.0,4.0,0.0,0.0,0.0,2.0,6.0,4.0,4.0,7.0,0.0,0.0,0.0,0.0,0.0,7.0,7.0,7.0,7.0,0.0,0.0,0.0,4.0,4.0,0.0,1491640644.0,877.0,877.0,1712.0,1712.0,1742.0,0.0,82.0,25148.0,23676.0,23637.0,65.0,0.0,0.0,0.0,108.0,0.0,0.0,37.0,41.0,40.0,11.0,35.0,328532064.0,0.0,2357599360.0,54274366336.0,258467712.0,0.0,0.0,895.0,0.0,0.0,1109.0,80.0,1353.0
214,0.0,1.0,0.0,1.0,0.0,2035200.0,1.0,1122000000.0,1.0,408000000.0,0.211131095886,9260.0,1523.0,3123.0,41625.0,42500.0,43500.0,74.0,25.0,64.0,896.0,5000.0,0.0,25.0,1000000.0,950000.0,1.0,0.0,0.0,10.0,0.0,0.0,100.0,100.0,26018731.0,663103836.0,654839537.0,0.0,1.0,0.0,0.0,0.0,4.0,4.0,52.0,3.0,3.0,0.0,0.0,3.0,0.0,0.0,0.0,0.0,0.0,220.0,3.0,18733801.0,302988540.0,18110956.0,28643220.0,690131248.0,1093.0,4006172680.0,0.0,4.0,4.0,7.0,8.0,0.0,1.0,6.0,4.0,50.0,50.0,8.0,4.0,0.0,0.0,0.0,23.0,7.0,0.0,5.0,5.0,15.0,81.0,81.0,15.0,0.0,0.0,0.0,0.0,7.0,0.0,0.0,0.0,0.0,0.0,9.0,9.0,0.0,7.0,7.0,0.0,7.0,0.0,0.0,0.0,0.0,0.0,4.0,7.0,0.0,4.0,0.0,0.0,0.0,6.0,143.0,0.0,0.0,0.0,0.0,0.0,139.0,0.0,0.0,0.0,0.0,0.0,0.0,0.0,0.0,0.0,4.0,4.0,0.0,0.0,0.0,2.0,6.0,4.0,4.0,7.0,0.0,0.0,0.0,0.0,0.0,7.0,7.0,7.0,7.0,0.0,0.0,0.0,4.0,4.0,0.0,1479534733.0,1016.0,1016.0,1768.0,1768.0,1804.0,0.0,90.0,25152.0,23719.0,23680.0,84.0,0.0,0.0,0.0,95.0,0.0,0.0,37.0,41.0,40.0,14.0,35.0,58865888.0,0.0,2421058944.0,59641610464.0,266999040.0,0.0,0.0,1093.0,0.0,0.0,1335.0,80.0,1607.0
215,0.0,1.0,0.0,1.0,0.0,2035200.0,1.0,1122000000.0,1.0,408000000.0,0.208472967148,9108.0,1523.0,3046.0,41875.0,42250.0,43500.0,74.0,25.0,64.0,896.0,5000.0,0.0,25.0,1000000.0,950000.0,1.0,0.0,0.0,10.0,0.0,0.0,100.0,100.0,27229862.0,645660511.0,636145519.0,0.0,1.0,0.0,0.0,0.0,4.0,4.0,52.0,3.0,3.0,0.0,0.0,3.0,0.0,0.0,0.0,0.0,0.0,220.0,3.0,18216830.0,299722909.0,18167732.0,26363635.0,670408342.0,876.0,3991909608.0,0.0,4.0,4.0,7.0,8.0,0.0,1.0,6.0,4.0,50.0,50.0,8.0,4.0,0.0,0.0,0.0,23.0,7.0,0.0,5.0,5.0,15.0,81.0,81.0,15.0,0.0,0.0,0.0,0.0,7.0,0.0,0.0,0.0,0.0,0.0,9.0,9.0,0.0,7.0,7.0,0.0,7.0,0.0,0.0,0.0,0.0,0.0,4.0,7.0,0.0,4.0,0.0,0.0,0.0,6.0,142.0,0.0,0.0,0.0,0.0,0.0,138.0,0.0,0.0,0.0,0.0,0.0,0.0,0.0,0.0,0.0,4.0,4.0,0.0,0.0,0.0,2.0,6.0,4.0,4.0,7.0,0.0,0.0,0.0,0.0,0.0,7.0,7.0,7.0,7.0,0.0,0.0,0.0,4.0,4.0,0.0,1458226570.0,896.0,896.0,1681.0,1681.0,1719.0,0.0,105.0,24788.0,23688.0,23649.0,81.0,0.0,0.0,0.0,139.0,0.0,0.0,37.0,41.0,40.0,7.0,35.0,355770400.0,0.0,2388830752.0,48772829600.0,292782080.0,0.0,0.0,876.0,0.0,0.0,1142.0,80.0,1387.0
216,0.0,1.0,0.0,1.0,0.0,2035200.0,1.0,1122000000.0,1.0,408000000.0,0.20633101463300002,9108.0,1523.0,3123.0,41625.0,42500.0,43500.0,74.0,25.0,64.0,896.0,5000.0,0.0,25.0,1000000.0,950000.0,1.0,0.0,0.0,10.0,0.0,0.0,100.0,100.0,26456004.0,660032729.0,638225117.0,0.0,1.0,0.0,0.0,0.0,4.0,4.0,52.0,3.0,3.0,0.0,0.0,3.0,0.0,0.0,0.0,0.0,0.0,215.0,3.0,19212737.0,297500656.0,18742941.0,26898944.0,679884193.0,1231.0,3993674551.0,0.0,4.0,4.0,7.0,8.0,0.0,1.0,6.0,4.0,50.0,50.0,8.0,4.0,0.0,0.0,0.0,23.0,7.0,0.0,5.0,5.0,15.0,81.0,81.0,15.0,0.0,0.0,0.0,0.0,7.0,0.0,0.0,0.0,0.0,0.0,9.0,9.0,0.0,7.0,7.0,0.0,7.0,0.0,0.0,0.0,0.0,0.0,4.0,7.0,0.0,4.0,0.0,0.0,0.0,6.0,142.0,0.0,0.0,0.0,0.0,0.0,138.0,0.0,0.0,0.0,0.0,0.0,0.0,0.0,0.0,0.0,4.0,4.0,0.0,0.0,0.0,2.0,6.0,4.0,4.0,7.0,0.0,0.0,0.0,0.0,0.0,7.0,7.0,7.0,7.0,0.0,0.0,0.0,4.0,4.0,0.0,1458934196.0,893.0,893.0,1645.0,1645.0,1680.0,0.0,86.0,24965.0,23844.0,23805.0,76.0,0.0,0.0,0.0,102.0,0.0,0.0,37.0,41.0,40.0,9.0,35.0,46808928.0,0.0,2361003264.0,41369196960.0,320687840.0,0.0,0.0,1231.0,0.0,0.0,1475.0,80.0,1712.0
217,0.0,1.0,0.0,1.0,0.0,2035200.0,1.0,1122000000.0,1.0,408000000.0,0.21506690979,8995.0,1447.0,3046.0,41125.0,42250.0,43500.0,98.0,25.0,64.0,896.0,5000.0,0.0,25.0,1000000.0,950000.0,1.0,1.0,0.0,10.0,0.0,0.0,100.0,100.0,26636065.0,667836024.0,660406974.0,0.0,1.0,0.0,0.0,0.0,4.0,4.0,52.0,3.0,3.0,0.0,0.0,3.0,0.0,0.0,0.0,0.0,0.0,206.0,3.0,17306115.0,315335365.0,16505379.0,27504250.0,673679449.0,810.0,3914194087.0,0.0,4.0,4.0,7.0,8.0,0.0,1.0,6.0,4.0,50.0,50.0,8.0,4.0,0.0,0.0,0.0,23.0,7.0,0.0,5.0,5.0,15.0,81.0,81.0,15.0,0.0,0.0,0.0,0.0,7.0,0.0,0.0,0.0,0.0,0.0,9.0,9.0,0.0,7.0,7.0,0.0,7.0,0.0,0.0,0.0,0.0,0.0,4.0,7.0,0.0,4.0,0.0,0.0,0.0,6.0,143.0,0.0,0.0,0.0,0.0,0.0,139.0,0.0,0.0,0.0,0.0,0.0,0.0,0.0,0.0,0.0,4.0,4.0,0.0,0.0,0.0,2.0,6.0,4.0,4.0,7.0,0.0,0.0,0.0,0.0,0.0,7.0,7.0,7.0,7.0,0.0,0.0,0.0,4.0,4.0,0.0,1432795714.0,850.0,850.0,1688.0,1688.0,1730.0,0.0,90.0,25108.0,23622.0,23583.0,63.0,0.0,0.0,0.0,107.0,0.0,0.0,37.0,41.0,40.0,8.0,35.0,558963232.0,0.0,2370940768.0,44035897024.0,310255776.0,0.0,0.0,810.0,0.0,0.0,1083.0,80.0,1285.0
218,0.0,1.0,0.0,1.0,0.0,2035200.0,1.0,1122000000.0,1.0,408000000.0,0.205851078033,9298.0,1523.0,3200.0,41250.0,42500.0,43500.0,98.0,25.0,64.0,896.0,5000.0,0.0,25.0,1000000.0,950000.0,1.0,1.0,0.0,10.0,0.0,0.0,100.0,100.0,27867066.0,664338336.0,649287397.0,0.0,1.0,0.0,0.0,0.0,4.0,4.0,52.0,3.0,3.0,0.0,0.0,3.0,0.0,0.0,0.0,0.0,0.0,213.0,3.0,18573435.0,295427728.0,18375911.0,27325791.0,682454630.0,1019.0,4000951667.0,0.0,4.0,4.0,7.0,8.0,0.0,1.0,6.0,4.0,50.0,50.0,8.0,4.0,0.0,0.0,0.0,23.0,7.0,0.0,5.0,5.0,15.0,81.0,81.0,15.0,0.0,0.0,0.0,0.0,7.0,0.0,0.0,0.0,0.0,0.0,9.0,9.0,0.0,7.0,7.0,0.0,7.0,0.0,0.0,0.0,0.0,0.0,4.0,7.0,0.0,4.0,0.0,0.0,0.0,6.0,143.0,0.0,0.0,0.0,0.0,0.0,139.0,0.0,0.0,0.0,0.0,0.0,0.0,0.0,0.0,0.0,4.0,4.0,0.0,0.0,0.0,2.0,6.0,4.0,4.0,7.0,0.0,0.0,0.0,0.0,0.0,7.0,7.0,7.0,7.0,0.0,0.0,0.0,4.0,4.0,0.0,1485603861.0,944.0,944.0,1625.0,1625.0,1654.0,0.0,77.0,24838.0,23631.0,23592.0,136.0,0.0,0.0,0.0,84.0,0.0,0.0,37.0,41.0,40.0,9.0,35.0,145523712.0,0.0,2337646080.0,41480493408.0,270614624.0,0.0,0.0,1019.0,0.0,0.0,1291.0,80.0,1529.0
219,0.0,1.0,0.0,1.0,0.0,2035200.0,1.0,1122000000.0,1.0,408000000.0,0.20680809021,9070.0,1447.0,3123.0,41250.0,42250.0,43250.0,98.0,25.0,64.0,896.0,5000.0,0.0,25.0,1000000.0,950000.0,1.0,1.0,0.0,10.0,0.0,0.0,100.0,100.0,26763888.0,677378930.0,661562072.0,0.0,0.0,0.0,0.0,0.0,4.0,4.0,52.0,4.0,4.0,0.0,0.0,4.0,0.0,0.0,0.0,0.0,0.0,208.0,4.0,18605194.0,305489962.0,18138234.0,28443237.0,662296534.0,815.0,3844083296.0,0.0,4.0,4.0,7.0,8.0,0.0,1.0,6.0,4.0,50.0,50.0,8.0,4.0,0.0,0.0,0.0,23.0,7.0,0.0,5.0,5.0,15.0,81.0,81.0,15.0,0.0,0.0,0.0,0.0,7.0,0.0,0.0,0.0,0.0,0.0,9.0,9.0,0.0,7.0,7.0,0.0,7.0,0.0,0.0,0.0,0.0,0.0,4.0,7.0,0.0,4.0,0.0,0.0,0.0,6.0,143.0,0.0,0.0,0.0,0.0,0.0,139.0,0.0,0.0,0.0,0.0,0.0,0.0,0.0,0.0,0.0,4.0,4.0,0.0,0.0,0.0,2.0,6.0,4.0,4.0,7.0,0.0,0.0,0.0,0.0,0.0,7.0,7.0,7.0,7.0,0.0,0.0,0.0,4.0,4.0,0.0,1378797257.0,885.0,885.0,1645.0,1645.0,1675.0,0.0,78.0,24596.0,23551.0,23512.0,120.0,0.0,0.0,0.0,116.0,0.0,0.0,37.0,41.0,40.0,8.0,35.0,341750560.0,0.0,2369104640.0,35963109504.0,217962624.0,0.0,0.0,815.0,0.0,0.0,1097.0,80.0,1267.0
220,0.0,1.0,0.0,1.0,0.0,2035200.0,1.0,1122000000.0,1.0,408000000.0,0.209949970245,9108.0,1371.0,3123.0,41750.0,42250.0,43500.0,85.0,25.0,64.0,896.0,5000.0,0.0,25.0,1000000.0,950000.0,1.0,0.0,0.0,10.0,0.0,0.0,100.0,500.0,26942128.0,657145758.0,652864674.0,0.0,1.0,0.0,0.0,0.0,4.0,4.0,52.0,3.0,3.0,0.0,0.0,3.0,0.0,0.0,0.0,0.0,0.0,207.0,3.0,18167854.0,303118482.0,17863965.0,27102290.0,667870691.0,973.0,3979399064.0,0.0,4.0,4.0,7.0,8.0,0.0,1.0,6.0,4.0,50.0,50.0,8.0,4.0,0.0,0.0,0.0,23.0,7.0,0.0,5.0,5.0,15.0,81.0,81.0,15.0,0.0,0.0,0.0,0.0,7.0,0.0,0.0,0.0,0.0,0.0,9.0,9.0,0.0,7.0,7.0,0.0,7.0,0.0,0.0,0.0,0.0,0.0,4.0,7.0,0.0,4.0,0.0,0.0,0.0,6.0,142.0,0.0,0.0,0.0,0.0,0.0,138.0,0.0,0.0,0.0,0.0,0.0,0.0,0.0,0.0,0.0,4.0,4.0,0.0,0.0,0.0,2.0,6.0,4.0,4.0,7.0,0.0,0.0,0.0,0.0,0.0,7.0,7.0,7.0,7.0,0.0,0.0,0.0,4.0,4.0,0.0,1426273206.0,915.0,915.0,1698.0,1698.0,1730.0,0.0,86.0,24745.0,23823.0,23784.0,108.0,0.0,0.0,0.0,127.0,0.0,0.0,37.0,41.0,40.0,7.0,35.0,262940288.0,0.0,2368626080.0,55917199648.0,248621824.0,0.0,0.0,973.0,0.0,0.0,1371.0,80.0,1616.0
221,0.0,1.0,0.0,1.0,0.0,2035200.0,1.0,1122000000.0,1.0,408000000.0,0.21257019042999997,9071.0,1523.0,3200.0,42375.0,42250.0,43250.0,85.0,25.0,64.0,896.0,5000.0,0.0,25.0,1000000.0,950000.0,1.0,0.0,0.0,10.0,0.0,0.0,100.0,500.0,26489240.0,675016969.0,663258735.0,0.0,1.0,0.0,0.0,0.0,4.0,4.0,52.0,3.0,3.0,0.0,0.0,3.0,0.0,0.0,0.0,0.0,0.0,219.0,3.0,17991204.0,300788674.0,17646179.0,26905859.0,688409369.0,823.0,3879586323.0,0.0,4.0,4.0,7.0,8.0,0.0,1.0,6.0,4.0,50.0,50.0,8.0,4.0,0.0,0.0,0.0,23.0,7.0,0.0,5.0,5.0,15.0,81.0,81.0,15.0,0.0,0.0,0.0,0.0,7.0,0.0,0.0,0.0,0.0,0.0,9.0,9.0,0.0,7.0,7.0,0.0,7.0,0.0,0.0,0.0,0.0,0.0,4.0,7.0,0.0,4.0,0.0,0.0,0.0,6.0,142.0,0.0,0.0,0.0,0.0,0.0,138.0,0.0,0.0,0.0,0.0,0.0,0.0,0.0,0.0,0.0,4.0,4.0,0.0,0.0,0.0,2.0,6.0,4.0,4.0,7.0,0.0,0.0,0.0,0.0,0.0,7.0,7.0,7.0,7.0,0.0,0.0,0.0,4.0,4.0,0.0,1437839336.0,908.0,908.0,1694.0,1694.0,1731.0,0.0,83.0,25124.0,23619.0,23580.0,69.0,0.0,0.0,0.0,111.0,0.0,0.0,37.0,41.0,40.0,12.0,35.0,349944352.0,0.0,2345780544.0,39424264896.0,248567776.0,0.0,0.0,823.0,0.0,0.0,1087.0,80.0,1328.0
222,0.0,1.0,0.0,1.0,0.0,2035200.0,1.0,1122000000.0,1.0,408000000.0,0.21185708046,9260.0,1523.0,3123.0,41500.0,42250.0,43250.0,85.0,25.0,64.0,896.0,5000.0,0.0,25.0,1000000.0,950000.0,1.0,0.0,0.0,10.0,0.0,0.0,100.0,500.0,27831923.0,660013609.0,645250778.0,0.0,1.0,0.0,0.0,0.0,4.0,4.0,52.0,3.0,3.0,0.0,0.0,3.0,0.0,0.0,0.0,0.0,0.0,224.0,3.0,17444844.0,305875958.0,17688485.0,29015939.0,682347910.0,938.0,3954765550.0,0.0,4.0,4.0,7.0,8.0,0.0,1.0,6.0,4.0,50.0,50.0,8.0,4.0,0.0,0.0,0.0,23.0,7.0,0.0,5.0,5.0,15.0,81.0,81.0,15.0,0.0,0.0,0.0,0.0,7.0,0.0,0.0,0.0,0.0,0.0,9.0,9.0,0.0,7.0,7.0,0.0,7.0,0.0,0.0,0.0,0.0,0.0,4.0,7.0,0.0,4.0,0.0,0.0,0.0,6.0,145.0,0.0,0.0,0.0,0.0,0.0,141.0,0.0,0.0,0.0,0.0,0.0,0.0,0.0,0.0,0.0,4.0,4.0,0.0,0.0,0.0,2.0,6.0,4.0,4.0,7.0,0.0,0.0,0.0,0.0,0.0,7.0,7.0,7.0,7.0,0.0,0.0,0.0,4.0,4.0,0.0,1473272814.0,950.0,950.0,1665.0,1665.0,1702.0,0.0,87.0,24763.0,23666.0,23627.0,95.0,0.0,0.0,0.0,113.0,0.0,0.0,37.0,41.0,40.0,10.0,35.0,388338112.0,35816672.0,2351663712.0,46277445504.0,263233696.0,0.0,0.0,938.0,0.0,0.0,1322.0,80.0,1529.0
223,0.0,1.0,0.0,1.0,0.0,2035200.0,1.0,1122000000.0,1.0,408000000.0,0.216056108475,9146.0,1523.0,3046.0,41500.0,42250.0,43500.0,73.0,25.0,64.0,896.0,5000.0,0.0,25.0,1000000.0,950000.0,1.0,1.0,0.0,10.0,0.0,0.0,100.0,500.0,26217467.0,675723196.0,661783365.0,0.0,0.0,0.0,0.0,0.0,4.0,4.0,52.0,4.0,4.0,0.0,0.0,4.0,0.0,0.0,0.0,0.0,0.0,204.0,4.0,18256485.0,295864496.0,17953063.0,29413407.0,674853881.0,986.0,3927028902.0,0.0,4.0,4.0,7.0,8.0,0.0,1.0,6.0,4.0,50.0,50.0,8.0,4.0,0.0,0.0,0.0,23.0,7.0,0.0,5.0,5.0,15.0,81.0,81.0,15.0,0.0,0.0,0.0,0.0,7.0,0.0,0.0,0.0,0.0,0.0,9.0,9.0,0.0,7.0,7.0,0.0,7.0,0.0,0.0,0.0,0.0,0.0,4.0,7.0,0.0,4.0,0.0,0.0,0.0,6.0,144.0,0.0,0.0,0.0,0.0,0.0,140.0,0.0,0.0,0.0,0.0,0.0,0.0,0.0,0.0,0.0,4.0,4.0,0.0,0.0,0.0,2.0,6.0,4.0,4.0,7.0,0.0,0.0,0.0,0.0,0.0,7.0,7.0,7.0,7.0,0.0,0.0,0.0,4.0,4.0,0.0,1409756605.0,1050.0,1050.0,1741.0,1741.0,1777.0,0.0,90.0,24966.0,23710.0,23671.0,89.0,0.0,0.0,0.0,114.0,0.0,0.0,37.0,41.0,40.0,9.0,35.0,453702016.0,173024.0,2394728928.0,51655805984.0,287687840.0,0.0,0.0,986.0,0.0,0.0,1276.0,80.0,1507.0
224,0.0,1.0,0.0,1.0,0.0,2035200.0,1.0,1122000000.0,1.0,408000000.0,0.212165117264,9984.0,1523.0,3352.0,41500.0,42250.0,43500.0,73.0,25.0,64.0,896.0,5000.0,0.0,25.0,1000000.0,950000.0,1.0,1.0,0.0,10.0,0.0,0.0,100.0,500.0,26959172.0,668310297.0,644215765.0,0.0,1.0,0.0,0.0,0.0,4.0,4.0,52.0,3.0,3.0,0.0,0.0,3.0,0.0,0.0,0.0,0.0,0.0,216.0,3.0,17694476.0,297668457.0,17807692.0,26541679.0,673314859.0,864.0,3998392646.0,0.0,4.0,4.0,7.0,8.0,0.0,1.0,6.0,4.0,50.0,50.0,8.0,4.0,0.0,0.0,0.0,23.0,7.0,0.0,5.0,5.0,15.0,81.0,81.0,15.0,0.0,0.0,0.0,0.0,7.0,0.0,0.0,0.0,0.0,0.0,9.0,9.0,0.0,7.0,7.0,0.0,7.0,0.0,0.0,0.0,0.0,0.0,4.0,7.0,0.0,4.0,0.0,0.0,0.0,6.0,143.0,0.0,0.0,0.0,0.0,0.0,139.0,0.0,0.0,0.0,0.0,0.0,0.0,0.0,0.0,0.0,4.0,4.0,0.0,0.0,0.0,2.0,6.0,4.0,4.0,7.0,0.0,0.0,0.0,0.0,0.0,7.0,7.0,7.0,7.0,0.0,0.0,0.0,4.0,4.0,0.0,1420195270.0,882.0,882.0,1646.0,1646.0,1683.0,0.0,75.0,24924.0,23566.0,23527.0,188.0,0.0,0.0,0.0,101.0,0.0,0.0,37.0,41.0,40.0,11.0,35.0,575921888.0,4200992.0,2430705600.0,49626641792.0,347080480.0,0.0,0.0,864.0,0.0,0.0,1158.0,80.0,1335.0
225,0.0,1.0,0.0,1.0,0.0,2035200.0,1.0,1122000000.0,1.0,408000000.0,0.20783019065900002,8995.0,1523.0,2970.0,41750.0,42250.0,43250.0,73.0,25.0,64.0,896.0,5000.0,0.0,25.0,1000000.0,950000.0,1.0,1.0,0.0,10.0,0.0,0.0,100.0,500.0,26803047.0,640092998.0,625413593.0,0.0,1.0,0.0,0.0,0.0,4.0,4.0,52.0,3.0,3.0,0.0,0.0,3.0,0.0,0.0,0.0,0.0,0.0,209.0,3.0,16872548.0,297102320.0,17159992.0,28228570.0,670983265.0,859.0,3920937331.0,0.0,4.0,4.0,7.0,8.0,0.0,1.0,6.0,4.0,50.0,50.0,8.0,4.0,0.0,0.0,0.0,23.0,7.0,0.0,5.0,5.0,15.0,81.0,81.0,15.0,0.0,0.0,0.0,0.0,7.0,0.0,0.0,0.0,0.0,0.0,9.0,9.0,0.0,7.0,7.0,0.0,7.0,0.0,0.0,0.0,0.0,0.0,4.0,7.0,0.0,4.0,0.0,0.0,0.0,6.0,144.0,0.0,0.0,0.0,0.0,0.0,140.0,0.0,0.0,0.0,0.0,0.0,0.0,0.0,0.0,0.0,4.0,4.0,0.0,0.0,0.0,2.0,6.0,4.0,4.0,7.0,0.0,0.0,0.0,0.0,0.0,7.0,7.0,7.0,7.0,0.0,0.0,0.0,4.0,4.0,0.0,1479980322.0,901.0,901.0,1616.0,1616.0,1649.0,0.0,82.0,24978.0,23606.0,23567.0,77.0,0.0,0.0,0.0,100.0,0.0,0.0,37.0,41.0,40.0,12.0,35.0,372747104.0,0.0,2390393216.0,37133329632.0,282824480.0,0.0,0.0,859.0,0.0,0.0,1166.0,80.0,1353.0
226,0.0,1.0,1.0,0.0,1.0,499200.0,1.0,1122000000.0,1.0,40800000.0,21.2716178894,47226.0,9144.0,12725.0,41340.9090909,42000.0,42818.1818182,81.0,25.0,64.0,896.0,5000.0,0.0,25.0,1000000.0,950000.0,1.0,0.0,0.0,10.0,0.0,0.0,0.0,100.0,95941779.0,1714496308.0,1602557491.0,0.0,0.0,0.0,0.0,0.0,4.0,4.0,52.0,4.0,4.0,0.0,0.0,4.0,0.0,0.0,0.0,0.0,0.0,205.0,4.0,122623291.0,710690460.0,131170172.0,96705261.0,1775054298.0,10634.0,77597462875.0,0.0,4.0,4.0,7.0,8.0,0.0,1.0,6.0,4.0,50.0,50.0,8.0,4.0,0.0,0.0,0.0,23.0,7.0,0.0,5.0,5.0,15.0,81.0,81.0,15.0,0.0,0.0,0.0,0.0,7.0,0.0,0.0,0.0,0.0,0.0,9.0,9.0,0.0,7.0,7.0,0.0,7.0,0.0,0.0,0.0,0.0,0.0,4.0,7.0,0.0,4.0,0.0,0.0,0.0,6.0,154.0,0.0,0.0,0.0,0.0,0.0,150.0,0.0,0.0,0.0,0.0,0.0,0.0,0.0,0.0,0.0,4.0,4.0,0.0,0.0,0.0,2.0,6.0,4.0,4.0,7.0,0.0,0.0,0.0,0.0,0.0,7.0,7.0,7.0,7.0,0.0,0.0,0.0,4.0,4.0,0.0,2981952860.0,21399.0,21399.0,27449.0,27449.0,27817.0,0.0,1058.0,52878.0,35009.0,34850.0,285.0,0.0,0.0,0.0,1879.0,0.0,0.0,151.0,161.0,160.0,59.0,149.0,8771707392.0,7097664.0,60869868544.0,1619781771936.0,17244577888.0,0.0,0.0,10634.0,0.0,0.0,13369.0,320.0,14583.0
227,0.0,1.0,1.0,1.0,0.0,1881600.0,1.0,943500000.0,1.0,1866000000.0,8.3557100296,991372.0,121678.0,284729.0,41939.5833333,42454.1666667,44112.5,70.0,25.0,64.0,896.0,5000.0,0.0,25.0,1000000.0,950000.0,1.0,0.0,0.0,10.0,0.0,0.0,0.0,100.0,477608375.0,3377619802.0,3379793061.0,0.0,25.0,0.0,0.0,0.0,66.0,66.0,1.0,41.0,13.0,0.0,0.0,41.0,0.0,0.0,0.0,0.0,0.0,1775.0,13.0,52152161.0,2044550318.0,51152330.0,474499056.0,3349656993.0,16333.0,18675564781.0,0.0,1.0,1.0,0.0,1.0,0.0,0.0,1.0,1.0,1.0,1.0,2.0,1.0,0.0,0.0,0.0,2.0,0.0,0.0,1.0,1.0,44.0,1305.0,1305.0,1.0,0.0,4.0,0.0,0.0,0.0,0.0,0.0,0.0,0.0,0.0,43.0,43.0,0.0,1.0,1.0,0.0,1.0,41.0,0.0,0.0,0.0,0.0,1.0,0.0,0.0,1.0,0.0,0.0,0.0,0.0,11.0,0.0,0.0,0.0,1.0,0.0,12.0,0.0,0.0,0.0,0.0,0.0,0.0,0.0,0.0,0.0,1.0,1.0,0.0,0.0,1.0,0.0,0.0,1.0,1.0,0.0,0.0,0.0,0.0,0.0,0.0,1.0,1.0,0.0,0.0,0.0,0.0,0.0,1.0,1.0,0.0,7519763720.0,5613.0,5613.0,12455.0,12455.0,13025.0,0.0,3590.0,297219.0,118119.0,116627.0,2072.0,0.0,0.0,0.0,2613.0,0.0,0.0,1483.0,1493.0,1492.0,350.0,1481.0,2518872672.0,55790944.0,12076724096.0,592510833856.0,2297659200.0,0.0,0.0,16333.0,0.0,0.0,24122.0,2984.0,25101.0
228,0.0,1.0,1.0,1.0,0.0,1881600.0,1.0,943500000.0,1.0,1866000000.0,0.108776092529,11735.0,1294.0,2513.0,42375.0,43250.0,43750.0,70.0,25.0,64.0,896.0,5000.0,0.0,25.0,1000000.0,950000.0,1.0,0.0,0.0,10.0,0.0,0.0,0.0,100.0,32010055.0,704890121.0,711676615.0,0.0,57.0,0.0,0.0,2.0,797.0,790.0,1.0,738.0,544.0,0.0,0.0,738.0,0.0,0.0,0.0,0.0,0.0,5147.0,544.0,17121170.0,337510938.0,16800735.0,30196893.0,652627976.0,1448.0,2266579330.0,0.0,1.0,1.0,0.0,1.0,0.0,0.0,1.0,1.0,1.0,1.0,2.0,1.0,0.0,0.0,0.0,2.0,0.0,6.0,1.0,1.0,711.0,6155.0,6155.0,1.0,0.0,0.0,0.0,0.0,0.0,0.0,0.0,0.0,0.0,1.0,710.0,710.0,0.0,1.0,1.0,0.0,1.0,708.0,0.0,0.0,0.0,0.0,1.0,0.0,0.0,1.0,0.0,0.0,0.0,1.0,10.0,0.0,0.0,0.0,2.0,0.0,11.0,0.0,0.0,0.0,0.0,0.0,0.0,0.0,0.0,0.0,1.0,1.0,0.0,0.0,0.0,0.0,1.0,1.0,1.0,0.0,0.0,0.0,0.0,0.0,0.0,1.0,1.0,0.0,0.0,0.0,0.0,0.0,1.0,1.0,0.0,1300454905.0,545.0,545.0,1254.0,1254.0,1284.0,17.0,106.0,21498.0,21948.0,21914.0,74.0,0.0,0.0,0.0,122.0,0.0,0.0,31.0,35.0,34.0,11.0,29.0,561643840.0,252863232.0,1634041120.0,41333022400.0,101059584.0,0.0,0.0,1448.0,0.0,0.0,2222.0,68.0,2586.0
229,0.0,1.0,1.0,1.0,0.0,1881600.0,1.0,943500000.0,1.0,1866000000.0,0.108451128006,6095.0,533.0,1599.0,42750.0,43000.0,43500.0,70.0,25.0,64.0,896.0,5000.0,0.0,25.0,1000000.0,950000.0,1.0,0.0,0.0,10.0,0.0,0.0,0.0,100.0,19726501.0,572965733.0,556413981.0,0.0,0.0,0.0,0.0,0.0,1.0,1.0,1.0,1.0,1.0,0.0,0.0,1.0,0.0,0.0,0.0,0.0,0.0,34.0,1.0,15012228.0,268534107.0,14466012.0,21667995.0,573454207.0,370.0,2158231170.0,0.0,1.0,1.0,0.0,1.0,0.0,0.0,1.0,1.0,1.0,1.0,2.0,1.0,0.0,0.0,0.0,2.0,0.0,0.0,1.0,1.0,3.0,56.0,56.0,1.0,0.0,0.0,0.0,0.0,0.0,0.0,0.0,0.0,0.0,0.0,2.0,2.0,0.0,1.0,1.0,0.0,1.0,0.0,0.0,0.0,0.0,0.0,1.0,0.0,0.0,1.0,0.0,0.0,0.0,1.0,10.0,0.0,0.0,0.0,0.0,0.0,11.0,0.0,0.0,0.0,0.0,0.0,0.0,0.0,0.0,0.0,1.0,1.0,0.0,0.0,0.0,0.0,1.0,1.0,1.0,0.0,0.0,0.0,0.0,0.0,0.0,1.0,1.0,0.0,0.0,0.0,0.0,0.0,1.0,1.0,0.0,1272858543.0,348.0,348.0,996.0,996.0,1023.0,0.0,43.0,17872.0,20876.0,20856.0,14.0,0.0,0.0,0.0,40.0,0.0,0.0,19.0,21.0,20.0,7.0,17.0,6978368.0,0.0,1249365376.0,12157117696.0,35474464.0,0.0,0.0,370.0,0.0,0.0,461.0,40.0,572.0
230,0.0,1.0,1.0,1.0,0.0,1881600.0,1.0,943500000.0,1.0,1866000000.0,0.107534170151,6057.0,533.0,1599.0,42500.0,43000.0,43500.0,69.0,25.0,64.0,896.0,5000.0,0.0,25.0,1000000.0,950000.0,1.0,1.0,0.0,10.0,0.0,0.0,0.0,100.0,18136219.0,560317604.0,533796526.0,0.0,0.0,0.0,0.0,0.0,1.0,1.0,1.0,1.0,1.0,0.0,0.0,1.0,0.0,0.0,0.0,0.0,0.0,36.0,1.0,14885044.0,263354490.0,14850937.0,20073423.0,564223455.0,371.0,2272486928.0,0.0,1.0,1.0,0.0,1.0,0.0,0.0,1.0,1.0,1.0,1.0,2.0,1.0,0.0,0.0,0.0,2.0,0.0,0.0,1.0,1.0,3.0,50.0,50.0,1.0,0.0,0.0,0.0,0.0,0.0,0.0,0.0,0.0,0.0,0.0,2.0,2.0,0.0,1.0,1.0,0.0,1.0,0.0,0.0,0.0,0.0,0.0,1.0,0.0,0.0,1.0,0.0,0.0,0.0,1.0,11.0,0.0,0.0,0.0,0.0,0.0,12.0,0.0,0.0,0.0,0.0,0.0,0.0,0.0,0.0,0.0,1.0,1.0,0.0,0.0,0.0,0.0,1.0,1.0,1.0,0.0,0.0,0.0,0.0,0.0,0.0,1.0,1.0,0.0,0.0,0.0,0.0,0.0,1.0,1.0,0.0,1271294051.0,363.0,363.0,1098.0,1098.0,1128.0,0.0,50.0,18313.0,20889.0,20869.0,14.0,0.0,0.0,0.0,48.0,0.0,0.0,19.0,21.0,20.0,6.0,17.0,4673120.0,0.0,1279663200.0,19977100576.0,27382624.0,0.0,0.0,371.0,0.0,0.0,461.0,40.0,601.0
231,0.0,1.0,1.0,1.0,0.0,1881600.0,1.0,943500000.0,1.0,1866000000.0,0.108947038651,12533.0,1370.0,3122.0,41000.0,43000.0,44000.0,69.0,25.0,64.0,896.0,5000.0,0.0,25.0,1000000.0,950000.0,1.0,1.0,0.0,10.0,0.0,0.0,0.0,100.0,21315237.0,574165249.0,548235619.0,0.0,0.0,0.0,0.0,0.0,1.0,1.0,1.0,1.0,1.0,0.0,0.0,1.0,0.0,0.0,0.0,0.0,0.0,33.0,1.0,14360763.0,275463017.0,14427588.0,20759573.0,564189452.0,402.0,2255432834.0,0.0,1.0,1.0,0.0,1.0,0.0,0.0,1.0,1.0,1.0,1.0,2.0,1.0,0.0,0.0,0.0,2.0,0.0,0.0,1.0,1.0,3.0,50.0,50.0,1.0,0.0,0.0,0.0,0.0,0.0,0.0,0.0,0.0,0.0,0.0,2.0,2.0,0.0,1.0,1.0,0.0,1.0,0.0,0.0,0.0,0.0,0.0,1.0,0.0,0.0,1.0,0.0,0.0,0.0,1.0,10.0,0.0,0.0,0.0,0.0,0.0,11.0,0.0,0.0,0.0,0.0,0.0,0.0,0.0,0.0,0.0,1.0,1.0,0.0,0.0,0.0,0.0,1.0,1.0,1.0,0.0,0.0,0.0,0.0,0.0,0.0,1.0,1.0,0.0,0.0,0.0,0.0,0.0,1.0,1.0,0.0,1276703950.0,399.0,399.0,1075.0,1075.0,1100.0,0.0,60.0,20156.0,21303.0,21276.0,14.0,0.0,0.0,0.0,80.0,0.0,0.0,25.0,28.0,27.0,7.0,23.0,4893408.0,0.0,1289712704.0,12688087712.0,52602784.0,0.0,0.0,402.0,0.0,0.0,569.0,54.0,668.0
232,0.0,1.0,1.0,1.0,0.0,1881600.0,1.0,943500000.0,1.0,1866000000.0,0.111181020737,12457.0,1370.0,3198.0,41500.0,42750.0,43750.0,69.0,25.0,64.0,896.0,5000.0,0.0,25.0,1000000.0,950000.0,1.0,1.0,0.0,10.0,0.0,0.0,0.0,100.0,24755243.0,569543113.0,570132917.0,0.0,0.0,0.0,0.0,0.0,1.0,1.0,1.0,1.0,1.0,0.0,0.0,1.0,0.0,0.0,0.0,0.0,0.0,36.0,1.0,14552998.0,278118543.0,14182857.0,23570141.0,587840231.0,450.0,2309857387.0,0.0,1.0,1.0,0.0,1.0,0.0,0.0,1.0,1.0,1.0,1.0,2.0,1.0,0.0,0.0,0.0,2.0,0.0,0.0,1.0,1.0,3.0,50.0,50.0,1.0,0.0,0.0,0.0,0.0,0.0,0.0,0.0,0.0,0.0,0.0,2.0,2.0,0.0,1.0,1.0,0.0,1.0,0.0,0.0,0.0,0.0,0.0,1.0,0.0,0.0,1.0,0.0,0.0,0.0,1.0,10.0,0.0,0.0,0.0,0.0,0.0,11.0,0.0,0.0,0.0,0.0,0.0,0.0,0.0,0.0,0.0,1.0,1.0,0.0,0.0,0.0,0.0,1.0,1.0,1.0,0.0,0.0,0.0,0.0,0.0,0.0,1.0,1.0,0.0,0.0,0.0,0.0,0.0,1.0,1.0,0.0,1367090853.0,423.0,423.0,1083.0,1083.0,1109.0,0.0,86.0,21595.0,21666.0,21632.0,25.0,0.0,0.0,0.0,84.0,0.0,0.0,31.0,35.0,34.0,9.0,29.0,115600192.0,1496384.0,1340672448.0,26071233632.0,82729696.0,0.0,0.0,450.0,0.0,0.0,599.0,68.0,763.0
233,0.0,1.0,1.0,1.0,0.0,1881600.0,1.0,943500000.0,1.0,1866000000.0,0.107779026031,12419.0,1218.0,3122.0,41500.0,43000.0,44000.0,73.0,25.0,64.0,896.0,5000.0,0.0,25.0,1000000.0,950000.0,1.0,0.0,0.0,10.0,0.0,0.0,0.0,500.0,18943565.0,561449827.0,546967232.0,0.0,0.0,0.0,0.0,0.0,6.0,6.0,1.0,6.0,6.0,0.0,0.0,6.0,0.0,0.0,0.0,0.0,0.0,35.0,6.0,14082128.0,277865972.0,14135438.0,19782965.0,574437430.0,347.0,2298866872.0,0.0,1.0,1.0,0.0,1.0,0.0,0.0,1.0,1.0,1.0,1.0,2.0,1.0,0.0,0.0,0.0,2.0,0.0,0.0,1.0,1.0,8.0,55.0,55.0,1.0,0.0,0.0,0.0,0.0,0.0,0.0,0.0,0.0,0.0,0.0,7.0,7.0,0.0,1.0,1.0,0.0,1.0,5.0,0.0,0.0,0.0,0.0,1.0,0.0,0.0,1.0,0.0,0.0,0.0,1.0,11.0,0.0,0.0,0.0,0.0,0.0,12.0,0.0,0.0,0.0,0.0,0.0,0.0,0.0,0.0,0.0,1.0,1.0,0.0,0.0,0.0,0.0,1.0,1.0,1.0,0.0,0.0,0.0,0.0,0.0,0.0,1.0,1.0,0.0,0.0,0.0,0.0,0.0,1.0,1.0,0.0,1323645297.0,396.0,396.0,1047.0,1047.0,1074.0,0.0,55.0,20441.0,21235.0,21208.0,39.0,0.0,0.0,0.0,58.0,0.0,0.0,25.0,28.0,27.0,6.0,23.0,10919904.0,2148896.0,1309559008.0,14172023488.0,30160896.0,0.0,0.0,347.0,0.0,0.0,492.0,54.0,642.0
234,0.0,1.0,1.0,1.0,0.0,1881600.0,1.0,943500000.0,1.0,1866000000.0,0.107578992844,12495.0,1370.0,3046.0,41500.0,43000.0,44000.0,73.0,25.0,64.0,896.0,5000.0,0.0,25.0,1000000.0,950000.0,1.0,0.0,0.0,10.0,0.0,0.0,0.0,500.0,20465028.0,566257116.0,557844317.0,0.0,0.0,0.0,0.0,0.0,1.0,1.0,1.0,1.0,1.0,0.0,0.0,1.0,0.0,0.0,0.0,0.0,0.0,34.0,1.0,14424153.0,261245779.0,14179922.0,20958819.0,572798156.0,479.0,2324954847.0,0.0,1.0,1.0,0.0,1.0,0.0,0.0,1.0,1.0,1.0,1.0,2.0,1.0,0.0,0.0,0.0,2.0,0.0,0.0,1.0,1.0,3.0,50.0,50.0,1.0,0.0,0.0,0.0,0.0,0.0,0.0,0.0,0.0,0.0,0.0,2.0,2.0,0.0,1.0,1.0,0.0,1.0,0.0,0.0,0.0,0.0,0.0,1.0,0.0,0.0,1.0,0.0,0.0,0.0,1.0,10.0,0.0,0.0,0.0,0.0,0.0,11.0,0.0,0.0,0.0,0.0,0.0,0.0,0.0,0.0,0.0,1.0,1.0,0.0,0.0,0.0,0.0,1.0,1.0,1.0,0.0,0.0,0.0,0.0,0.0,0.0,1.0,1.0,0.0,0.0,0.0,0.0,0.0,1.0,1.0,0.0,1340200428.0,377.0,377.0,1167.0,1167.0,1201.0,0.0,62.0,20279.0,21445.0,21418.0,18.0,0.0,0.0,0.0,61.0,0.0,0.0,25.0,28.0,27.0,8.0,23.0,8468992.0,0.0,1323416896.0,12341447744.0,39676128.0,0.0,0.0,479.0,0.0,0.0,648.0,54.0,751.0
235,0.0,1.0,1.0,1.0,0.0,1881600.0,1.0,943500000.0,1.0,1866000000.0,0.108803033829,12533.0,1294.0,3122.0,41500.0,43500.0,44000.0,73.0,25.0,64.0,896.0,5000.0,0.0,25.0,1000000.0,950000.0,1.0,0.0,0.0,10.0,0.0,0.0,0.0,500.0,20660772.0,554841690.0,542118484.0,0.0,0.0,0.0,0.0,0.0,1.0,1.0,1.0,1.0,1.0,0.0,0.0,1.0,0.0,0.0,0.0,0.0,0.0,35.0,1.0,13814921.0,265906351.0,13957498.0,18491758.0,570486390.0,388.0,2277561289.0,0.0,1.0,1.0,0.0,1.0,0.0,0.0,1.0,1.0,1.0,1.0,2.0,1.0,0.0,0.0,0.0,2.0,0.0,0.0,1.0,1.0,3.0,50.0,50.0,1.0,0.0,0.0,0.0,0.0,0.0,0.0,0.0,0.0,0.0,0.0,2.0,2.0,0.0,1.0,1.0,0.0,1.0,0.0,0.0,0.0,0.0,0.0,1.0,0.0,0.0,1.0,0.0,0.0,0.0,1.0,10.0,0.0,0.0,0.0,0.0,0.0,11.0,0.0,0.0,0.0,0.0,0.0,0.0,0.0,0.0,0.0,1.0,1.0,0.0,0.0,0.0,0.0,1.0,1.0,1.0,0.0,0.0,0.0,0.0,0.0,0.0,1.0,1.0,0.0,0.0,0.0,0.0,0.0,1.0,1.0,0.0,1309957151.0,376.0,376.0,1022.0,1022.0,1048.0,0.0,72.0,19931.0,21295.0,21268.0,18.0,0.0,0.0,0.0,69.0,0.0,0.0,25.0,28.0,27.0,5.0,23.0,8008000.0,1506240.0,1296996960.0,28631098528.0,41097632.0,0.0,0.0,388.0,0.0,0.0,506.0,54.0,596.0
236,0.0,1.0,1.0,1.0,0.0,1881600.0,1.0,943500000.0,1.0,1866000000.0,0.108644008636,6019.0,609.0,1523.0,41625.0,43250.0,44000.0,95.0,25.0,64.0,896.0,5000.0,0.0,25.0,1000000.0,950000.0,1.0,1.0,0.0,10.0,0.0,0.0,0.0,500.0,21499131.0,566138999.0,553943416.0,0.0,0.0,0.0,0.0,0.0,1.0,1.0,1.0,1.0,1.0,0.0,0.0,1.0,0.0,0.0,0.0,0.0,0.0,29.0,1.0,14114573.0,268604895.0,14002853.0,19597154.0,565972028.0,435.0,2209150000.0,0.0,1.0,1.0,0.0,1.0,0.0,0.0,1.0,1.0,1.0,1.0,2.0,1.0,0.0,0.0,0.0,2.0,0.0,0.0,1.0,1.0,3.0,50.0,50.0,1.0,0.0,0.0,0.0,0.0,0.0,0.0,0.0,0.0,0.0,0.0,2.0,2.0,0.0,1.0,1.0,0.0,1.0,0.0,0.0,0.0,0.0,0.0,1.0,0.0,0.0,1.0,0.0,0.0,0.0,1.0,10.0,0.0,0.0,0.0,0.0,0.0,11.0,0.0,0.0,0.0,0.0,0.0,0.0,0.0,0.0,0.0,1.0,1.0,0.0,0.0,0.0,0.0,1.0,1.0,1.0,0.0,0.0,0.0,0.0,0.0,0.0,1.0,1.0,0.0,0.0,0.0,0.0,0.0,1.0,1.0,0.0,1292891679.0,393.0,393.0,1060.0,1060.0,1093.0,0.0,66.0,19899.0,21349.0,21322.0,17.0,0.0,0.0,0.0,75.0,0.0,0.0,25.0,28.0,27.0,7.0,23.0,7825504.0,0.0,1267390080.0,11012886432.0,25350720.0,0.0,0.0,435.0,0.0,0.0,582.0,54.0,727.0
237,0.0,1.0,1.0,1.0,0.0,1881600.0,1.0,943500000.0,1.0,1866000000.0,0.10750579834000001,5942.0,609.0,1599.0,41625.0,43250.0,44000.0,95.0,25.0,64.0,896.0,5000.0,0.0,25.0,1000000.0,950000.0,1.0,1.0,0.0,10.0,0.0,0.0,0.0,500.0,21659553.0,550050051.0,552536882.0,0.0,0.0,0.0,0.0,0.0,1.0,1.0,1.0,1.0,1.0,0.0,0.0,1.0,0.0,0.0,0.0,0.0,0.0,34.0,1.0,14560587.0,276066100.0,14578529.0,19238187.0,576078908.0,500.0,2275367528.0,0.0,1.0,1.0,0.0,1.0,0.0,0.0,1.0,1.0,1.0,1.0,2.0,1.0,0.0,0.0,0.0,2.0,0.0,0.0,1.0,1.0,3.0,50.0,50.0,1.0,0.0,0.0,0.0,0.0,0.0,0.0,0.0,0.0,0.0,0.0,2.0,2.0,0.0,1.0,1.0,0.0,1.0,0.0,0.0,0.0,0.0,0.0,1.0,0.0,0.0,1.0,0.0,0.0,0.0,1.0,10.0,0.0,0.0,0.0,0.0,0.0,11.0,0.0,0.0,0.0,0.0,0.0,0.0,0.0,0.0,0.0,1.0,1.0,0.0,0.0,0.0,0.0,1.0,1.0,1.0,0.0,0.0,0.0,0.0,0.0,0.0,1.0,1.0,0.0,0.0,0.0,0.0,0.0,1.0,1.0,0.0,1334329831.0,480.0,480.0,1049.0,1049.0,1076.0,0.0,53.0,20434.0,21364.0,21337.0,28.0,0.0,0.0,0.0,57.0,0.0,0.0,25.0,28.0,27.0,6.0,23.0,7619584.0,0.0,1305919328.0,50836441280.0,28833056.0,0.0,0.0,500.0,0.0,0.0,621.0,54.0,834.0
238,0.0,1.0,1.0,1.0,0.0,1881600.0,1.0,943500000.0,1.0,1866000000.0,0.108417987823,6019.0,609.0,1523.0,41750.0,43500.0,44000.0,95.0,25.0,64.0,896.0,5000.0,0.0,25.0,1000000.0,950000.0,1.0,1.0,0.0,10.0,0.0,0.0,0.0,500.0,19536031.0,546349042.0,542716359.0,0.0,0.0,0.0,0.0,0.0,1.0,1.0,1.0,1.0,1.0,0.0,0.0,1.0,0.0,0.0,0.0,0.0,0.0,34.0,1.0,14231858.0,268118744.0,14675348.0,18339182.0,542725587.0,363.0,2229881543.0,0.0,1.0,1.0,0.0,1.0,0.0,0.0,1.0,1.0,1.0,1.0,2.0,1.0,0.0,0.0,0.0,2.0,0.0,0.0,1.0,1.0,3.0,50.0,50.0,1.0,0.0,0.0,0.0,0.0,0.0,0.0,0.0,0.0,0.0,0.0,2.0,2.0,0.0,1.0,1.0,0.0,1.0,0.0,0.0,0.0,0.0,0.0,1.0,0.0,0.0,1.0,0.0,0.0,0.0,1.0,10.0,0.0,0.0,0.0,0.0,0.0,11.0,0.0,0.0,0.0,0.0,0.0,0.0,0.0,0.0,0.0,1.0,1.0,0.0,0.0,0.0,0.0,1.0,1.0,1.0,0.0,0.0,0.0,0.0,0.0,0.0,1.0,1.0,0.0,0.0,0.0,0.0,0.0,1.0,1.0,0.0,1307361535.0,363.0,363.0,1078.0,1078.0,1111.0,0.0,43.0,18082.0,20861.0,20841.0,21.0,0.0,0.0,0.0,47.0,0.0,0.0,19.0,21.0,20.0,5.0,17.0,5626528.0,0.0,1238641600.0,19029523904.0,33990464.0,0.0,0.0,363.0,0.0,0.0,460.0,40.0,541.0
239,0.0,1.0,1.0,1.0,0.0,1881600.0,1.0,943500000.0,1.0,1866000000.0,0.12376785278300001,6514.0,761.0,1827.0,42750.0,43500.0,44000.0,98.0,25.0,64.0,896.0,5000.0,0.0,25.0,1000000.0,950000.0,1.0,0.0,0.0,10.0,0.0,0.0,100.0,100.0,18393165.0,557949314.0,531235765.0,0.0,0.0,0.0,0.0,0.0,1.0,1.0,1.0,1.0,1.0,0.0,0.0,1.0,0.0,0.0,0.0,0.0,0.0,32.0,1.0,13986633.0,256003203.0,13960022.0,19651153.0,568442029.0,512.0,2167504745.0,0.0,1.0,1.0,0.0,1.0,0.0,0.0,1.0,1.0,1.0,1.0,2.0,1.0,0.0,0.0,0.0,2.0,0.0,0.0,1.0,1.0,3.0,50.0,50.0,1.0,0.0,0.0,0.0,0.0,0.0,0.0,0.0,0.0,0.0,0.0,2.0,2.0,0.0,1.0,1.0,0.0,1.0,0.0,0.0,0.0,0.0,0.0,1.0,0.0,0.0,1.0,0.0,0.0,0.0,1.0,11.0,0.0,0.0,0.0,0.0,0.0,12.0,0.0,0.0,0.0,0.0,0.0,0.0,0.0,0.0,0.0,1.0,1.0,0.0,0.0,0.0,0.0,1.0,1.0,1.0,0.0,0.0,0.0,0.0,0.0,0.0,1.0,1.0,0.0,0.0,0.0,0.0,0.0,1.0,1.0,0.0,1302329899.0,555.0,555.0,1089.0,1089.0,1115.0,0.0,57.0,18332.0,20975.0,20955.0,101.0,0.0,0.0,0.0,58.0,0.0,0.0,19.0,21.0,20.0,8.0,17.0,11367776.0,0.0,1276723232.0,20079825280.0,76567808.0,0.0,0.0,512.0,0.0,0.0,738.0,40.0,852.0
240,0.0,1.0,1.0,1.0,0.0,1881600.0,1.0,943500000.0,1.0,1866000000.0,0.11501121521,6895.0,913.0,1903.0,43500.0,44000.0,44500.0,98.0,25.0,64.0,896.0,5000.0,0.0,25.0,1000000.0,950000.0,1.0,0.0,0.0,10.0,0.0,0.0,100.0,100.0,18899129.0,557114445.0,543499734.0,0.0,0.0,0.0,0.0,0.0,1.0,1.0,1.0,1.0,1.0,0.0,0.0,1.0,0.0,0.0,0.0,0.0,0.0,159.0,1.0,13797203.0,252441395.0,13839140.0,19494281.0,557428547.0,458.0,2228350734.0,0.0,1.0,1.0,0.0,1.0,0.0,0.0,1.0,1.0,1.0,1.0,2.0,1.0,0.0,0.0,0.0,2.0,0.0,0.0,1.0,1.0,5.0,178.0,178.0,1.0,0.0,0.0,0.0,0.0,0.0,0.0,0.0,0.0,0.0,0.0,4.0,4.0,0.0,1.0,1.0,0.0,1.0,2.0,0.0,0.0,0.0,0.0,1.0,0.0,0.0,1.0,0.0,0.0,0.0,1.0,11.0,0.0,0.0,0.0,0.0,0.0,12.0,0.0,0.0,0.0,0.0,0.0,0.0,0.0,0.0,0.0,1.0,1.0,0.0,0.0,0.0,0.0,1.0,1.0,1.0,0.0,0.0,0.0,0.0,0.0,0.0,1.0,1.0,0.0,0.0,0.0,0.0,0.0,1.0,1.0,0.0,1273868188.0,434.0,434.0,1092.0,1092.0,1122.0,0.0,36.0,18084.0,20948.0,20928.0,20.0,0.0,0.0,0.0,48.0,0.0,0.0,19.0,21.0,20.0,5.0,17.0,9326848.0,1530464.0,1231613472.0,20638009952.0,46418912.0,0.0,0.0,458.0,0.0,0.0,546.0,40.0,648.0
241,0.0,1.0,1.0,1.0,0.0,1881600.0,1.0,943500000.0,1.0,1866000000.0,0.10460901260399999,6209.0,837.0,1599.0,42000.0,43500.0,44500.0,98.0,25.0,64.0,896.0,5000.0,0.0,25.0,1000000.0,950000.0,1.0,0.0,0.0,10.0,0.0,0.0,100.0,100.0,18518646.0,548626669.0,545208682.0,0.0,0.0,0.0,0.0,0.0,1.0,1.0,1.0,1.0,1.0,0.0,0.0,1.0,0.0,0.0,0.0,0.0,0.0,36.0,1.0,13716813.0,261673504.0,13472082.0,16424112.0,553766238.0,327.0,2199694236.0,0.0,1.0,1.0,0.0,1.0,0.0,0.0,1.0,1.0,1.0,1.0,2.0,1.0,0.0,0.0,0.0,2.0,0.0,0.0,1.0,1.0,3.0,50.0,50.0,1.0,0.0,0.0,0.0,0.0,0.0,0.0,0.0,0.0,0.0,0.0,2.0,2.0,0.0,1.0,1.0,0.0,1.0,0.0,0.0,0.0,0.0,0.0,1.0,0.0,0.0,1.0,0.0,0.0,0.0,1.0,10.0,0.0,0.0,0.0,0.0,0.0,11.0,0.0,0.0,0.0,0.0,0.0,0.0,0.0,0.0,0.0,1.0,1.0,0.0,0.0,0.0,0.0,1.0,1.0,1.0,0.0,0.0,0.0,0.0,0.0,0.0,1.0,1.0,0.0,0.0,0.0,0.0,0.0,1.0,1.0,0.0,1295241302.0,359.0,359.0,1035.0,1035.0,1059.0,0.0,54.0,18059.0,20820.0,20800.0,14.0,0.0,0.0,0.0,51.0,0.0,0.0,19.0,21.0,20.0,4.0,17.0,8910528.0,0.0,1210051584.0,12701365408.0,24001856.0,0.0,0.0,327.0,0.0,0.0,391.0,40.0,467.0
242,0.0,1.0,1.0,1.0,0.0,1881600.0,1.0,943500000.0,1.0,1866000000.0,0.10838198661800001,12304.0,1294.0,3046.0,42250.0,43500.0,44500.0,92.0,25.0,64.0,896.0,5000.0,0.0,25.0,1000000.0,950000.0,1.0,1.0,0.0,10.0,0.0,0.0,100.0,100.0,20360385.0,570585203.0,549939669.0,0.0,0.0,0.0,0.0,0.0,1.0,1.0,1.0,1.0,1.0,0.0,0.0,1.0,0.0,0.0,0.0,0.0,0.0,34.0,1.0,14301617.0,253923559.0,14168387.0,21987739.0,565693684.0,374.0,2266832249.0,0.0,1.0,1.0,0.0,1.0,0.0,0.0,1.0,1.0,1.0,1.0,2.0,1.0,0.0,0.0,0.0,2.0,0.0,0.0,1.0,1.0,3.0,50.0,50.0,1.0,0.0,0.0,0.0,0.0,0.0,0.0,0.0,0.0,0.0,0.0,2.0,2.0,0.0,1.0,1.0,0.0,1.0,0.0,0.0,0.0,0.0,0.0,1.0,0.0,0.0,1.0,0.0,0.0,0.0,1.0,10.0,0.0,0.0,0.0,0.0,0.0,11.0,0.0,0.0,0.0,0.0,0.0,0.0,0.0,0.0,0.0,1.0,1.0,0.0,0.0,0.0,0.0,1.0,1.0,1.0,0.0,0.0,0.0,0.0,0.0,0.0,1.0,1.0,0.0,0.0,0.0,0.0,0.0,1.0,1.0,0.0,1305896460.0,373.0,373.0,1031.0,1031.0,1061.0,0.0,63.0,20182.0,21363.0,21336.0,7.0,0.0,0.0,0.0,68.0,0.0,0.0,25.0,28.0,27.0,7.0,23.0,104123680.0,0.0,1260569472.0,24047671840.0,25323328.0,0.0,0.0,374.0,0.0,0.0,544.0,54.0,713.0
243,0.0,1.0,1.0,1.0,0.0,1881600.0,1.0,943500000.0,1.0,1866000000.0,0.108054876328,12227.0,1370.0,2970.0,43000.0,43500.0,44500.0,92.0,25.0,64.0,896.0,5000.0,0.0,25.0,1000000.0,950000.0,1.0,1.0,0.0,10.0,0.0,0.0,100.0,100.0,20695110.0,564581910.0,562797849.0,0.0,0.0,0.0,0.0,0.0,1.0,1.0,1.0,1.0,1.0,0.0,0.0,1.0,0.0,0.0,0.0,0.0,0.0,28.0,1.0,14078202.0,260695811.0,13671923.0,22579853.0,568320905.0,457.0,2235613115.0,0.0,1.0,1.0,0.0,1.0,0.0,0.0,1.0,1.0,1.0,1.0,2.0,1.0,0.0,0.0,0.0,2.0,0.0,0.0,1.0,1.0,3.0,50.0,50.0,1.0,0.0,0.0,0.0,0.0,0.0,0.0,0.0,0.0,0.0,0.0,2.0,2.0,0.0,1.0,1.0,0.0,1.0,0.0,0.0,0.0,0.0,0.0,1.0,0.0,0.0,1.0,0.0,0.0,0.0,1.0,11.0,0.0,0.0,0.0,0.0,0.0,12.0,0.0,0.0,0.0,0.0,0.0,0.0,0.0,0.0,0.0,1.0,1.0,0.0,0.0,0.0,0.0,1.0,1.0,1.0,0.0,0.0,0.0,0.0,0.0,0.0,1.0,1.0,0.0,0.0,0.0,0.0,0.0,1.0,1.0,0.0,1323067762.0,412.0,412.0,1064.0,1064.0,1088.0,0.0,62.0,20195.0,21367.0,21340.0,24.0,0.0,0.0,0.0,76.0,0.0,0.0,25.0,28.0,27.0,9.0,23.0,9346688.0,0.0,1264061376.0,16297407744.0,47710720.0,0.0,0.0,457.0,0.0,0.0,649.0,54.0,734.0
244,0.0,1.0,1.0,1.0,0.0,1881600.0,1.0,943500000.0,1.0,1866000000.0,0.10853004455600002,6247.0,609.0,1523.0,42000.0,43750.0,44000.0,92.0,25.0,64.0,896.0,5000.0,0.0,25.0,1000000.0,950000.0,1.0,1.0,0.0,10.0,0.0,0.0,100.0,100.0,22369574.0,554139959.0,557610497.0,0.0,0.0,0.0,0.0,0.0,1.0,1.0,1.0,1.0,1.0,0.0,0.0,1.0,0.0,0.0,0.0,0.0,0.0,30.0,1.0,13799114.0,266224483.0,13540881.0,20506115.0,561419387.0,463.0,2127551144.0,0.0,1.0,1.0,0.0,1.0,0.0,0.0,1.0,1.0,1.0,1.0,2.0,1.0,0.0,0.0,0.0,2.0,0.0,0.0,1.0,1.0,3.0,50.0,50.0,1.0,0.0,0.0,0.0,0.0,0.0,0.0,0.0,0.0,0.0,0.0,2.0,2.0,0.0,1.0,1.0,0.0,1.0,0.0,0.0,0.0,0.0,0.0,1.0,0.0,0.0,1.0,0.0,0.0,0.0,1.0,10.0,0.0,0.0,0.0,0.0,0.0,11.0,0.0,0.0,0.0,0.0,0.0,0.0,0.0,0.0,0.0,1.0,1.0,0.0,0.0,0.0,0.0,1.0,1.0,1.0,0.0,0.0,0.0,0.0,0.0,0.0,1.0,1.0,0.0,0.0,0.0,0.0,0.0,1.0,1.0,0.0,1298885644.0,421.0,421.0,994.0,994.0,1020.0,0.0,55.0,20095.0,21393.0,21366.0,28.0,0.0,0.0,0.0,66.0,0.0,0.0,25.0,28.0,27.0,5.0,23.0,11206720.0,0.0,1241699744.0,24460324224.0,41420448.0,0.0,0.0,463.0,0.0,0.0,647.0,54.0,768.0
245,0.0,1.0,1.0,1.0,0.0,1881600.0,1.0,943500000.0,1.0,1866000000.0,0.10834693908700001,12304.0,1370.0,3046.0,42000.0,44000.0,44500.0,91.0,25.0,64.0,896.0,5000.0,0.0,25.0,1000000.0,950000.0,1.0,0.0,0.0,10.0,0.0,0.0,100.0,500.0,19768492.0,558781743.0,554231994.0,0.0,0.0,0.0,0.0,0.0,1.0,1.0,1.0,1.0,1.0,0.0,0.0,1.0,0.0,0.0,0.0,0.0,0.0,30.0,1.0,14078842.0,280488845.0,13789716.0,21493963.0,567893607.0,509.0,2202650962.0,0.0,1.0,1.0,0.0,1.0,0.0,0.0,1.0,1.0,1.0,1.0,2.0,1.0,0.0,0.0,0.0,2.0,0.0,0.0,1.0,1.0,3.0,50.0,50.0,1.0,0.0,0.0,0.0,0.0,0.0,0.0,0.0,0.0,0.0,0.0,2.0,2.0,0.0,1.0,1.0,0.0,1.0,0.0,0.0,0.0,0.0,0.0,1.0,0.0,0.0,1.0,0.0,0.0,0.0,1.0,10.0,0.0,0.0,0.0,0.0,0.0,11.0,0.0,0.0,0.0,0.0,0.0,0.0,0.0,0.0,0.0,1.0,1.0,0.0,0.0,0.0,0.0,1.0,1.0,1.0,0.0,0.0,0.0,0.0,0.0,0.0,1.0,1.0,0.0,0.0,0.0,0.0,0.0,1.0,1.0,0.0,1338538812.0,393.0,393.0,1078.0,1078.0,1108.0,0.0,68.0,20220.0,21357.0,21330.0,84.0,0.0,0.0,0.0,79.0,0.0,0.0,25.0,28.0,27.0,6.0,23.0,12987872.0,0.0,1259386752.0,16839065824.0,67617664.0,0.0,0.0,509.0,0.0,0.0,705.0,54.0,795.0
246,0.0,1.0,1.0,1.0,0.0,1881600.0,1.0,943500000.0,1.0,1866000000.0,0.10435414314300001,6057.0,685.0,1523.0,42750.0,43500.0,44500.0,91.0,25.0,64.0,896.0,5000.0,0.0,25.0,1000000.0,950000.0,1.0,0.0,0.0,10.0,0.0,0.0,100.0,500.0,17794188.0,555907717.0,543714672.0,0.0,0.0,0.0,0.0,0.0,1.0,1.0,1.0,1.0,1.0,0.0,0.0,1.0,0.0,0.0,0.0,0.0,0.0,34.0,1.0,13862146.0,270529791.0,13906505.0,18700069.0,549188046.0,303.0,2126291715.0,0.0,1.0,1.0,0.0,1.0,0.0,0.0,1.0,1.0,1.0,1.0,2.0,1.0,0.0,0.0,0.0,2.0,0.0,0.0,1.0,1.0,3.0,50.0,50.0,1.0,0.0,0.0,0.0,0.0,0.0,0.0,0.0,0.0,0.0,0.0,2.0,2.0,0.0,1.0,1.0,0.0,1.0,0.0,0.0,0.0,0.0,0.0,1.0,0.0,0.0,1.0,0.0,0.0,0.0,1.0,11.0,0.0,0.0,0.0,0.0,0.0,12.0,0.0,0.0,0.0,0.0,0.0,0.0,0.0,0.0,0.0,1.0,1.0,0.0,0.0,0.0,0.0,1.0,1.0,1.0,0.0,0.0,0.0,0.0,0.0,0.0,1.0,1.0,0.0,0.0,0.0,0.0,0.0,1.0,1.0,0.0,1257978596.0,347.0,347.0,985.0,985.0,1013.0,0.0,49.0,18008.0,20836.0,20816.0,14.0,0.0,0.0,0.0,54.0,0.0,0.0,19.0,21.0,20.0,5.0,17.0,108349504.0,1937440.0,1202254048.0,31727249120.0,35315072.0,0.0,0.0,303.0,0.0,0.0,387.0,40.0,472.0
247,0.0,1.0,1.0,1.0,0.0,1881600.0,1.0,943500000.0,1.0,1866000000.0,0.10332679748500001,6019.0,609.0,1523.0,42000.0,44000.0,44500.0,91.0,25.0,64.0,896.0,5000.0,0.0,25.0,1000000.0,950000.0,1.0,0.0,0.0,10.0,0.0,0.0,100.0,500.0,18789867.0,553931689.0,554879370.0,0.0,0.0,0.0,0.0,0.0,1.0,1.0,1.0,1.0,1.0,0.0,0.0,1.0,0.0,0.0,0.0,0.0,0.0,34.0,1.0,13608903.0,261418613.0,13529540.0,20051722.0,561086448.0,422.0,2135811803.0,0.0,1.0,1.0,0.0,1.0,0.0,0.0,1.0,1.0,1.0,1.0,2.0,1.0,0.0,0.0,0.0,2.0,0.0,0.0,1.0,1.0,3.0,50.0,50.0,1.0,0.0,0.0,0.0,0.0,0.0,0.0,0.0,0.0,0.0,0.0,2.0,2.0,0.0,1.0,1.0,0.0,1.0,0.0,0.0,0.0,0.0,0.0,1.0,0.0,0.0,1.0,0.0,0.0,0.0,1.0,11.0,0.0,0.0,0.0,0.0,0.0,12.0,0.0,0.0,0.0,0.0,0.0,0.0,0.0,0.0,0.0,1.0,1.0,0.0,0.0,0.0,0.0,1.0,1.0,1.0,0.0,0.0,0.0,0.0,0.0,0.0,1.0,1.0,0.0,0.0,0.0,0.0,0.0,1.0,1.0,0.0,1306142120.0,434.0,434.0,1022.0,1022.0,1044.0,0.0,34.0,18081.0,20890.0,20870.0,23.0,0.0,0.0,0.0,43.0,0.0,0.0,19.0,21.0,20.0,8.0,17.0,4432896.0,186368.0,1202624352.0,14388416352.0,39931488.0,0.0,0.0,422.0,0.0,0.0,509.0,40.0,678.0
248,0.0,1.0,1.0,1.0,0.0,1881600.0,1.0,943500000.0,1.0,1866000000.0,0.107983112335,12227.0,1294.0,2970.0,42750.0,43500.0,44250.0,100.0,25.0,64.0,896.0,5000.0,0.0,25.0,1000000.0,950000.0,1.0,1.0,0.0,10.0,0.0,0.0,100.0,500.0,23834625.0,585003939.0,572547465.0,0.0,0.0,0.0,0.0,0.0,1.0,1.0,1.0,1.0,1.0,0.0,0.0,1.0,0.0,0.0,0.0,0.0,0.0,32.0,1.0,13740001.0,286989572.0,14052852.0,23703734.0,580522953.0,549.0,2298830091.0,0.0,1.0,1.0,0.0,1.0,0.0,0.0,1.0,1.0,1.0,1.0,2.0,1.0,0.0,0.0,0.0,2.0,0.0,0.0,1.0,1.0,3.0,50.0,50.0,1.0,0.0,0.0,0.0,0.0,0.0,0.0,0.0,0.0,0.0,0.0,2.0,2.0,0.0,1.0,1.0,0.0,1.0,0.0,0.0,0.0,0.0,0.0,1.0,0.0,0.0,1.0,0.0,0.0,0.0,1.0,10.0,0.0,0.0,0.0,0.0,0.0,11.0,0.0,0.0,0.0,0.0,0.0,0.0,0.0,0.0,0.0,1.0,1.0,0.0,0.0,0.0,0.0,1.0,1.0,1.0,0.0,0.0,0.0,0.0,0.0,0.0,1.0,1.0,0.0,0.0,0.0,0.0,0.0,1.0,1.0,0.0,1332794651.0,391.0,391.0,1127.0,1127.0,1159.0,0.0,78.0,21012.0,21820.0,21786.0,23.0,0.0,0.0,0.0,85.0,0.0,0.0,31.0,35.0,34.0,10.0,29.0,112699168.0,0.0,1319972416.0,16774970048.0,50250752.0,0.0,0.0,549.0,0.0,0.0,735.0,68.0,859.0
249,0.0,1.0,1.0,1.0,0.0,1881600.0,1.0,943500000.0,1.0,1866000000.0,0.104606866837,12419.0,1294.0,3046.0,42125.0,43750.0,44500.0,100.0,25.0,64.0,896.0,5000.0,0.0,25.0,1000000.0,950000.0,1.0,1.0,0.0,10.0,0.0,0.0,100.0,500.0,22381526.0,573248303.0,554674924.0,0.0,0.0,0.0,0.0,0.0,1.0,1.0,1.0,1.0,1.0,0.0,0.0,1.0,0.0,0.0,0.0,0.0,0.0,34.0,1.0,13502959.0,265279962.0,13564624.0,22823976.0,588299521.0,594.0,2342652937.0,0.0,1.0,1.0,0.0,1.0,0.0,0.0,1.0,1.0,1.0,1.0,2.0,1.0,0.0,0.0,0.0,2.0,0.0,0.0,1.0,1.0,3.0,50.0,50.0,1.0,0.0,0.0,0.0,0.0,0.0,0.0,0.0,0.0,0.0,0.0,2.0,2.0,0.0,1.0,1.0,0.0,1.0,0.0,0.0,0.0,0.0,0.0,1.0,0.0,0.0,1.0,0.0,0.0,0.0,1.0,10.0,0.0,0.0,0.0,0.0,0.0,11.0,0.0,0.0,0.0,0.0,0.0,0.0,0.0,0.0,0.0,1.0,1.0,0.0,0.0,0.0,0.0,1.0,1.0,1.0,0.0,0.0,0.0,0.0,0.0,0.0,1.0,1.0,0.0,0.0,0.0,0.0,0.0,1.0,1.0,0.0,1364607522.0,417.0,417.0,1239.0,1239.0,1276.0,0.0,74.0,21494.0,21817.0,21783.0,25.0,0.0,0.0,0.0,88.0,0.0,0.0,31.0,35.0,34.0,10.0,29.0,116929376.0,1390336.0,1374550848.0,28338295008.0,100160256.0,0.0,0.0,594.0,0.0,0.0,769.0,68.0,898.0
250,0.0,1.0,1.0,1.0,0.0,1881600.0,1.0,943500000.0,1.0,1866000000.0,0.10462284088099999,5942.0,609.0,1523.0,42250.0,44000.0,44500.0,100.0,25.0,64.0,896.0,5000.0,0.0,25.0,1000000.0,950000.0,1.0,1.0,0.0,10.0,0.0,0.0,100.0,500.0,18065329.0,553870837.0,556185195.0,0.0,0.0,0.0,0.0,0.0,1.0,1.0,1.0,1.0,1.0,0.0,0.0,1.0,0.0,0.0,0.0,0.0,0.0,33.0,1.0,13580284.0,254359205.0,13385643.0,19662210.0,563785107.0,347.0,2158467938.0,0.0,1.0,1.0,0.0,1.0,0.0,0.0,1.0,1.0,1.0,1.0,2.0,1.0,0.0,0.0,0.0,2.0,0.0,0.0,1.0,1.0,3.0,50.0,50.0,1.0,0.0,0.0,0.0,0.0,0.0,0.0,0.0,0.0,0.0,0.0,2.0,2.0,0.0,1.0,1.0,0.0,1.0,0.0,0.0,0.0,0.0,0.0,1.0,0.0,0.0,1.0,0.0,0.0,0.0,1.0,10.0,0.0,0.0,0.0,0.0,0.0,11.0,0.0,0.0,0.0,0.0,0.0,0.0,0.0,0.0,0.0,1.0,1.0,0.0,0.0,0.0,0.0,1.0,1.0,1.0,0.0,0.0,0.0,0.0,0.0,0.0,1.0,1.0,0.0,0.0,0.0,0.0,0.0,1.0,1.0,0.0,1320330847.0,376.0,376.0,1042.0,1042.0,1064.0,0.0,51.0,18233.0,20887.0,20867.0,22.0,0.0,0.0,0.0,66.0,0.0,0.0,19.0,21.0,20.0,4.0,17.0,108993472.0,0.0,1208234720.0,19938083104.0,28329152.0,0.0,0.0,347.0,0.0,0.0,492.0,40.0,595.0
251,0.0,1.0,1.0,0.0,1.0,1728000.0,1.0,1032750000.0,1.0,665600000.0,0.155814886093,9374.0,1294.0,2970.0,42125.0,43250.0,44000.0,94.0,25.0,64.0,896.0,5000.0,0.0,25.0,1000000.0,950000.0,1.0,0.0,0.0,10.0,0.0,0.0,0.0,100.0,22424269.0,591547202.0,591131341.0,0.0,0.0,0.0,0.0,0.0,1.0,1.0,1.0,1.0,1.0,0.0,0.0,1.0,0.0,0.0,0.0,0.0,0.0,32.0,1.0,14633752.0,281858668.0,14623920.0,23405321.0,618397714.0,592.0,2833300857.0,0.0,1.0,1.0,0.0,1.0,0.0,0.0,1.0,1.0,1.0,1.0,2.0,1.0,0.0,0.0,0.0,2.0,0.0,0.0,1.0,1.0,3.0,50.0,50.0,1.0,0.0,0.0,0.0,0.0,0.0,0.0,0.0,0.0,0.0,0.0,2.0,2.0,0.0,1.0,1.0,0.0,1.0,0.0,0.0,0.0,0.0,0.0,1.0,0.0,0.0,1.0,0.0,0.0,0.0,1.0,11.0,0.0,0.0,0.0,0.0,0.0,12.0,0.0,0.0,0.0,0.0,0.0,0.0,0.0,0.0,0.0,1.0,1.0,0.0,0.0,0.0,0.0,1.0,1.0,1.0,0.0,0.0,0.0,0.0,0.0,0.0,1.0,1.0,0.0,0.0,0.0,0.0,0.0,1.0,1.0,0.0,1385388409.0,533.0,533.0,1400.0,1400.0,1432.0,0.0,78.0,21376.0,21854.0,21820.0,44.0,0.0,0.0,0.0,94.0,0.0,0.0,31.0,35.0,34.0,12.0,29.0,129108192.0,0.0,1711111008.0,24484646080.0,56562944.0,0.0,0.0,592.0,0.0,0.0,807.0,68.0,1063.0
252,0.0,1.0,1.0,0.0,1.0,1728000.0,1.0,1032750000.0,1.0,665600000.0,0.15621995925899998,9034.0,1447.0,2818.0,42250.0,43000.0,43500.0,94.0,25.0,64.0,896.0,5000.0,0.0,25.0,1000000.0,950000.0,1.0,0.0,0.0,10.0,0.0,0.0,0.0,100.0,24350756.0,581537104.0,582640154.0,0.0,0.0,0.0,0.0,0.0,1.0,1.0,1.0,1.0,1.0,0.0,0.0,1.0,0.0,0.0,0.0,0.0,0.0,30.0,1.0,14904657.0,278419551.0,14175844.0,23364514.0,592017457.0,622.0,2704611916.0,0.0,1.0,1.0,0.0,1.0,0.0,0.0,1.0,1.0,1.0,1.0,2.0,1.0,0.0,0.0,0.0,2.0,0.0,0.0,1.0,1.0,3.0,50.0,50.0,1.0,0.0,0.0,0.0,0.0,0.0,0.0,0.0,0.0,0.0,0.0,2.0,2.0,0.0,1.0,1.0,0.0,1.0,0.0,0.0,0.0,0.0,0.0,1.0,0.0,0.0,1.0,0.0,0.0,0.0,1.0,10.0,0.0,0.0,0.0,0.0,0.0,11.0,0.0,0.0,0.0,0.0,0.0,0.0,0.0,0.0,0.0,1.0,1.0,0.0,0.0,0.0,0.0,1.0,1.0,1.0,0.0,0.0,0.0,0.0,0.0,0.0,1.0,1.0,0.0,0.0,0.0,0.0,0.0,1.0,1.0,0.0,1346781786.0,500.0,500.0,1283.0,1283.0,1311.0,0.0,78.0,21429.0,21788.0,21754.0,32.0,0.0,0.0,0.0,77.0,0.0,0.0,31.0,35.0,34.0,9.0,29.0,224649536.0,0.0,1684330560.0,29927155872.0,84164576.0,0.0,0.0,622.0,0.0,0.0,771.0,68.0,942.0
253,0.0,1.0,1.0,0.0,1.0,1728000.0,1.0,1032750000.0,1.0,665600000.0,0.154681921005,9184.0,1371.0,2895.0,42625.0,43000.0,43500.0,94.0,25.0,64.0,896.0,5000.0,0.0,25.0,1000000.0,950000.0,1.0,0.0,0.0,10.0,0.0,0.0,0.0,100.0,23486522.0,577740768.0,567117612.0,0.0,0.0,0.0,0.0,0.0,1.0,1.0,1.0,1.0,1.0,0.0,0.0,1.0,0.0,0.0,0.0,0.0,0.0,36.0,1.0,14534333.0,270369835.0,14141712.0,22882331.0,594328708.0,566.0,2750784733.0,0.0,1.0,1.0,0.0,1.0,0.0,0.0,1.0,1.0,1.0,1.0,2.0,1.0,0.0,0.0,0.0,2.0,0.0,0.0,1.0,1.0,3.0,50.0,50.0,1.0,0.0,0.0,0.0,0.0,0.0,0.0,0.0,0.0,0.0,0.0,2.0,2.0,0.0,1.0,1.0,0.0,1.0,0.0,0.0,0.0,0.0,0.0,1.0,0.0,0.0,1.0,0.0,0.0,0.0,1.0,11.0,0.0,0.0,0.0,0.0,0.0,12.0,0.0,0.0,0.0,0.0,0.0,0.0,0.0,0.0,0.0,1.0,1.0,0.0,0.0,0.0,0.0,1.0,1.0,1.0,0.0,0.0,0.0,0.0,0.0,0.0,1.0,1.0,0.0,0.0,0.0,0.0,0.0,1.0,1.0,0.0,1333562951.0,520.0,520.0,1324.0,1324.0,1356.0,0.0,78.0,21730.0,21855.0,21821.0,30.0,0.0,0.0,0.0,87.0,0.0,0.0,31.0,35.0,34.0,8.0,29.0,14488704.0,0.0,1631156672.0,15309362240.0,77284768.0,0.0,0.0,566.0,0.0,0.0,748.0,68.0,994.0
254,0.0,1.0,1.0,0.0,1.0,1728000.0,1.0,1032750000.0,1.0,665600000.0,0.15435695648199999,9222.0,1371.0,2818.0,42250.0,43000.0,43500.0,80.0,25.0,64.0,896.0,5000.0,0.0,25.0,1000000.0,950000.0,1.0,1.0,0.0,10.0,0.0,0.0,0.0,100.0,21858881.0,582150442.0,570237166.0,0.0,0.0,0.0,0.0,0.0,1.0,1.0,1.0,1.0,1.0,0.0,0.0,1.0,0.0,0.0,0.0,0.0,0.0,36.0,1.0,14239191.0,265948700.0,14314357.0,23056443.0,609264664.0,570.0,2795092717.0,0.0,1.0,1.0,0.0,1.0,0.0,0.0,1.0,1.0,1.0,1.0,2.0,1.0,0.0,0.0,0.0,2.0,0.0,0.0,1.0,1.0,3.0,50.0,50.0,1.0,0.0,0.0,0.0,0.0,0.0,0.0,0.0,0.0,0.0,0.0,2.0,2.0,0.0,1.0,1.0,0.0,1.0,0.0,0.0,0.0,0.0,0.0,1.0,0.0,0.0,1.0,0.0,0.0,0.0,1.0,10.0,0.0,0.0,0.0,0.0,0.0,11.0,0.0,0.0,0.0,0.0,0.0,0.0,0.0,0.0,0.0,1.0,1.0,0.0,0.0,0.0,0.0,1.0,1.0,1.0,0.0,0.0,0.0,0.0,0.0,0.0,1.0,1.0,0.0,0.0,0.0,0.0,0.0,1.0,1.0,0.0,1383100840.0,518.0,518.0,1344.0,1344.0,1373.0,0.0,96.0,22344.0,21968.0,21934.0,44.0,0.0,0.0,0.0,103.0,0.0,0.0,31.0,35.0,34.0,7.0,29.0,14475680.0,0.0,1703840384.0,30866387552.0,64246912.0,0.0,0.0,570.0,0.0,0.0,812.0,68.0,1013.0
255,0.0,1.0,1.0,0.0,1.0,1728000.0,1.0,1032750000.0,1.0,665600000.0,0.15510487556500002,9184.0,1447.0,2819.0,42500.0,43000.0,43500.0,80.0,25.0,64.0,896.0,5000.0,0.0,25.0,1000000.0,950000.0,1.0,1.0,0.0,10.0,0.0,0.0,0.0,100.0,20703764.0,567081516.0,569484115.0,0.0,0.0,0.0,0.0,0.0,1.0,1.0,1.0,1.0,1.0,0.0,0.0,1.0,0.0,0.0,0.0,0.0,0.0,44.0,1.0,14271403.0,262721904.0,14332944.0,22071744.0,579300695.0,421.0,2645832389.0,0.0,1.0,1.0,0.0,1.0,0.0,0.0,1.0,1.0,1.0,1.0,2.0,1.0,0.0,0.0,0.0,2.0,0.0,0.0,1.0,1.0,3.0,50.0,50.0,1.0,0.0,0.0,0.0,0.0,0.0,0.0,0.0,0.0,0.0,0.0,2.0,2.0,0.0,1.0,1.0,0.0,1.0,0.0,0.0,0.0,0.0,0.0,1.0,0.0,0.0,1.0,0.0,0.0,0.0,1.0,10.0,0.0,0.0,0.0,0.0,0.0,11.0,0.0,0.0,0.0,0.0,0.0,0.0,0.0,0.0,0.0,1.0,1.0,0.0,0.0,0.0,0.0,1.0,1.0,1.0,0.0,0.0,0.0,0.0,0.0,0.0,1.0,1.0,0.0,0.0,0.0,0.0,0.0,1.0,1.0,0.0,1329185356.0,471.0,471.0,1215.0,1215.0,1240.0,0.0,66.0,20339.0,21241.0,21214.0,61.0,0.0,0.0,0.0,72.0,0.0,0.0,25.0,28.0,27.0,5.0,23.0,7633152.0,0.0,1583866976.0,26563093088.0,46325376.0,0.0,0.0,421.0,0.0,0.0,615.0,54.0,712.0
256,0.0,1.0,1.0,0.0,1.0,1728000.0,1.0,1032750000.0,1.0,665600000.0,0.15386390685999998,9072.0,1370.0,2742.0,42000.0,43500.0,43500.0,80.0,25.0,64.0,896.0,5000.0,0.0,25.0,1000000.0,950000.0,1.0,1.0,0.0,10.0,0.0,0.0,0.0,100.0,21022872.0,574597648.0,552071064.0,0.0,0.0,0.0,0.0,0.0,1.0,1.0,1.0,1.0,1.0,0.0,0.0,1.0,0.0,0.0,0.0,0.0,0.0,33.0,1.0,14419984.0,264999780.0,14153820.0,22358205.0,583431888.0,550.0,2644639218.0,0.0,1.0,1.0,0.0,1.0,0.0,0.0,1.0,1.0,1.0,1.0,2.0,1.0,0.0,0.0,0.0,2.0,0.0,0.0,1.0,1.0,3.0,50.0,50.0,1.0,0.0,0.0,0.0,0.0,0.0,0.0,0.0,0.0,0.0,0.0,2.0,2.0,0.0,1.0,1.0,0.0,1.0,0.0,0.0,0.0,0.0,0.0,1.0,0.0,0.0,1.0,0.0,0.0,0.0,1.0,10.0,0.0,0.0,0.0,0.0,0.0,11.0,0.0,0.0,0.0,0.0,0.0,0.0,0.0,0.0,0.0,1.0,1.0,0.0,0.0,0.0,0.0,1.0,1.0,1.0,0.0,0.0,0.0,0.0,0.0,0.0,1.0,1.0,0.0,0.0,0.0,0.0,0.0,1.0,1.0,0.0,1326216275.0,475.0,475.0,1235.0,1235.0,1262.0,0.0,67.0,20847.0,21512.0,21485.0,27.0,0.0,0.0,0.0,82.0,0.0,0.0,25.0,28.0,27.0,7.0,23.0,218879168.0,0.0,1604786720.0,25861909280.0,76486560.0,0.0,0.0,550.0,0.0,0.0,713.0,54.0,839.0
257,0.0,1.0,1.0,0.0,1.0,1728000.0,1.0,1032750000.0,1.0,665600000.0,0.158367872238,9184.0,1370.0,2818.0,42000.0,42750.0,43500.0,68.0,25.0,64.0,896.0,5000.0,0.0,25.0,1000000.0,950000.0,1.0,0.0,0.0,10.0,0.0,0.0,0.0,500.0,22806659.0,599154301.0,585634057.0,0.0,0.0,0.0,0.0,0.0,1.0,1.0,1.0,1.0,1.0,0.0,0.0,1.0,0.0,0.0,0.0,0.0,0.0,35.0,1.0,14064535.0,281892614.0,14388961.0,23071753.0,599981543.0,605.0,2814562032.0,0.0,1.0,1.0,0.0,1.0,0.0,0.0,1.0,1.0,1.0,1.0,2.0,1.0,0.0,0.0,0.0,2.0,0.0,0.0,1.0,1.0,3.0,50.0,50.0,1.0,0.0,0.0,0.0,0.0,0.0,0.0,0.0,0.0,0.0,0.0,2.0,2.0,0.0,1.0,1.0,0.0,1.0,0.0,0.0,0.0,0.0,0.0,1.0,0.0,0.0,1.0,0.0,0.0,0.0,1.0,11.0,0.0,0.0,0.0,0.0,0.0,12.0,0.0,0.0,0.0,0.0,0.0,0.0,0.0,0.0,0.0,1.0,1.0,0.0,0.0,0.0,0.0,1.0,1.0,1.0,0.0,0.0,0.0,0.0,0.0,0.0,1.0,1.0,0.0,0.0,0.0,0.0,0.0,1.0,1.0,0.0,1384577750.0,554.0,554.0,1285.0,1285.0,1312.0,0.0,65.0,21621.0,21823.0,21789.0,39.0,0.0,0.0,0.0,77.0,0.0,0.0,31.0,35.0,34.0,10.0,29.0,226966912.0,0.0,1644371776.0,21917712608.0,105352704.0,0.0,0.0,605.0,0.0,0.0,769.0,68.0,942.0
258,0.0,1.0,1.0,0.0,1.0,1728000.0,1.0,1032750000.0,1.0,665600000.0,0.15686988830600002,9146.0,1447.0,2818.0,42125.0,43000.0,43500.0,68.0,25.0,64.0,896.0,5000.0,0.0,25.0,1000000.0,950000.0,1.0,0.0,0.0,10.0,0.0,0.0,0.0,500.0,23191995.0,585269365.0,574824547.0,0.0,0.0,0.0,0.0,0.0,1.0,1.0,1.0,1.0,1.0,0.0,0.0,1.0,0.0,0.0,0.0,0.0,0.0,35.0,1.0,14727130.0,278818644.0,14738386.0,23779576.0,594305505.0,563.0,2816044895.0,0.0,1.0,1.0,0.0,1.0,0.0,0.0,1.0,1.0,1.0,1.0,2.0,1.0,0.0,0.0,0.0,2.0,0.0,0.0,1.0,1.0,3.0,50.0,50.0,1.0,0.0,0.0,0.0,0.0,0.0,0.0,0.0,0.0,0.0,0.0,2.0,2.0,0.0,1.0,1.0,0.0,1.0,0.0,0.0,0.0,0.0,0.0,1.0,0.0,0.0,1.0,0.0,0.0,0.0,1.0,11.0,0.0,0.0,0.0,0.0,0.0,12.0,0.0,0.0,0.0,0.0,0.0,0.0,0.0,0.0,0.0,1.0,1.0,0.0,0.0,0.0,0.0,1.0,1.0,1.0,0.0,0.0,0.0,0.0,0.0,0.0,1.0,1.0,0.0,0.0,0.0,0.0,0.0,1.0,1.0,0.0,1371657908.0,520.0,520.0,1319.0,1319.0,1351.0,0.0,79.0,21377.0,21827.0,21793.0,30.0,0.0,0.0,0.0,83.0,0.0,0.0,31.0,35.0,34.0,9.0,29.0,126295872.0,0.0,1703599520.0,25086010496.0,134332864.0,0.0,0.0,563.0,0.0,0.0,711.0,68.0,925.0
259,0.0,1.0,1.0,0.0,1.0,1728000.0,1.0,1032750000.0,1.0,665600000.0,0.154587030411,9110.0,1370.0,2818.0,41500.0,42750.0,43500.0,68.0,25.0,64.0,896.0,5000.0,0.0,25.0,1000000.0,950000.0,1.0,0.0,0.0,10.0,0.0,0.0,0.0,500.0,23627058.0,589830763.0,572012546.0,0.0,0.0,0.0,0.0,0.0,1.0,1.0,1.0,1.0,1.0,0.0,0.0,1.0,0.0,0.0,0.0,0.0,0.0,31.0,1.0,14570196.0,262818543.0,14398742.0,24540061.0,609220310.0,616.0,2804035319.0,0.0,1.0,1.0,0.0,1.0,0.0,0.0,1.0,1.0,1.0,1.0,2.0,1.0,0.0,0.0,0.0,2.0,0.0,0.0,1.0,1.0,3.0,50.0,50.0,1.0,0.0,0.0,0.0,0.0,0.0,0.0,0.0,0.0,0.0,0.0,2.0,2.0,0.0,1.0,1.0,0.0,1.0,0.0,0.0,0.0,0.0,0.0,1.0,0.0,0.0,1.0,0.0,0.0,0.0,1.0,10.0,0.0,0.0,0.0,0.0,0.0,11.0,0.0,0.0,0.0,0.0,0.0,0.0,0.0,0.0,0.0,1.0,1.0,0.0,0.0,0.0,0.0,1.0,1.0,1.0,0.0,0.0,0.0,0.0,0.0,0.0,1.0,1.0,0.0,0.0,0.0,0.0,0.0,1.0,1.0,0.0,1379515506.0,541.0,541.0,1377.0,1377.0,1412.0,0.0,88.0,21447.0,21883.0,21849.0,27.0,0.0,0.0,0.0,102.0,0.0,0.0,31.0,35.0,34.0,9.0,29.0,222841696.0,0.0,1694140640.0,26893312032.0,88835680.0,0.0,0.0,616.0,0.0,0.0,845.0,68.0,1018.0
260,0.0,1.0,1.0,0.0,1.0,1728000.0,1.0,1032750000.0,1.0,665600000.0,0.152390003204,9489.0,1370.0,2818.0,41500.0,43000.0,43500.0,72.0,25.0,64.0,896.0,5000.0,0.0,25.0,1000000.0,950000.0,1.0,1.0,0.0,10.0,0.0,0.0,0.0,500.0,20882821.0,580562373.0,568120892.0,0.0,0.0,0.0,0.0,0.0,1.0,1.0,1.0,1.0,1.0,0.0,0.0,1.0,0.0,0.0,0.0,0.0,0.0,35.0,1.0,14087503.0,275306671.0,14019285.0,22044764.0,599652468.0,581.0,2703647284.0,0.0,1.0,1.0,0.0,1.0,0.0,0.0,1.0,1.0,1.0,1.0,2.0,1.0,0.0,0.0,0.0,2.0,0.0,0.0,1.0,1.0,3.0,50.0,50.0,1.0,0.0,0.0,0.0,0.0,0.0,0.0,0.0,0.0,0.0,0.0,2.0,2.0,0.0,1.0,1.0,0.0,1.0,0.0,0.0,0.0,0.0,0.0,1.0,0.0,0.0,1.0,0.0,0.0,0.0,1.0,10.0,0.0,0.0,0.0,0.0,0.0,11.0,0.0,0.0,0.0,0.0,0.0,0.0,0.0,0.0,0.0,1.0,1.0,0.0,0.0,0.0,0.0,1.0,1.0,1.0,0.0,0.0,0.0,0.0,0.0,0.0,1.0,1.0,0.0,0.0,0.0,0.0,0.0,1.0,1.0,0.0,1333981332.0,504.0,504.0,1315.0,1315.0,1345.0,0.0,67.0,20375.0,21437.0,21410.0,21.0,0.0,0.0,0.0,66.0,0.0,0.0,25.0,28.0,27.0,12.0,23.0,8808864.0,76480.0,1597489152.0,16687219584.0,73073056.0,0.0,0.0,581.0,0.0,0.0,713.0,54.0,811.0
261,0.0,1.0,1.0,0.0,1.0,1728000.0,1.0,1032750000.0,1.0,665600000.0,0.154086112976,9108.0,1371.0,2819.0,42000.0,42750.0,43500.0,72.0,25.0,64.0,896.0,5000.0,0.0,25.0,1000000.0,950000.0,1.0,1.0,0.0,10.0,0.0,0.0,0.0,500.0,24467890.0,576991803.0,576324748.0,0.0,0.0,0.0,0.0,0.0,1.0,1.0,1.0,1.0,1.0,0.0,0.0,1.0,0.0,0.0,0.0,0.0,0.0,34.0,1.0,14592247.0,273939979.0,14324392.0,23994030.0,593279524.0,578.0,2789450776.0,0.0,1.0,1.0,0.0,1.0,0.0,0.0,1.0,1.0,1.0,1.0,2.0,1.0,0.0,0.0,0.0,2.0,0.0,0.0,1.0,1.0,3.0,50.0,50.0,1.0,0.0,0.0,0.0,0.0,0.0,0.0,0.0,0.0,0.0,0.0,2.0,2.0,0.0,1.0,1.0,0.0,1.0,0.0,0.0,0.0,0.0,0.0,1.0,0.0,0.0,1.0,0.0,0.0,0.0,1.0,10.0,0.0,0.0,0.0,0.0,0.0,11.0,0.0,0.0,0.0,0.0,0.0,0.0,0.0,0.0,0.0,1.0,1.0,0.0,0.0,0.0,0.0,1.0,1.0,1.0,0.0,0.0,0.0,0.0,0.0,0.0,1.0,1.0,0.0,0.0,0.0,0.0,0.0,1.0,1.0,0.0,1357277175.0,560.0,560.0,1352.0,1352.0,1390.0,0.0,86.0,21746.0,21801.0,21767.0,39.0,0.0,0.0,0.0,91.0,0.0,0.0,31.0,35.0,34.0,12.0,29.0,139200736.0,0.0,1685135584.0,24423157344.0,71438080.0,0.0,0.0,578.0,0.0,0.0,776.0,68.0,969.0
262,0.0,1.0,1.0,0.0,1.0,1728000.0,1.0,1032750000.0,1.0,665600000.0,0.1528840065,9146.0,1294.0,2894.0,42125.0,42750.0,43500.0,72.0,25.0,64.0,896.0,5000.0,0.0,25.0,1000000.0,950000.0,1.0,1.0,0.0,10.0,0.0,0.0,0.0,500.0,23932549.0,598954386.0,588227320.0,0.0,0.0,0.0,0.0,0.0,1.0,1.0,1.0,1.0,1.0,0.0,0.0,1.0,0.0,0.0,0.0,0.0,0.0,33.0,1.0,14348122.0,270819114.0,14258983.0,23620478.0,607677372.0,635.0,2778134795.0,0.0,1.0,1.0,0.0,1.0,0.0,0.0,1.0,1.0,1.0,1.0,2.0,1.0,0.0,0.0,0.0,2.0,0.0,0.0,1.0,1.0,3.0,50.0,50.0,1.0,0.0,0.0,0.0,0.0,0.0,0.0,0.0,0.0,0.0,0.0,2.0,2.0,0.0,1.0,1.0,0.0,1.0,0.0,0.0,0.0,0.0,0.0,1.0,0.0,0.0,1.0,0.0,0.0,0.0,1.0,10.0,0.0,0.0,0.0,0.0,0.0,11.0,0.0,0.0,0.0,0.0,0.0,0.0,0.0,0.0,0.0,1.0,1.0,0.0,0.0,0.0,0.0,1.0,1.0,1.0,0.0,0.0,0.0,0.0,0.0,0.0,1.0,1.0,0.0,0.0,0.0,0.0,0.0,1.0,1.0,0.0,1363290877.0,507.0,507.0,1264.0,1264.0,1289.0,0.0,84.0,21531.0,21937.0,21903.0,30.0,0.0,0.0,0.0,97.0,0.0,0.0,31.0,35.0,34.0,14.0,29.0,117237952.0,0.0,1678500480.0,20700862368.0,93440416.0,0.0,0.0,635.0,0.0,0.0,786.0,68.0,959.0
263,0.0,1.0,1.0,0.0,1.0,1728000.0,1.0,1032750000.0,1.0,665600000.0,0.155664920807,9146.0,1371.0,2819.0,41500.0,42500.0,43250.0,97.0,25.0,64.0,896.0,5000.0,0.0,25.0,1000000.0,950000.0,1.0,0.0,0.0,10.0,0.0,0.0,100.0,100.0,23254837.0,584724989.0,571899372.0,0.0,0.0,0.0,0.0,0.0,1.0,1.0,1.0,1.0,1.0,0.0,0.0,1.0,0.0,0.0,0.0,0.0,0.0,31.0,1.0,15068658.0,276378258.0,14721963.0,23445762.0,611271126.0,666.0,2772095815.0,0.0,1.0,1.0,0.0,1.0,0.0,0.0,1.0,1.0,1.0,1.0,2.0,1.0,0.0,0.0,0.0,2.0,0.0,0.0,1.0,1.0,3.0,50.0,50.0,1.0,0.0,0.0,0.0,0.0,0.0,0.0,0.0,0.0,0.0,0.0,2.0,2.0,0.0,1.0,1.0,0.0,1.0,0.0,0.0,0.0,0.0,0.0,1.0,0.0,0.0,1.0,0.0,0.0,0.0,1.0,10.0,0.0,0.0,0.0,0.0,0.0,11.0,0.0,0.0,0.0,0.0,0.0,0.0,0.0,0.0,0.0,1.0,1.0,0.0,0.0,0.0,0.0,1.0,1.0,1.0,0.0,0.0,0.0,0.0,0.0,0.0,1.0,1.0,0.0,0.0,0.0,0.0,0.0,1.0,1.0,0.0,1371411814.0,510.0,510.0,1314.0,1314.0,1347.0,0.0,78.0,21830.0,21845.0,21811.0,38.0,0.0,0.0,0.0,93.0,0.0,0.0,31.0,35.0,34.0,11.0,29.0,126781696.0,0.0,1691884480.0,27876608736.0,147573312.0,0.0,0.0,666.0,0.0,0.0,850.0,68.0,986.0
264,0.0,1.0,1.0,0.0,1.0,1728000.0,1.0,1032750000.0,1.0,665600000.0,0.155707836151,9110.0,1294.0,2742.0,41375.0,42500.0,43500.0,97.0,25.0,64.0,896.0,5000.0,0.0,25.0,1000000.0,950000.0,1.0,0.0,0.0,10.0,0.0,0.0,100.0,100.0,23712339.0,591703904.0,566429828.0,0.0,0.0,0.0,0.0,0.0,1.0,1.0,1.0,1.0,1.0,0.0,0.0,1.0,0.0,0.0,0.0,0.0,0.0,33.0,1.0,14748477.0,275801215.0,14448487.0,23868724.0,602604863.0,712.0,2719992306.0,0.0,1.0,1.0,0.0,1.0,0.0,0.0,1.0,1.0,1.0,1.0,2.0,1.0,0.0,0.0,0.0,2.0,0.0,0.0,1.0,1.0,3.0,50.0,50.0,1.0,0.0,0.0,0.0,0.0,0.0,0.0,0.0,0.0,0.0,0.0,2.0,2.0,0.0,1.0,1.0,0.0,1.0,0.0,0.0,0.0,0.0,0.0,1.0,0.0,0.0,1.0,0.0,0.0,0.0,1.0,10.0,0.0,0.0,0.0,0.0,0.0,11.0,0.0,0.0,0.0,0.0,0.0,0.0,0.0,0.0,0.0,1.0,1.0,0.0,0.0,0.0,0.0,1.0,1.0,1.0,0.0,0.0,0.0,0.0,0.0,0.0,1.0,1.0,0.0,0.0,0.0,0.0,0.0,1.0,1.0,0.0,1350576610.0,531.0,531.0,1355.0,1355.0,1392.0,0.0,81.0,22045.0,21929.0,21895.0,61.0,0.0,0.0,0.0,109.0,0.0,0.0,31.0,35.0,34.0,10.0,29.0,29160736.0,1598848.0,1730657600.0,31740322112.0,134786080.0,0.0,0.0,712.0,0.0,0.0,903.0,68.0,1030.0
265,0.0,1.0,1.0,0.0,1.0,1728000.0,1.0,1032750000.0,1.0,665600000.0,0.155117988586,10480.0,1370.0,3199.0,41250.0,43000.0,43500.0,97.0,25.0,64.0,896.0,5000.0,0.0,25.0,1000000.0,950000.0,1.0,0.0,0.0,10.0,0.0,0.0,100.0,100.0,21642103.0,586899590.0,582589040.0,0.0,0.0,0.0,0.0,0.0,1.0,1.0,1.0,1.0,1.0,0.0,0.0,1.0,0.0,0.0,0.0,0.0,0.0,33.0,1.0,15216041.0,287840848.0,15149549.0,21847615.0,601452740.0,635.0,2750729521.0,0.0,1.0,1.0,0.0,1.0,0.0,0.0,1.0,1.0,1.0,1.0,2.0,1.0,0.0,0.0,0.0,2.0,0.0,0.0,1.0,1.0,3.0,50.0,50.0,1.0,0.0,0.0,0.0,0.0,0.0,0.0,0.0,0.0,0.0,0.0,2.0,2.0,0.0,1.0,1.0,0.0,1.0,0.0,0.0,0.0,0.0,0.0,1.0,0.0,0.0,1.0,0.0,0.0,0.0,1.0,10.0,0.0,0.0,0.0,0.0,0.0,11.0,0.0,0.0,0.0,0.0,0.0,0.0,0.0,0.0,0.0,1.0,1.0,0.0,0.0,0.0,0.0,1.0,1.0,1.0,0.0,0.0,0.0,0.0,0.0,0.0,1.0,1.0,0.0,0.0,0.0,0.0,0.0,1.0,1.0,0.0,1349588040.0,600.0,600.0,1287.0,1287.0,1313.0,0.0,62.0,20283.0,21506.0,21479.0,54.0,0.0,0.0,0.0,80.0,0.0,0.0,25.0,28.0,27.0,8.0,23.0,117772320.0,0.0,1637116384.0,24242395808.0,142222368.0,0.0,0.0,635.0,0.0,0.0,815.0,54.0,941.0
266,0.0,1.0,1.0,0.0,1.0,1728000.0,1.0,1032750000.0,1.0,665600000.0,0.161740064621,10213.0,1447.0,3123.0,42500.0,42750.0,43250.0,83.0,25.0,64.0,896.0,5000.0,0.0,25.0,1000000.0,950000.0,1.0,1.0,0.0,10.0,0.0,0.0,100.0,100.0,23597090.0,605150189.0,582812201.0,0.0,0.0,0.0,0.0,0.0,1.0,1.0,1.0,1.0,1.0,0.0,0.0,1.0,0.0,0.0,0.0,0.0,0.0,29.0,1.0,14883043.0,272410233.0,14720319.0,23211240.0,607931085.0,881.0,2962586836.0,0.0,1.0,1.0,0.0,1.0,0.0,0.0,1.0,1.0,1.0,1.0,2.0,1.0,0.0,0.0,0.0,2.0,0.0,0.0,1.0,1.0,3.0,50.0,50.0,1.0,0.0,0.0,0.0,0.0,0.0,0.0,0.0,0.0,0.0,0.0,2.0,2.0,0.0,1.0,1.0,0.0,1.0,0.0,0.0,0.0,0.0,0.0,1.0,0.0,0.0,1.0,0.0,0.0,0.0,1.0,11.0,0.0,0.0,0.0,0.0,0.0,12.0,0.0,0.0,0.0,0.0,0.0,0.0,0.0,0.0,0.0,1.0,1.0,0.0,0.0,0.0,0.0,1.0,1.0,1.0,0.0,0.0,0.0,0.0,0.0,0.0,1.0,1.0,0.0,0.0,0.0,0.0,0.0,1.0,1.0,0.0,1342174397.0,600.0,600.0,1391.0,1391.0,1425.0,0.0,80.0,21795.0,21870.0,21836.0,59.0,0.0,0.0,0.0,67.0,0.0,0.0,31.0,35.0,34.0,13.0,29.0,45256832.0,9745376.0,1712613152.0,16522875744.0,492409408.0,0.0,0.0,881.0,0.0,0.0,891.0,68.0,957.0
267,0.0,1.0,1.0,0.0,1.0,1728000.0,1.0,1032750000.0,1.0,665600000.0,0.155946016312,9908.0,1294.0,2818.0,41500.0,42750.0,43000.0,83.0,25.0,64.0,896.0,5000.0,0.0,25.0,1000000.0,950000.0,1.0,1.0,0.0,10.0,0.0,0.0,100.0,100.0,24143164.0,585608519.0,584253787.0,0.0,0.0,0.0,0.0,0.0,1.0,1.0,1.0,1.0,1.0,0.0,0.0,1.0,0.0,0.0,0.0,0.0,0.0,527.0,1.0,14486955.0,272385487.0,14543986.0,24053555.0,611615468.0,574.0,2758041154.0,0.0,1.0,1.0,0.0,1.0,0.0,0.0,1.0,1.0,1.0,1.0,2.0,1.0,0.0,0.0,0.0,2.0,0.0,0.0,1.0,1.0,9.0,592.0,592.0,1.0,0.0,0.0,0.0,0.0,0.0,0.0,0.0,0.0,0.0,0.0,8.0,8.0,0.0,1.0,1.0,0.0,1.0,6.0,0.0,0.0,0.0,0.0,1.0,0.0,0.0,1.0,0.0,0.0,0.0,1.0,10.0,0.0,0.0,0.0,0.0,0.0,11.0,0.0,0.0,0.0,0.0,0.0,0.0,0.0,0.0,0.0,1.0,1.0,0.0,0.0,0.0,0.0,1.0,1.0,1.0,0.0,0.0,0.0,0.0,0.0,0.0,1.0,1.0,0.0,0.0,0.0,0.0,0.0,1.0,1.0,0.0,1379648285.0,555.0,555.0,1367.0,1367.0,1403.0,0.0,91.0,21624.0,21771.0,21737.0,39.0,0.0,0.0,0.0,92.0,0.0,0.0,31.0,35.0,34.0,10.0,29.0,141872576.0,0.0,1699117024.0,28725102336.0,116419104.0,0.0,0.0,574.0,0.0,0.0,780.0,68.0,874.0
268,0.0,1.0,1.0,0.0,1.0,1728000.0,1.0,1032750000.0,1.0,665600000.0,0.156772851944,9108.0,1370.0,2818.0,42000.0,42750.0,43250.0,83.0,25.0,64.0,896.0,5000.0,0.0,25.0,1000000.0,950000.0,1.0,1.0,0.0,10.0,0.0,0.0,100.0,100.0,23032235.0,603300667.0,583346894.0,0.0,0.0,0.0,0.0,0.0,1.0,1.0,1.0,1.0,1.0,0.0,0.0,1.0,0.0,0.0,0.0,0.0,0.0,29.0,1.0,14798897.0,277211481.0,14619907.0,24843067.0,602041586.0,664.0,2785463930.0,0.0,1.0,1.0,0.0,1.0,0.0,0.0,1.0,1.0,1.0,1.0,2.0,1.0,0.0,0.0,0.0,2.0,0.0,0.0,1.0,1.0,3.0,50.0,50.0,1.0,0.0,0.0,0.0,0.0,0.0,0.0,0.0,0.0,0.0,0.0,2.0,2.0,0.0,1.0,1.0,0.0,1.0,0.0,0.0,0.0,0.0,0.0,1.0,0.0,0.0,1.0,0.0,0.0,0.0,1.0,10.0,0.0,0.0,0.0,0.0,0.0,11.0,0.0,0.0,0.0,0.0,0.0,0.0,0.0,0.0,0.0,1.0,1.0,0.0,0.0,0.0,0.0,1.0,1.0,1.0,0.0,0.0,0.0,0.0,0.0,0.0,1.0,1.0,0.0,0.0,0.0,0.0,0.0,1.0,1.0,0.0,1401502912.0,569.0,569.0,1312.0,1312.0,1344.0,0.0,78.0,21679.0,21840.0,21806.0,45.0,0.0,0.0,0.0,103.0,0.0,0.0,31.0,35.0,34.0,7.0,29.0,33089024.0,0.0,1719470112.0,22534469664.0,98841696.0,0.0,0.0,664.0,0.0,0.0,855.0,68.0,1001.0
269,0.0,1.0,1.0,0.0,1.0,1728000.0,1.0,1032750000.0,1.0,665600000.0,0.152172088623,9336.0,1447.0,3046.0,41625.0,42750.0,43500.0,88.0,25.0,64.0,896.0,5000.0,0.0,25.0,1000000.0,950000.0,1.0,0.0,0.0,10.0,0.0,0.0,100.0,500.0,20890321.0,609781990.0,577845604.0,0.0,0.0,0.0,0.0,0.0,1.0,1.0,1.0,1.0,1.0,0.0,0.0,1.0,0.0,0.0,0.0,0.0,0.0,29.0,1.0,14733016.0,268343035.0,14344818.0,22798675.0,608255717.0,624.0,2825161838.0,0.0,1.0,1.0,0.0,1.0,0.0,0.0,1.0,1.0,1.0,1.0,2.0,1.0,0.0,0.0,0.0,2.0,0.0,0.0,1.0,1.0,4.0,52.0,52.0,1.0,0.0,0.0,0.0,0.0,0.0,0.0,0.0,0.0,0.0,0.0,3.0,3.0,0.0,1.0,1.0,0.0,1.0,1.0,0.0,0.0,0.0,0.0,1.0,0.0,0.0,1.0,0.0,0.0,0.0,1.0,10.0,0.0,0.0,0.0,0.0,0.0,11.0,0.0,0.0,0.0,0.0,0.0,0.0,0.0,0.0,0.0,1.0,1.0,0.0,0.0,0.0,0.0,1.0,1.0,1.0,0.0,0.0,0.0,0.0,0.0,0.0,1.0,1.0,0.0,0.0,0.0,0.0,0.0,1.0,1.0,0.0,1332183650.0,507.0,507.0,1346.0,1346.0,1380.0,0.0,93.0,21642.0,21940.0,21906.0,163.0,0.0,0.0,0.0,86.0,0.0,0.0,31.0,35.0,34.0,11.0,29.0,15176896.0,0.0,1656733664.0,18346675680.0,83527456.0,0.0,0.0,624.0,0.0,0.0,945.0,68.0,1121.0
270,0.0,1.0,1.0,0.0,1.0,1728000.0,1.0,1032750000.0,1.0,665600000.0,0.157155036926,9756.0,1294.0,2818.0,41875.0,42750.0,43250.0,88.0,25.0,64.0,896.0,5000.0,0.0,25.0,1000000.0,950000.0,1.0,0.0,0.0,10.0,0.0,0.0,100.0,500.0,23449507.0,592467934.0,588278847.0,0.0,0.0,0.0,0.0,0.0,1.0,1.0,1.0,1.0,1.0,0.0,0.0,1.0,0.0,0.0,0.0,0.0,0.0,568.0,1.0,14989171.0,275531068.0,14692343.0,23194249.0,615695996.0,629.0,2874342487.0,0.0,1.0,1.0,0.0,1.0,0.0,0.0,1.0,1.0,1.0,1.0,2.0,1.0,0.0,0.0,0.0,2.0,0.0,0.0,1.0,1.0,3.0,620.0,620.0,1.0,0.0,0.0,0.0,0.0,0.0,0.0,0.0,0.0,0.0,0.0,2.0,2.0,0.0,1.0,1.0,0.0,1.0,0.0,0.0,0.0,0.0,0.0,1.0,0.0,0.0,1.0,0.0,0.0,0.0,1.0,10.0,0.0,0.0,0.0,0.0,0.0,11.0,0.0,0.0,0.0,0.0,0.0,0.0,0.0,0.0,0.0,1.0,1.0,0.0,0.0,0.0,0.0,1.0,1.0,1.0,0.0,0.0,0.0,0.0,0.0,0.0,1.0,1.0,0.0,0.0,0.0,0.0,0.0,1.0,1.0,0.0,1341987553.0,544.0,544.0,1421.0,1421.0,1452.0,0.0,82.0,21445.0,21800.0,21766.0,41.0,0.0,0.0,0.0,70.0,0.0,0.0,31.0,35.0,34.0,13.0,29.0,216908864.0,0.0,1718807008.0,15466204736.0,90944832.0,0.0,0.0,629.0,0.0,0.0,738.0,68.0,896.0
271,0.0,1.0,1.0,0.0,1.0,1728000.0,1.0,1032750000.0,1.0,665600000.0,0.152203083038,9184.0,1447.0,2894.0,41875.0,42250.0,43000.0,88.0,25.0,64.0,896.0,5000.0,0.0,25.0,1000000.0,950000.0,1.0,0.0,0.0,10.0,0.0,0.0,100.0,500.0,23801659.0,591803388.0,576610787.0,0.0,0.0,0.0,0.0,0.0,1.0,1.0,1.0,1.0,1.0,0.0,0.0,1.0,0.0,0.0,0.0,0.0,0.0,34.0,1.0,14476267.0,260501814.0,14367900.0,22665273.0,607598724.0,517.0,2819141743.0,0.0,1.0,1.0,0.0,1.0,0.0,0.0,1.0,1.0,1.0,1.0,2.0,1.0,0.0,0.0,0.0,2.0,0.0,0.0,1.0,1.0,3.0,50.0,50.0,1.0,0.0,0.0,0.0,0.0,0.0,0.0,0.0,0.0,0.0,0.0,2.0,2.0,0.0,1.0,1.0,0.0,1.0,0.0,0.0,0.0,0.0,0.0,1.0,0.0,0.0,1.0,0.0,0.0,0.0,1.0,11.0,0.0,0.0,0.0,0.0,0.0,12.0,0.0,0.0,0.0,0.0,0.0,0.0,0.0,0.0,0.0,1.0,1.0,0.0,0.0,0.0,0.0,1.0,1.0,1.0,0.0,0.0,0.0,0.0,0.0,0.0,1.0,1.0,0.0,0.0,0.0,0.0,0.0,1.0,1.0,0.0,1335071536.0,502.0,502.0,1307.0,1307.0,1341.0,0.0,73.0,21481.0,21741.0,21707.0,77.0,0.0,0.0,0.0,88.0,0.0,0.0,31.0,35.0,34.0,7.0,29.0,26643456.0,0.0,1638613952.0,17422722816.0,121695776.0,0.0,0.0,517.0,0.0,0.0,734.0,68.0,963.0
272,0.0,1.0,1.0,0.0,1.0,1728000.0,1.0,1032750000.0,1.0,665600000.0,0.157036066055,9108.0,1371.0,2818.0,42500.0,42500.0,43000.0,85.0,25.0,64.0,896.0,5000.0,0.0,25.0,1000000.0,950000.0,1.0,1.0,0.0,10.0,0.0,0.0,100.0,500.0,21218798.0,567088806.0,564735549.0,0.0,0.0,0.0,0.0,0.0,1.0,1.0,1.0,1.0,1.0,0.0,0.0,1.0,0.0,0.0,0.0,0.0,0.0,33.0,1.0,14828947.0,266899252.0,14303368.0,21987620.0,579497557.0,435.0,2680590773.0,0.0,1.0,1.0,0.0,1.0,0.0,0.0,1.0,1.0,1.0,1.0,2.0,1.0,0.0,0.0,0.0,2.0,0.0,0.0,1.0,1.0,3.0,50.0,50.0,1.0,0.0,0.0,0.0,0.0,0.0,0.0,0.0,0.0,0.0,0.0,2.0,2.0,0.0,1.0,1.0,0.0,1.0,0.0,0.0,0.0,0.0,0.0,1.0,0.0,0.0,1.0,0.0,0.0,0.0,1.0,10.0,0.0,0.0,0.0,0.0,0.0,11.0,0.0,0.0,0.0,0.0,0.0,0.0,0.0,0.0,0.0,1.0,1.0,0.0,0.0,0.0,0.0,1.0,1.0,1.0,0.0,0.0,0.0,0.0,0.0,0.0,1.0,1.0,0.0,0.0,0.0,0.0,0.0,1.0,1.0,0.0,1319871084.0,536.0,536.0,1237.0,1237.0,1266.0,0.0,72.0,20589.0,21497.0,21470.0,30.0,0.0,0.0,0.0,80.0,0.0,0.0,25.0,28.0,27.0,4.0,23.0,114141248.0,0.0,1603753952.0,22588625856.0,56399776.0,0.0,0.0,435.0,0.0,0.0,650.0,54.0,856.0
273,0.0,1.0,1.0,0.0,1.0,1728000.0,1.0,1032750000.0,1.0,665600000.0,0.154299974442,8996.0,1294.0,2819.0,41750.0,42750.0,43000.0,85.0,25.0,64.0,896.0,5000.0,0.0,25.0,1000000.0,950000.0,1.0,1.0,0.0,10.0,0.0,0.0,100.0,500.0,23818011.0,592178959.0,568179949.0,0.0,0.0,0.0,0.0,0.0,1.0,1.0,1.0,1.0,1.0,0.0,0.0,1.0,0.0,0.0,0.0,0.0,0.0,34.0,1.0,14530963.0,258945414.0,14266009.0,23565381.0,600272527.0,515.0,2776825287.0,0.0,1.0,1.0,0.0,1.0,0.0,0.0,1.0,1.0,1.0,1.0,2.0,1.0,0.0,0.0,0.0,2.0,0.0,0.0,1.0,1.0,3.0,50.0,50.0,1.0,0.0,0.0,0.0,0.0,0.0,0.0,0.0,0.0,0.0,0.0,2.0,2.0,0.0,1.0,1.0,0.0,1.0,0.0,0.0,0.0,0.0,0.0,1.0,0.0,0.0,1.0,0.0,0.0,0.0,1.0,10.0,0.0,0.0,0.0,0.0,0.0,11.0,0.0,0.0,0.0,0.0,0.0,0.0,0.0,0.0,0.0,1.0,1.0,0.0,0.0,0.0,0.0,1.0,1.0,1.0,0.0,0.0,0.0,0.0,0.0,0.0,1.0,1.0,0.0,0.0,0.0,0.0,0.0,1.0,1.0,0.0,1348337967.0,521.0,521.0,1309.0,1309.0,1338.0,0.0,86.0,21295.0,21864.0,21830.0,27.0,0.0,0.0,0.0,89.0,0.0,0.0,31.0,35.0,34.0,8.0,29.0,46790016.0,177152.0,1651958048.0,20163483776.0,83687680.0,0.0,0.0,515.0,0.0,0.0,757.0,68.0,954.0
274,0.0,1.0,1.0,0.0,1.0,1728000.0,1.0,1032750000.0,1.0,665600000.0,0.152976036072,9070.0,1294.0,2743.0,42000.0,42750.0,43000.0,85.0,25.0,64.0,896.0,5000.0,0.0,25.0,1000000.0,950000.0,1.0,1.0,0.0,10.0,0.0,0.0,100.0,500.0,24115813.0,593962417.0,585984321.0,0.0,0.0,0.0,0.0,0.0,1.0,1.0,1.0,1.0,1.0,0.0,0.0,1.0,0.0,0.0,0.0,0.0,0.0,31.0,1.0,14964131.0,304115751.0,14867793.0,24210094.0,598031878.0,645.0,2775348216.0,0.0,1.0,1.0,0.0,1.0,0.0,0.0,1.0,1.0,1.0,1.0,2.0,1.0,0.0,0.0,0.0,2.0,0.0,0.0,1.0,1.0,3.0,50.0,50.0,1.0,0.0,0.0,0.0,0.0,0.0,0.0,0.0,0.0,0.0,0.0,2.0,2.0,0.0,1.0,1.0,0.0,1.0,0.0,0.0,0.0,0.0,0.0,1.0,0.0,0.0,1.0,0.0,0.0,0.0,1.0,11.0,0.0,0.0,0.0,0.0,0.0,12.0,0.0,0.0,0.0,0.0,0.0,0.0,0.0,0.0,0.0,1.0,1.0,0.0,0.0,0.0,0.0,1.0,1.0,1.0,0.0,0.0,0.0,0.0,0.0,0.0,1.0,1.0,0.0,0.0,0.0,0.0,0.0,1.0,1.0,0.0,1354085626.0,525.0,525.0,1358.0,1358.0,1389.0,0.0,88.0,21648.0,21924.0,21890.0,36.0,0.0,0.0,0.0,101.0,0.0,0.0,31.0,35.0,34.0,8.0,29.0,116199648.0,169024.0,1702867232.0,20491638688.0,89563904.0,0.0,0.0,645.0,0.0,0.0,854.0,68.0,958.0
275,0.0,1.0,1.0,0.0,0.0,2035200.0,1.0,1032750000.0,1.0,800000000.0,0.143171072006,9718.0,1294.0,3199.0,41500.0,43000.0,43000.0,84.0,25.0,64.0,896.0,5000.0,0.0,25.0,1000000.0,950000.0,1.0,0.0,0.0,10.0,0.0,0.0,0.0,100.0,21705933.0,575389911.0,564189669.0,0.0,0.0,0.0,0.0,0.0,1.0,1.0,1.0,1.0,1.0,0.0,0.0,1.0,0.0,0.0,0.0,0.0,0.0,35.0,1.0,14462626.0,274633281.0,14378487.0,21742798.0,578308312.0,655.0,2676732538.0,0.0,1.0,1.0,0.0,1.0,0.0,0.0,1.0,1.0,1.0,1.0,2.0,1.0,0.0,0.0,0.0,2.0,0.0,0.0,1.0,1.0,3.0,50.0,50.0,1.0,0.0,0.0,0.0,0.0,0.0,0.0,0.0,0.0,0.0,0.0,2.0,2.0,0.0,1.0,1.0,0.0,1.0,0.0,0.0,0.0,0.0,0.0,1.0,0.0,0.0,1.0,0.0,0.0,0.0,1.0,10.0,0.0,0.0,0.0,0.0,0.0,11.0,0.0,0.0,0.0,0.0,0.0,0.0,0.0,0.0,0.0,1.0,1.0,0.0,0.0,0.0,0.0,1.0,1.0,1.0,0.0,0.0,0.0,0.0,0.0,0.0,1.0,1.0,0.0,0.0,0.0,0.0,0.0,1.0,1.0,0.0,1331778710.0,554.0,554.0,1202.0,1202.0,1229.0,0.0,56.0,20125.0,21354.0,21327.0,23.0,0.0,0.0,0.0,68.0,0.0,0.0,25.0,28.0,27.0,11.0,23.0,30183744.0,128608.0,1471013120.0,15189518496.0,102540384.0,0.0,0.0,655.0,0.0,0.0,744.0,54.0,867.0
276,0.0,1.0,1.0,0.0,0.0,2035200.0,1.0,1032750000.0,1.0,800000000.0,0.148874998093,9870.0,1370.0,3199.0,41500.0,42500.0,43500.0,84.0,25.0,64.0,896.0,5000.0,0.0,25.0,1000000.0,950000.0,1.0,0.0,0.0,10.0,0.0,0.0,0.0,100.0,19473554.0,564947156.0,561238425.0,0.0,0.0,0.0,0.0,0.0,1.0,1.0,1.0,1.0,1.0,0.0,0.0,1.0,0.0,0.0,0.0,0.0,0.0,34.0,1.0,14594540.0,267531160.0,14303638.0,19672806.0,583936026.0,479.0,2687274544.0,0.0,1.0,1.0,0.0,1.0,0.0,0.0,1.0,1.0,1.0,1.0,2.0,1.0,0.0,0.0,0.0,2.0,0.0,0.0,1.0,1.0,3.0,50.0,50.0,1.0,0.0,0.0,0.0,0.0,0.0,0.0,0.0,0.0,0.0,0.0,2.0,2.0,0.0,1.0,1.0,0.0,1.0,0.0,0.0,0.0,0.0,0.0,1.0,0.0,0.0,1.0,0.0,0.0,0.0,1.0,11.0,0.0,0.0,0.0,0.0,0.0,12.0,0.0,0.0,0.0,0.0,0.0,0.0,0.0,0.0,0.0,1.0,1.0,0.0,0.0,0.0,0.0,1.0,1.0,1.0,0.0,0.0,0.0,0.0,0.0,0.0,1.0,1.0,0.0,0.0,0.0,0.0,0.0,1.0,1.0,0.0,1308511851.0,541.0,541.0,1238.0,1238.0,1265.0,0.0,64.0,20244.0,21440.0,21413.0,27.0,0.0,0.0,0.0,60.0,0.0,0.0,25.0,28.0,27.0,6.0,23.0,214954560.0,1600960.0,1516985344.0,26188279168.0,94349664.0,0.0,0.0,479.0,0.0,0.0,621.0,54.0,829.0
277,0.0,1.0,1.0,0.0,0.0,2035200.0,1.0,1032750000.0,1.0,800000000.0,0.144077062607,9756.0,1370.0,3276.0,41500.0,43000.0,43500.0,84.0,25.0,64.0,896.0,5000.0,0.0,25.0,1000000.0,950000.0,1.0,0.0,0.0,10.0,0.0,0.0,0.0,100.0,19473722.0,573483277.0,552682016.0,0.0,0.0,0.0,0.0,0.0,1.0,1.0,1.0,1.0,1.0,0.0,0.0,1.0,0.0,0.0,0.0,0.0,0.0,35.0,1.0,14734881.0,260348925.0,14401165.0,19622040.0,582289488.0,505.0,2631074320.0,0.0,1.0,1.0,0.0,1.0,0.0,0.0,1.0,1.0,1.0,1.0,2.0,1.0,0.0,0.0,0.0,2.0,0.0,0.0,1.0,1.0,3.0,50.0,50.0,1.0,0.0,0.0,0.0,0.0,0.0,0.0,0.0,0.0,0.0,0.0,2.0,2.0,0.0,1.0,1.0,0.0,1.0,0.0,0.0,0.0,0.0,0.0,1.0,0.0,0.0,1.0,0.0,0.0,0.0,1.0,10.0,0.0,0.0,0.0,0.0,0.0,11.0,0.0,0.0,0.0,0.0,0.0,0.0,0.0,0.0,0.0,1.0,1.0,0.0,0.0,0.0,0.0,1.0,1.0,1.0,0.0,0.0,0.0,0.0,0.0,0.0,1.0,1.0,0.0,0.0,0.0,0.0,0.0,1.0,1.0,0.0,1305990864.0,494.0,494.0,1229.0,1229.0,1260.0,0.0,57.0,20052.0,21393.0,21366.0,26.0,0.0,0.0,0.0,53.0,0.0,0.0,25.0,28.0,27.0,9.0,23.0,11985888.0,0.0,1506783232.0,17466241120.0,103906880.0,0.0,0.0,505.0,0.0,0.0,626.0,54.0,816.0
278,0.0,1.0,1.0,0.0,0.0,2035200.0,1.0,1032750000.0,1.0,800000000.0,0.137319087982,9603.0,1370.0,3276.0,41375.0,42500.0,43500.0,98.0,25.0,64.0,896.0,5000.0,0.0,25.0,1000000.0,950000.0,1.0,1.0,0.0,10.0,0.0,0.0,0.0,100.0,23946759.0,588847925.0,591227669.0,0.0,0.0,0.0,0.0,0.0,1.0,1.0,1.0,1.0,1.0,0.0,0.0,1.0,0.0,0.0,0.0,0.0,0.0,29.0,1.0,14148723.0,281010579.0,14210809.0,23338001.0,595562176.0,646.0,2614640789.0,0.0,1.0,1.0,0.0,1.0,0.0,0.0,1.0,1.0,1.0,1.0,2.0,1.0,0.0,0.0,0.0,2.0,0.0,0.0,1.0,1.0,3.0,50.0,50.0,1.0,0.0,0.0,0.0,0.0,0.0,0.0,0.0,0.0,0.0,0.0,2.0,2.0,0.0,1.0,1.0,0.0,1.0,0.0,0.0,0.0,0.0,0.0,1.0,0.0,0.0,1.0,0.0,0.0,0.0,1.0,10.0,0.0,0.0,0.0,0.0,0.0,11.0,0.0,0.0,0.0,0.0,0.0,0.0,0.0,0.0,0.0,1.0,1.0,0.0,0.0,0.0,0.0,1.0,1.0,1.0,0.0,0.0,0.0,0.0,0.0,0.0,1.0,1.0,0.0,0.0,0.0,0.0,0.0,1.0,1.0,0.0,1350752709.0,547.0,547.0,1190.0,1190.0,1220.0,0.0,76.0,21175.0,21767.0,21733.0,38.0,0.0,0.0,0.0,79.0,0.0,0.0,31.0,35.0,34.0,10.0,29.0,13208160.0,0.0,1520811936.0,30443812736.0,129993792.0,0.0,0.0,646.0,0.0,0.0,792.0,68.0,987.0
279,0.0,1.0,1.0,0.0,0.0,2035200.0,1.0,1032750000.0,1.0,800000000.0,0.150197982788,9832.0,1370.0,3352.0,42250.0,42750.0,43500.0,98.0,25.0,64.0,896.0,5000.0,0.0,25.0,1000000.0,950000.0,1.0,1.0,0.0,10.0,0.0,0.0,0.0,100.0,22135278.0,592366241.0,574962720.0,0.0,0.0,0.0,0.0,0.0,1.0,1.0,1.0,1.0,1.0,0.0,0.0,1.0,0.0,0.0,0.0,0.0,0.0,35.0,1.0,14220532.0,267181479.0,14382417.0,22710075.0,591180762.0,661.0,2745029927.0,0.0,1.0,1.0,0.0,1.0,0.0,0.0,1.0,1.0,1.0,1.0,2.0,1.0,0.0,0.0,0.0,2.0,0.0,0.0,1.0,1.0,3.0,50.0,50.0,1.0,0.0,0.0,0.0,0.0,0.0,0.0,0.0,0.0,0.0,0.0,2.0,2.0,0.0,1.0,1.0,0.0,1.0,0.0,0.0,0.0,0.0,0.0,1.0,0.0,0.0,1.0,0.0,0.0,0.0,1.0,11.0,0.0,0.0,0.0,0.0,0.0,12.0,0.0,0.0,0.0,0.0,0.0,0.0,0.0,0.0,0.0,1.0,1.0,0.0,0.0,0.0,0.0,1.0,1.0,1.0,0.0,0.0,0.0,0.0,0.0,0.0,1.0,1.0,0.0,0.0,0.0,0.0,0.0,1.0,1.0,0.0,1295506470.0,643.0,643.0,1268.0,1268.0,1295.0,0.0,81.0,21447.0,21831.0,21797.0,36.0,0.0,0.0,0.0,86.0,0.0,0.0,31.0,35.0,34.0,14.0,29.0,229620672.0,1575680.0,1576054528.0,23782648000.0,161617600.0,0.0,0.0,661.0,0.0,0.0,887.0,68.0,1073.0
280,0.0,1.0,1.0,0.0,0.0,2035200.0,1.0,1032750000.0,1.0,800000000.0,0.144411087036,9718.0,1370.0,3352.0,41250.0,42750.0,43500.0,98.0,25.0,64.0,896.0,5000.0,0.0,25.0,1000000.0,950000.0,1.0,1.0,0.0,10.0,0.0,0.0,0.0,100.0,22257188.0,595742484.0,567605678.0,0.0,0.0,0.0,0.0,0.0,1.0,1.0,1.0,1.0,1.0,0.0,0.0,1.0,0.0,0.0,0.0,0.0,0.0,35.0,1.0,14593782.0,263145998.0,14395971.0,23340749.0,584893002.0,559.0,2743117378.0,0.0,1.0,1.0,0.0,1.0,0.0,0.0,1.0,1.0,1.0,1.0,2.0,1.0,0.0,0.0,0.0,2.0,0.0,0.0,1.0,1.0,3.0,50.0,50.0,1.0,0.0,0.0,0.0,0.0,0.0,0.0,0.0,0.0,0.0,0.0,2.0,2.0,0.0,1.0,1.0,0.0,1.0,0.0,0.0,0.0,0.0,0.0,1.0,0.0,0.0,1.0,0.0,0.0,0.0,1.0,10.0,0.0,0.0,0.0,0.0,0.0,11.0,0.0,0.0,0.0,0.0,0.0,0.0,0.0,0.0,0.0,1.0,1.0,0.0,0.0,0.0,0.0,1.0,1.0,1.0,0.0,0.0,0.0,0.0,0.0,0.0,1.0,1.0,0.0,0.0,0.0,0.0,0.0,1.0,1.0,0.0,1309716460.0,555.0,555.0,1238.0,1238.0,1268.0,0.0,71.0,21173.0,21801.0,21767.0,24.0,0.0,0.0,0.0,76.0,0.0,0.0,31.0,35.0,34.0,12.0,29.0,17936960.0,0.0,1573472832.0,22567609728.0,120546048.0,0.0,0.0,559.0,0.0,0.0,723.0,68.0,951.0
281,0.0,1.0,1.0,0.0,0.0,2035200.0,1.0,1032750000.0,1.0,800000000.0,0.14262294769300002,4649.0,685.0,1600.0,41250.0,43000.0,43500.0,73.0,25.0,64.0,896.0,5000.0,0.0,25.0,1000000.0,950000.0,1.0,0.0,0.0,10.0,0.0,0.0,0.0,500.0,18840029.0,566810813.0,547339446.0,0.0,0.0,0.0,0.0,0.0,1.0,1.0,1.0,1.0,1.0,0.0,0.0,1.0,0.0,0.0,0.0,0.0,0.0,36.0,1.0,14494990.0,254915057.0,14394313.0,18569384.0,561888682.0,537.0,2537149876.0,0.0,1.0,1.0,0.0,1.0,0.0,0.0,1.0,1.0,1.0,1.0,2.0,1.0,0.0,0.0,0.0,2.0,0.0,0.0,1.0,1.0,3.0,50.0,50.0,1.0,0.0,0.0,0.0,0.0,0.0,0.0,0.0,0.0,0.0,0.0,2.0,2.0,0.0,1.0,1.0,0.0,1.0,0.0,0.0,0.0,0.0,0.0,1.0,0.0,0.0,1.0,0.0,0.0,0.0,1.0,11.0,0.0,0.0,0.0,0.0,0.0,12.0,0.0,0.0,0.0,0.0,0.0,0.0,0.0,0.0,0.0,1.0,1.0,0.0,0.0,0.0,0.0,1.0,1.0,1.0,0.0,0.0,0.0,0.0,0.0,0.0,1.0,1.0,0.0,0.0,0.0,0.0,0.0,1.0,1.0,0.0,1277772306.0,565.0,565.0,1129.0,1129.0,1155.0,0.0,59.0,18313.0,20907.0,20887.0,95.0,0.0,0.0,0.0,62.0,0.0,0.0,19.0,21.0,20.0,5.0,17.0,210770784.0,0.0,1423834624.0,14950774592.0,82154112.0,0.0,0.0,537.0,0.0,0.0,677.0,40.0,891.0
282,0.0,1.0,1.0,0.0,0.0,2035200.0,1.0,1032750000.0,1.0,800000000.0,0.149981975555,9832.0,1370.0,3276.0,41750.0,42750.0,43500.0,73.0,25.0,64.0,896.0,5000.0,0.0,25.0,1000000.0,950000.0,1.0,0.0,0.0,10.0,0.0,0.0,0.0,500.0,22677561.0,581516740.0,578140145.0,0.0,0.0,0.0,0.0,0.0,1.0,1.0,1.0,1.0,1.0,0.0,0.0,1.0,0.0,0.0,0.0,0.0,0.0,34.0,1.0,14873149.0,280119456.0,14721530.0,22475588.0,592375641.0,631.0,2747836600.0,0.0,1.0,1.0,0.0,1.0,0.0,0.0,1.0,1.0,1.0,1.0,2.0,1.0,0.0,0.0,0.0,2.0,0.0,0.0,1.0,1.0,3.0,50.0,50.0,1.0,0.0,0.0,0.0,0.0,0.0,0.0,0.0,0.0,0.0,0.0,2.0,2.0,0.0,1.0,1.0,0.0,1.0,0.0,0.0,0.0,0.0,0.0,1.0,0.0,0.0,1.0,0.0,0.0,0.0,1.0,10.0,0.0,0.0,0.0,0.0,0.0,11.0,0.0,0.0,0.0,0.0,0.0,0.0,0.0,0.0,0.0,1.0,1.0,0.0,0.0,0.0,0.0,1.0,1.0,1.0,0.0,0.0,0.0,0.0,0.0,0.0,1.0,1.0,0.0,0.0,0.0,0.0,0.0,1.0,1.0,0.0,1334368775.0,577.0,577.0,1221.0,1221.0,1247.0,0.0,67.0,21727.0,21713.0,21679.0,46.0,0.0,0.0,0.0,63.0,0.0,0.0,31.0,35.0,34.0,10.0,29.0,126560864.0,0.0,1565072320.0,25962361696.0,151791840.0,0.0,0.0,631.0,0.0,0.0,799.0,68.0,931.0
283,0.0,1.0,1.0,0.0,0.0,2035200.0,1.0,1032750000.0,1.0,800000000.0,0.144689083099,9718.0,1294.0,3200.0,42250.0,43000.0,43500.0,73.0,25.0,64.0,896.0,5000.0,0.0,25.0,1000000.0,950000.0,1.0,0.0,0.0,10.0,0.0,0.0,0.0,500.0,20958458.0,584213665.0,571998085.0,0.0,0.0,0.0,0.0,0.0,1.0,1.0,1.0,1.0,1.0,0.0,0.0,1.0,0.0,0.0,0.0,0.0,0.0,35.0,1.0,14274319.0,270618373.0,14311662.0,21537231.0,602428833.0,753.0,2695222058.0,0.0,1.0,1.0,0.0,1.0,0.0,0.0,1.0,1.0,1.0,1.0,2.0,1.0,0.0,0.0,0.0,2.0,0.0,0.0,1.0,1.0,3.0,50.0,50.0,1.0,0.0,0.0,0.0,0.0,0.0,0.0,0.0,0.0,0.0,0.0,2.0,2.0,0.0,1.0,1.0,0.0,1.0,0.0,0.0,0.0,0.0,0.0,1.0,0.0,0.0,1.0,0.0,0.0,0.0,1.0,10.0,0.0,0.0,0.0,0.0,0.0,11.0,0.0,0.0,0.0,0.0,0.0,0.0,0.0,0.0,0.0,1.0,1.0,0.0,0.0,0.0,0.0,1.0,1.0,1.0,0.0,0.0,0.0,0.0,0.0,0.0,1.0,1.0,0.0,0.0,0.0,0.0,0.0,1.0,1.0,0.0,1353196653.0,601.0,601.0,1244.0,1244.0,1275.0,0.0,59.0,20821.0,21519.0,21492.0,15.0,0.0,0.0,0.0,74.0,0.0,0.0,25.0,28.0,27.0,10.0,23.0,107912608.0,0.0,1538068256.0,19981325440.0,130897664.0,0.0,0.0,753.0,0.0,0.0,794.0,54.0,1000.0
284,0.0,1.0,1.0,0.0,0.0,2035200.0,1.0,1032750000.0,1.0,800000000.0,0.141802072525,9756.0,1446.0,3200.0,42250.0,43000.0,43500.0,74.0,25.0,64.0,896.0,5000.0,0.0,25.0,1000000.0,950000.0,1.0,1.0,0.0,10.0,0.0,0.0,0.0,500.0,21591547.0,581689018.0,568974685.0,0.0,0.0,0.0,0.0,0.0,1.0,1.0,1.0,1.0,1.0,0.0,0.0,1.0,0.0,0.0,0.0,0.0,0.0,34.0,1.0,14424485.0,265651319.0,14450401.0,21526713.0,579197261.0,698.0,2709199811.0,0.0,1.0,1.0,0.0,1.0,0.0,0.0,1.0,1.0,1.0,1.0,2.0,1.0,0.0,0.0,0.0,2.0,0.0,0.0,1.0,1.0,3.0,50.0,50.0,1.0,0.0,0.0,0.0,0.0,0.0,0.0,0.0,0.0,0.0,0.0,2.0,2.0,0.0,1.0,1.0,0.0,1.0,0.0,0.0,0.0,0.0,0.0,1.0,0.0,0.0,1.0,0.0,0.0,0.0,1.0,10.0,0.0,0.0,0.0,0.0,0.0,11.0,0.0,0.0,0.0,0.0,0.0,0.0,0.0,0.0,0.0,1.0,1.0,0.0,0.0,0.0,0.0,1.0,1.0,1.0,0.0,0.0,0.0,0.0,0.0,0.0,1.0,1.0,0.0,0.0,0.0,0.0,0.0,1.0,1.0,0.0,1333401897.0,568.0,568.0,1258.0,1258.0,1285.0,0.0,51.0,20882.0,21493.0,21466.0,47.0,0.0,0.0,0.0,62.0,0.0,0.0,25.0,28.0,27.0,9.0,23.0,16336224.0,0.0,1500408480.0,20424336992.0,171114784.0,0.0,0.0,698.0,0.0,0.0,812.0,54.0,1023.0
285,0.0,1.0,1.0,0.0,0.0,2035200.0,1.0,1032750000.0,1.0,800000000.0,0.149302005768,9680.0,1294.0,3352.0,41375.0,42750.0,43500.0,74.0,25.0,64.0,896.0,5000.0,0.0,25.0,1000000.0,950000.0,1.0,1.0,0.0,10.0,0.0,0.0,0.0,500.0,22655999.0,592004930.0,567607258.0,0.0,0.0,0.0,0.0,0.0,1.0,1.0,1.0,1.0,1.0,0.0,0.0,1.0,0.0,0.0,0.0,0.0,0.0,33.0,1.0,14435075.0,261012105.0,14186492.0,23042357.0,605189702.0,590.0,2725691938.0,0.0,1.0,1.0,0.0,1.0,0.0,0.0,1.0,1.0,1.0,1.0,2.0,1.0,0.0,0.0,0.0,2.0,0.0,0.0,1.0,1.0,3.0,50.0,50.0,1.0,0.0,0.0,0.0,0.0,0.0,0.0,0.0,0.0,0.0,0.0,2.0,2.0,0.0,1.0,1.0,0.0,1.0,0.0,0.0,0.0,0.0,0.0,1.0,0.0,0.0,1.0,0.0,0.0,0.0,1.0,10.0,0.0,0.0,0.0,0.0,0.0,11.0,0.0,0.0,0.0,0.0,0.0,0.0,0.0,0.0,0.0,1.0,1.0,0.0,0.0,0.0,0.0,1.0,1.0,1.0,0.0,0.0,0.0,0.0,0.0,0.0,1.0,1.0,0.0,0.0,0.0,0.0,0.0,1.0,1.0,0.0,1362946832.0,575.0,575.0,1307.0,1307.0,1336.0,0.0,73.0,21255.0,21792.0,21758.0,38.0,0.0,0.0,0.0,82.0,0.0,0.0,31.0,35.0,34.0,13.0,29.0,120155424.0,0.0,1538141312.0,19041745312.0,117663712.0,0.0,0.0,590.0,0.0,0.0,772.0,68.0,1007.0
286,0.0,1.0,1.0,0.0,0.0,2035200.0,1.0,1032750000.0,1.0,800000000.0,0.145588874817,9680.0,1370.0,3352.0,41875.0,42500.0,43500.0,74.0,25.0,64.0,896.0,5000.0,0.0,25.0,1000000.0,950000.0,1.0,1.0,0.0,10.0,0.0,0.0,0.0,500.0,23738035.0,591475375.0,573348985.0,0.0,0.0,0.0,0.0,0.0,1.0,1.0,1.0,1.0,1.0,0.0,0.0,1.0,0.0,0.0,0.0,0.0,0.0,31.0,1.0,14440092.0,274887900.0,14658279.0,24212141.0,601880526.0,732.0,2751816943.0,0.0,1.0,1.0,0.0,1.0,0.0,0.0,1.0,1.0,1.0,1.0,2.0,1.0,0.0,0.0,0.0,2.0,0.0,0.0,1.0,1.0,3.0,50.0,50.0,1.0,0.0,0.0,0.0,0.0,0.0,0.0,0.0,0.0,0.0,0.0,2.0,2.0,0.0,1.0,1.0,0.0,1.0,0.0,0.0,0.0,0.0,0.0,1.0,0.0,0.0,1.0,0.0,0.0,0.0,1.0,11.0,0.0,0.0,0.0,0.0,0.0,12.0,0.0,0.0,0.0,0.0,0.0,0.0,0.0,0.0,0.0,1.0,1.0,0.0,0.0,0.0,0.0,1.0,1.0,1.0,0.0,0.0,0.0,0.0,0.0,0.0,1.0,1.0,0.0,0.0,0.0,0.0,0.0,1.0,1.0,0.0,1347161472.0,599.0,599.0,1230.0,1230.0,1272.0,0.0,79.0,21942.0,21944.0,21910.0,38.0,0.0,0.0,0.0,89.0,0.0,0.0,31.0,35.0,34.0,9.0,29.0,28384992.0,1455744.0,1547636384.0,22061009472.0,154245856.0,0.0,0.0,732.0,0.0,0.0,928.0,68.0,1142.0
287,0.0,1.0,1.0,0.0,0.0,2035200.0,1.0,1032750000.0,1.0,800000000.0,0.14274787902799999,10099.0,1370.0,3428.0,41500.0,43000.0,43500.0,84.0,25.0,64.0,896.0,5000.0,0.0,25.0,1000000.0,950000.0,1.0,0.0,0.0,10.0,0.0,0.0,100.0,100.0,20380989.0,574645008.0,557333367.0,0.0,0.0,0.0,0.0,0.0,1.0,1.0,1.0,1.0,1.0,0.0,0.0,1.0,0.0,0.0,0.0,0.0,0.0,35.0,1.0,14434978.0,275508506.0,14224325.0,21923332.0,591908668.0,573.0,2634286402.0,0.0,1.0,1.0,0.0,1.0,0.0,0.0,1.0,1.0,1.0,1.0,2.0,1.0,0.0,0.0,0.0,2.0,0.0,0.0,1.0,1.0,3.0,50.0,50.0,1.0,0.0,0.0,0.0,0.0,0.0,0.0,0.0,0.0,0.0,0.0,2.0,2.0,0.0,1.0,1.0,0.0,1.0,0.0,0.0,0.0,0.0,0.0,1.0,0.0,0.0,1.0,0.0,0.0,0.0,1.0,11.0,0.0,0.0,0.0,0.0,0.0,12.0,0.0,0.0,0.0,0.0,0.0,0.0,0.0,0.0,0.0,1.0,1.0,0.0,0.0,0.0,0.0,1.0,1.0,1.0,0.0,0.0,0.0,0.0,0.0,0.0,1.0,1.0,0.0,0.0,0.0,0.0,0.0,1.0,1.0,0.0,1331714081.0,551.0,551.0,1202.0,1202.0,1238.0,0.0,58.0,20191.0,21474.0,21447.0,29.0,0.0,0.0,0.0,70.0,0.0,0.0,25.0,28.0,27.0,8.0,23.0,121369312.0,0.0,1558787616.0,20077603776.0,110088928.0,0.0,0.0,573.0,0.0,0.0,703.0,54.0,897.0
288,0.0,1.0,1.0,0.0,0.0,2035200.0,1.0,1032750000.0,1.0,800000000.0,0.15739417076099999,9718.0,1370.0,3352.0,41500.0,42500.0,43500.0,84.0,25.0,64.0,896.0,5000.0,0.0,25.0,1000000.0,950000.0,1.0,0.0,0.0,10.0,0.0,0.0,100.0,100.0,22089796.0,584071175.0,575557824.0,0.0,0.0,0.0,0.0,0.0,1.0,1.0,1.0,1.0,1.0,0.0,0.0,1.0,0.0,0.0,0.0,0.0,0.0,35.0,1.0,13992250.0,266056244.0,14004025.0,22803622.0,601057758.0,568.0,2744475458.0,0.0,1.0,1.0,0.0,1.0,0.0,0.0,1.0,1.0,1.0,1.0,2.0,1.0,0.0,0.0,0.0,2.0,0.0,0.0,1.0,1.0,3.0,50.0,50.0,1.0,0.0,0.0,0.0,0.0,0.0,0.0,0.0,0.0,0.0,0.0,2.0,2.0,0.0,1.0,1.0,0.0,1.0,0.0,0.0,0.0,0.0,0.0,1.0,0.0,0.0,1.0,0.0,0.0,0.0,1.0,10.0,0.0,0.0,0.0,0.0,0.0,11.0,0.0,0.0,0.0,0.0,0.0,0.0,0.0,0.0,0.0,1.0,1.0,0.0,0.0,0.0,0.0,1.0,1.0,1.0,0.0,0.0,0.0,0.0,0.0,0.0,1.0,1.0,0.0,0.0,0.0,0.0,0.0,1.0,1.0,0.0,1358259120.0,546.0,546.0,1308.0,1308.0,1343.0,0.0,65.0,21758.0,21808.0,21774.0,50.0,0.0,0.0,0.0,65.0,0.0,0.0,31.0,35.0,34.0,12.0,29.0,217238080.0,0.0,1630868544.0,25078422656.0,142374688.0,0.0,0.0,568.0,0.0,0.0,769.0,68.0,967.0
289,0.0,1.0,1.0,0.0,0.0,2035200.0,1.0,1032750000.0,1.0,800000000.0,0.145523071289,9756.0,1370.0,3352.0,42000.0,42750.0,43250.0,84.0,25.0,64.0,896.0,5000.0,0.0,25.0,1000000.0,950000.0,1.0,0.0,0.0,10.0,0.0,0.0,100.0,100.0,23017931.0,569044120.0,566205106.0,0.0,0.0,0.0,0.0,0.0,1.0,1.0,1.0,1.0,1.0,0.0,0.0,1.0,0.0,0.0,0.0,0.0,0.0,35.0,1.0,14674943.0,272808259.0,14793800.0,22535096.0,593437165.0,567.0,2718054698.0,0.0,1.0,1.0,0.0,1.0,0.0,0.0,1.0,1.0,1.0,1.0,2.0,1.0,0.0,0.0,0.0,2.0,0.0,0.0,1.0,1.0,3.0,50.0,50.0,1.0,0.0,0.0,0.0,0.0,0.0,0.0,0.0,0.0,0.0,0.0,2.0,2.0,0.0,1.0,1.0,0.0,1.0,0.0,0.0,0.0,0.0,0.0,1.0,0.0,0.0,1.0,0.0,0.0,0.0,1.0,10.0,0.0,0.0,0.0,0.0,0.0,11.0,0.0,0.0,0.0,0.0,0.0,0.0,0.0,0.0,0.0,1.0,1.0,0.0,0.0,0.0,0.0,1.0,1.0,1.0,0.0,0.0,0.0,0.0,0.0,0.0,1.0,1.0,0.0,0.0,0.0,0.0,0.0,1.0,1.0,0.0,1345911335.0,593.0,593.0,1256.0,1256.0,1286.0,0.0,67.0,21279.0,21788.0,21754.0,54.0,0.0,0.0,0.0,63.0,0.0,0.0,31.0,35.0,34.0,9.0,29.0,232449920.0,1548448.0,1577325920.0,32456464288.0,161095168.0,0.0,0.0,567.0,0.0,0.0,728.0,68.0,942.0
290,0.0,1.0,1.0,0.0,0.0,2035200.0,1.0,1032750000.0,1.0,800000000.0,0.13770294189500001,9870.0,1370.0,3276.0,41500.0,43000.0,43000.0,92.0,25.0,64.0,896.0,5000.0,0.0,25.0,1000000.0,950000.0,1.0,1.0,0.0,10.0,0.0,0.0,100.0,100.0,19714817.0,574751420.0,552132257.0,0.0,0.0,0.0,0.0,0.0,1.0,1.0,1.0,1.0,1.0,0.0,0.0,1.0,0.0,0.0,0.0,0.0,0.0,35.0,1.0,14309961.0,257276401.0,14255113.0,20136388.0,585733576.0,482.0,2627296783.0,0.0,1.0,1.0,0.0,1.0,0.0,0.0,1.0,1.0,1.0,1.0,2.0,1.0,0.0,0.0,0.0,2.0,0.0,0.0,1.0,1.0,3.0,50.0,50.0,1.0,0.0,0.0,0.0,0.0,0.0,0.0,0.0,0.0,0.0,0.0,2.0,2.0,0.0,1.0,1.0,0.0,1.0,0.0,0.0,0.0,0.0,0.0,1.0,0.0,0.0,1.0,0.0,0.0,0.0,1.0,10.0,0.0,0.0,0.0,0.0,0.0,11.0,0.0,0.0,0.0,0.0,0.0,0.0,0.0,0.0,0.0,1.0,1.0,0.0,0.0,0.0,0.0,1.0,1.0,1.0,0.0,0.0,0.0,0.0,0.0,0.0,1.0,1.0,0.0,0.0,0.0,0.0,0.0,1.0,1.0,0.0,1336400282.0,485.0,485.0,1188.0,1188.0,1216.0,0.0,50.0,20170.0,21359.0,21332.0,23.0,0.0,0.0,0.0,52.0,0.0,0.0,25.0,28.0,27.0,7.0,23.0,112101248.0,0.0,1479729120.0,9672509184.0,101857152.0,0.0,0.0,482.0,0.0,0.0,559.0,54.0,732.0
291,0.0,1.0,1.0,0.0,0.0,2035200.0,1.0,1032750000.0,1.0,800000000.0,0.151957035065,9756.0,1370.0,3276.0,41750.0,42750.0,43250.0,92.0,25.0,64.0,896.0,5000.0,0.0,25.0,1000000.0,950000.0,1.0,1.0,0.0,10.0,0.0,0.0,100.0,100.0,23898944.0,578933012.0,565154820.0,0.0,0.0,0.0,0.0,0.0,1.0,1.0,1.0,1.0,1.0,0.0,0.0,1.0,0.0,0.0,0.0,0.0,0.0,34.0,1.0,14648346.0,265161988.0,14727434.0,23061352.0,587722914.0,620.0,2752984220.0,0.0,1.0,1.0,0.0,1.0,0.0,0.0,1.0,1.0,1.0,1.0,2.0,1.0,0.0,0.0,0.0,2.0,0.0,0.0,1.0,1.0,3.0,50.0,50.0,1.0,0.0,0.0,0.0,0.0,0.0,0.0,0.0,0.0,0.0,0.0,2.0,2.0,0.0,1.0,1.0,0.0,1.0,0.0,0.0,0.0,0.0,0.0,1.0,0.0,0.0,1.0,0.0,0.0,0.0,1.0,10.0,0.0,0.0,0.0,0.0,0.0,11.0,0.0,0.0,0.0,0.0,0.0,0.0,0.0,0.0,0.0,1.0,1.0,0.0,0.0,0.0,0.0,1.0,1.0,1.0,0.0,0.0,0.0,0.0,0.0,0.0,1.0,1.0,0.0,0.0,0.0,0.0,0.0,1.0,1.0,0.0,1367191529.0,617.0,617.0,1239.0,1239.0,1271.0,0.0,70.0,21530.0,21711.0,21677.0,31.0,0.0,0.0,0.0,83.0,0.0,0.0,31.0,35.0,34.0,12.0,29.0,18581696.0,0.0,1590034112.0,32013025280.0,134897408.0,0.0,0.0,620.0,0.0,0.0,783.0,68.0,966.0
292,0.0,1.0,1.0,0.0,0.0,2035200.0,1.0,1032750000.0,1.0,800000000.0,0.147665023804,9680.0,1370.0,3200.0,41375.0,42500.0,43250.0,92.0,25.0,64.0,896.0,5000.0,0.0,25.0,1000000.0,950000.0,1.0,1.0,0.0,10.0,0.0,0.0,100.0,100.0,20624308.0,588904929.0,561239616.0,0.0,0.0,0.0,0.0,0.0,1.0,1.0,1.0,1.0,1.0,0.0,0.0,1.0,0.0,0.0,0.0,0.0,0.0,34.0,1.0,14312989.0,273695649.0,14480609.0,23215097.0,594808001.0,600.0,2803138874.0,0.0,1.0,1.0,0.0,1.0,0.0,0.0,1.0,1.0,1.0,1.0,2.0,1.0,0.0,0.0,0.0,2.0,0.0,0.0,1.0,1.0,3.0,50.0,50.0,1.0,0.0,0.0,0.0,0.0,0.0,0.0,0.0,0.0,0.0,0.0,2.0,2.0,0.0,1.0,1.0,0.0,1.0,0.0,0.0,0.0,0.0,0.0,1.0,0.0,0.0,1.0,0.0,0.0,0.0,1.0,10.0,0.0,0.0,0.0,0.0,0.0,11.0,0.0,0.0,0.0,0.0,0.0,0.0,0.0,0.0,0.0,1.0,1.0,0.0,0.0,0.0,0.0,1.0,1.0,1.0,0.0,0.0,0.0,0.0,0.0,0.0,1.0,1.0,0.0,0.0,0.0,0.0,0.0,1.0,1.0,0.0,1341653285.0,540.0,540.0,1338.0,1338.0,1372.0,0.0,80.0,21427.0,21692.0,21658.0,25.0,0.0,0.0,0.0,82.0,0.0,0.0,31.0,35.0,34.0,9.0,29.0,121820672.0,0.0,1592155424.0,28939312544.0,201968960.0,0.0,0.0,600.0,0.0,0.0,754.0,68.0,929.0
293,0.0,1.0,1.0,0.0,0.0,2035200.0,1.0,1032750000.0,1.0,800000000.0,0.141337871552,9641.0,1370.0,3123.0,41750.0,43000.0,43500.0,75.0,25.0,64.0,896.0,5000.0,0.0,25.0,1000000.0,950000.0,1.0,0.0,0.0,10.0,0.0,0.0,100.0,500.0,21796651.0,563627485.0,557296778.0,0.0,0.0,0.0,0.0,0.0,1.0,1.0,1.0,1.0,1.0,0.0,0.0,1.0,0.0,0.0,0.0,0.0,0.0,33.0,1.0,13967357.0,263438862.0,13951140.0,22369213.0,575772237.0,572.0,2604638445.0,0.0,1.0,1.0,0.0,1.0,0.0,0.0,1.0,1.0,1.0,1.0,2.0,1.0,0.0,0.0,0.0,2.0,0.0,0.0,1.0,1.0,3.0,50.0,50.0,1.0,0.0,0.0,0.0,0.0,0.0,0.0,0.0,0.0,0.0,0.0,2.0,2.0,0.0,1.0,1.0,0.0,1.0,0.0,0.0,0.0,0.0,0.0,1.0,0.0,0.0,1.0,0.0,0.0,0.0,1.0,10.0,0.0,0.0,0.0,0.0,0.0,11.0,0.0,0.0,0.0,0.0,0.0,0.0,0.0,0.0,0.0,1.0,1.0,0.0,0.0,0.0,0.0,1.0,1.0,1.0,0.0,0.0,0.0,0.0,0.0,0.0,1.0,1.0,0.0,0.0,0.0,0.0,0.0,1.0,1.0,0.0,1309501659.0,610.0,610.0,1126.0,1126.0,1152.0,0.0,51.0,20229.0,21371.0,21344.0,38.0,0.0,0.0,0.0,53.0,0.0,0.0,25.0,28.0,27.0,5.0,23.0,122411456.0,0.0,1488054336.0,25474597472.0,117904864.0,0.0,0.0,572.0,0.0,0.0,756.0,54.0,921.0
294,0.0,1.0,1.0,0.0,0.0,2035200.0,1.0,1032750000.0,1.0,800000000.0,0.14995098114,9756.0,1370.0,3352.0,41750.0,42500.0,43250.0,75.0,25.0,64.0,896.0,5000.0,0.0,25.0,1000000.0,950000.0,1.0,0.0,0.0,10.0,0.0,0.0,100.0,500.0,23212466.0,565829766.0,575931009.0,0.0,0.0,0.0,0.0,0.0,1.0,1.0,1.0,1.0,1.0,0.0,0.0,1.0,0.0,0.0,0.0,0.0,0.0,31.0,1.0,14488697.0,273506724.0,14257213.0,22394141.0,602231314.0,663.0,2669234651.0,0.0,1.0,1.0,0.0,1.0,0.0,0.0,1.0,1.0,1.0,1.0,2.0,1.0,0.0,0.0,0.0,2.0,0.0,0.0,1.0,1.0,3.0,50.0,50.0,1.0,0.0,0.0,0.0,0.0,0.0,0.0,0.0,0.0,0.0,0.0,2.0,2.0,0.0,1.0,1.0,0.0,1.0,0.0,0.0,0.0,0.0,0.0,1.0,0.0,0.0,1.0,0.0,0.0,0.0,1.0,10.0,0.0,0.0,0.0,0.0,0.0,11.0,0.0,0.0,0.0,0.0,0.0,0.0,0.0,0.0,0.0,1.0,1.0,0.0,0.0,0.0,0.0,1.0,1.0,1.0,0.0,0.0,0.0,0.0,0.0,0.0,1.0,1.0,0.0,0.0,0.0,0.0,0.0,1.0,1.0,0.0,1378705443.0,550.0,550.0,1240.0,1240.0,1280.0,0.0,71.0,21697.0,21917.0,21883.0,38.0,0.0,0.0,0.0,83.0,0.0,0.0,31.0,35.0,34.0,13.0,29.0,314153312.0,0.0,1500523968.0,23315263616.0,129002720.0,0.0,0.0,663.0,0.0,0.0,882.0,68.0,1078.0
295,0.0,1.0,1.0,0.0,0.0,2035200.0,1.0,1032750000.0,1.0,800000000.0,0.143526077271,9641.0,1370.0,3276.0,41625.0,42750.0,43250.0,75.0,25.0,64.0,896.0,5000.0,0.0,25.0,1000000.0,950000.0,1.0,0.0,0.0,10.0,0.0,0.0,100.0,500.0,24537902.0,588353092.0,579632680.0,0.0,0.0,0.0,0.0,0.0,1.0,1.0,1.0,1.0,1.0,0.0,0.0,1.0,0.0,0.0,0.0,0.0,0.0,35.0,1.0,14907469.0,277670395.0,14770263.0,22697008.0,587853129.0,695.0,2699879469.0,0.0,1.0,1.0,0.0,1.0,0.0,0.0,1.0,1.0,1.0,1.0,2.0,1.0,0.0,0.0,0.0,2.0,0.0,0.0,1.0,1.0,3.0,50.0,50.0,1.0,0.0,0.0,0.0,0.0,0.0,0.0,0.0,0.0,0.0,0.0,2.0,2.0,0.0,1.0,1.0,0.0,1.0,0.0,0.0,0.0,0.0,0.0,1.0,0.0,0.0,1.0,0.0,0.0,0.0,1.0,10.0,0.0,0.0,0.0,0.0,0.0,11.0,0.0,0.0,0.0,0.0,0.0,0.0,0.0,0.0,0.0,1.0,1.0,0.0,0.0,0.0,0.0,1.0,1.0,1.0,0.0,0.0,0.0,0.0,0.0,0.0,1.0,1.0,0.0,0.0,0.0,0.0,0.0,1.0,1.0,0.0,1344592746.0,612.0,612.0,1266.0,1266.0,1300.0,0.0,73.0,21602.0,21747.0,21713.0,62.0,0.0,0.0,0.0,91.0,0.0,0.0,31.0,35.0,34.0,5.0,29.0,35844832.0,1458912.0,1647013984.0,28127554784.0,123629760.0,0.0,0.0,695.0,0.0,0.0,856.0,68.0,1073.0
296,0.0,1.0,1.0,0.0,0.0,2035200.0,1.0,1032750000.0,1.0,800000000.0,0.137758970261,9680.0,1370.0,3276.0,42500.0,43000.0,43000.0,82.0,25.0,64.0,896.0,5000.0,0.0,25.0,1000000.0,950000.0,1.0,1.0,0.0,10.0,0.0,0.0,100.0,500.0,20536127.0,566485050.0,557276567.0,0.0,0.0,0.0,0.0,0.0,1.0,1.0,1.0,1.0,1.0,0.0,0.0,1.0,0.0,0.0,0.0,0.0,0.0,34.0,1.0,14113907.0,259930891.0,13960357.0,20711418.0,584845401.0,482.0,2644356549.0,0.0,1.0,1.0,0.0,1.0,0.0,0.0,1.0,1.0,1.0,1.0,2.0,1.0,0.0,0.0,0.0,2.0,0.0,0.0,1.0,1.0,3.0,50.0,50.0,1.0,0.0,0.0,0.0,0.0,0.0,0.0,0.0,0.0,0.0,0.0,2.0,2.0,0.0,1.0,1.0,0.0,1.0,0.0,0.0,0.0,0.0,0.0,1.0,0.0,0.0,1.0,0.0,0.0,0.0,1.0,10.0,0.0,0.0,0.0,0.0,0.0,11.0,0.0,0.0,0.0,0.0,0.0,0.0,0.0,0.0,0.0,1.0,1.0,0.0,0.0,0.0,0.0,1.0,1.0,1.0,0.0,0.0,0.0,0.0,0.0,0.0,1.0,1.0,0.0,0.0,0.0,0.0,0.0,1.0,1.0,0.0,1311399081.0,532.0,532.0,1245.0,1245.0,1273.0,0.0,54.0,20212.0,21227.0,21200.0,21.0,0.0,0.0,0.0,56.0,0.0,0.0,25.0,28.0,27.0,9.0,23.0,206453824.0,0.0,1490479488.0,12337061536.0,80574528.0,0.0,0.0,482.0,0.0,0.0,571.0,54.0,704.0
297,0.0,1.0,1.0,0.0,0.0,2035200.0,1.0,1032750000.0,1.0,800000000.0,0.137466907501,4573.0,609.0,1600.0,41000.0,43000.0,43000.0,82.0,25.0,64.0,896.0,5000.0,0.0,25.0,1000000.0,950000.0,1.0,1.0,0.0,10.0,0.0,0.0,100.0,500.0,19196414.0,545107330.0,543158691.0,0.0,0.0,0.0,0.0,0.0,1.0,1.0,1.0,1.0,1.0,0.0,0.0,1.0,0.0,0.0,0.0,0.0,0.0,35.0,1.0,14561630.0,255977377.0,14598274.0,17657115.0,567903900.0,502.0,2574833404.0,0.0,1.0,1.0,0.0,1.0,0.0,0.0,1.0,1.0,1.0,1.0,2.0,1.0,0.0,0.0,0.0,2.0,0.0,0.0,1.0,1.0,3.0,50.0,50.0,1.0,0.0,0.0,0.0,0.0,0.0,0.0,0.0,0.0,0.0,0.0,2.0,2.0,0.0,1.0,1.0,0.0,1.0,0.0,0.0,0.0,0.0,0.0,1.0,0.0,0.0,1.0,0.0,0.0,0.0,1.0,11.0,0.0,0.0,0.0,0.0,0.0,12.0,0.0,0.0,0.0,0.0,0.0,0.0,0.0,0.0,0.0,1.0,1.0,0.0,0.0,0.0,0.0,1.0,1.0,1.0,0.0,0.0,0.0,0.0,0.0,0.0,1.0,1.0,0.0,0.0,0.0,0.0,0.0,1.0,1.0,0.0,1315671798.0,507.0,507.0,1169.0,1169.0,1198.0,0.0,46.0,18155.0,20909.0,20889.0,26.0,0.0,0.0,0.0,39.0,0.0,0.0,19.0,21.0,20.0,6.0,17.0,209056672.0,0.0,1455560832.0,25198793920.0,126567904.0,0.0,0.0,502.0,0.0,0.0,522.0,40.0,685.0
298,0.0,1.0,1.0,0.0,0.0,2035200.0,1.0,1032750000.0,1.0,800000000.0,0.150938034058,9794.0,1370.0,3428.0,41875.0,42750.0,43250.0,82.0,25.0,64.0,896.0,5000.0,0.0,25.0,1000000.0,950000.0,1.0,1.0,0.0,10.0,0.0,0.0,100.0,500.0,22060377.0,604886086.0,591035019.0,0.0,0.0,0.0,0.0,0.0,1.0,1.0,1.0,1.0,1.0,0.0,0.0,1.0,0.0,0.0,0.0,0.0,0.0,34.0,1.0,14696912.0,281902763.0,14799744.0,22371961.0,608694807.0,689.0,2796980788.0,0.0,1.0,1.0,0.0,1.0,0.0,0.0,1.0,1.0,1.0,1.0,2.0,1.0,0.0,0.0,0.0,2.0,0.0,0.0,1.0,1.0,3.0,50.0,50.0,1.0,0.0,0.0,0.0,0.0,0.0,0.0,0.0,0.0,0.0,0.0,2.0,2.0,0.0,1.0,1.0,0.0,1.0,0.0,0.0,0.0,0.0,0.0,1.0,0.0,0.0,1.0,0.0,0.0,0.0,1.0,10.0,0.0,0.0,0.0,0.0,0.0,11.0,0.0,0.0,0.0,0.0,0.0,0.0,0.0,0.0,0.0,1.0,1.0,0.0,0.0,0.0,0.0,1.0,1.0,1.0,0.0,0.0,0.0,0.0,0.0,0.0,1.0,1.0,0.0,0.0,0.0,0.0,0.0,1.0,1.0,0.0,1360615841.0,651.0,651.0,1290.0,1290.0,1323.0,0.0,76.0,21864.0,21773.0,21739.0,45.0,0.0,0.0,0.0,84.0,0.0,0.0,31.0,35.0,34.0,7.0,29.0,211230720.0,0.0,1583249376.0,20172113568.0,137650048.0,0.0,0.0,689.0,0.0,0.0,887.0,68.0,1102.0
299,0.0,1.0,1.0,0.0,0.0,2035200.0,1.0,1211250000.0,1.0,1600000000.0,0.100236177444,11507.0,1674.0,3428.0,42500.0,42750.0,43500.0,75.0,25.0,64.0,896.0,5000.0,0.0,25.0,1000000.0,950000.0,1.0,0.0,0.0,10.0,0.0,0.0,0.0,100.0,23215032.0,580380723.0,578333702.0,0.0,0.0,0.0,0.0,0.0,1.0,1.0,1.0,1.0,1.0,0.0,0.0,1.0,0.0,0.0,0.0,0.0,0.0,34.0,1.0,13879533.0,282434756.0,13777512.0,23212977.0,580201117.0,624.0,2371873000.0,0.0,1.0,1.0,0.0,1.0,0.0,0.0,1.0,1.0,1.0,1.0,2.0,1.0,0.0,0.0,0.0,2.0,0.0,0.0,1.0,1.0,3.0,50.0,50.0,1.0,0.0,0.0,0.0,0.0,0.0,0.0,0.0,0.0,0.0,0.0,2.0,2.0,0.0,1.0,1.0,0.0,1.0,0.0,0.0,0.0,0.0,0.0,1.0,0.0,0.0,1.0,0.0,0.0,0.0,1.0,10.0,0.0,0.0,0.0,0.0,0.0,11.0,0.0,0.0,0.0,0.0,0.0,0.0,0.0,0.0,0.0,1.0,1.0,0.0,0.0,0.0,0.0,1.0,1.0,1.0,0.0,0.0,0.0,0.0,0.0,0.0,1.0,1.0,0.0,0.0,0.0,0.0,0.0,1.0,1.0,0.0,1340412078.0,500.0,500.0,1123.0,1123.0,1156.0,0.0,72.0,21273.0,21799.0,21765.0,35.0,0.0,0.0,0.0,70.0,0.0,0.0,31.0,35.0,34.0,10.0,29.0,116196960.0,0.0,1369498912.0,15617412736.0,111095360.0,0.0,0.0,624.0,0.0,0.0,738.0,68.0,1009.0
300,0.0,1.0,1.0,0.0,0.0,2035200.0,1.0,1211250000.0,1.0,1600000000.0,0.098151922226,11583.0,1828.0,3351.0,41000.0,43500.0,43500.0,75.0,25.0,64.0,896.0,5000.0,0.0,25.0,1000000.0,950000.0,1.0,0.0,0.0,10.0,0.0,0.0,0.0,100.0,19431557.0,543344623.0,550219043.0,0.0,0.0,0.0,0.0,0.0,1.0,1.0,1.0,1.0,1.0,0.0,0.0,1.0,0.0,0.0,0.0,0.0,0.0,33.0,1.0,13821165.0,276424790.0,13867052.0,19267080.0,570000885.0,447.0,2306273166.0,0.0,1.0,1.0,0.0,1.0,0.0,0.0,1.0,1.0,1.0,1.0,2.0,1.0,0.0,0.0,0.0,2.0,0.0,0.0,1.0,1.0,3.0,50.0,50.0,1.0,0.0,0.0,0.0,0.0,0.0,0.0,0.0,0.0,0.0,0.0,2.0,2.0,0.0,1.0,1.0,0.0,1.0,0.0,0.0,0.0,0.0,0.0,1.0,0.0,0.0,1.0,0.0,0.0,0.0,1.0,10.0,0.0,0.0,0.0,0.0,0.0,11.0,0.0,0.0,0.0,0.0,0.0,0.0,0.0,0.0,0.0,1.0,1.0,0.0,0.0,0.0,0.0,1.0,1.0,1.0,0.0,0.0,0.0,0.0,0.0,0.0,1.0,1.0,0.0,0.0,0.0,0.0,0.0,1.0,1.0,0.0,1340295829.0,451.0,451.0,1089.0,1089.0,1120.0,0.0,55.0,20103.0,21198.0,21171.0,11.0,0.0,0.0,0.0,47.0,0.0,0.0,25.0,28.0,27.0,3.0,23.0,103340384.0,0.0,1276939488.0,19727579200.0,67284096.0,0.0,0.0,447.0,0.0,0.0,527.0,54.0,727.0
301,0.0,1.0,1.0,0.0,0.0,2035200.0,1.0,1211250000.0,1.0,1600000000.0,0.09650993347169999,5678.0,913.0,1751.0,41500.0,44000.0,43500.0,75.0,25.0,64.0,896.0,5000.0,0.0,25.0,1000000.0,950000.0,1.0,0.0,0.0,10.0,0.0,0.0,0.0,100.0,18195925.0,542892408.0,538078628.0,0.0,0.0,0.0,0.0,0.0,1.0,1.0,1.0,1.0,1.0,0.0,0.0,1.0,0.0,0.0,0.0,0.0,0.0,31.0,1.0,13735580.0,261418498.0,13744615.0,18636907.0,576879269.0,395.0,2238350919.0,0.0,1.0,1.0,0.0,1.0,0.0,0.0,1.0,1.0,1.0,1.0,2.0,1.0,0.0,0.0,0.0,2.0,0.0,0.0,1.0,1.0,3.0,50.0,50.0,1.0,0.0,0.0,0.0,0.0,0.0,0.0,0.0,0.0,0.0,0.0,2.0,2.0,0.0,1.0,1.0,0.0,1.0,0.0,0.0,0.0,0.0,0.0,1.0,0.0,0.0,1.0,0.0,0.0,0.0,1.0,10.0,0.0,0.0,0.0,0.0,0.0,11.0,0.0,0.0,0.0,0.0,0.0,0.0,0.0,0.0,0.0,1.0,1.0,0.0,0.0,0.0,0.0,1.0,1.0,1.0,0.0,0.0,0.0,0.0,0.0,0.0,1.0,1.0,0.0,0.0,0.0,0.0,0.0,1.0,1.0,0.0,1316609783.0,440.0,440.0,977.0,977.0,1002.0,0.0,41.0,18070.0,20913.0,20893.0,16.0,0.0,0.0,0.0,54.0,0.0,0.0,19.0,21.0,20.0,4.0,17.0,9606560.0,0.0,1248816384.0,23586272064.0,64372096.0,0.0,0.0,395.0,0.0,0.0,564.0,40.0,727.0
302,0.0,1.0,1.0,0.0,0.0,2035200.0,1.0,1211250000.0,1.0,1600000000.0,0.0984659194946,11735.0,1751.0,3426.0,41750.0,43500.0,43500.0,83.0,25.0,64.0,896.0,5000.0,0.0,25.0,1000000.0,950000.0,1.0,1.0,0.0,10.0,0.0,0.0,0.0,100.0,20632467.0,563150197.0,560515982.0,0.0,0.0,0.0,0.0,0.0,1.0,1.0,1.0,1.0,1.0,0.0,0.0,1.0,0.0,0.0,0.0,0.0,0.0,34.0,1.0,14355231.0,266137131.0,14084299.0,20894951.0,572817799.0,443.0,2307883674.0,0.0,1.0,1.0,0.0,1.0,0.0,0.0,1.0,1.0,1.0,1.0,2.0,1.0,0.0,0.0,0.0,2.0,0.0,0.0,1.0,1.0,3.0,50.0,50.0,1.0,0.0,0.0,0.0,0.0,0.0,0.0,0.0,0.0,0.0,0.0,2.0,2.0,0.0,1.0,1.0,0.0,1.0,0.0,0.0,0.0,0.0,0.0,1.0,0.0,0.0,1.0,0.0,0.0,0.0,1.0,10.0,0.0,0.0,0.0,0.0,0.0,11.0,0.0,0.0,0.0,0.0,0.0,0.0,0.0,0.0,0.0,1.0,1.0,0.0,0.0,0.0,0.0,1.0,1.0,1.0,0.0,0.0,0.0,0.0,0.0,0.0,1.0,1.0,0.0,0.0,0.0,0.0,0.0,1.0,1.0,0.0,1311304729.0,396.0,396.0,1127.0,1127.0,1156.0,0.0,50.0,19880.0,21369.0,21342.0,10.0,0.0,0.0,0.0,51.0,0.0,0.0,25.0,28.0,27.0,8.0,23.0,5084128.0,0.0,1280920352.0,17115470208.0,65801216.0,0.0,0.0,443.0,0.0,0.0,584.0,54.0,734.0
303,0.0,1.0,1.0,0.0,0.0,2035200.0,1.0,1211250000.0,1.0,1600000000.0,0.09583401679989999,5981.0,990.0,1675.0,41500.0,43500.0,43500.0,83.0,25.0,64.0,896.0,5000.0,0.0,25.0,1000000.0,950000.0,1.0,1.0,0.0,10.0,0.0,0.0,0.0,100.0,18961468.0,537672067.0,532526338.0,0.0,0.0,0.0,0.0,0.0,1.0,1.0,1.0,1.0,1.0,0.0,0.0,1.0,0.0,0.0,0.0,0.0,0.0,36.0,1.0,13767458.0,261569708.0,14041396.0,18493310.0,571977289.0,470.0,2282395474.0,0.0,1.0,1.0,0.0,1.0,0.0,0.0,1.0,1.0,1.0,1.0,2.0,1.0,0.0,0.0,0.0,2.0,0.0,0.0,1.0,1.0,3.0,50.0,50.0,1.0,0.0,0.0,0.0,0.0,0.0,0.0,0.0,0.0,0.0,0.0,2.0,2.0,0.0,1.0,1.0,0.0,1.0,0.0,0.0,0.0,0.0,0.0,1.0,0.0,0.0,1.0,0.0,0.0,0.0,1.0,11.0,0.0,0.0,0.0,0.0,0.0,12.0,0.0,0.0,0.0,0.0,0.0,0.0,0.0,0.0,0.0,1.0,1.0,0.0,0.0,0.0,0.0,1.0,1.0,1.0,0.0,0.0,0.0,0.0,0.0,0.0,1.0,1.0,0.0,0.0,0.0,0.0,0.0,1.0,1.0,0.0,1340159862.0,489.0,489.0,999.0,999.0,1028.0,0.0,36.0,18777.0,20892.0,20872.0,62.0,0.0,0.0,0.0,46.0,0.0,0.0,19.0,21.0,20.0,8.0,17.0,12257376.0,1398752.0,1260736384.0,18344427840.0,99589952.0,0.0,0.0,470.0,0.0,0.0,621.0,40.0,798.0
304,0.0,1.0,1.0,0.0,0.0,2035200.0,1.0,1211250000.0,1.0,1600000000.0,0.101696014404,5526.0,838.0,1675.0,41750.0,44000.0,43500.0,83.0,25.0,64.0,896.0,5000.0,0.0,25.0,1000000.0,950000.0,1.0,1.0,0.0,10.0,0.0,0.0,0.0,100.0,19823041.0,555210433.0,551275960.0,0.0,0.0,0.0,0.0,0.0,1.0,1.0,1.0,1.0,1.0,0.0,0.0,1.0,0.0,0.0,0.0,0.0,0.0,31.0,1.0,14316122.0,255628919.0,13972674.0,20048626.0,563665273.0,521.0,2203809104.0,0.0,1.0,1.0,0.0,1.0,0.0,0.0,1.0,1.0,1.0,1.0,2.0,1.0,0.0,0.0,0.0,2.0,0.0,0.0,1.0,1.0,3.0,50.0,50.0,1.0,0.0,0.0,0.0,0.0,0.0,0.0,0.0,0.0,0.0,0.0,2.0,2.0,0.0,1.0,1.0,0.0,1.0,0.0,0.0,0.0,0.0,0.0,1.0,0.0,0.0,1.0,0.0,0.0,0.0,1.0,11.0,0.0,0.0,0.0,0.0,0.0,12.0,0.0,0.0,0.0,0.0,0.0,0.0,0.0,0.0,0.0,1.0,1.0,0.0,0.0,0.0,0.0,1.0,1.0,1.0,0.0,0.0,0.0,0.0,0.0,0.0,1.0,1.0,0.0,0.0,0.0,0.0,0.0,1.0,1.0,0.0,1323571164.0,425.0,425.0,998.0,998.0,1028.0,0.0,34.0,18129.0,20888.0,20868.0,35.0,0.0,0.0,0.0,40.0,0.0,0.0,19.0,21.0,20.0,7.0,17.0,108890368.0,0.0,1226543616.0,15648659072.0,65301024.0,0.0,0.0,521.0,0.0,0.0,566.0,40.0,776.0
305,0.0,1.0,1.0,0.0,0.0,2035200.0,1.0,1211250000.0,1.0,1600000000.0,0.09876608848570001,5640.0,914.0,1675.0,42500.0,43000.0,43750.0,90.0,25.0,64.0,896.0,5000.0,0.0,25.0,1000000.0,950000.0,1.0,0.0,0.0,10.0,0.0,0.0,0.0,500.0,20263351.0,568336051.0,535480340.0,0.0,0.0,0.0,0.0,0.0,1.0,1.0,1.0,1.0,1.0,0.0,0.0,1.0,0.0,0.0,0.0,0.0,0.0,35.0,1.0,14180098.0,270810912.0,14018985.0,21615546.0,570741014.0,469.0,2329580700.0,0.0,1.0,1.0,0.0,1.0,0.0,0.0,1.0,1.0,1.0,1.0,2.0,1.0,0.0,0.0,0.0,2.0,0.0,0.0,1.0,1.0,3.0,50.0,50.0,1.0,0.0,0.0,0.0,0.0,0.0,0.0,0.0,0.0,0.0,0.0,2.0,2.0,0.0,1.0,1.0,0.0,1.0,0.0,0.0,0.0,0.0,0.0,1.0,0.0,0.0,1.0,0.0,0.0,0.0,1.0,11.0,0.0,0.0,0.0,0.0,0.0,12.0,0.0,0.0,0.0,0.0,0.0,0.0,0.0,0.0,0.0,1.0,1.0,0.0,0.0,0.0,0.0,1.0,1.0,1.0,0.0,0.0,0.0,0.0,0.0,0.0,1.0,1.0,0.0,0.0,0.0,0.0,0.0,1.0,1.0,0.0,1310429113.0,466.0,466.0,1096.0,1096.0,1124.0,0.0,52.0,20436.0,21351.0,21324.0,26.0,0.0,0.0,0.0,55.0,0.0,0.0,25.0,28.0,27.0,5.0,23.0,5301888.0,0.0,1280571904.0,20674203904.0,107651904.0,0.0,0.0,469.0,0.0,0.0,556.0,54.0,759.0
306,0.0,1.0,1.0,0.0,0.0,2035200.0,1.0,1211250000.0,1.0,1600000000.0,0.0953040122986,5564.0,913.0,1675.0,41250.0,44000.0,44000.0,90.0,25.0,64.0,896.0,5000.0,0.0,25.0,1000000.0,950000.0,1.0,0.0,0.0,10.0,0.0,0.0,0.0,500.0,18108252.0,548771945.0,543785784.0,0.0,0.0,0.0,0.0,0.0,1.0,1.0,1.0,1.0,1.0,0.0,0.0,1.0,0.0,0.0,0.0,0.0,0.0,34.0,1.0,14198876.0,252485457.0,13653996.0,20001064.0,555750426.0,413.0,2211996344.0,0.0,1.0,1.0,0.0,1.0,0.0,0.0,1.0,1.0,1.0,1.0,2.0,1.0,0.0,0.0,0.0,2.0,0.0,0.0,1.0,1.0,3.0,50.0,50.0,1.0,0.0,0.0,0.0,0.0,0.0,0.0,0.0,0.0,0.0,0.0,2.0,2.0,0.0,1.0,1.0,0.0,1.0,0.0,0.0,0.0,0.0,0.0,1.0,0.0,0.0,1.0,0.0,0.0,0.0,1.0,10.0,0.0,0.0,0.0,0.0,0.0,11.0,0.0,0.0,0.0,0.0,0.0,0.0,0.0,0.0,0.0,1.0,1.0,0.0,0.0,0.0,0.0,1.0,1.0,1.0,0.0,0.0,0.0,0.0,0.0,0.0,1.0,1.0,0.0,0.0,0.0,0.0,0.0,1.0,1.0,0.0,1289720675.0,401.0,401.0,1057.0,1057.0,1080.0,0.0,41.0,18773.0,20879.0,20859.0,6.0,0.0,0.0,0.0,43.0,0.0,0.0,19.0,21.0,20.0,5.0,17.0,7233792.0,0.0,1205709792.0,15010493888.0,68153856.0,0.0,0.0,413.0,0.0,0.0,509.0,40.0,594.0
307,0.0,1.0,1.0,0.0,0.0,2035200.0,1.0,1211250000.0,1.0,1600000000.0,0.0971078872681,5526.0,838.0,1675.0,41500.0,44000.0,44000.0,90.0,25.0,64.0,896.0,5000.0,0.0,25.0,1000000.0,950000.0,1.0,0.0,0.0,10.0,0.0,0.0,0.0,500.0,19875138.0,549315654.0,534093675.0,0.0,0.0,0.0,0.0,0.0,1.0,1.0,1.0,1.0,1.0,0.0,0.0,1.0,0.0,0.0,0.0,0.0,0.0,34.0,1.0,13772818.0,260293148.0,13665480.0,19350185.0,557082891.0,381.0,2194739707.0,0.0,1.0,1.0,0.0,1.0,0.0,0.0,1.0,1.0,1.0,1.0,2.0,1.0,0.0,0.0,0.0,2.0,0.0,0.0,1.0,1.0,3.0,50.0,50.0,1.0,0.0,0.0,0.0,0.0,0.0,0.0,0.0,0.0,0.0,0.0,2.0,2.0,0.0,1.0,1.0,0.0,1.0,0.0,0.0,0.0,0.0,0.0,1.0,0.0,0.0,1.0,0.0,0.0,0.0,1.0,10.0,0.0,0.0,0.0,0.0,0.0,11.0,0.0,0.0,0.0,0.0,0.0,0.0,0.0,0.0,0.0,1.0,1.0,0.0,0.0,0.0,0.0,1.0,1.0,1.0,0.0,0.0,0.0,0.0,0.0,0.0,1.0,1.0,0.0,0.0,0.0,0.0,0.0,1.0,1.0,0.0,1297538690.0,424.0,424.0,993.0,993.0,1022.0,0.0,37.0,18563.0,20949.0,20929.0,15.0,0.0,0.0,0.0,50.0,0.0,0.0,19.0,21.0,20.0,6.0,17.0,104398048.0,0.0,1231444640.0,29451645024.0,45241184.0,0.0,0.0,381.0,0.0,0.0,520.0,40.0,723.0
308,0.0,1.0,1.0,0.0,0.0,2035200.0,1.0,1211250000.0,1.0,1600000000.0,0.10092997551,5564.0,838.0,1675.0,41500.0,44000.0,43500.0,94.0,25.0,64.0,896.0,5000.0,0.0,25.0,1000000.0,950000.0,1.0,1.0,0.0,10.0,0.0,0.0,0.0,500.0,18692143.0,546675523.0,524420276.0,0.0,0.0,0.0,0.0,0.0,1.0,1.0,1.0,1.0,1.0,0.0,0.0,1.0,0.0,0.0,0.0,0.0,0.0,35.0,1.0,13864589.0,263176148.0,13973900.0,17993324.0,558817920.0,380.0,2258893721.0,0.0,1.0,1.0,0.0,1.0,0.0,0.0,1.0,1.0,1.0,1.0,2.0,1.0,0.0,0.0,0.0,2.0,0.0,0.0,1.0,1.0,3.0,50.0,50.0,1.0,0.0,0.0,0.0,0.0,0.0,0.0,0.0,0.0,0.0,0.0,2.0,2.0,0.0,1.0,1.0,0.0,1.0,0.0,0.0,0.0,0.0,0.0,1.0,0.0,0.0,1.0,0.0,0.0,0.0,1.0,10.0,0.0,0.0,0.0,0.0,0.0,11.0,0.0,0.0,0.0,0.0,0.0,0.0,0.0,0.0,0.0,1.0,1.0,0.0,0.0,0.0,0.0,1.0,1.0,1.0,0.0,0.0,0.0,0.0,0.0,0.0,1.0,1.0,0.0,0.0,0.0,0.0,0.0,1.0,1.0,0.0,1335213787.0,411.0,411.0,1066.0,1066.0,1092.0,0.0,40.0,18099.0,20798.0,20778.0,15.0,0.0,0.0,0.0,42.0,0.0,0.0,19.0,21.0,20.0,6.0,17.0,7929472.0,0.0,1244815424.0,10868163712.0,58489248.0,0.0,0.0,380.0,0.0,0.0,459.0,40.0,549.0
309,0.0,1.0,1.0,0.0,0.0,2035200.0,1.0,1211250000.0,1.0,1600000000.0,0.0965979099274,5488.0,838.0,1675.0,41750.0,44000.0,44000.0,94.0,25.0,64.0,896.0,5000.0,0.0,25.0,1000000.0,950000.0,1.0,1.0,0.0,10.0,0.0,0.0,0.0,500.0,18722667.0,541270977.0,529397457.0,0.0,0.0,0.0,0.0,0.0,1.0,1.0,1.0,1.0,1.0,0.0,0.0,1.0,0.0,0.0,0.0,0.0,0.0,35.0,1.0,14250181.0,254313372.0,13973913.0,17891755.0,564628344.0,345.0,2208739933.0,0.0,1.0,1.0,0.0,1.0,0.0,0.0,1.0,1.0,1.0,1.0,2.0,1.0,0.0,0.0,0.0,2.0,0.0,0.0,1.0,1.0,3.0,50.0,50.0,1.0,0.0,0.0,0.0,0.0,0.0,0.0,0.0,0.0,0.0,0.0,2.0,2.0,0.0,1.0,1.0,0.0,1.0,0.0,0.0,0.0,0.0,0.0,1.0,0.0,0.0,1.0,0.0,0.0,0.0,1.0,10.0,0.0,0.0,0.0,0.0,0.0,11.0,0.0,0.0,0.0,0.0,0.0,0.0,0.0,0.0,0.0,1.0,1.0,0.0,0.0,0.0,0.0,1.0,1.0,1.0,0.0,0.0,0.0,0.0,0.0,0.0,1.0,1.0,0.0,0.0,0.0,0.0,0.0,1.0,1.0,0.0,1311270158.0,380.0,380.0,980.0,980.0,1007.0,0.0,43.0,18129.0,20834.0,20814.0,25.0,0.0,0.0,0.0,38.0,0.0,0.0,19.0,21.0,20.0,6.0,17.0,110925664.0,0.0,1230172192.0,12353579168.0,41025856.0,0.0,0.0,345.0,0.0,0.0,473.0,40.0,618.0
310,0.0,1.0,1.0,0.0,0.0,2035200.0,1.0,1211250000.0,1.0,1600000000.0,0.0972681045532,5828.0,913.0,1904.0,41750.0,44000.0,44000.0,94.0,25.0,64.0,896.0,5000.0,0.0,25.0,1000000.0,950000.0,1.0,1.0,0.0,10.0,0.0,0.0,0.0,500.0,19293606.0,551552928.0,533488506.0,0.0,0.0,0.0,0.0,0.0,1.0,1.0,1.0,1.0,1.0,0.0,0.0,1.0,0.0,0.0,0.0,0.0,0.0,35.0,1.0,14082781.0,257326918.0,13839819.0,19319700.0,562771399.0,440.0,2245568375.0,0.0,1.0,1.0,0.0,1.0,0.0,0.0,1.0,1.0,1.0,1.0,2.0,1.0,0.0,0.0,0.0,2.0,0.0,0.0,1.0,1.0,3.0,50.0,50.0,1.0,0.0,0.0,0.0,0.0,0.0,0.0,0.0,0.0,0.0,0.0,2.0,2.0,0.0,1.0,1.0,0.0,1.0,0.0,0.0,0.0,0.0,0.0,1.0,0.0,0.0,1.0,0.0,0.0,0.0,1.0,10.0,0.0,0.0,0.0,0.0,0.0,11.0,0.0,0.0,0.0,0.0,0.0,0.0,0.0,0.0,0.0,1.0,1.0,0.0,0.0,0.0,0.0,1.0,1.0,1.0,0.0,0.0,0.0,0.0,0.0,0.0,1.0,1.0,0.0,0.0,0.0,0.0,0.0,1.0,1.0,0.0,1311332595.0,439.0,439.0,1027.0,1027.0,1054.0,0.0,43.0,18081.0,20910.0,20890.0,32.0,0.0,0.0,0.0,46.0,0.0,0.0,19.0,21.0,20.0,3.0,17.0,18666112.0,0.0,1272185664.0,29980614720.0,76854592.0,0.0,0.0,440.0,0.0,0.0,584.0,40.0,727.0
311,0.0,1.0,1.0,0.0,0.0,2035200.0,1.0,1211250000.0,1.0,1600000000.0,0.098671913147,11545.0,1751.0,3351.0,43500.0,44000.0,44000.0,97.0,25.0,64.0,896.0,5000.0,0.0,25.0,1000000.0,950000.0,1.0,0.0,0.0,10.0,0.0,0.0,100.0,100.0,19326938.0,546865285.0,534893032.0,0.0,0.0,0.0,0.0,0.0,1.0,1.0,1.0,1.0,1.0,0.0,0.0,1.0,0.0,0.0,0.0,0.0,0.0,34.0,1.0,13963428.0,259178578.0,13872063.0,19982304.0,579049833.0,527.0,2311779006.0,0.0,1.0,1.0,0.0,1.0,0.0,0.0,1.0,1.0,1.0,1.0,2.0,1.0,0.0,0.0,0.0,2.0,0.0,0.0,1.0,1.0,3.0,50.0,50.0,1.0,0.0,0.0,0.0,0.0,0.0,0.0,0.0,0.0,0.0,0.0,2.0,2.0,0.0,1.0,1.0,0.0,1.0,0.0,0.0,0.0,0.0,0.0,1.0,0.0,0.0,1.0,0.0,0.0,0.0,1.0,10.0,0.0,0.0,0.0,0.0,0.0,11.0,0.0,0.0,0.0,0.0,0.0,0.0,0.0,0.0,0.0,1.0,1.0,0.0,0.0,0.0,0.0,1.0,1.0,1.0,0.0,0.0,0.0,0.0,0.0,0.0,1.0,1.0,0.0,0.0,0.0,0.0,0.0,1.0,1.0,0.0,1339393988.0,466.0,466.0,1103.0,1103.0,1127.0,0.0,59.0,19955.0,21434.0,21407.0,5.0,0.0,0.0,0.0,49.0,0.0,0.0,25.0,28.0,27.0,6.0,23.0,4592256.0,0.0,1265502848.0,19173514496.0,87034912.0,0.0,0.0,527.0,0.0,0.0,668.0,54.0,796.0
312,0.0,1.0,1.0,0.0,0.0,2035200.0,1.0,1211250000.0,1.0,1600000000.0,0.09543609619139999,5602.0,838.0,1675.0,41250.0,44000.0,44000.0,97.0,25.0,64.0,896.0,5000.0,0.0,25.0,1000000.0,950000.0,1.0,0.0,0.0,10.0,0.0,0.0,100.0,100.0,18229096.0,547798960.0,551893229.0,0.0,0.0,0.0,0.0,0.0,1.0,1.0,1.0,1.0,1.0,0.0,0.0,1.0,0.0,0.0,0.0,0.0,0.0,35.0,1.0,13894571.0,265830638.0,13890455.0,17621429.0,553496131.0,364.0,2272546936.0,0.0,1.0,1.0,0.0,1.0,0.0,0.0,1.0,1.0,1.0,1.0,2.0,1.0,0.0,0.0,0.0,2.0,0.0,0.0,1.0,1.0,3.0,50.0,50.0,1.0,0.0,0.0,0.0,0.0,0.0,0.0,0.0,0.0,0.0,0.0,2.0,2.0,0.0,1.0,1.0,0.0,1.0,0.0,0.0,0.0,0.0,0.0,1.0,0.0,0.0,1.0,0.0,0.0,0.0,1.0,11.0,0.0,0.0,0.0,0.0,0.0,12.0,0.0,0.0,0.0,0.0,0.0,0.0,0.0,0.0,0.0,1.0,1.0,0.0,0.0,0.0,0.0,1.0,1.0,1.0,0.0,0.0,0.0,0.0,0.0,0.0,1.0,1.0,0.0,0.0,0.0,0.0,0.0,1.0,1.0,0.0,1326465370.0,402.0,402.0,1008.0,1008.0,1035.0,0.0,33.0,18503.0,20882.0,20862.0,31.0,0.0,0.0,0.0,36.0,0.0,0.0,19.0,21.0,20.0,4.0,17.0,4538816.0,0.0,1247078944.0,11110356480.0,35423008.0,0.0,0.0,364.0,0.0,0.0,434.0,40.0,611.0
313,0.0,1.0,1.0,0.0,0.0,2035200.0,1.0,1211250000.0,1.0,1600000000.0,0.103453159332,5450.0,838.0,1675.0,41750.0,44000.0,44000.0,97.0,25.0,64.0,896.0,5000.0,0.0,25.0,1000000.0,950000.0,1.0,0.0,0.0,10.0,0.0,0.0,100.0,100.0,19400480.0,548041407.0,537383291.0,0.0,0.0,0.0,0.0,0.0,1.0,1.0,1.0,1.0,1.0,0.0,0.0,1.0,0.0,0.0,0.0,0.0,0.0,35.0,1.0,13958108.0,270568879.0,13608113.0,18336355.0,580228536.0,428.0,2230726098.0,0.0,1.0,1.0,0.0,1.0,0.0,0.0,1.0,1.0,1.0,1.0,2.0,1.0,0.0,0.0,0.0,2.0,0.0,0.0,1.0,1.0,3.0,50.0,50.0,1.0,0.0,0.0,0.0,0.0,0.0,0.0,0.0,0.0,0.0,0.0,2.0,2.0,0.0,1.0,1.0,0.0,1.0,0.0,0.0,0.0,0.0,0.0,1.0,0.0,0.0,1.0,0.0,0.0,0.0,1.0,10.0,0.0,0.0,0.0,0.0,0.0,11.0,0.0,0.0,0.0,0.0,0.0,0.0,0.0,0.0,0.0,1.0,1.0,0.0,0.0,0.0,0.0,1.0,1.0,1.0,0.0,0.0,0.0,0.0,0.0,0.0,1.0,1.0,0.0,0.0,0.0,0.0,0.0,1.0,1.0,0.0,1355047658.0,463.0,463.0,1036.0,1036.0,1060.0,0.0,43.0,18782.0,20951.0,20931.0,30.0,0.0,0.0,0.0,46.0,0.0,0.0,19.0,21.0,20.0,6.0,17.0,39840320.0,0.0,1275723136.0,11447017920.0,65536320.0,0.0,0.0,428.0,0.0,0.0,510.0,40.0,707.0
314,0.0,1.0,1.0,0.0,0.0,2035200.0,1.0,1211250000.0,1.0,1600000000.0,0.09873104095460002,5602.0,990.0,1675.0,41500.0,44000.0,44000.0,73.0,25.0,64.0,896.0,5000.0,0.0,25.0,1000000.0,950000.0,1.0,1.0,0.0,10.0,0.0,0.0,100.0,100.0,19031598.0,558480595.0,543858696.0,0.0,0.0,0.0,0.0,0.0,1.0,1.0,1.0,1.0,1.0,0.0,0.0,1.0,0.0,0.0,0.0,0.0,0.0,36.0,1.0,14249980.0,268458409.0,13703026.0,18380150.0,561937419.0,510.0,2212039281.0,0.0,1.0,1.0,0.0,1.0,0.0,0.0,1.0,1.0,1.0,1.0,2.0,1.0,0.0,0.0,0.0,2.0,0.0,0.0,1.0,1.0,3.0,50.0,50.0,1.0,0.0,0.0,0.0,0.0,0.0,0.0,0.0,0.0,0.0,0.0,2.0,2.0,0.0,1.0,1.0,0.0,1.0,0.0,0.0,0.0,0.0,0.0,1.0,0.0,0.0,1.0,0.0,0.0,0.0,1.0,11.0,0.0,0.0,0.0,0.0,0.0,12.0,0.0,0.0,0.0,0.0,0.0,0.0,0.0,0.0,0.0,1.0,1.0,0.0,0.0,0.0,0.0,1.0,1.0,1.0,0.0,0.0,0.0,0.0,0.0,0.0,1.0,1.0,0.0,0.0,0.0,0.0,0.0,1.0,1.0,0.0,1301314082.0,446.0,446.0,1097.0,1097.0,1118.0,0.0,49.0,18708.0,21060.0,21040.0,11.0,0.0,0.0,0.0,57.0,0.0,0.0,19.0,21.0,20.0,6.0,17.0,9831392.0,0.0,1247228704.0,16332500800.0,75319328.0,0.0,0.0,510.0,0.0,0.0,620.0,40.0,785.0
315,0.0,1.0,1.0,0.0,0.0,2035200.0,1.0,1211250000.0,1.0,1600000000.0,0.0954370498657,5564.0,838.0,1675.0,43750.0,44000.0,44000.0,73.0,25.0,64.0,896.0,5000.0,0.0,25.0,1000000.0,950000.0,1.0,1.0,0.0,10.0,0.0,0.0,100.0,100.0,19008328.0,534515970.0,538563452.0,0.0,0.0,0.0,0.0,0.0,1.0,1.0,1.0,1.0,1.0,0.0,0.0,1.0,0.0,0.0,0.0,0.0,0.0,34.0,1.0,13820489.0,263301254.0,13562603.0,17854518.0,542000990.0,385.0,2222119292.0,0.0,1.0,1.0,0.0,1.0,0.0,0.0,1.0,1.0,1.0,1.0,2.0,1.0,0.0,0.0,0.0,2.0,0.0,0.0,1.0,1.0,3.0,50.0,50.0,1.0,0.0,0.0,0.0,0.0,0.0,0.0,0.0,0.0,0.0,0.0,2.0,2.0,0.0,1.0,1.0,0.0,1.0,0.0,0.0,0.0,0.0,0.0,1.0,0.0,0.0,1.0,0.0,0.0,0.0,1.0,10.0,0.0,0.0,0.0,0.0,0.0,11.0,0.0,0.0,0.0,0.0,0.0,0.0,0.0,0.0,0.0,1.0,1.0,0.0,0.0,0.0,0.0,1.0,1.0,1.0,0.0,0.0,0.0,0.0,0.0,0.0,1.0,1.0,0.0,0.0,0.0,0.0,0.0,1.0,1.0,0.0,1304828567.0,408.0,408.0,1070.0,1070.0,1102.0,0.0,45.0,18084.0,20903.0,20883.0,19.0,0.0,0.0,0.0,45.0,0.0,0.0,19.0,21.0,20.0,6.0,17.0,6097504.0,0.0,1231374816.0,13224992256.0,57149504.0,0.0,0.0,385.0,0.0,0.0,484.0,40.0,667.0
316,0.0,1.0,1.0,0.0,0.0,2035200.0,1.0,1211250000.0,1.0,1600000000.0,0.09753203392030001,5526.0,838.0,1599.0,41500.0,44500.0,43500.0,73.0,25.0,64.0,896.0,5000.0,0.0,25.0,1000000.0,950000.0,1.0,1.0,0.0,10.0,0.0,0.0,100.0,100.0,19040032.0,544531855.0,537395083.0,0.0,0.0,0.0,0.0,0.0,1.0,1.0,1.0,1.0,1.0,0.0,0.0,1.0,0.0,0.0,0.0,0.0,0.0,36.0,1.0,13803033.0,250717826.0,13839299.0,19186519.0,561879734.0,449.0,2238895942.0,0.0,1.0,1.0,0.0,1.0,0.0,0.0,1.0,1.0,1.0,1.0,2.0,1.0,0.0,0.0,0.0,2.0,0.0,0.0,1.0,1.0,3.0,50.0,50.0,1.0,0.0,0.0,0.0,0.0,0.0,0.0,0.0,0.0,0.0,0.0,2.0,2.0,0.0,1.0,1.0,0.0,1.0,0.0,0.0,0.0,0.0,0.0,1.0,0.0,0.0,1.0,0.0,0.0,0.0,1.0,11.0,0.0,0.0,0.0,0.0,0.0,12.0,0.0,0.0,0.0,0.0,0.0,0.0,0.0,0.0,0.0,1.0,1.0,0.0,0.0,0.0,0.0,1.0,1.0,1.0,0.0,0.0,0.0,0.0,0.0,0.0,1.0,1.0,0.0,0.0,0.0,0.0,0.0,1.0,1.0,0.0,1308049111.0,452.0,452.0,1071.0,1071.0,1099.0,0.0,44.0,18771.0,20950.0,20930.0,28.0,0.0,0.0,0.0,40.0,0.0,0.0,19.0,21.0,20.0,7.0,17.0,7004544.0,0.0,1260491488.0,16068733536.0,52984160.0,0.0,0.0,449.0,0.0,0.0,527.0,40.0,705.0
317,0.0,1.0,1.0,0.0,0.0,2035200.0,1.0,1211250000.0,1.0,1600000000.0,0.0985181331635,11621.0,1752.0,3351.0,41750.0,43500.0,44000.0,92.0,25.0,64.0,896.0,5000.0,0.0,25.0,1000000.0,950000.0,1.0,0.0,0.0,10.0,0.0,0.0,100.0,500.0,20414715.0,562805216.0,547412308.0,0.0,0.0,0.0,0.0,0.0,1.0,1.0,1.0,1.0,1.0,0.0,0.0,1.0,0.0,0.0,0.0,0.0,0.0,35.0,1.0,13956148.0,264222801.0,13757001.0,19775349.0,565165140.0,506.0,2316342831.0,0.0,1.0,1.0,0.0,1.0,0.0,0.0,1.0,1.0,1.0,1.0,2.0,1.0,0.0,0.0,0.0,2.0,0.0,0.0,1.0,1.0,3.0,50.0,50.0,1.0,0.0,0.0,0.0,0.0,0.0,0.0,0.0,0.0,0.0,0.0,2.0,2.0,0.0,1.0,1.0,0.0,1.0,0.0,0.0,0.0,0.0,0.0,1.0,0.0,0.0,1.0,0.0,0.0,0.0,1.0,10.0,0.0,0.0,0.0,0.0,0.0,11.0,0.0,0.0,0.0,0.0,0.0,0.0,0.0,0.0,0.0,1.0,1.0,0.0,0.0,0.0,0.0,1.0,1.0,1.0,0.0,0.0,0.0,0.0,0.0,0.0,1.0,1.0,0.0,0.0,0.0,0.0,0.0,1.0,1.0,0.0,1326170803.0,484.0,484.0,1116.0,1116.0,1147.0,0.0,59.0,20056.0,21424.0,21397.0,15.0,0.0,0.0,0.0,59.0,0.0,0.0,25.0,28.0,27.0,10.0,23.0,6134176.0,0.0,1308954176.0,15915182688.0,59248960.0,0.0,0.0,506.0,0.0,0.0,620.0,54.0,810.0
318,0.0,1.0,1.0,0.0,0.0,2035200.0,1.0,1211250000.0,1.0,1600000000.0,0.0951030254364,5564.0,838.0,1675.0,43750.0,44000.0,44000.0,92.0,25.0,64.0,896.0,5000.0,0.0,25.0,1000000.0,950000.0,1.0,0.0,0.0,10.0,0.0,0.0,100.0,500.0,18464971.0,546564548.0,536123808.0,0.0,0.0,0.0,0.0,0.0,1.0,1.0,1.0,1.0,1.0,0.0,0.0,1.0,0.0,0.0,0.0,0.0,0.0,34.0,1.0,14098798.0,267164932.0,13788876.0,18459662.0,550646821.0,476.0,2219388725.0,0.0,1.0,1.0,0.0,1.0,0.0,0.0,1.0,1.0,1.0,1.0,2.0,1.0,0.0,0.0,0.0,2.0,0.0,0.0,1.0,1.0,3.0,50.0,50.0,1.0,0.0,0.0,0.0,0.0,0.0,0.0,0.0,0.0,0.0,0.0,2.0,2.0,0.0,1.0,1.0,0.0,1.0,0.0,0.0,0.0,0.0,0.0,1.0,0.0,0.0,1.0,0.0,0.0,0.0,1.0,10.0,0.0,0.0,0.0,0.0,0.0,11.0,0.0,0.0,0.0,0.0,0.0,0.0,0.0,0.0,0.0,1.0,1.0,0.0,0.0,0.0,0.0,1.0,1.0,1.0,0.0,0.0,0.0,0.0,0.0,0.0,1.0,1.0,0.0,0.0,0.0,0.0,0.0,1.0,1.0,0.0,1296188460.0,419.0,419.0,1083.0,1083.0,1112.0,0.0,45.0,18131.0,20896.0,20876.0,11.0,0.0,0.0,0.0,40.0,0.0,0.0,19.0,21.0,20.0,6.0,17.0,6302656.0,0.0,1216885440.0,17586853248.0,59004640.0,0.0,0.0,476.0,0.0,0.0,494.0,40.0,642.0
319,0.0,1.0,1.0,0.0,0.0,2035200.0,1.0,1211250000.0,1.0,1600000000.0,0.0952408313751,11621.0,1752.0,3351.0,41000.0,44000.0,44000.0,92.0,25.0,64.0,896.0,5000.0,0.0,25.0,1000000.0,950000.0,1.0,0.0,0.0,10.0,0.0,0.0,100.0,500.0,19353633.0,548031116.0,540506448.0,0.0,0.0,0.0,0.0,0.0,1.0,1.0,1.0,1.0,1.0,0.0,0.0,1.0,0.0,0.0,0.0,0.0,0.0,35.0,1.0,14144983.0,265481958.0,14071620.0,19926168.0,575777949.0,553.0,2330930688.0,0.0,1.0,1.0,0.0,1.0,0.0,0.0,1.0,1.0,1.0,1.0,2.0,1.0,0.0,0.0,0.0,2.0,0.0,0.0,1.0,1.0,3.0,50.0,50.0,1.0,0.0,0.0,0.0,0.0,0.0,0.0,0.0,0.0,0.0,0.0,2.0,2.0,0.0,1.0,1.0,0.0,1.0,0.0,0.0,0.0,0.0,0.0,1.0,0.0,0.0,1.0,0.0,0.0,0.0,1.0,10.0,0.0,0.0,0.0,0.0,0.0,11.0,0.0,0.0,0.0,0.0,0.0,0.0,0.0,0.0,0.0,1.0,1.0,0.0,0.0,0.0,0.0,1.0,1.0,1.0,0.0,0.0,0.0,0.0,0.0,0.0,1.0,1.0,0.0,0.0,0.0,0.0,0.0,1.0,1.0,0.0,1339762195.0,396.0,396.0,1113.0,1113.0,1145.0,0.0,63.0,20703.0,21437.0,21410.0,15.0,0.0,0.0,0.0,61.0,0.0,0.0,25.0,28.0,27.0,8.0,23.0,13138432.0,0.0,1297802240.0,14124842336.0,70317920.0,0.0,0.0,553.0,0.0,0.0,670.0,54.0,804.0
320,0.0,1.0,1.0,0.0,0.0,2035200.0,1.0,1211250000.0,1.0,1600000000.0,0.0983071327209,5564.0,838.0,1675.0,41750.0,44500.0,44000.0,98.0,25.0,64.0,896.0,5000.0,0.0,25.0,1000000.0,950000.0,1.0,1.0,0.0,10.0,0.0,0.0,100.0,500.0,18519046.0,553759747.0,538217559.0,0.0,0.0,0.0,0.0,0.0,1.0,1.0,1.0,1.0,1.0,0.0,0.0,1.0,0.0,0.0,0.0,0.0,0.0,35.0,1.0,14282013.0,257692616.0,13969051.0,19762027.0,566774797.0,500.0,2278262294.0,0.0,1.0,1.0,0.0,1.0,0.0,0.0,1.0,1.0,1.0,1.0,2.0,1.0,0.0,0.0,0.0,2.0,0.0,0.0,1.0,1.0,3.0,50.0,50.0,1.0,0.0,0.0,0.0,0.0,0.0,0.0,0.0,0.0,0.0,0.0,2.0,2.0,0.0,1.0,1.0,0.0,1.0,0.0,0.0,0.0,0.0,0.0,1.0,0.0,0.0,1.0,0.0,0.0,0.0,1.0,10.0,0.0,0.0,0.0,0.0,0.0,11.0,0.0,0.0,0.0,0.0,0.0,0.0,0.0,0.0,0.0,1.0,1.0,0.0,0.0,0.0,0.0,1.0,1.0,1.0,0.0,0.0,0.0,0.0,0.0,0.0,1.0,1.0,0.0,0.0,0.0,0.0,0.0,1.0,1.0,0.0,1326324811.0,459.0,459.0,1124.0,1124.0,1148.0,0.0,51.0,18757.0,21062.0,21042.0,15.0,0.0,0.0,0.0,55.0,0.0,0.0,19.0,21.0,20.0,7.0,17.0,8375392.0,1825024.0,1274276480.0,12755217664.0,69092992.0,0.0,0.0,500.0,0.0,0.0,594.0,40.0,752.0
321,0.0,1.0,1.0,0.0,0.0,2035200.0,1.0,1211250000.0,1.0,1600000000.0,0.09520602226260001,5602.0,838.0,1675.0,41750.0,44500.0,44000.0,98.0,25.0,64.0,896.0,5000.0,0.0,25.0,1000000.0,950000.0,1.0,1.0,0.0,10.0,0.0,0.0,100.0,500.0,17410545.0,547345891.0,542628796.0,0.0,0.0,0.0,0.0,0.0,1.0,1.0,1.0,1.0,1.0,0.0,0.0,1.0,0.0,0.0,0.0,0.0,0.0,34.0,1.0,13761294.0,269684014.0,13483319.0,18736137.0,565728450.0,366.0,2252535182.0,0.0,1.0,1.0,0.0,1.0,0.0,0.0,1.0,1.0,1.0,1.0,2.0,1.0,0.0,0.0,0.0,2.0,0.0,0.0,1.0,1.0,3.0,50.0,50.0,1.0,0.0,0.0,0.0,0.0,0.0,0.0,0.0,0.0,0.0,0.0,2.0,2.0,0.0,1.0,1.0,0.0,1.0,0.0,0.0,0.0,0.0,0.0,1.0,0.0,0.0,1.0,0.0,0.0,0.0,1.0,10.0,0.0,0.0,0.0,0.0,0.0,11.0,0.0,0.0,0.0,0.0,0.0,0.0,0.0,0.0,0.0,1.0,1.0,0.0,0.0,0.0,0.0,1.0,1.0,1.0,0.0,0.0,0.0,0.0,0.0,0.0,1.0,1.0,0.0,0.0,0.0,0.0,0.0,1.0,1.0,0.0,1306470747.0,418.0,418.0,1043.0,1043.0,1069.0,0.0,37.0,18788.0,20933.0,20913.0,17.0,0.0,0.0,0.0,42.0,0.0,0.0,19.0,21.0,20.0,7.0,17.0,24780128.0,0.0,1252957312.0,26930575424.0,87860192.0,0.0,0.0,366.0,0.0,0.0,468.0,40.0,656.0
322,0.0,1.0,1.0,0.0,0.0,2035200.0,1.0,1211250000.0,1.0,1600000000.0,0.09571290016169999,5678.0,914.0,1675.0,41750.0,43500.0,44000.0,98.0,25.0,64.0,896.0,5000.0,0.0,25.0,1000000.0,950000.0,1.0,1.0,0.0,10.0,0.0,0.0,100.0,500.0,17717309.0,540366958.0,531542360.0,0.0,0.0,0.0,0.0,0.0,1.0,1.0,1.0,1.0,1.0,0.0,0.0,1.0,0.0,0.0,0.0,0.0,0.0,34.0,1.0,13701429.0,265814626.0,13659280.0,18827842.0,563297474.0,495.0,2223711538.0,0.0,1.0,1.0,0.0,1.0,0.0,0.0,1.0,1.0,1.0,1.0,2.0,1.0,0.0,0.0,0.0,2.0,0.0,0.0,1.0,1.0,3.0,50.0,50.0,1.0,0.0,0.0,0.0,0.0,0.0,0.0,0.0,0.0,0.0,0.0,2.0,2.0,0.0,1.0,1.0,0.0,1.0,0.0,0.0,0.0,0.0,0.0,1.0,0.0,0.0,1.0,0.0,0.0,0.0,1.0,10.0,0.0,0.0,0.0,0.0,0.0,11.0,0.0,0.0,0.0,0.0,0.0,0.0,0.0,0.0,0.0,1.0,1.0,0.0,0.0,0.0,0.0,1.0,1.0,1.0,0.0,0.0,0.0,0.0,0.0,0.0,1.0,1.0,0.0,0.0,0.0,0.0,0.0,1.0,1.0,0.0,1316929955.0,417.0,417.0,1047.0,1047.0,1071.0,0.0,41.0,18046.0,20859.0,20839.0,21.0,0.0,0.0,0.0,36.0,0.0,0.0,19.0,21.0,20.0,5.0,17.0,2456288.0,0.0,1215270944.0,19155236448.0,88681664.0,0.0,0.0,495.0,0.0,0.0,484.0,40.0,615.0
323,0.0,1.0,1.0,0.0,0.0,652800.0,1.0,140250000.0,1.0,408000000.0,0.556463003159,11551.0,1066.0,3505.0,42166.6666667,42500.0,43500.0,90.0,25.0,64.0,896.0,5000.0,0.0,25.0,1000000.0,950000.0,1.0,0.0,0.0,10.0,0.0,0.0,0.0,100.0,29363299.0,674071329.0,649603497.0,0.0,0.0,0.0,0.0,0.0,1.0,1.0,1.0,1.0,1.0,0.0,0.0,1.0,0.0,0.0,0.0,0.0,0.0,35.0,1.0,16049714.0,292265601.0,15961767.0,29672066.0,695782438.0,1155.0,3459652105.0,0.0,1.0,1.0,0.0,1.0,0.0,0.0,1.0,1.0,1.0,1.0,2.0,1.0,0.0,0.0,0.0,2.0,0.0,0.0,1.0,1.0,3.0,50.0,50.0,1.0,0.0,0.0,0.0,0.0,0.0,0.0,0.0,0.0,0.0,0.0,2.0,2.0,0.0,1.0,1.0,0.0,1.0,0.0,0.0,0.0,0.0,0.0,1.0,0.0,0.0,1.0,0.0,0.0,0.0,1.0,11.0,0.0,0.0,0.0,0.0,0.0,12.0,0.0,0.0,0.0,0.0,0.0,0.0,0.0,0.0,0.0,1.0,1.0,0.0,0.0,0.0,0.0,1.0,1.0,1.0,0.0,0.0,0.0,0.0,0.0,0.0,1.0,1.0,0.0,0.0,0.0,0.0,0.0,1.0,1.0,0.0,1430089618.0,1019.0,1019.0,1779.0,1779.0,1819.0,0.0,107.0,23925.0,23006.0,22958.0,91.0,0.0,0.0,0.0,115.0,0.0,0.0,43.0,49.0,48.0,16.0,41.0,365942880.0,0.0,2452202656.0,29573641376.0,419044960.0,0.0,0.0,1155.0,0.0,0.0,1397.0,96.0,1751.0
324,0.0,1.0,1.0,0.0,0.0,652800.0,1.0,140250000.0,1.0,408000000.0,0.551873922348,15479.0,1523.0,4571.0,41500.0,42125.0,43375.0,90.0,25.0,64.0,896.0,5000.0,0.0,25.0,1000000.0,950000.0,1.0,0.0,0.0,10.0,0.0,0.0,0.0,100.0,33397715.0,698137047.0,674434522.0,0.0,0.0,0.0,0.0,0.0,2.0,2.0,1.0,2.0,2.0,0.0,0.0,2.0,0.0,0.0,0.0,0.0,0.0,29.0,2.0,17117844.0,311544399.0,16656702.0,32620168.0,718006349.0,1291.0,3679771573.0,0.0,1.0,1.0,0.0,1.0,0.0,0.0,1.0,1.0,1.0,1.0,2.0,1.0,0.0,0.0,0.0,2.0,0.0,0.0,1.0,1.0,3.0,50.0,50.0,1.0,0.0,0.0,0.0,0.0,0.0,0.0,0.0,0.0,0.0,0.0,2.0,2.0,0.0,1.0,1.0,0.0,1.0,0.0,0.0,0.0,0.0,0.0,1.0,0.0,0.0,1.0,0.0,0.0,0.0,1.0,11.0,0.0,0.0,0.0,0.0,0.0,12.0,0.0,0.0,0.0,0.0,0.0,0.0,0.0,0.0,0.0,1.0,1.0,0.0,0.0,1.0,0.0,1.0,1.0,1.0,0.0,0.0,0.0,0.0,0.0,0.0,1.0,1.0,0.0,0.0,0.0,0.0,0.0,1.0,1.0,0.0,1477423427.0,968.0,968.0,1961.0,1961.0,1995.0,0.0,148.0,27377.0,23886.0,23824.0,100.0,0.0,0.0,0.0,123.0,0.0,0.0,55.0,63.0,62.0,12.0,53.0,354528768.0,1880768.0,2695839136.0,35728642368.0,510759328.0,0.0,0.0,1291.0,0.0,0.0,1564.0,124.0,1986.0
325,0.0,1.0,1.0,0.0,0.0,652800.0,1.0,140250000.0,1.0,408000000.0,0.549182891846,16694.0,1523.0,4571.0,41687.5,42125.0,43000.0,90.0,25.0,64.0,896.0,5000.0,0.0,25.0,1000000.0,950000.0,1.0,0.0,0.0,10.0,0.0,0.0,0.0,100.0,33138287.0,700117868.0,669145719.0,0.0,0.0,0.0,0.0,0.0,1.0,1.0,1.0,1.0,1.0,0.0,0.0,1.0,0.0,0.0,0.0,0.0,0.0,30.0,1.0,16819631.0,304127867.0,16654715.0,34919980.0,730690621.0,1451.0,3651684126.0,0.0,1.0,1.0,0.0,1.0,0.0,0.0,1.0,1.0,1.0,1.0,2.0,1.0,0.0,0.0,0.0,2.0,0.0,0.0,1.0,1.0,3.0,50.0,50.0,1.0,0.0,0.0,0.0,0.0,0.0,0.0,0.0,0.0,0.0,0.0,2.0,2.0,0.0,1.0,1.0,0.0,1.0,0.0,0.0,0.0,0.0,0.0,1.0,0.0,0.0,1.0,0.0,0.0,0.0,1.0,10.0,0.0,0.0,0.0,0.0,0.0,11.0,0.0,0.0,0.0,0.0,0.0,0.0,0.0,0.0,0.0,1.0,1.0,0.0,0.0,0.0,0.0,1.0,1.0,1.0,0.0,0.0,0.0,0.0,0.0,0.0,1.0,1.0,0.0,0.0,0.0,0.0,0.0,1.0,1.0,0.0,1504058301.0,1053.0,1053.0,2037.0,2037.0,2084.0,0.0,151.0,27518.0,23959.0,23897.0,136.0,0.0,0.0,0.0,162.0,0.0,0.0,55.0,63.0,62.0,23.0,53.0,257333088.0,0.0,2740069600.0,47041253888.0,568012160.0,0.0,0.0,1451.0,0.0,0.0,1802.0,124.0,2112.0
326,0.0,1.0,1.0,0.0,0.0,652800.0,1.0,140250000.0,1.0,408000000.0,0.556686878204,15250.0,1523.0,4495.0,41687.5,42000.0,43125.0,69.0,25.0,64.0,896.0,5000.0,0.0,25.0,1000000.0,950000.0,1.0,1.0,0.0,10.0,0.0,0.0,0.0,100.0,32812083.0,687292094.0,664921029.0,0.0,0.0,0.0,0.0,0.0,1.0,1.0,1.0,1.0,1.0,0.0,0.0,1.0,0.0,0.0,0.0,0.0,0.0,28.0,1.0,16749838.0,308058802.0,16725763.0,32464325.0,693366344.0,1259.0,3608592335.0,0.0,1.0,1.0,0.0,1.0,0.0,0.0,1.0,1.0,1.0,1.0,2.0,1.0,0.0,0.0,0.0,2.0,0.0,0.0,1.0,1.0,3.0,50.0,50.0,1.0,0.0,0.0,0.0,0.0,0.0,0.0,0.0,0.0,0.0,0.0,2.0,2.0,0.0,1.0,1.0,0.0,1.0,0.0,0.0,0.0,0.0,0.0,1.0,0.0,0.0,1.0,0.0,0.0,0.0,1.0,10.0,0.0,0.0,0.0,0.0,0.0,11.0,0.0,0.0,0.0,0.0,0.0,0.0,0.0,0.0,0.0,1.0,1.0,0.0,0.0,0.0,0.0,1.0,1.0,1.0,0.0,0.0,0.0,0.0,0.0,0.0,1.0,1.0,0.0,0.0,0.0,0.0,0.0,1.0,1.0,0.0,1464958764.0,996.0,996.0,2061.0,2061.0,2101.0,0.0,136.0,27391.0,23785.0,23723.0,74.0,0.0,0.0,0.0,143.0,0.0,0.0,55.0,63.0,62.0,15.0,53.0,471636320.0,0.0,2755466784.0,44095402368.0,494791712.0,0.0,0.0,1259.0,0.0,0.0,1545.0,124.0,1826.0
327,0.0,1.0,1.0,0.0,0.0,652800.0,1.0,140250000.0,1.0,408000000.0,0.544893980026,15441.0,1523.0,4724.0,41562.5,42125.0,43250.0,69.0,25.0,64.0,896.0,5000.0,0.0,25.0,1000000.0,950000.0,1.0,1.0,0.0,10.0,0.0,0.0,0.0,100.0,32899825.0,687806480.0,669462641.0,0.0,0.0,0.0,0.0,0.0,1.0,1.0,1.0,1.0,1.0,0.0,0.0,1.0,0.0,0.0,0.0,0.0,0.0,33.0,1.0,16512517.0,301556961.0,16525076.0,31571786.0,696954739.0,1024.0,3660486245.0,0.0,1.0,1.0,0.0,1.0,0.0,0.0,1.0,1.0,1.0,1.0,2.0,1.0,0.0,0.0,0.0,2.0,0.0,0.0,1.0,1.0,3.0,50.0,50.0,1.0,0.0,0.0,0.0,0.0,0.0,0.0,0.0,0.0,0.0,0.0,2.0,2.0,0.0,1.0,1.0,0.0,1.0,0.0,0.0,0.0,0.0,0.0,1.0,0.0,0.0,1.0,0.0,0.0,0.0,1.0,10.0,0.0,0.0,0.0,0.0,0.0,11.0,0.0,0.0,0.0,0.0,0.0,0.0,0.0,0.0,0.0,1.0,1.0,0.0,0.0,0.0,0.0,1.0,1.0,1.0,0.0,0.0,0.0,0.0,0.0,0.0,1.0,1.0,0.0,0.0,0.0,0.0,0.0,1.0,1.0,0.0,1451385357.0,897.0,897.0,2077.0,2077.0,2123.0,0.0,142.0,27120.0,23771.0,23709.0,195.0,0.0,0.0,0.0,148.0,0.0,0.0,55.0,63.0,62.0,25.0,53.0,188445600.0,0.0,2628586880.0,38311171168.0,508796576.0,0.0,0.0,1024.0,0.0,0.0,1430.0,124.0,1893.0
328,0.0,1.0,1.0,0.0,0.0,652800.0,1.0,140250000.0,1.0,408000000.0,0.560699939728,15517.0,1523.0,4495.0,41562.5,42000.0,43000.0,69.0,25.0,64.0,896.0,5000.0,0.0,25.0,1000000.0,950000.0,1.0,1.0,0.0,10.0,0.0,0.0,0.0,100.0,33123421.0,695706310.0,673078753.0,0.0,0.0,0.0,0.0,0.0,1.0,1.0,1.0,1.0,1.0,0.0,0.0,1.0,0.0,0.0,0.0,0.0,0.0,32.0,1.0,16882603.0,299487114.0,16644264.0,32300319.0,693152857.0,1137.0,3626701840.0,0.0,1.0,1.0,0.0,1.0,0.0,0.0,1.0,1.0,1.0,1.0,2.0,1.0,0.0,0.0,0.0,2.0,0.0,0.0,1.0,1.0,3.0,50.0,50.0,1.0,0.0,0.0,0.0,0.0,0.0,0.0,0.0,0.0,0.0,0.0,2.0,2.0,0.0,1.0,1.0,0.0,1.0,0.0,0.0,0.0,0.0,0.0,1.0,0.0,0.0,1.0,0.0,0.0,0.0,1.0,10.0,0.0,0.0,0.0,0.0,0.0,11.0,0.0,0.0,0.0,0.0,0.0,0.0,0.0,0.0,0.0,1.0,1.0,0.0,0.0,0.0,0.0,1.0,1.0,1.0,0.0,0.0,0.0,0.0,0.0,0.0,1.0,1.0,0.0,0.0,0.0,0.0,0.0,1.0,1.0,0.0,1444851073.0,907.0,907.0,1850.0,1850.0,1885.0,0.0,146.0,27504.0,23690.0,23628.0,283.0,0.0,0.0,0.0,136.0,0.0,0.0,55.0,63.0,62.0,11.0,53.0,269081344.0,152032.0,2644559040.0,36830634336.0,547443648.0,0.0,0.0,1137.0,0.0,0.0,1635.0,124.0,1967.0
329,0.0,1.0,1.0,0.0,0.0,652800.0,1.0,140250000.0,1.0,408000000.0,0.5564959049220001,15479.0,1523.0,4647.0,41625.0,42000.0,43375.0,76.0,25.0,64.0,896.0,5000.0,0.0,25.0,1000000.0,950000.0,1.0,0.0,0.0,10.0,0.0,0.0,0.0,500.0,31615566.0,697410572.0,679157564.0,0.0,0.0,0.0,0.0,0.0,1.0,1.0,1.0,1.0,1.0,0.0,0.0,1.0,0.0,0.0,0.0,0.0,0.0,31.0,1.0,16464475.0,311547113.0,16257637.0,32152480.0,712217570.0,1273.0,3655088198.0,0.0,1.0,1.0,0.0,1.0,0.0,0.0,1.0,1.0,1.0,1.0,2.0,1.0,0.0,0.0,0.0,2.0,0.0,0.0,1.0,1.0,3.0,50.0,50.0,1.0,0.0,0.0,0.0,0.0,0.0,0.0,0.0,0.0,0.0,0.0,2.0,2.0,0.0,1.0,1.0,0.0,1.0,0.0,0.0,0.0,0.0,0.0,1.0,0.0,0.0,1.0,0.0,0.0,0.0,1.0,11.0,0.0,0.0,0.0,0.0,0.0,12.0,0.0,0.0,0.0,0.0,0.0,0.0,0.0,0.0,0.0,1.0,1.0,0.0,0.0,0.0,0.0,1.0,1.0,1.0,0.0,0.0,0.0,0.0,0.0,0.0,1.0,1.0,0.0,0.0,0.0,0.0,0.0,1.0,1.0,0.0,1493331868.0,903.0,903.0,2050.0,2050.0,2096.0,0.0,160.0,27422.0,23876.0,23814.0,142.0,0.0,0.0,0.0,162.0,0.0,0.0,55.0,63.0,62.0,17.0,53.0,368287168.0,0.0,2733859808.0,63616712288.0,462856160.0,0.0,0.0,1273.0,0.0,0.0,1672.0,124.0,2153.0
330,0.0,1.0,1.0,0.0,0.0,652800.0,1.0,140250000.0,1.0,408000000.0,0.548501968384,15593.0,1599.0,4723.0,41500.0,42000.0,43000.0,76.0,25.0,64.0,896.0,5000.0,0.0,25.0,1000000.0,950000.0,1.0,0.0,0.0,10.0,0.0,0.0,0.0,500.0,32983166.0,696923060.0,671308137.0,0.0,0.0,0.0,0.0,0.0,1.0,1.0,1.0,1.0,1.0,0.0,0.0,1.0,0.0,0.0,0.0,0.0,0.0,32.0,1.0,16288517.0,303142762.0,16271380.0,32683588.0,716924299.0,1219.0,3639191579.0,0.0,1.0,1.0,0.0,1.0,0.0,0.0,1.0,1.0,1.0,1.0,2.0,1.0,0.0,0.0,0.0,2.0,0.0,0.0,1.0,1.0,3.0,50.0,50.0,1.0,0.0,0.0,0.0,0.0,0.0,0.0,0.0,0.0,0.0,0.0,2.0,2.0,0.0,1.0,1.0,0.0,1.0,0.0,0.0,0.0,0.0,0.0,1.0,0.0,0.0,1.0,0.0,0.0,0.0,1.0,10.0,0.0,0.0,0.0,0.0,0.0,11.0,0.0,0.0,0.0,0.0,0.0,0.0,0.0,0.0,0.0,1.0,1.0,0.0,0.0,0.0,0.0,1.0,1.0,1.0,0.0,0.0,0.0,0.0,0.0,0.0,1.0,1.0,0.0,0.0,0.0,0.0,0.0,1.0,1.0,0.0,1503365945.0,856.0,856.0,2003.0,2003.0,2047.0,0.0,142.0,27630.0,23876.0,23814.0,122.0,0.0,0.0,0.0,125.0,0.0,0.0,55.0,63.0,62.0,16.0,53.0,458132416.0,0.0,2719509536.0,56536324960.0,522444768.0,0.0,0.0,1219.0,0.0,0.0,1514.0,124.0,1809.0
331,0.0,1.0,1.0,0.0,0.0,652800.0,1.0,140250000.0,1.0,408000000.0,0.549041986465,15555.0,1523.0,4647.0,41375.0,41875.0,43000.0,76.0,25.0,64.0,896.0,5000.0,0.0,25.0,1000000.0,950000.0,1.0,0.0,0.0,10.0,0.0,0.0,0.0,500.0,31859997.0,681341816.0,676632044.0,0.0,0.0,0.0,0.0,0.0,1.0,1.0,1.0,1.0,1.0,0.0,0.0,1.0,0.0,0.0,0.0,0.0,0.0,32.0,1.0,16978198.0,316831841.0,16582126.0,31698950.0,709271506.0,1277.0,3651227038.0,0.0,1.0,1.0,0.0,1.0,0.0,0.0,1.0,1.0,1.0,1.0,2.0,1.0,0.0,0.0,0.0,2.0,0.0,0.0,1.0,1.0,3.0,50.0,50.0,1.0,0.0,0.0,0.0,0.0,0.0,0.0,0.0,0.0,0.0,0.0,2.0,2.0,0.0,1.0,1.0,0.0,1.0,0.0,0.0,0.0,0.0,0.0,1.0,0.0,0.0,1.0,0.0,0.0,0.0,1.0,10.0,0.0,0.0,0.0,0.0,0.0,11.0,0.0,0.0,0.0,0.0,0.0,0.0,0.0,0.0,0.0,1.0,1.0,0.0,0.0,0.0,0.0,1.0,1.0,1.0,0.0,0.0,0.0,0.0,0.0,0.0,1.0,1.0,0.0,0.0,0.0,0.0,0.0,1.0,1.0,0.0,1510697515.0,1089.0,1089.0,2053.0,2053.0,2105.0,0.0,147.0,27372.0,23781.0,23719.0,80.0,0.0,0.0,0.0,166.0,0.0,0.0,55.0,63.0,62.0,21.0,53.0,255456352.0,0.0,2720475232.0,58739272096.0,505793568.0,0.0,0.0,1277.0,0.0,0.0,1612.0,124.0,1975.0
332,0.0,1.0,1.0,0.0,0.0,652800.0,1.0,140250000.0,1.0,408000000.0,0.557285070419,15555.0,1523.0,4801.0,41625.0,41875.0,43125.0,83.0,25.0,64.0,896.0,5000.0,0.0,25.0,1000000.0,950000.0,1.0,1.0,0.0,10.0,0.0,0.0,0.0,500.0,32056438.0,689068359.0,698769814.0,0.0,0.0,0.0,0.0,0.0,1.0,1.0,1.0,1.0,1.0,0.0,0.0,1.0,0.0,0.0,0.0,0.0,0.0,33.0,1.0,16974973.0,310539437.0,16938435.0,32955380.0,701241314.0,1242.0,3736049599.0,0.0,1.0,1.0,0.0,1.0,0.0,0.0,1.0,1.0,1.0,1.0,2.0,1.0,0.0,0.0,0.0,2.0,0.0,0.0,1.0,1.0,3.0,50.0,50.0,1.0,0.0,0.0,0.0,0.0,0.0,0.0,0.0,0.0,0.0,0.0,2.0,2.0,0.0,1.0,1.0,0.0,1.0,0.0,0.0,0.0,0.0,0.0,1.0,0.0,0.0,1.0,0.0,0.0,0.0,1.0,10.0,0.0,0.0,0.0,0.0,0.0,11.0,0.0,0.0,0.0,0.0,0.0,0.0,0.0,0.0,0.0,1.0,1.0,0.0,0.0,0.0,0.0,1.0,1.0,1.0,0.0,0.0,0.0,0.0,0.0,0.0,1.0,1.0,0.0,0.0,0.0,0.0,0.0,1.0,1.0,0.0,1477596738.0,956.0,956.0,2016.0,2016.0,2058.0,0.0,158.0,26648.0,23934.0,23872.0,143.0,0.0,0.0,0.0,148.0,0.0,0.0,55.0,63.0,62.0,15.0,53.0,154086912.0,0.0,2612351552.0,39185336512.0,414608704.0,0.0,0.0,1242.0,0.0,0.0,1600.0,124.0,1984.0
333,0.0,1.0,1.0,0.0,0.0,652800.0,1.0,140250000.0,1.0,408000000.0,0.550344944,15287.0,1523.0,4495.0,41375.0,42000.0,43125.0,83.0,25.0,64.0,896.0,5000.0,0.0,25.0,1000000.0,950000.0,1.0,1.0,0.0,10.0,0.0,0.0,0.0,500.0,30865606.0,679543360.0,659579703.0,0.0,0.0,0.0,0.0,0.0,1.0,1.0,1.0,1.0,1.0,0.0,0.0,1.0,0.0,0.0,0.0,0.0,0.0,33.0,1.0,16688112.0,303186062.0,16316530.0,33448987.0,700870056.0,1226.0,3578374226.0,0.0,1.0,1.0,0.0,1.0,0.0,0.0,1.0,1.0,1.0,1.0,2.0,1.0,0.0,0.0,0.0,2.0,0.0,0.0,1.0,1.0,3.0,50.0,50.0,1.0,0.0,0.0,0.0,0.0,0.0,0.0,0.0,0.0,0.0,0.0,2.0,2.0,0.0,1.0,1.0,0.0,1.0,0.0,0.0,0.0,0.0,0.0,1.0,0.0,0.0,1.0,0.0,0.0,0.0,1.0,11.0,0.0,0.0,0.0,0.0,0.0,12.0,0.0,0.0,0.0,0.0,0.0,0.0,0.0,0.0,0.0,1.0,1.0,0.0,0.0,0.0,0.0,1.0,1.0,1.0,0.0,0.0,0.0,0.0,0.0,0.0,1.0,1.0,0.0,0.0,0.0,0.0,0.0,1.0,1.0,0.0,1470537245.0,973.0,973.0,2100.0,2100.0,2154.0,0.0,162.0,26880.0,23855.0,23793.0,109.0,0.0,0.0,0.0,148.0,0.0,0.0,55.0,63.0,62.0,16.0,53.0,402612960.0,0.0,2761130688.0,53266486688.0,434501984.0,0.0,0.0,1226.0,0.0,0.0,1500.0,124.0,1857.0
334,0.0,1.0,1.0,0.0,0.0,652800.0,1.0,140250000.0,1.0,408000000.0,0.5539948940280001,15479.0,1523.0,4571.0,41375.0,42000.0,43000.0,83.0,25.0,64.0,896.0,5000.0,0.0,25.0,1000000.0,950000.0,1.0,1.0,0.0,10.0,0.0,0.0,0.0,500.0,33752234.0,700325835.0,662415460.0,0.0,0.0,0.0,0.0,0.0,1.0,1.0,1.0,1.0,1.0,0.0,0.0,1.0,0.0,0.0,0.0,0.0,0.0,34.0,1.0,16669244.0,296077598.0,16246518.0,33455410.0,707616727.0,1223.0,3613676004.0,0.0,1.0,1.0,0.0,1.0,0.0,0.0,1.0,1.0,1.0,1.0,2.0,1.0,0.0,0.0,0.0,2.0,0.0,0.0,1.0,1.0,3.0,50.0,50.0,1.0,0.0,0.0,0.0,0.0,0.0,0.0,0.0,0.0,0.0,0.0,2.0,2.0,0.0,1.0,1.0,0.0,1.0,0.0,0.0,0.0,0.0,0.0,1.0,0.0,0.0,1.0,0.0,0.0,0.0,1.0,10.0,0.0,0.0,0.0,0.0,0.0,11.0,0.0,0.0,0.0,0.0,0.0,0.0,0.0,0.0,0.0,1.0,1.0,0.0,0.0,0.0,0.0,1.0,1.0,1.0,0.0,0.0,0.0,0.0,0.0,0.0,1.0,1.0,0.0,0.0,0.0,0.0,0.0,1.0,1.0,0.0,1474939197.0,1009.0,1009.0,2053.0,2053.0,2096.0,0.0,131.0,27291.0,23852.0,23790.0,273.0,0.0,0.0,0.0,144.0,0.0,0.0,55.0,63.0,62.0,21.0,53.0,265634592.0,0.0,2636286336.0,43044899232.0,444177184.0,0.0,0.0,1223.0,0.0,0.0,1688.0,124.0,1981.0
335,0.0,1.0,1.0,0.0,0.0,652800.0,1.0,140250000.0,1.0,408000000.0,0.556854009628,15440.0,1523.0,4724.0,41312.5,42000.0,43000.0,88.0,25.0,64.0,896.0,5000.0,0.0,25.0,1000000.0,950000.0,1.0,0.0,0.0,10.0,0.0,0.0,100.0,100.0,33112807.0,681070641.0,673462112.0,0.0,0.0,0.0,0.0,0.0,1.0,1.0,1.0,1.0,1.0,0.0,0.0,1.0,0.0,0.0,0.0,0.0,0.0,34.0,1.0,17285311.0,315950281.0,16501917.0,33302897.0,703502806.0,1158.0,3660529576.0,0.0,1.0,1.0,0.0,1.0,0.0,0.0,1.0,1.0,1.0,1.0,2.0,1.0,0.0,0.0,0.0,2.0,0.0,0.0,1.0,1.0,3.0,50.0,50.0,1.0,0.0,0.0,0.0,0.0,0.0,0.0,0.0,0.0,0.0,0.0,2.0,2.0,0.0,1.0,1.0,0.0,1.0,0.0,0.0,0.0,0.0,0.0,1.0,0.0,0.0,1.0,0.0,0.0,0.0,1.0,10.0,0.0,0.0,0.0,0.0,0.0,11.0,0.0,0.0,0.0,0.0,0.0,0.0,0.0,0.0,0.0,1.0,1.0,0.0,0.0,0.0,0.0,1.0,1.0,1.0,0.0,0.0,0.0,0.0,0.0,0.0,1.0,1.0,0.0,0.0,0.0,0.0,0.0,1.0,1.0,0.0,1474419375.0,892.0,892.0,1894.0,1894.0,1929.0,0.0,142.0,27025.0,23777.0,23715.0,135.0,0.0,0.0,0.0,148.0,0.0,0.0,55.0,63.0,62.0,12.0,53.0,361854496.0,131584.0,2648245792.0,43962350560.0,576516800.0,0.0,0.0,1158.0,0.0,0.0,1464.0,124.0,1827.0
336,0.0,1.0,1.0,0.0,0.0,652800.0,1.0,140250000.0,1.0,408000000.0,0.548465967178,15326.0,1523.0,4418.0,41250.0,41750.0,42875.0,88.0,25.0,64.0,896.0,5000.0,0.0,25.0,1000000.0,950000.0,1.0,0.0,0.0,10.0,0.0,0.0,100.0,100.0,32617103.0,686873785.0,673570900.0,0.0,0.0,0.0,0.0,0.0,1.0,1.0,1.0,1.0,1.0,0.0,0.0,1.0,0.0,0.0,0.0,0.0,0.0,34.0,1.0,16579133.0,300881938.0,16565630.0,32632206.0,705399245.0,1292.0,3646972471.0,0.0,1.0,1.0,0.0,1.0,0.0,0.0,1.0,1.0,1.0,1.0,2.0,1.0,0.0,0.0,0.0,2.0,0.0,0.0,1.0,1.0,3.0,50.0,50.0,1.0,0.0,0.0,0.0,0.0,0.0,0.0,0.0,0.0,0.0,0.0,2.0,2.0,0.0,1.0,1.0,0.0,1.0,0.0,0.0,0.0,0.0,0.0,1.0,0.0,0.0,1.0,0.0,0.0,0.0,1.0,11.0,0.0,0.0,0.0,0.0,0.0,12.0,0.0,0.0,0.0,0.0,0.0,0.0,0.0,0.0,0.0,1.0,1.0,0.0,0.0,0.0,0.0,1.0,1.0,1.0,0.0,0.0,0.0,0.0,0.0,0.0,1.0,1.0,0.0,0.0,0.0,0.0,0.0,1.0,1.0,0.0,1467896807.0,1084.0,1084.0,2043.0,2043.0,2093.0,0.0,143.0,26960.0,23718.0,23656.0,201.0,0.0,0.0,0.0,123.0,0.0,0.0,55.0,63.0,62.0,20.0,53.0,271223392.0,0.0,2684495360.0,36546308288.0,442030880.0,0.0,0.0,1292.0,0.0,0.0,1635.0,124.0,1945.0
337,0.0,1.0,1.0,0.0,0.0,652800.0,1.0,140250000.0,1.0,408000000.0,0.5443379879,15096.0,1447.0,4266.0,41375.0,41875.0,43000.0,88.0,25.0,64.0,896.0,5000.0,0.0,25.0,1000000.0,950000.0,1.0,0.0,0.0,10.0,0.0,0.0,100.0,100.0,33317188.0,677230916.0,649168371.0,0.0,0.0,0.0,0.0,0.0,1.0,1.0,1.0,1.0,1.0,0.0,0.0,1.0,0.0,0.0,0.0,0.0,0.0,34.0,1.0,16523503.0,304690663.0,16507793.0,33602197.0,698035742.0,1142.0,3569874978.0,0.0,1.0,1.0,0.0,1.0,0.0,0.0,1.0,1.0,1.0,1.0,2.0,1.0,0.0,0.0,0.0,2.0,0.0,0.0,1.0,1.0,3.0,50.0,50.0,1.0,0.0,0.0,0.0,0.0,0.0,0.0,0.0,0.0,0.0,0.0,2.0,2.0,0.0,1.0,1.0,0.0,1.0,0.0,0.0,0.0,0.0,0.0,1.0,0.0,0.0,1.0,0.0,0.0,0.0,1.0,11.0,0.0,0.0,0.0,0.0,0.0,12.0,0.0,0.0,0.0,0.0,0.0,0.0,0.0,0.0,0.0,1.0,1.0,0.0,0.0,0.0,0.0,1.0,1.0,1.0,0.0,0.0,0.0,0.0,0.0,0.0,1.0,1.0,0.0,0.0,0.0,0.0,0.0,1.0,1.0,0.0,1501801781.0,1010.0,1010.0,2063.0,2063.0,2101.0,0.0,160.0,27205.0,23724.0,23662.0,128.0,0.0,0.0,0.0,166.0,0.0,0.0,55.0,63.0,62.0,17.0,53.0,273802272.0,0.0,2789769952.0,41025228704.0,485229856.0,0.0,0.0,1142.0,0.0,0.0,1521.0,124.0,1899.0
338,0.0,1.0,1.0,0.0,0.0,652800.0,1.0,140250000.0,1.0,408000000.0,0.5632870197300001,15745.0,1446.0,5030.0,41187.5,41875.0,43000.0,96.0,25.0,64.0,896.0,5000.0,0.0,25.0,1000000.0,950000.0,1.0,1.0,0.0,10.0,0.0,0.0,100.0,100.0,33261994.0,700458057.0,694340982.0,0.0,0.0,0.0,0.0,0.0,1.0,1.0,1.0,1.0,1.0,0.0,0.0,1.0,0.0,0.0,0.0,0.0,0.0,34.0,1.0,17813449.0,316487673.0,17574643.0,32617846.0,709705397.0,1287.0,3949921573.0,0.0,1.0,1.0,0.0,1.0,0.0,0.0,1.0,1.0,1.0,1.0,2.0,1.0,0.0,0.0,0.0,2.0,0.0,0.0,1.0,1.0,3.0,50.0,50.0,1.0,0.0,0.0,0.0,0.0,0.0,0.0,0.0,0.0,0.0,0.0,2.0,2.0,0.0,1.0,1.0,0.0,1.0,0.0,0.0,0.0,0.0,0.0,1.0,0.0,0.0,1.0,0.0,0.0,0.0,1.0,10.0,0.0,0.0,0.0,0.0,0.0,11.0,0.0,0.0,0.0,0.0,0.0,0.0,0.0,0.0,0.0,1.0,1.0,0.0,0.0,0.0,0.0,1.0,1.0,1.0,0.0,0.0,0.0,0.0,0.0,0.0,1.0,1.0,0.0,0.0,0.0,0.0,0.0,1.0,1.0,0.0,1476344592.0,935.0,935.0,2050.0,2050.0,2095.0,0.0,149.0,26548.0,23942.0,23880.0,147.0,0.0,0.0,0.0,149.0,0.0,0.0,55.0,63.0,62.0,19.0,53.0,168191712.0,0.0,2780036672.0,38054102624.0,456809472.0,0.0,0.0,1287.0,0.0,0.0,1594.0,124.0,2118.0
339,0.0,1.0,1.0,0.0,0.0,652800.0,1.0,140250000.0,1.0,408000000.0,0.55300784111,15631.0,1523.0,4876.0,41187.5,41750.0,42875.0,96.0,25.0,64.0,896.0,5000.0,0.0,25.0,1000000.0,950000.0,1.0,1.0,0.0,10.0,0.0,0.0,100.0,100.0,33215604.0,694902245.0,685316606.0,0.0,0.0,0.0,0.0,0.0,1.0,1.0,1.0,1.0,1.0,0.0,0.0,1.0,0.0,0.0,0.0,0.0,0.0,35.0,1.0,17393922.0,310919259.0,17100938.0,33032056.0,707948178.0,1402.0,3773640416.0,0.0,1.0,1.0,0.0,1.0,0.0,0.0,1.0,1.0,1.0,1.0,2.0,1.0,0.0,0.0,0.0,2.0,0.0,0.0,1.0,1.0,3.0,50.0,50.0,1.0,0.0,0.0,0.0,0.0,0.0,0.0,0.0,0.0,0.0,0.0,2.0,2.0,0.0,1.0,1.0,0.0,1.0,0.0,0.0,0.0,0.0,0.0,1.0,0.0,0.0,1.0,0.0,0.0,0.0,1.0,11.0,0.0,0.0,0.0,0.0,0.0,12.0,0.0,0.0,0.0,0.0,0.0,0.0,0.0,0.0,0.0,1.0,1.0,0.0,0.0,0.0,0.0,1.0,1.0,1.0,0.0,0.0,0.0,0.0,0.0,0.0,1.0,1.0,0.0,0.0,0.0,0.0,0.0,1.0,1.0,0.0,1482516018.0,954.0,954.0,1906.0,1906.0,1946.0,0.0,146.0,27457.0,24013.0,23951.0,119.0,0.0,0.0,0.0,131.0,0.0,0.0,55.0,63.0,62.0,15.0,53.0,54103168.0,0.0,2632796448.0,36566042976.0,422956544.0,0.0,0.0,1402.0,0.0,0.0,1716.0,124.0,2026.0
340,0.0,1.0,1.0,0.0,0.0,652800.0,1.0,140250000.0,1.0,408000000.0,0.552566051483,11590.0,1066.0,3505.0,41250.0,41625.0,42875.0,96.0,25.0,64.0,896.0,5000.0,0.0,25.0,1000000.0,950000.0,1.0,1.0,0.0,10.0,0.0,0.0,100.0,100.0,30570651.0,672111214.0,660600266.0,0.0,0.0,0.0,0.0,0.0,1.0,1.0,1.0,1.0,1.0,0.0,0.0,1.0,0.0,0.0,0.0,0.0,0.0,35.0,1.0,16678687.0,299555587.0,16660082.0,30905501.0,679477100.0,1148.0,3546067429.0,0.0,1.0,1.0,0.0,1.0,0.0,0.0,1.0,1.0,1.0,1.0,2.0,1.0,0.0,0.0,0.0,2.0,0.0,0.0,1.0,1.0,3.0,50.0,50.0,1.0,0.0,0.0,0.0,0.0,0.0,0.0,0.0,0.0,0.0,0.0,2.0,2.0,0.0,1.0,1.0,0.0,1.0,0.0,0.0,0.0,0.0,0.0,1.0,0.0,0.0,1.0,0.0,0.0,0.0,1.0,11.0,0.0,0.0,0.0,0.0,0.0,12.0,0.0,0.0,0.0,0.0,0.0,0.0,0.0,0.0,0.0,1.0,1.0,0.0,0.0,0.0,0.0,1.0,1.0,1.0,0.0,0.0,0.0,0.0,0.0,0.0,1.0,1.0,0.0,0.0,0.0,0.0,0.0,1.0,1.0,0.0,1443610439.0,908.0,908.0,1869.0,1869.0,1904.0,0.0,126.0,26284.0,23346.0,23291.0,168.0,0.0,0.0,0.0,140.0,0.0,0.0,49.0,56.0,55.0,16.0,47.0,361116896.0,0.0,2580255424.0,38584953504.0,479191584.0,0.0,0.0,1148.0,0.0,0.0,1454.0,110.0,1914.0
341,0.0,1.0,1.0,0.0,0.0,652800.0,1.0,140250000.0,1.0,408000000.0,0.553644895554,15479.0,1523.0,4495.0,41312.5,41625.0,42750.0,68.0,25.0,64.0,896.0,5000.0,0.0,25.0,1000000.0,950000.0,1.0,0.0,0.0,10.0,0.0,0.0,100.0,500.0,31630357.0,701455999.0,678543820.0,0.0,0.0,0.0,0.0,0.0,1.0,1.0,1.0,1.0,1.0,0.0,0.0,1.0,0.0,0.0,0.0,0.0,0.0,32.0,1.0,16640469.0,313770306.0,16479886.0,32895904.0,707325169.0,1191.0,3621914709.0,0.0,1.0,1.0,0.0,1.0,0.0,0.0,1.0,1.0,1.0,1.0,2.0,1.0,0.0,0.0,0.0,2.0,0.0,0.0,1.0,1.0,3.0,50.0,50.0,1.0,0.0,0.0,0.0,0.0,0.0,0.0,0.0,0.0,0.0,0.0,2.0,2.0,0.0,1.0,1.0,0.0,1.0,0.0,0.0,0.0,0.0,0.0,1.0,0.0,0.0,1.0,0.0,0.0,0.0,1.0,11.0,0.0,0.0,0.0,0.0,0.0,12.0,0.0,0.0,0.0,0.0,0.0,0.0,0.0,0.0,0.0,1.0,1.0,0.0,0.0,0.0,0.0,1.0,1.0,1.0,0.0,0.0,0.0,0.0,0.0,0.0,1.0,1.0,0.0,0.0,0.0,0.0,0.0,1.0,1.0,0.0,1461564496.0,969.0,969.0,2061.0,2061.0,2102.0,0.0,147.0,27727.0,23885.0,23823.0,93.0,0.0,0.0,0.0,152.0,0.0,0.0,55.0,63.0,62.0,15.0,53.0,370176512.0,0.0,2731731872.0,45814284512.0,405212480.0,0.0,0.0,1191.0,0.0,0.0,1567.0,124.0,1946.0
342,0.0,1.0,1.0,0.0,0.0,652800.0,1.0,140250000.0,1.0,408000000.0,0.553009986877,15134.0,1599.0,4190.0,41187.5,41750.0,42625.0,68.0,25.0,64.0,896.0,5000.0,0.0,25.0,1000000.0,950000.0,1.0,0.0,0.0,10.0,0.0,0.0,100.0,500.0,31670203.0,694345070.0,679230666.0,0.0,0.0,0.0,0.0,0.0,1.0,1.0,1.0,1.0,1.0,0.0,0.0,1.0,0.0,0.0,0.0,0.0,0.0,34.0,1.0,17133829.0,311776367.0,16824065.0,33377072.0,695336442.0,1205.0,3673969397.0,0.0,1.0,1.0,0.0,1.0,0.0,0.0,1.0,1.0,1.0,1.0,2.0,1.0,0.0,0.0,0.0,2.0,0.0,0.0,1.0,1.0,3.0,50.0,50.0,1.0,0.0,0.0,0.0,0.0,0.0,0.0,0.0,0.0,0.0,0.0,2.0,2.0,0.0,1.0,1.0,0.0,1.0,0.0,0.0,0.0,0.0,0.0,1.0,0.0,0.0,1.0,0.0,0.0,0.0,1.0,10.0,0.0,0.0,0.0,0.0,0.0,11.0,0.0,0.0,0.0,0.0,0.0,0.0,0.0,0.0,0.0,1.0,1.0,0.0,0.0,0.0,0.0,1.0,1.0,1.0,0.0,0.0,0.0,0.0,0.0,0.0,1.0,1.0,0.0,0.0,0.0,0.0,0.0,1.0,1.0,0.0,1464258286.0,1010.0,1010.0,1978.0,1978.0,2022.0,0.0,138.0,27549.0,23788.0,23726.0,113.0,0.0,0.0,0.0,144.0,0.0,0.0,55.0,63.0,62.0,20.0,53.0,488644832.0,0.0,2737807104.0,50968826528.0,438412128.0,0.0,0.0,1205.0,0.0,0.0,1547.0,124.0,2047.0
343,0.0,1.0,1.0,0.0,0.0,652800.0,1.0,140250000.0,1.0,408000000.0,0.547338008881,15250.0,1370.0,4342.0,41083.3333333,41666.6666667,42500.0,68.0,25.0,64.0,896.0,5000.0,0.0,25.0,1000000.0,950000.0,1.0,0.0,0.0,10.0,0.0,0.0,100.0,500.0,31721974.0,693653994.0,664868728.0,0.0,0.0,0.0,0.0,0.0,1.0,1.0,1.0,1.0,1.0,0.0,0.0,1.0,0.0,0.0,0.0,0.0,0.0,32.0,1.0,16522680.0,302567177.0,16712158.0,32515948.0,702873448.0,1512.0,3524405597.0,0.0,1.0,1.0,0.0,1.0,0.0,0.0,1.0,1.0,1.0,1.0,2.0,1.0,0.0,0.0,0.0,2.0,0.0,0.0,1.0,1.0,3.0,50.0,50.0,1.0,0.0,0.0,0.0,0.0,0.0,0.0,0.0,0.0,0.0,0.0,2.0,2.0,0.0,1.0,1.0,0.0,1.0,0.0,0.0,0.0,0.0,0.0,1.0,0.0,0.0,1.0,0.0,0.0,0.0,1.0,10.0,0.0,0.0,0.0,0.0,0.0,11.0,0.0,0.0,0.0,0.0,0.0,0.0,0.0,0.0,0.0,1.0,1.0,0.0,0.0,0.0,0.0,1.0,1.0,1.0,0.0,0.0,0.0,0.0,0.0,0.0,1.0,1.0,0.0,0.0,0.0,0.0,0.0,1.0,1.0,0.0,1508410832.0,1316.0,1316.0,2028.0,2028.0,2064.0,0.0,121.0,26647.0,23447.0,23392.0,137.0,0.0,0.0,0.0,138.0,0.0,0.0,49.0,56.0,55.0,14.0,47.0,477726976.0,0.0,2775940576.0,43936252160.0,518166432.0,0.0,0.0,1512.0,0.0,0.0,1761.0,110.0,2193.0
344,0.0,1.0,1.0,0.0,0.0,652800.0,1.0,140250000.0,1.0,408000000.0,0.557448148727,11399.0,1066.0,3429.0,41083.3333333,41500.0,42666.6666667,69.0,25.0,64.0,896.0,5000.0,0.0,25.0,1000000.0,950000.0,1.0,1.0,0.0,10.0,0.0,0.0,100.0,500.0,27768798.0,645646778.0,658094341.0,0.0,0.0,0.0,0.0,0.0,1.0,1.0,1.0,1.0,1.0,0.0,0.0,1.0,0.0,0.0,0.0,0.0,0.0,34.0,1.0,16224191.0,290227913.0,16040850.0,28832716.0,668616866.0,913.0,3465581938.0,0.0,1.0,1.0,0.0,1.0,0.0,0.0,1.0,1.0,1.0,1.0,2.0,1.0,0.0,0.0,0.0,2.0,0.0,0.0,1.0,1.0,3.0,50.0,50.0,1.0,0.0,0.0,0.0,0.0,0.0,0.0,0.0,0.0,0.0,0.0,2.0,2.0,0.0,1.0,1.0,0.0,1.0,0.0,0.0,0.0,0.0,0.0,1.0,0.0,0.0,1.0,0.0,0.0,0.0,1.0,10.0,0.0,0.0,0.0,0.0,0.0,11.0,0.0,0.0,0.0,0.0,0.0,0.0,0.0,0.0,0.0,1.0,1.0,0.0,0.0,0.0,0.0,1.0,1.0,1.0,0.0,0.0,0.0,0.0,0.0,0.0,1.0,1.0,0.0,0.0,0.0,0.0,0.0,1.0,1.0,0.0,1407597738.0,844.0,844.0,1825.0,1825.0,1865.0,0.0,112.0,24162.0,22863.0,22815.0,139.0,0.0,0.0,0.0,96.0,0.0,0.0,43.0,49.0,48.0,17.0,41.0,146357632.0,0.0,2462481728.0,49303160896.0,502648768.0,0.0,0.0,913.0,0.0,0.0,1204.0,96.0,1548.0
345,0.0,1.0,1.0,0.0,0.0,652800.0,1.0,140250000.0,1.0,408000000.0,0.555041074753,19596.0,1751.0,5942.0,41125.0,41875.0,42625.0,69.0,25.0,64.0,896.0,5000.0,0.0,25.0,1000000.0,950000.0,1.0,1.0,0.0,10.0,0.0,0.0,100.0,500.0,35106700.0,706433519.0,698456693.0,0.0,0.0,0.0,0.0,0.0,1.0,1.0,1.0,1.0,1.0,0.0,0.0,1.0,0.0,0.0,0.0,0.0,0.0,29.0,1.0,17583952.0,325320953.0,16515945.0,35236736.0,706290772.0,1297.0,3598258324.0,0.0,1.0,1.0,0.0,1.0,0.0,0.0,1.0,1.0,1.0,1.0,2.0,1.0,0.0,0.0,0.0,2.0,0.0,0.0,1.0,1.0,3.0,50.0,50.0,1.0,0.0,0.0,0.0,0.0,0.0,0.0,0.0,0.0,0.0,0.0,2.0,2.0,0.0,1.0,1.0,0.0,1.0,0.0,0.0,0.0,0.0,0.0,1.0,0.0,0.0,1.0,0.0,0.0,0.0,1.0,10.0,0.0,0.0,0.0,0.0,0.0,11.0,0.0,0.0,0.0,0.0,0.0,0.0,0.0,0.0,0.0,1.0,1.0,0.0,0.0,0.0,0.0,1.0,1.0,1.0,0.0,0.0,0.0,0.0,0.0,0.0,1.0,1.0,0.0,0.0,0.0,0.0,0.0,1.0,1.0,0.0,1473650805.0,1010.0,1010.0,2056.0,2056.0,2094.0,0.0,149.0,28376.0,24091.0,24024.0,99.0,0.0,0.0,0.0,134.0,0.0,0.0,61.0,68.0,67.0,13.0,59.0,495343872.0,0.0,2771982592.0,65545011072.0,426441216.0,0.0,0.0,1297.0,0.0,0.0,1561.0,134.0,1996.0
346,0.0,1.0,1.0,0.0,0.0,652800.0,1.0,140250000.0,1.0,408000000.0,0.548895835876,11894.0,1218.0,3886.0,41125.0,41750.0,42625.0,69.0,25.0,64.0,896.0,5000.0,0.0,25.0,1000000.0,950000.0,1.0,1.0,0.0,10.0,0.0,0.0,100.0,500.0,31562481.0,698260027.0,680231658.0,0.0,0.0,0.0,0.0,0.0,1.0,1.0,1.0,1.0,1.0,0.0,0.0,1.0,0.0,0.0,0.0,0.0,0.0,35.0,1.0,17352560.0,298727032.0,17610086.0,32895655.0,719510459.0,1901.0,3806656725.0,0.0,1.0,1.0,0.0,1.0,0.0,0.0,1.0,1.0,1.0,1.0,2.0,1.0,0.0,0.0,0.0,2.0,0.0,0.0,1.0,1.0,3.0,50.0,50.0,1.0,0.0,0.0,0.0,0.0,0.0,0.0,0.0,0.0,0.0,0.0,2.0,2.0,0.0,1.0,1.0,0.0,1.0,0.0,0.0,0.0,0.0,0.0,1.0,0.0,0.0,1.0,0.0,0.0,0.0,1.0,11.0,0.0,0.0,0.0,0.0,0.0,12.0,0.0,0.0,0.0,0.0,0.0,0.0,0.0,0.0,0.0,1.0,1.0,0.0,0.0,0.0,0.0,1.0,1.0,1.0,0.0,0.0,0.0,0.0,0.0,0.0,1.0,1.0,0.0,0.0,0.0,0.0,0.0,1.0,1.0,0.0,1491976251.0,1722.0,1722.0,1951.0,1951.0,1988.0,0.0,127.0,26094.0,23488.0,23433.0,100.0,0.0,0.0,0.0,132.0,0.0,0.0,49.0,56.0,55.0,10.0,47.0,355494976.0,0.0,2591367936.0,42882434592.0,665377600.0,0.0,0.0,1901.0,0.0,0.0,2306.0,110.0,2651.0
347,0.0,1.0,1.0,0.0,1.0,345600.0,1.0,1122000000.0,1.0,68000000.0,1.65162801743,18337.0,3200.0,4800.0,41083.3333333,41833.3333333,42833.3333333,99.0,25.0,64.0,896.0,5000.0,0.0,25.0,1000000.0,950000.0,1.0,0.0,0.0,10.0,0.0,0.0,0.0,100.0,34946321.0,843601394.0,757375114.0,0.0,0.0,0.0,0.0,0.0,1.0,1.0,1.0,1.0,1.0,0.0,0.0,1.0,0.0,0.0,0.0,0.0,0.0,32.0,1.0,25080249.0,303420492.0,25395625.0,38242717.0,876796281.0,1619.0,15893306667.0,0.0,1.0,1.0,0.0,1.0,0.0,0.0,1.0,1.0,1.0,1.0,2.0,1.0,0.0,0.0,0.0,2.0,0.0,0.0,1.0,1.0,3.0,50.0,50.0,1.0,0.0,0.0,0.0,0.0,0.0,0.0,0.0,0.0,0.0,0.0,2.0,2.0,0.0,1.0,1.0,0.0,1.0,0.0,0.0,0.0,0.0,0.0,1.0,0.0,0.0,1.0,0.0,0.0,0.0,1.0,11.0,0.0,0.0,0.0,0.0,0.0,12.0,0.0,0.0,0.0,0.0,0.0,0.0,0.0,0.0,0.0,1.0,1.0,0.0,0.0,0.0,0.0,1.0,1.0,1.0,0.0,0.0,0.0,0.0,0.0,0.0,1.0,1.0,0.0,0.0,0.0,0.0,0.0,1.0,1.0,0.0,1653674740.0,3125.0,3125.0,6484.0,6484.0,6513.0,0.0,234.0,27470.0,24294.0,24234.0,100.0,0.0,0.0,0.0,302.0,0.0,0.0,55.0,61.0,60.0,23.0,53.0,1026362464.0,5962496.0,11409162112.0,146346195168.0,1307071808.0,0.0,0.0,1619.0,0.0,0.0,2061.0,120.0,2633.0
348,0.0,1.0,1.0,0.0,1.0,345600.0,1.0,1122000000.0,1.0,68000000.0,1.5879399776499998,17803.0,2666.0,5183.0,41062.5,41500.0,42500.0,99.0,25.0,64.0,896.0,5000.0,0.0,25.0,1000000.0,950000.0,1.0,0.0,0.0,10.0,0.0,0.0,0.0,100.0,39902355.0,912062008.0,828989046.0,0.0,0.0,0.0,0.0,0.0,1.0,1.0,1.0,1.0,1.0,0.0,0.0,1.0,0.0,0.0,0.0,0.0,0.0,35.0,1.0,28293828.0,331488324.0,28969669.0,40081444.0,929946806.0,2058.0,16863791451.0,0.0,1.0,1.0,0.0,1.0,0.0,0.0,1.0,1.0,1.0,1.0,2.0,1.0,0.0,0.0,0.0,2.0,0.0,0.0,1.0,1.0,3.0,50.0,50.0,1.0,0.0,0.0,0.0,0.0,0.0,0.0,0.0,0.0,0.0,0.0,2.0,2.0,0.0,1.0,1.0,0.0,1.0,0.0,0.0,0.0,0.0,0.0,1.0,0.0,0.0,1.0,0.0,0.0,0.0,1.0,11.0,0.0,0.0,0.0,0.0,0.0,12.0,0.0,0.0,0.0,0.0,0.0,0.0,0.0,0.0,0.0,1.0,1.0,0.0,0.0,0.0,0.0,1.0,1.0,1.0,0.0,0.0,0.0,0.0,0.0,0.0,1.0,1.0,0.0,0.0,0.0,0.0,0.0,1.0,1.0,0.0,1705729589.0,3831.0,3831.0,7322.0,7322.0,7360.0,0.0,290.0,29730.0,24689.0,24624.0,107.0,0.0,0.0,0.0,406.0,0.0,0.0,61.0,66.0,65.0,29.0,59.0,1274379232.0,0.0,12502537088.0,184914229632.0,1576000416.0,0.0,0.0,2058.0,0.0,0.0,2776.0,130.0,3312.0
349,0.0,1.0,1.0,0.0,1.0,345600.0,1.0,1122000000.0,1.0,68000000.0,1.5830309391,11018.0,2209.0,3201.0,41062.5,41500.0,42500.0,99.0,25.0,64.0,896.0,5000.0,0.0,25.0,1000000.0,950000.0,1.0,0.0,0.0,10.0,0.0,0.0,0.0,100.0,33701619.0,844009676.0,746650212.0,0.0,0.0,0.0,0.0,0.0,1.0,1.0,1.0,1.0,1.0,0.0,0.0,1.0,0.0,0.0,0.0,0.0,0.0,35.0,1.0,26487586.0,298669395.0,27442333.0,34153409.0,875441810.0,1579.0,15726826307.0,0.0,1.0,1.0,0.0,1.0,0.0,0.0,1.0,1.0,1.0,1.0,2.0,1.0,0.0,0.0,0.0,2.0,0.0,0.0,1.0,1.0,3.0,50.0,50.0,1.0,0.0,0.0,0.0,0.0,0.0,0.0,0.0,0.0,0.0,0.0,2.0,2.0,0.0,1.0,1.0,0.0,1.0,0.0,0.0,0.0,0.0,0.0,1.0,0.0,0.0,1.0,0.0,0.0,0.0,1.0,11.0,0.0,0.0,0.0,0.0,0.0,12.0,0.0,0.0,0.0,0.0,0.0,0.0,0.0,0.0,0.0,1.0,1.0,0.0,0.0,0.0,0.0,1.0,1.0,1.0,0.0,0.0,0.0,0.0,0.0,0.0,1.0,1.0,0.0,0.0,0.0,0.0,0.0,1.0,1.0,0.0,1650108570.0,3264.0,3264.0,6379.0,6379.0,6409.0,0.0,205.0,26312.0,23738.0,23686.0,89.0,0.0,0.0,0.0,302.0,0.0,0.0,49.0,53.0,52.0,27.0,47.0,874492928.0,1183744.0,11182736448.0,137401199072.0,1087443904.0,0.0,0.0,1579.0,0.0,0.0,2108.0,104.0,2740.0
350,0.0,1.0,1.0,0.0,1.0,345600.0,1.0,1122000000.0,1.0,68000000.0,1.58767795563,14295.0,2437.0,3963.0,40708.3333333,41250.0,42500.0,90.0,25.0,64.0,896.0,5000.0,0.0,25.0,1000000.0,950000.0,1.0,1.0,0.0,10.0,0.0,0.0,0.0,100.0,40494683.0,908706698.0,821518805.0,0.0,0.0,0.0,0.0,0.0,1.0,1.0,1.0,1.0,1.0,0.0,0.0,1.0,0.0,0.0,0.0,0.0,0.0,35.0,1.0,27180809.0,323919223.0,27726082.0,40852238.0,924895234.0,2225.0,16879159480.0,0.0,1.0,1.0,0.0,1.0,0.0,0.0,1.0,1.0,1.0,1.0,2.0,1.0,0.0,0.0,0.0,2.0,0.0,0.0,1.0,1.0,3.0,50.0,50.0,1.0,0.0,0.0,0.0,0.0,0.0,0.0,0.0,0.0,0.0,0.0,2.0,2.0,0.0,1.0,1.0,0.0,1.0,0.0,0.0,0.0,0.0,0.0,1.0,0.0,0.0,1.0,0.0,0.0,0.0,1.0,11.0,0.0,0.0,0.0,0.0,0.0,12.0,0.0,0.0,0.0,0.0,0.0,0.0,0.0,0.0,0.0,1.0,1.0,0.0,0.0,0.0,0.0,1.0,1.0,1.0,0.0,0.0,0.0,0.0,0.0,0.0,1.0,1.0,0.0,0.0,0.0,0.0,0.0,1.0,1.0,0.0,1728506735.0,3931.0,3931.0,7108.0,7108.0,7144.0,0.0,253.0,29875.0,25193.0,25121.0,98.0,0.0,0.0,0.0,375.0,0.0,0.0,67.0,73.0,72.0,30.0,65.0,988970848.0,0.0,12381869408.0,154815402784.0,1628281728.0,0.0,0.0,2225.0,0.0,0.0,2966.0,144.0,3560.0
351,0.0,1.0,1.0,0.0,1.0,345600.0,1.0,1122000000.0,1.0,68000000.0,1.6040620803799999,14524.0,2437.0,4116.0,41083.3333333,41500.0,42500.0,90.0,25.0,64.0,896.0,5000.0,0.0,25.0,1000000.0,950000.0,1.0,1.0,0.0,10.0,0.0,0.0,0.0,100.0,35139259.0,851749790.0,753256684.0,0.0,0.0,0.0,0.0,0.0,1.0,1.0,1.0,1.0,1.0,0.0,0.0,1.0,0.0,0.0,0.0,0.0,0.0,33.0,1.0,26358757.0,300945493.0,27368294.0,36413311.0,874330634.0,1705.0,15780538162.0,0.0,1.0,1.0,0.0,1.0,0.0,0.0,1.0,1.0,1.0,1.0,2.0,1.0,0.0,0.0,0.0,2.0,0.0,0.0,1.0,1.0,3.0,50.0,50.0,1.0,0.0,0.0,0.0,0.0,0.0,0.0,0.0,0.0,0.0,0.0,2.0,2.0,0.0,1.0,1.0,0.0,1.0,0.0,0.0,0.0,0.0,0.0,1.0,0.0,0.0,1.0,0.0,0.0,0.0,1.0,11.0,0.0,0.0,0.0,0.0,0.0,12.0,0.0,0.0,0.0,0.0,0.0,0.0,0.0,0.0,0.0,1.0,1.0,0.0,0.0,0.0,0.0,1.0,1.0,1.0,0.0,0.0,0.0,0.0,0.0,0.0,1.0,1.0,0.0,0.0,0.0,0.0,0.0,1.0,1.0,0.0,1649346854.0,3443.0,3443.0,6628.0,6628.0,6661.0,0.0,235.0,26496.0,23761.0,23709.0,84.0,0.0,0.0,0.0,309.0,0.0,0.0,49.0,53.0,52.0,28.0,47.0,902059392.0,0.0,11316633248.0,126808003616.0,1288660896.0,0.0,0.0,1705.0,0.0,0.0,2266.0,104.0,2932.0
352,0.0,1.0,1.0,0.0,1.0,345600.0,1.0,1122000000.0,1.0,68000000.0,1.5883500575999998,14411.0,2285.0,3885.0,40833.3333333,41333.3333333,42500.0,90.0,25.0,64.0,896.0,5000.0,0.0,25.0,1000000.0,950000.0,1.0,1.0,0.0,10.0,0.0,0.0,0.0,100.0,33741652.0,834575486.0,754044721.0,0.0,0.0,0.0,0.0,0.0,1.0,1.0,1.0,1.0,1.0,0.0,0.0,1.0,0.0,0.0,0.0,0.0,0.0,32.0,1.0,26071797.0,298773411.0,26963496.0,35474890.0,859312535.0,1546.0,15596040509.0,0.0,1.0,1.0,0.0,1.0,0.0,0.0,1.0,1.0,1.0,1.0,2.0,1.0,0.0,0.0,0.0,2.0,0.0,0.0,1.0,1.0,3.0,50.0,50.0,1.0,0.0,0.0,0.0,0.0,0.0,0.0,0.0,0.0,0.0,0.0,2.0,2.0,0.0,1.0,1.0,0.0,1.0,0.0,0.0,0.0,0.0,0.0,1.0,0.0,0.0,1.0,0.0,0.0,0.0,1.0,11.0,0.0,0.0,0.0,0.0,0.0,12.0,0.0,0.0,0.0,0.0,0.0,0.0,0.0,0.0,0.0,1.0,1.0,0.0,0.0,0.0,0.0,1.0,1.0,1.0,0.0,0.0,0.0,0.0,0.0,0.0,1.0,1.0,0.0,0.0,0.0,0.0,0.0,1.0,1.0,0.0,1628218707.0,3076.0,3076.0,6462.0,6462.0,6490.0,0.0,220.0,26619.0,23932.0,23879.0,127.0,0.0,0.0,0.0,305.0,0.0,0.0,49.0,54.0,53.0,19.0,47.0,648316512.0,0.0,11108975264.0,114114908544.0,1328311904.0,0.0,0.0,1546.0,0.0,0.0,2076.0,106.0,2662.0
353,0.0,1.0,1.0,0.0,1.0,345600.0,1.0,1122000000.0,1.0,68000000.0,1.6129150390600002,17955.0,2666.0,4953.0,40600.0,41300.0,42400.0,78.0,25.0,64.0,896.0,5000.0,0.0,25.0,1000000.0,950000.0,1.0,0.0,0.0,10.0,0.0,0.0,0.0,500.0,40943256.0,947557116.0,849901856.0,0.0,0.0,0.0,0.0,0.0,1.0,1.0,1.0,1.0,1.0,0.0,0.0,1.0,0.0,0.0,0.0,0.0,0.0,32.0,1.0,31366342.0,361368195.0,31907900.0,42477745.0,981196984.0,1953.0,18944422097.0,0.0,1.0,1.0,0.0,1.0,0.0,0.0,1.0,1.0,1.0,1.0,2.0,1.0,0.0,0.0,0.0,2.0,0.0,0.0,1.0,1.0,3.0,50.0,50.0,1.0,0.0,0.0,0.0,0.0,0.0,0.0,0.0,0.0,0.0,0.0,2.0,2.0,0.0,1.0,1.0,0.0,1.0,0.0,0.0,0.0,0.0,0.0,1.0,0.0,0.0,1.0,0.0,0.0,0.0,1.0,11.0,0.0,0.0,0.0,0.0,0.0,12.0,0.0,0.0,0.0,0.0,0.0,0.0,0.0,0.0,0.0,1.0,1.0,0.0,0.0,0.0,0.0,1.0,1.0,1.0,0.0,0.0,0.0,0.0,0.0,0.0,1.0,1.0,0.0,0.0,0.0,0.0,0.0,1.0,1.0,0.0,1789493613.0,3851.0,3851.0,7915.0,7915.0,7944.0,0.0,272.0,30281.0,25006.0,24934.0,94.0,0.0,0.0,0.0,387.0,0.0,0.0,67.0,73.0,72.0,32.0,65.0,1428682304.0,378592.0,13875862688.0,337184140032.0,1718093984.0,0.0,0.0,1953.0,0.0,0.0,2468.0,144.0,2982.0
354,0.0,1.0,1.0,0.0,1.0,345600.0,1.0,1122000000.0,1.0,68000000.0,1.58641219139,14449.0,2361.0,3961.0,40687.5,41250.0,42375.0,78.0,25.0,64.0,896.0,5000.0,0.0,25.0,1000000.0,950000.0,1.0,0.0,0.0,10.0,0.0,0.0,0.0,500.0,34881495.0,860485575.0,774850742.0,0.0,0.0,0.0,0.0,0.0,1.0,1.0,1.0,1.0,1.0,0.0,0.0,1.0,0.0,0.0,0.0,0.0,0.0,34.0,1.0,26265367.0,324622062.0,26842783.0,36313035.0,884680862.0,1541.0,15873176453.0,0.0,1.0,1.0,0.0,1.0,0.0,0.0,1.0,1.0,1.0,1.0,2.0,1.0,0.0,0.0,0.0,2.0,0.0,0.0,1.0,1.0,3.0,50.0,50.0,1.0,0.0,0.0,0.0,0.0,0.0,0.0,0.0,0.0,0.0,0.0,2.0,2.0,0.0,1.0,1.0,0.0,1.0,0.0,0.0,0.0,0.0,0.0,1.0,0.0,0.0,1.0,0.0,0.0,0.0,1.0,11.0,0.0,0.0,0.0,0.0,0.0,12.0,0.0,0.0,0.0,0.0,0.0,0.0,0.0,0.0,0.0,1.0,1.0,0.0,0.0,0.0,0.0,1.0,1.0,1.0,0.0,0.0,0.0,0.0,0.0,0.0,1.0,1.0,0.0,0.0,0.0,0.0,0.0,1.0,1.0,0.0,1673606932.0,3198.0,3198.0,6685.0,6685.0,6719.0,0.0,273.0,28497.0,24422.0,24362.0,80.0,0.0,0.0,0.0,395.0,0.0,0.0,55.0,61.0,60.0,24.0,53.0,1051464000.0,0.0,11547973120.0,131901664352.0,1252013024.0,0.0,0.0,1541.0,0.0,0.0,2161.0,120.0,2892.0
355,0.0,1.0,1.0,0.0,1.0,345600.0,1.0,1122000000.0,1.0,68000000.0,1.65279984474,14448.0,2361.0,4038.0,40625.0,41250.0,42500.0,78.0,25.0,64.0,896.0,5000.0,0.0,25.0,1000000.0,950000.0,1.0,0.0,0.0,10.0,0.0,0.0,0.0,500.0,36290945.0,857592592.0,776551951.0,0.0,0.0,0.0,0.0,0.0,1.0,1.0,1.0,1.0,1.0,0.0,0.0,1.0,0.0,0.0,0.0,0.0,0.0,33.0,1.0,26151944.0,302162278.0,27266202.0,36754183.0,880390050.0,1604.0,16195032054.0,0.0,1.0,1.0,0.0,1.0,0.0,0.0,1.0,1.0,1.0,1.0,2.0,1.0,0.0,0.0,0.0,2.0,0.0,0.0,1.0,1.0,3.0,50.0,50.0,1.0,0.0,0.0,0.0,0.0,0.0,0.0,0.0,0.0,0.0,0.0,2.0,2.0,0.0,1.0,1.0,0.0,1.0,0.0,0.0,0.0,0.0,0.0,1.0,0.0,0.0,1.0,0.0,0.0,0.0,1.0,11.0,0.0,0.0,0.0,0.0,0.0,12.0,0.0,0.0,0.0,0.0,0.0,0.0,0.0,0.0,0.0,1.0,1.0,0.0,0.0,0.0,0.0,1.0,1.0,1.0,0.0,0.0,0.0,0.0,0.0,0.0,1.0,1.0,0.0,0.0,0.0,0.0,0.0,1.0,1.0,0.0,1648727916.0,3124.0,3124.0,6562.0,6562.0,6599.0,0.0,235.0,28258.0,24420.0,24360.0,76.0,0.0,0.0,0.0,310.0,0.0,0.0,55.0,61.0,60.0,30.0,53.0,877122496.0,0.0,11472872608.0,95376328352.0,1153407040.0,0.0,0.0,1604.0,0.0,0.0,2068.0,120.0,2739.0
356,0.0,1.0,1.0,0.0,1.0,345600.0,1.0,1122000000.0,1.0,68000000.0,1.61101388931,24134.0,3427.0,6173.0,40500.0,41375.0,42375.0,72.0,25.0,64.0,896.0,5000.0,0.0,25.0,1000000.0,950000.0,1.0,1.0,0.0,10.0,0.0,0.0,0.0,500.0,43091065.0,925483529.0,830882616.0,0.0,0.0,0.0,0.0,0.0,1.0,1.0,1.0,1.0,1.0,0.0,0.0,1.0,0.0,0.0,0.0,0.0,0.0,34.0,1.0,28679872.0,324768043.0,29777467.0,44014606.0,957607808.0,2187.0,17556642042.0,0.0,1.0,1.0,0.0,1.0,0.0,0.0,1.0,1.0,1.0,1.0,2.0,1.0,0.0,0.0,0.0,2.0,0.0,0.0,1.0,1.0,3.0,50.0,50.0,1.0,0.0,0.0,0.0,0.0,0.0,0.0,0.0,0.0,0.0,0.0,2.0,2.0,0.0,1.0,1.0,0.0,1.0,0.0,0.0,0.0,0.0,0.0,1.0,0.0,0.0,1.0,0.0,0.0,0.0,1.0,11.0,0.0,0.0,0.0,0.0,0.0,12.0,0.0,0.0,0.0,0.0,0.0,0.0,0.0,0.0,0.0,1.0,1.0,0.0,0.0,0.0,0.0,1.0,1.0,1.0,0.0,0.0,0.0,0.0,0.0,0.0,1.0,1.0,0.0,0.0,0.0,0.0,0.0,1.0,1.0,0.0,1767730384.0,4077.0,4077.0,7678.0,7678.0,7706.0,0.0,278.0,31867.0,25730.0,25652.0,148.0,0.0,0.0,0.0,430.0,0.0,0.0,73.0,79.0,78.0,34.0,71.0,1754041568.0,0.0,13476741664.0,158207509824.0,1333728832.0,0.0,0.0,2187.0,0.0,0.0,2911.0,156.0,3613.0
357,0.0,1.0,1.0,0.0,1.0,345600.0,1.0,1122000000.0,1.0,68000000.0,1.6397550106,18032.0,2971.0,4953.0,40562.5,41125.0,42250.0,72.0,25.0,64.0,896.0,5000.0,0.0,25.0,1000000.0,950000.0,1.0,1.0,0.0,10.0,0.0,0.0,0.0,500.0,35091589.0,876473106.0,776903742.0,0.0,0.0,0.0,0.0,0.0,1.0,1.0,1.0,1.0,1.0,0.0,0.0,1.0,0.0,0.0,0.0,0.0,0.0,35.0,1.0,25972978.0,310403350.0,27349458.0,38987008.0,914029716.0,1825.0,16138571884.0,0.0,1.0,1.0,0.0,1.0,0.0,0.0,1.0,1.0,1.0,1.0,2.0,1.0,0.0,0.0,0.0,2.0,0.0,0.0,1.0,1.0,3.0,50.0,50.0,1.0,0.0,0.0,0.0,0.0,0.0,0.0,0.0,0.0,0.0,0.0,2.0,2.0,0.0,1.0,1.0,0.0,1.0,0.0,0.0,0.0,0.0,0.0,1.0,0.0,0.0,1.0,0.0,0.0,0.0,1.0,11.0,0.0,0.0,0.0,0.0,0.0,12.0,0.0,0.0,0.0,0.0,0.0,0.0,0.0,0.0,0.0,1.0,1.0,0.0,0.0,0.0,0.0,1.0,1.0,1.0,0.0,0.0,0.0,0.0,0.0,0.0,1.0,1.0,0.0,0.0,0.0,0.0,0.0,1.0,1.0,0.0,1711303795.0,3548.0,3548.0,6792.0,6792.0,6825.0,0.0,226.0,29300.0,24549.0,24484.0,103.0,0.0,0.0,0.0,364.0,0.0,0.0,61.0,66.0,65.0,31.0,59.0,909340512.0,0.0,11734576672.0,114864953248.0,1257378720.0,0.0,0.0,1825.0,0.0,0.0,2410.0,130.0,3028.0
358,0.0,1.0,1.0,0.0,1.0,345600.0,1.0,1122000000.0,1.0,68000000.0,1.7049119472499998,14677.0,2437.0,4039.0,40500.0,41000.0,42166.6666667,72.0,25.0,64.0,896.0,5000.0,0.0,25.0,1000000.0,950000.0,1.0,1.0,0.0,10.0,0.0,0.0,0.0,500.0,40275967.0,901611264.0,820198456.0,0.0,0.0,0.0,0.0,0.0,1.0,1.0,1.0,1.0,1.0,0.0,0.0,1.0,0.0,0.0,0.0,0.0,0.0,35.0,1.0,28704893.0,325137260.0,29286884.0,41053626.0,926795166.0,1847.0,17772947723.0,0.0,1.0,1.0,0.0,1.0,0.0,0.0,1.0,1.0,1.0,1.0,2.0,1.0,0.0,0.0,0.0,2.0,0.0,0.0,1.0,1.0,3.0,50.0,50.0,1.0,0.0,0.0,0.0,0.0,0.0,0.0,0.0,0.0,0.0,0.0,2.0,2.0,0.0,1.0,1.0,0.0,1.0,0.0,0.0,0.0,0.0,0.0,1.0,0.0,0.0,1.0,0.0,0.0,0.0,1.0,11.0,0.0,0.0,0.0,0.0,0.0,12.0,0.0,0.0,0.0,0.0,0.0,0.0,0.0,0.0,0.0,1.0,1.0,0.0,0.0,0.0,0.0,1.0,1.0,1.0,0.0,0.0,0.0,0.0,0.0,0.0,1.0,1.0,0.0,0.0,0.0,0.0,0.0,1.0,1.0,0.0,1704128883.0,3676.0,3676.0,7391.0,7391.0,7432.0,0.0,301.0,30948.0,25260.0,25188.0,132.0,0.0,0.0,0.0,407.0,0.0,0.0,67.0,73.0,72.0,25.0,65.0,1282033888.0,0.0,13014821216.0,260296695232.0,1741934112.0,0.0,0.0,1847.0,0.0,0.0,2505.0,144.0,3231.0
359,0.0,1.0,1.0,0.0,1.0,345600.0,1.0,1122000000.0,1.0,68000000.0,1.5638329982799999,17422.0,2589.0,5029.0,40375.0,41000.0,42166.6666667,81.0,25.0,64.0,896.0,5000.0,0.0,25.0,1000000.0,950000.0,1.0,0.0,0.0,10.0,0.0,0.0,100.0,100.0,42658743.0,952815427.0,856087902.0,0.0,0.0,0.0,0.0,0.0,1.0,1.0,1.0,1.0,1.0,0.0,0.0,1.0,0.0,0.0,0.0,0.0,0.0,35.0,1.0,32000703.0,333947575.0,32770708.0,47657841.0,987284133.0,2469.0,18286748684.0,0.0,1.0,1.0,0.0,1.0,0.0,0.0,1.0,1.0,1.0,1.0,2.0,1.0,0.0,0.0,0.0,2.0,0.0,0.0,1.0,1.0,3.0,50.0,50.0,1.0,0.0,0.0,0.0,0.0,0.0,0.0,0.0,0.0,0.0,0.0,2.0,2.0,0.0,1.0,1.0,0.0,1.0,0.0,0.0,0.0,0.0,0.0,1.0,0.0,0.0,1.0,0.0,0.0,0.0,1.0,11.0,0.0,0.0,0.0,0.0,0.0,12.0,0.0,0.0,0.0,0.0,0.0,0.0,0.0,0.0,0.0,1.0,1.0,0.0,0.0,0.0,0.0,1.0,1.0,1.0,0.0,0.0,0.0,0.0,0.0,0.0,1.0,1.0,0.0,0.0,0.0,0.0,0.0,1.0,1.0,0.0,1811209563.0,4391.0,4391.0,7814.0,7814.0,7864.0,0.0,315.0,31761.0,25670.0,25591.0,147.0,0.0,0.0,0.0,450.0,0.0,0.0,73.0,80.0,79.0,32.0,71.0,980349184.0,0.0,13548719872.0,165189554592.0,1626721088.0,0.0,0.0,2469.0,0.0,0.0,3233.0,158.0,3946.0
360,0.0,1.0,1.0,0.0,1.0,345600.0,1.0,1122000000.0,1.0,68000000.0,1.59885001183,18337.0,2895.0,4953.0,40250.0,40833.3333333,42000.0,81.0,25.0,64.0,896.0,5000.0,0.0,25.0,1000000.0,950000.0,1.0,0.0,0.0,10.0,0.0,0.0,100.0,100.0,34316461.0,883704576.0,777719526.0,0.0,0.0,0.0,0.0,0.0,1.0,1.0,1.0,1.0,1.0,0.0,0.0,1.0,0.0,0.0,0.0,0.0,0.0,30.0,1.0,25173164.0,303532699.0,25874840.0,39084802.0,906078076.0,1672.0,16113105472.0,0.0,1.0,1.0,0.0,1.0,0.0,0.0,1.0,1.0,1.0,1.0,2.0,1.0,0.0,0.0,0.0,2.0,0.0,0.0,1.0,1.0,3.0,50.0,50.0,1.0,0.0,0.0,0.0,0.0,0.0,0.0,0.0,0.0,0.0,0.0,2.0,2.0,0.0,1.0,1.0,0.0,1.0,0.0,0.0,0.0,0.0,0.0,1.0,0.0,0.0,1.0,0.0,0.0,0.0,1.0,11.0,0.0,0.0,0.0,0.0,0.0,12.0,0.0,0.0,0.0,0.0,0.0,0.0,0.0,0.0,0.0,1.0,1.0,0.0,0.0,0.0,0.0,1.0,1.0,1.0,0.0,0.0,0.0,0.0,0.0,0.0,1.0,1.0,0.0,0.0,0.0,0.0,0.0,1.0,1.0,0.0,1667143934.0,3269.0,3269.0,6496.0,6496.0,6523.0,0.0,229.0,27833.0,24333.0,24273.0,88.0,0.0,0.0,0.0,352.0,0.0,0.0,55.0,61.0,60.0,20.0,53.0,890484608.0,0.0,11449089504.0,124787908064.0,1208945088.0,0.0,0.0,1672.0,0.0,0.0,2202.0,120.0,2826.0
361,0.0,1.0,1.0,0.0,1.0,345600.0,1.0,1122000000.0,1.0,68000000.0,1.5597140789,10902.0,1981.0,2970.0,40375.0,40875.0,42000.0,81.0,25.0,64.0,896.0,5000.0,0.0,25.0,1000000.0,950000.0,1.0,0.0,0.0,10.0,0.0,0.0,100.0,100.0,31395547.0,832861880.0,743328323.0,0.0,0.0,0.0,0.0,0.0,1.0,1.0,1.0,1.0,1.0,0.0,0.0,1.0,0.0,0.0,0.0,0.0,0.0,32.0,1.0,26042910.0,286521448.0,27163455.0,35514452.0,875489792.0,1663.0,15648334115.0,0.0,1.0,1.0,0.0,1.0,0.0,0.0,1.0,1.0,1.0,1.0,2.0,1.0,0.0,0.0,0.0,2.0,0.0,0.0,1.0,1.0,3.0,50.0,50.0,1.0,0.0,0.0,0.0,0.0,0.0,0.0,0.0,0.0,0.0,0.0,2.0,2.0,0.0,1.0,1.0,0.0,1.0,0.0,0.0,0.0,0.0,0.0,1.0,0.0,0.0,1.0,0.0,0.0,0.0,1.0,11.0,0.0,0.0,0.0,0.0,0.0,12.0,0.0,0.0,0.0,0.0,0.0,0.0,0.0,0.0,0.0,1.0,1.0,0.0,0.0,0.0,0.0,1.0,1.0,1.0,0.0,0.0,0.0,0.0,0.0,0.0,1.0,1.0,0.0,0.0,0.0,0.0,0.0,1.0,1.0,0.0,1663782005.0,3491.0,3491.0,6338.0,6338.0,6361.0,0.0,200.0,25949.0,23619.0,23566.0,89.0,0.0,0.0,0.0,311.0,0.0,0.0,49.0,54.0,53.0,17.0,47.0,1001979712.0,0.0,11293522400.0,129162864992.0,1359693792.0,0.0,0.0,1663.0,0.0,0.0,2143.0,106.0,2696.0
362,0.0,1.0,1.0,0.0,1.0,345600.0,1.0,1122000000.0,1.0,68000000.0,1.6043889522600001,17957.0,2666.0,4877.0,40312.5,40875.0,42000.0,90.0,25.0,64.0,896.0,5000.0,0.0,25.0,1000000.0,950000.0,1.0,1.0,0.0,10.0,0.0,0.0,100.0,100.0,38574313.0,904119325.0,807631222.0,0.0,0.0,0.0,0.0,0.0,1.0,1.0,1.0,1.0,1.0,0.0,0.0,1.0,0.0,0.0,0.0,0.0,0.0,33.0,1.0,29301202.0,321186549.0,30846001.0,41358024.0,942767120.0,1624.0,17930588839.0,0.0,1.0,1.0,0.0,1.0,0.0,0.0,1.0,1.0,1.0,1.0,2.0,1.0,0.0,0.0,0.0,2.0,0.0,0.0,1.0,1.0,3.0,50.0,50.0,1.0,0.0,0.0,0.0,0.0,0.0,0.0,0.0,0.0,0.0,0.0,2.0,2.0,0.0,1.0,1.0,0.0,1.0,0.0,0.0,0.0,0.0,0.0,1.0,0.0,0.0,1.0,0.0,0.0,0.0,1.0,11.0,0.0,0.0,0.0,0.0,0.0,12.0,0.0,0.0,0.0,0.0,0.0,0.0,0.0,0.0,0.0,1.0,1.0,0.0,0.0,0.0,0.0,1.0,1.0,1.0,0.0,0.0,0.0,0.0,0.0,0.0,1.0,1.0,0.0,0.0,0.0,0.0,0.0,1.0,1.0,0.0,1735333943.0,3704.0,3704.0,7722.0,7722.0,7756.0,0.0,285.0,29342.0,24689.0,24624.0,108.0,0.0,0.0,0.0,393.0,0.0,0.0,61.0,66.0,65.0,31.0,59.0,1589480704.0,0.0,13284309440.0,163833173536.0,1490885472.0,0.0,0.0,1624.0,0.0,0.0,2212.0,130.0,3007.0
363,0.0,1.0,1.0,0.0,1.0,345600.0,1.0,1122000000.0,1.0,68000000.0,1.5635390281700001,17345.0,2437.0,4572.0,40375.0,40875.0,42000.0,90.0,25.0,64.0,896.0,5000.0,0.0,25.0,1000000.0,950000.0,1.0,1.0,0.0,10.0,0.0,0.0,100.0,100.0,39041902.0,905990113.0,819618731.0,0.0,0.0,0.0,0.0,0.0,1.0,1.0,1.0,1.0,1.0,0.0,0.0,1.0,0.0,0.0,0.0,0.0,0.0,33.0,1.0,28368784.0,324542014.0,29843641.0,43397160.0,929654706.0,2441.0,16433894886.0,0.0,1.0,1.0,0.0,1.0,0.0,0.0,1.0,1.0,1.0,1.0,2.0,1.0,0.0,0.0,0.0,2.0,0.0,0.0,1.0,1.0,3.0,50.0,50.0,1.0,0.0,0.0,0.0,0.0,0.0,0.0,0.0,0.0,0.0,0.0,2.0,2.0,0.0,1.0,1.0,0.0,1.0,0.0,0.0,0.0,0.0,0.0,1.0,0.0,0.0,1.0,0.0,0.0,0.0,1.0,11.0,0.0,0.0,0.0,0.0,0.0,12.0,0.0,0.0,0.0,0.0,0.0,0.0,0.0,0.0,0.0,1.0,1.0,0.0,0.0,0.0,0.0,1.0,1.0,1.0,0.0,0.0,0.0,0.0,0.0,0.0,1.0,1.0,0.0,0.0,0.0,0.0,0.0,1.0,1.0,0.0,1722597516.0,4336.0,4336.0,6955.0,6955.0,6974.0,0.0,240.0,28701.0,24611.0,24545.0,143.0,0.0,0.0,0.0,421.0,0.0,0.0,61.0,67.0,66.0,25.0,59.0,1722315936.0,550272.0,12585047200.0,143677379040.0,1572470336.0,0.0,0.0,2441.0,0.0,0.0,3066.0,132.0,3718.0
364,0.0,1.0,1.0,0.0,1.0,345600.0,1.0,1122000000.0,1.0,68000000.0,1.59428691864,14486.0,2514.0,3809.0,40250.0,40875.0,41875.0,90.0,25.0,64.0,896.0,5000.0,0.0,25.0,1000000.0,950000.0,1.0,1.0,0.0,10.0,0.0,0.0,100.0,100.0,36725021.0,867235958.0,781841591.0,0.0,0.0,0.0,0.0,0.0,1.0,1.0,1.0,1.0,1.0,0.0,0.0,1.0,0.0,0.0,0.0,0.0,0.0,33.0,1.0,26728537.0,323112471.0,28411320.0,39041904.0,918121371.0,1920.0,16203487274.0,0.0,1.0,1.0,0.0,1.0,0.0,0.0,1.0,1.0,1.0,1.0,2.0,1.0,0.0,0.0,0.0,2.0,0.0,0.0,1.0,1.0,3.0,50.0,50.0,1.0,0.0,0.0,0.0,0.0,0.0,0.0,0.0,0.0,0.0,0.0,2.0,2.0,0.0,1.0,1.0,0.0,1.0,0.0,0.0,0.0,0.0,0.0,1.0,0.0,0.0,1.0,0.0,0.0,0.0,1.0,11.0,0.0,0.0,0.0,0.0,0.0,12.0,0.0,0.0,0.0,0.0,0.0,0.0,0.0,0.0,0.0,1.0,1.0,0.0,0.0,0.0,0.0,1.0,1.0,1.0,0.0,0.0,0.0,0.0,0.0,0.0,1.0,1.0,0.0,0.0,0.0,0.0,0.0,1.0,1.0,0.0,1724649203.0,3795.0,3795.0,6798.0,6798.0,6828.0,0.0,213.0,27768.0,24082.0,24023.0,94.0,0.0,0.0,0.0,362.0,0.0,0.0,55.0,60.0,59.0,27.0,53.0,1499366944.0,0.0,11946731936.0,134436370464.0,1327027264.0,0.0,0.0,1920.0,0.0,0.0,2569.0,118.0,3222.0
365,0.0,1.0,1.0,0.0,1.0,345600.0,1.0,1122000000.0,1.0,68000000.0,1.6457221508000002,22680.0,3198.0,6477.0,40200.0,40900.0,42000.0,100.0,25.0,64.0,896.0,5000.0,0.0,25.0,1000000.0,950000.0,1.0,0.0,0.0,10.0,0.0,0.0,100.0,500.0,41297849.0,937951672.0,851265722.0,0.0,0.0,0.0,0.0,0.0,1.0,1.0,1.0,1.0,1.0,0.0,0.0,1.0,0.0,0.0,0.0,0.0,0.0,35.0,1.0,29864260.0,353016946.0,29993563.0,44238502.0,981239805.0,1922.0,18665493226.0,0.0,1.0,1.0,0.0,1.0,0.0,0.0,1.0,1.0,1.0,1.0,2.0,1.0,0.0,0.0,0.0,2.0,0.0,0.0,1.0,1.0,3.0,50.0,50.0,1.0,0.0,0.0,0.0,0.0,0.0,0.0,0.0,0.0,0.0,0.0,2.0,2.0,0.0,1.0,1.0,0.0,1.0,0.0,0.0,0.0,0.0,0.0,1.0,0.0,0.0,1.0,0.0,0.0,0.0,1.0,11.0,0.0,0.0,0.0,0.0,0.0,12.0,0.0,0.0,0.0,0.0,0.0,0.0,0.0,0.0,0.0,1.0,1.0,0.0,0.0,0.0,0.0,1.0,1.0,1.0,0.0,0.0,0.0,0.0,0.0,0.0,1.0,1.0,0.0,0.0,0.0,0.0,0.0,1.0,1.0,0.0,1784966218.0,3883.0,3883.0,7899.0,7899.0,7952.0,0.0,303.0,30958.0,25461.0,25383.0,129.0,0.0,0.0,0.0,399.0,0.0,0.0,73.0,79.0,78.0,37.0,71.0,1210898656.0,0.0,13577880800.0,136040822784.0,2053108544.0,0.0,0.0,1922.0,0.0,0.0,2559.0,156.0,3260.0
366,0.0,1.0,1.0,0.0,1.0,345600.0,1.0,1122000000.0,1.0,68000000.0,1.61132907867,14868.0,2742.0,4114.0,40187.5,40875.0,41625.0,100.0,25.0,64.0,896.0,5000.0,0.0,25.0,1000000.0,950000.0,1.0,0.0,0.0,10.0,0.0,0.0,100.0,500.0,36013791.0,878855831.0,778457274.0,0.0,0.0,0.0,0.0,0.0,1.0,1.0,1.0,1.0,1.0,0.0,0.0,1.0,0.0,0.0,0.0,0.0,0.0,35.0,1.0,25970608.0,287909445.0,27272898.0,39592066.0,900758090.0,1488.0,16269880344.0,0.0,1.0,1.0,0.0,1.0,0.0,0.0,1.0,1.0,1.0,1.0,2.0,1.0,0.0,0.0,0.0,2.0,0.0,0.0,1.0,1.0,3.0,50.0,50.0,1.0,0.0,0.0,0.0,0.0,0.0,0.0,0.0,0.0,0.0,0.0,2.0,2.0,0.0,1.0,1.0,0.0,1.0,0.0,0.0,0.0,0.0,0.0,1.0,0.0,0.0,1.0,0.0,0.0,0.0,1.0,11.0,0.0,0.0,0.0,0.0,0.0,12.0,0.0,0.0,0.0,0.0,0.0,0.0,0.0,0.0,0.0,1.0,1.0,0.0,0.0,0.0,0.0,1.0,1.0,1.0,0.0,0.0,0.0,0.0,0.0,0.0,1.0,1.0,0.0,0.0,0.0,0.0,0.0,1.0,1.0,0.0,1674506456.0,3207.0,3207.0,6677.0,6677.0,6709.0,0.0,229.0,27905.0,24326.0,24267.0,84.0,0.0,0.0,0.0,375.0,0.0,0.0,55.0,60.0,59.0,20.0,53.0,1106844288.0,0.0,11636736992.0,134265646496.0,1166717760.0,0.0,0.0,1488.0,0.0,0.0,2060.0,118.0,2687.0
367,0.0,1.0,1.0,0.0,1.0,345600.0,1.0,1122000000.0,1.0,68000000.0,1.6409180164300001,17994.0,2513.0,5182.0,39937.5,40750.0,41875.0,100.0,25.0,64.0,896.0,5000.0,0.0,25.0,1000000.0,950000.0,1.0,0.0,0.0,10.0,0.0,0.0,100.0,500.0,36767635.0,930309006.0,834147838.0,0.0,0.0,0.0,0.0,0.0,1.0,1.0,1.0,1.0,1.0,0.0,0.0,1.0,0.0,0.0,0.0,0.0,0.0,35.0,1.0,29234857.0,332732966.0,30542247.0,38443242.0,953333076.0,1724.0,19100010762.0,0.0,1.0,1.0,0.0,1.0,0.0,0.0,1.0,1.0,1.0,1.0,2.0,1.0,0.0,0.0,0.0,2.0,0.0,0.0,1.0,1.0,3.0,50.0,50.0,1.0,0.0,0.0,0.0,0.0,0.0,0.0,0.0,0.0,0.0,0.0,2.0,2.0,0.0,1.0,1.0,0.0,1.0,0.0,0.0,0.0,0.0,0.0,1.0,0.0,0.0,1.0,0.0,0.0,0.0,1.0,11.0,0.0,0.0,0.0,0.0,0.0,12.0,0.0,0.0,0.0,0.0,0.0,0.0,0.0,0.0,0.0,1.0,1.0,0.0,0.0,0.0,0.0,1.0,1.0,1.0,0.0,0.0,0.0,0.0,0.0,0.0,1.0,1.0,0.0,0.0,0.0,0.0,0.0,1.0,1.0,0.0,1702165531.0,3644.0,3644.0,7518.0,7518.0,7557.0,0.0,316.0,29701.0,24695.0,24630.0,80.0,0.0,0.0,0.0,383.0,0.0,0.0,61.0,66.0,65.0,30.0,59.0,1213019520.0,0.0,13323231360.0,249383111808.0,1876144000.0,0.0,0.0,1724.0,0.0,0.0,2302.0,130.0,2898.0
368,0.0,1.0,1.0,0.0,1.0,345600.0,1.0,1122000000.0,1.0,68000000.0,1.58398580551,14334.0,2361.0,4191.0,40125.0,40625.0,42000.0,91.0,25.0,64.0,896.0,5000.0,0.0,25.0,1000000.0,950000.0,1.0,1.0,0.0,10.0,0.0,0.0,100.0,500.0,38168979.0,875794734.0,787519878.0,0.0,0.0,0.0,0.0,0.0,1.0,1.0,1.0,1.0,1.0,0.0,0.0,1.0,0.0,0.0,0.0,0.0,0.0,31.0,1.0,26417623.0,324964212.0,27658659.0,41850319.0,896215248.0,2258.0,16193628281.0,0.0,1.0,1.0,0.0,1.0,0.0,0.0,1.0,1.0,1.0,1.0,2.0,1.0,0.0,0.0,0.0,2.0,0.0,0.0,1.0,1.0,3.0,50.0,50.0,1.0,0.0,0.0,0.0,0.0,0.0,0.0,0.0,0.0,0.0,0.0,2.0,2.0,0.0,1.0,1.0,0.0,1.0,0.0,0.0,0.0,0.0,0.0,1.0,0.0,0.0,1.0,0.0,0.0,0.0,1.0,11.0,0.0,0.0,0.0,0.0,0.0,12.0,0.0,0.0,0.0,0.0,0.0,0.0,0.0,0.0,0.0,1.0,1.0,0.0,0.0,0.0,0.0,1.0,1.0,1.0,0.0,0.0,0.0,0.0,0.0,0.0,1.0,1.0,0.0,0.0,0.0,0.0,0.0,1.0,1.0,0.0,1697094060.0,4020.0,4020.0,6833.0,6833.0,6855.0,0.0,254.0,28312.0,24281.0,24221.0,91.0,0.0,0.0,0.0,434.0,0.0,0.0,55.0,61.0,60.0,16.0,53.0,1111187488.0,0.0,11843623936.0,123807761824.0,1402952480.0,0.0,0.0,2258.0,0.0,0.0,2881.0,120.0,3466.0
369,0.0,1.0,1.0,0.0,1.0,345600.0,1.0,1122000000.0,1.0,68000000.0,1.59862709045,10826.0,1828.0,3201.0,40083.3333333,40833.3333333,41833.3333333,91.0,25.0,64.0,896.0,5000.0,0.0,25.0,1000000.0,950000.0,1.0,1.0,0.0,10.0,0.0,0.0,100.0,500.0,29792015.0,835305073.0,741690338.0,0.0,0.0,0.0,0.0,0.0,1.0,1.0,1.0,1.0,1.0,0.0,0.0,1.0,0.0,0.0,0.0,0.0,0.0,32.0,1.0,26228054.0,272351272.0,27399481.0,32960116.0,869856046.0,1344.0,16129515080.0,0.0,1.0,1.0,0.0,1.0,0.0,0.0,1.0,1.0,1.0,1.0,2.0,1.0,0.0,0.0,0.0,2.0,0.0,0.0,1.0,1.0,3.0,50.0,50.0,1.0,0.0,0.0,0.0,0.0,0.0,0.0,0.0,0.0,0.0,0.0,2.0,2.0,0.0,1.0,1.0,0.0,1.0,0.0,0.0,0.0,0.0,0.0,1.0,0.0,0.0,1.0,0.0,0.0,0.0,1.0,11.0,0.0,0.0,0.0,0.0,0.0,12.0,0.0,0.0,0.0,0.0,0.0,0.0,0.0,0.0,0.0,1.0,1.0,0.0,0.0,0.0,0.0,1.0,1.0,1.0,0.0,0.0,0.0,0.0,0.0,0.0,1.0,1.0,0.0,0.0,0.0,0.0,0.0,1.0,1.0,0.0,1637203546.0,2948.0,2948.0,6175.0,6175.0,6206.0,0.0,236.0,24115.0,23484.0,23437.0,58.0,0.0,0.0,0.0,306.0,0.0,0.0,43.0,48.0,47.0,23.0,41.0,580006368.0,835232.0,10831874560.0,114829975520.0,1150590336.0,0.0,0.0,1344.0,0.0,0.0,1861.0,94.0,2272.0
370,0.0,1.0,1.0,0.0,1.0,345600.0,1.0,1122000000.0,1.0,68000000.0,1.63338708878,16275.0,2437.0,3962.0,40125.0,40750.0,42000.0,91.0,25.0,64.0,896.0,5000.0,0.0,25.0,1000000.0,950000.0,1.0,1.0,0.0,10.0,0.0,0.0,100.0,500.0,34383141.0,892518625.0,797622935.0,0.0,0.0,0.0,0.0,0.0,1.0,1.0,1.0,1.0,1.0,0.0,0.0,1.0,0.0,0.0,0.0,0.0,0.0,34.0,1.0,27997066.0,318194529.0,28960876.0,38898305.0,922178038.0,1802.0,17109537071.0,0.0,1.0,1.0,0.0,1.0,0.0,0.0,1.0,1.0,1.0,1.0,2.0,1.0,0.0,0.0,0.0,2.0,0.0,0.0,1.0,1.0,3.0,50.0,50.0,1.0,0.0,0.0,0.0,0.0,0.0,0.0,0.0,0.0,0.0,0.0,2.0,2.0,0.0,1.0,1.0,0.0,1.0,0.0,0.0,0.0,0.0,0.0,1.0,0.0,0.0,1.0,0.0,0.0,0.0,1.0,11.0,0.0,0.0,0.0,0.0,0.0,12.0,0.0,0.0,0.0,0.0,0.0,0.0,0.0,0.0,0.0,1.0,1.0,0.0,0.0,0.0,0.0,1.0,1.0,1.0,0.0,0.0,0.0,0.0,0.0,0.0,1.0,1.0,0.0,0.0,0.0,0.0,0.0,1.0,1.0,0.0,1726533087.0,3743.0,3743.0,7139.0,7139.0,7173.0,0.0,280.0,28117.0,24372.0,24313.0,114.0,0.0,0.0,0.0,405.0,0.0,0.0,55.0,60.0,59.0,25.0,53.0,1387993664.0,2343936.0,12741942976.0,151719545088.0,1377669984.0,0.0,0.0,1802.0,0.0,0.0,2456.0,118.0,2974.0
371,0.0,1.0,0.0,1.0,1.0,1881600.0,1.0,1032750000.0,1.0,40800000.0,15.5825128555,40292.0,6172.0,14632.0,40277.77777780001,41000.0,42500.0,96.0,25.0,64.0,896.0,5000.0,0.0,25.0,1000000.0,950000.0,1.0,0.0,0.0,10.0,0.0,0.0,0.0,100.0,73958094.0,1478929967.0,1354711769.0,0.0,0.0,0.0,0.0,0.0,1.0,1.0,1.0,1.0,1.0,0.0,0.0,1.0,0.0,0.0,0.0,0.0,0.0,31.0,1.0,118535827.0,647235337.0,121657295.0,78726899.0,1499249623.0,5790.0,91163605890.0,0.0,1.0,1.0,0.0,1.0,0.0,0.0,1.0,1.0,1.0,1.0,2.0,1.0,0.0,0.0,0.0,2.0,0.0,0.0,1.0,1.0,3.0,50.0,50.0,1.0,0.0,0.0,0.0,0.0,0.0,0.0,0.0,0.0,0.0,0.0,2.0,2.0,0.0,1.0,1.0,0.0,1.0,0.0,0.0,0.0,0.0,0.0,1.0,0.0,0.0,1.0,0.0,0.0,0.0,1.0,11.0,0.0,0.0,0.0,0.0,0.0,12.0,0.0,0.0,0.0,0.0,0.0,0.0,0.0,0.0,0.0,1.0,1.0,0.0,0.0,0.0,0.0,1.0,1.0,1.0,0.0,0.0,0.0,0.0,0.0,0.0,1.0,1.0,0.0,0.0,0.0,0.0,0.0,1.0,1.0,0.0,2723008167.0,15781.0,15781.0,25868.0,25868.0,26121.0,0.0,685.0,45196.0,30517.0,30387.0,258.0,0.0,0.0,0.0,1476.0,0.0,0.0,121.0,131.0,130.0,42.0,119.0,6645338688.0,0.0,51761030560.0,1175007209696.0,9438514592.0,0.0,0.0,5790.0,0.0,0.0,7959.0,260.0,9597.0
372,0.0,1.0,0.0,1.0,1.0,1881600.0,1.0,1032750000.0,1.0,40800000.0,14.640892028800002,44488.0,6247.0,16384.0,40388.8888889,41000.0,42500.0,96.0,25.0,64.0,896.0,5000.0,0.0,25.0,1000000.0,950000.0,1.0,0.0,0.0,10.0,0.0,0.0,0.0,100.0,75824425.0,1505304939.0,1424969455.0,0.0,0.0,0.0,0.0,0.0,1.0,1.0,1.0,1.0,1.0,0.0,0.0,1.0,0.0,0.0,0.0,0.0,0.0,35.0,1.0,117428027.0,755058080.0,120139152.0,78222888.0,1576167183.0,5587.0,95274317290.0,0.0,1.0,1.0,0.0,1.0,0.0,0.0,1.0,1.0,1.0,1.0,2.0,1.0,0.0,0.0,0.0,2.0,0.0,0.0,1.0,1.0,3.0,50.0,50.0,1.0,0.0,0.0,0.0,0.0,0.0,0.0,0.0,0.0,0.0,0.0,2.0,2.0,0.0,1.0,1.0,0.0,1.0,0.0,0.0,0.0,0.0,0.0,1.0,0.0,0.0,1.0,0.0,0.0,0.0,1.0,11.0,0.0,0.0,0.0,0.0,0.0,12.0,0.0,0.0,0.0,0.0,0.0,0.0,0.0,0.0,0.0,1.0,1.0,0.0,0.0,0.0,0.0,1.0,1.0,1.0,0.0,0.0,0.0,0.0,0.0,0.0,1.0,1.0,0.0,0.0,0.0,0.0,0.0,1.0,1.0,0.0,2952651421.0,15930.0,15930.0,26590.0,26590.0,26848.0,0.0,728.0,46818.0,31129.0,30993.0,303.0,0.0,0.0,0.0,1550.0,0.0,0.0,127.0,137.0,136.0,63.0,125.0,9499248928.0,0.0,54084008544.0,902824814944.0,10072206432.0,0.0,0.0,5587.0,0.0,0.0,7975.0,272.0,9573.0
373,0.0,1.0,0.0,1.0,1.0,1881600.0,1.0,1032750000.0,1.0,40800000.0,14.5435931683,39647.0,5714.0,14403.0,40416.6666667,41000.0,42388.8888889,96.0,25.0,64.0,896.0,5000.0,0.0,25.0,1000000.0,950000.0,1.0,0.0,0.0,10.0,0.0,0.0,0.0,100.0,76758495.0,1482016480.0,1366704998.0,0.0,0.0,0.0,0.0,0.0,1.0,1.0,1.0,1.0,1.0,0.0,0.0,1.0,0.0,0.0,0.0,0.0,0.0,32.0,1.0,118132268.0,651121684.0,124701411.0,79464851.0,1509004465.0,5840.0,90644731674.0,0.0,1.0,1.0,0.0,1.0,0.0,0.0,1.0,1.0,1.0,1.0,2.0,1.0,0.0,0.0,0.0,2.0,0.0,0.0,1.0,1.0,3.0,50.0,50.0,1.0,0.0,0.0,0.0,0.0,0.0,0.0,0.0,0.0,0.0,0.0,2.0,2.0,0.0,1.0,1.0,0.0,1.0,0.0,0.0,0.0,0.0,0.0,1.0,0.0,0.0,1.0,0.0,0.0,0.0,1.0,11.0,0.0,0.0,0.0,0.0,0.0,12.0,0.0,0.0,0.0,0.0,0.0,0.0,0.0,0.0,0.0,1.0,1.0,0.0,0.0,0.0,0.0,1.0,1.0,1.0,0.0,0.0,0.0,0.0,0.0,0.0,1.0,1.0,0.0,0.0,0.0,0.0,0.0,1.0,1.0,0.0,2755279000.0,15580.0,15580.0,25301.0,25301.0,25522.0,0.0,688.0,45161.0,30803.0,30673.0,337.0,0.0,0.0,0.0,1614.0,0.0,0.0,121.0,131.0,130.0,47.0,119.0,8475565120.0,0.0,51511233696.0,1138506949472.0,9236283200.0,0.0,0.0,5840.0,0.0,0.0,8117.0,260.0,9755.0
374,0.0,1.0,0.0,1.0,1.0,1881600.0,1.0,1032750000.0,1.0,40800000.0,16.6466369629,37961.0,5255.0,13639.0,40593.75,41125.0,42562.5,93.0,25.0,64.0,896.0,5000.0,0.0,25.0,1000000.0,950000.0,1.0,1.0,0.0,10.0,0.0,0.0,0.0,100.0,76904343.0,1472860083.0,1373402365.0,0.0,0.0,0.0,0.0,0.0,1.0,1.0,1.0,1.0,1.0,0.0,0.0,1.0,0.0,0.0,0.0,0.0,0.0,34.0,1.0,109122868.0,609895745.0,115286403.0,81138630.0,1533813736.0,9490.0,90040733807.0,0.0,1.0,1.0,0.0,1.0,0.0,0.0,1.0,1.0,1.0,1.0,2.0,1.0,0.0,0.0,0.0,2.0,0.0,0.0,1.0,1.0,3.0,50.0,50.0,1.0,0.0,0.0,0.0,0.0,0.0,0.0,0.0,0.0,0.0,0.0,2.0,2.0,0.0,1.0,1.0,0.0,1.0,0.0,0.0,0.0,0.0,0.0,1.0,0.0,0.0,1.0,0.0,0.0,0.0,1.0,11.0,0.0,0.0,0.0,0.0,0.0,12.0,0.0,0.0,0.0,0.0,0.0,0.0,0.0,0.0,0.0,1.0,1.0,0.0,0.0,0.0,0.0,1.0,1.0,1.0,0.0,0.0,0.0,0.0,0.0,0.0,1.0,1.0,0.0,0.0,0.0,0.0,0.0,1.0,1.0,0.0,2796735272.0,19088.0,19088.0,25170.0,25170.0,25413.0,0.0,692.0,41564.0,29931.0,29813.0,318.0,0.0,0.0,0.0,1351.0,0.0,0.0,109.0,119.0,118.0,46.0,107.0,8155897152.0,16947936.0,51172118112.0,1462708180768.0,14637102848.0,0.0,0.0,9490.0,0.0,0.0,11728.0,236.0,13217.0
375,0.0,1.0,0.0,1.0,1.0,1881600.0,1.0,1032750000.0,1.0,40800000.0,15.546735048299999,36742.0,5409.0,13640.0,40611.1111111,41166.6666667,42500.0,93.0,25.0,64.0,896.0,5000.0,0.0,25.0,1000000.0,950000.0,1.0,1.0,0.0,10.0,0.0,0.0,0.0,100.0,76660826.0,1520757286.0,1426814077.0,0.0,0.0,0.0,0.0,0.0,1.0,1.0,1.0,1.0,1.0,0.0,0.0,1.0,0.0,0.0,0.0,0.0,0.0,32.0,1.0,110417180.0,661811729.0,116209409.0,78188137.0,1555982854.0,7771.0,93270774652.0,0.0,1.0,1.0,0.0,1.0,0.0,0.0,1.0,1.0,1.0,1.0,2.0,1.0,0.0,0.0,0.0,2.0,0.0,0.0,1.0,1.0,3.0,50.0,50.0,1.0,0.0,0.0,0.0,0.0,0.0,0.0,0.0,0.0,0.0,0.0,2.0,2.0,0.0,1.0,1.0,0.0,1.0,0.0,0.0,0.0,0.0,0.0,1.0,0.0,0.0,1.0,0.0,0.0,0.0,1.0,11.0,0.0,0.0,0.0,0.0,0.0,12.0,0.0,0.0,0.0,0.0,0.0,0.0,0.0,0.0,0.0,1.0,1.0,0.0,0.0,0.0,0.0,1.0,1.0,1.0,0.0,0.0,0.0,0.0,0.0,0.0,1.0,1.0,0.0,0.0,0.0,0.0,0.0,1.0,1.0,0.0,2816656224.0,17815.0,17815.0,26021.0,26021.0,26308.0,0.0,810.0,44025.0,30334.0,30210.0,448.0,0.0,0.0,0.0,1575.0,0.0,0.0,115.0,125.0,124.0,56.0,113.0,7949893056.0,0.0,53210910496.0,993867432288.0,13030971808.0,0.0,0.0,7771.0,0.0,0.0,10224.0,248.0,11499.0
376,0.0,1.0,0.0,1.0,1.0,1881600.0,1.0,1032750000.0,1.0,40800000.0,14.6684191227,36292.0,5486.0,13184.0,40638.8888889,41111.1111111,42722.22222219999,93.0,25.0,64.0,896.0,5000.0,0.0,25.0,1000000.0,950000.0,1.0,1.0,0.0,10.0,0.0,0.0,0.0,100.0,75980775.0,1453669295.0,1350333937.0,0.0,0.0,0.0,0.0,0.0,1.0,1.0,1.0,1.0,1.0,0.0,0.0,1.0,0.0,0.0,0.0,0.0,0.0,33.0,1.0,109836094.0,672528548.0,113752952.0,73903701.0,1498674397.0,5708.0,87358158839.0,0.0,1.0,1.0,0.0,1.0,0.0,0.0,1.0,1.0,1.0,1.0,2.0,1.0,0.0,0.0,0.0,2.0,0.0,0.0,1.0,1.0,3.0,50.0,50.0,1.0,0.0,0.0,0.0,0.0,0.0,0.0,0.0,0.0,0.0,0.0,2.0,2.0,0.0,1.0,1.0,0.0,1.0,0.0,0.0,0.0,0.0,0.0,1.0,0.0,0.0,1.0,0.0,0.0,0.0,1.0,11.0,0.0,0.0,0.0,0.0,0.0,12.0,0.0,0.0,0.0,0.0,0.0,0.0,0.0,0.0,0.0,1.0,1.0,0.0,0.0,0.0,0.0,1.0,1.0,1.0,0.0,0.0,0.0,0.0,0.0,0.0,1.0,1.0,0.0,0.0,0.0,0.0,0.0,1.0,1.0,0.0,2761643490.0,15101.0,15101.0,24539.0,24539.0,24758.0,0.0,714.0,43548.0,30565.0,30441.0,286.0,0.0,0.0,0.0,1554.0,0.0,0.0,115.0,125.0,124.0,49.0,113.0,7435049888.0,0.0,49915245344.0,847044981824.0,8426654688.0,0.0,0.0,5708.0,0.0,0.0,7910.0,248.0,9544.0
377,0.0,1.0,0.0,1.0,1.0,1881600.0,1.0,1032750000.0,1.0,40800000.0,14.62216115,35986.0,5181.0,13183.0,40638.8888889,41277.77777780001,42555.555555599996,89.0,25.0,64.0,896.0,5000.0,0.0,25.0,1000000.0,950000.0,1.0,0.0,0.0,10.0,0.0,0.0,0.0,500.0,73491494.0,1436548292.0,1344302133.0,0.0,0.0,0.0,0.0,0.0,1.0,1.0,1.0,1.0,1.0,0.0,0.0,1.0,0.0,0.0,0.0,0.0,0.0,32.0,1.0,91220476.0,667507468.0,93630577.0,74316179.0,1479661351.0,6513.0,89121634788.0,0.0,1.0,1.0,0.0,1.0,0.0,0.0,1.0,1.0,1.0,1.0,2.0,1.0,0.0,0.0,0.0,2.0,0.0,0.0,1.0,1.0,3.0,50.0,50.0,1.0,0.0,0.0,0.0,0.0,0.0,0.0,0.0,0.0,0.0,0.0,2.0,2.0,0.0,1.0,1.0,0.0,1.0,0.0,0.0,0.0,0.0,0.0,1.0,0.0,0.0,1.0,0.0,0.0,0.0,1.0,11.0,0.0,0.0,0.0,0.0,0.0,12.0,0.0,0.0,0.0,0.0,0.0,0.0,0.0,0.0,0.0,1.0,1.0,0.0,0.0,0.0,0.0,1.0,1.0,1.0,0.0,0.0,0.0,0.0,0.0,0.0,1.0,1.0,0.0,0.0,0.0,0.0,0.0,1.0,1.0,0.0,2704269158.0,16337.0,16337.0,25158.0,25158.0,25331.0,0.0,671.0,43059.0,30084.0,29960.0,344.0,0.0,0.0,0.0,1492.0,0.0,0.0,115.0,125.0,124.0,48.0,113.0,8304877600.0,16306176.0,50836214304.0,904307573472.0,10717864576.0,0.0,0.0,6513.0,0.0,0.0,8969.0,248.0,10394.0
378,0.0,1.0,0.0,1.0,1.0,1881600.0,1.0,1032750000.0,1.0,40800000.0,15.682990074200001,38645.0,5484.0,14169.0,40750.0,41375.0,42625.0,89.0,25.0,64.0,896.0,5000.0,0.0,25.0,1000000.0,950000.0,1.0,0.0,0.0,10.0,0.0,0.0,0.0,500.0,75864527.0,1498692872.0,1406426131.0,0.0,0.0,0.0,0.0,0.0,1.0,1.0,1.0,1.0,1.0,0.0,0.0,1.0,0.0,0.0,0.0,0.0,0.0,33.0,1.0,105832381.0,684078743.0,108899313.0,77317137.0,1540489261.0,7949.0,87257614431.0,0.0,1.0,1.0,0.0,1.0,0.0,0.0,1.0,1.0,1.0,1.0,2.0,1.0,0.0,0.0,0.0,2.0,0.0,0.0,1.0,1.0,3.0,50.0,50.0,1.0,0.0,0.0,0.0,0.0,0.0,0.0,0.0,0.0,0.0,0.0,2.0,2.0,0.0,1.0,1.0,0.0,1.0,0.0,0.0,0.0,0.0,0.0,1.0,0.0,0.0,1.0,0.0,0.0,0.0,1.0,11.0,0.0,0.0,0.0,0.0,0.0,12.0,0.0,0.0,0.0,0.0,0.0,0.0,0.0,0.0,0.0,1.0,1.0,0.0,0.0,0.0,0.0,1.0,1.0,1.0,0.0,0.0,0.0,0.0,0.0,0.0,1.0,1.0,0.0,0.0,0.0,0.0,0.0,1.0,1.0,0.0,2828492287.0,16885.0,16885.0,24257.0,24257.0,24517.0,0.0,753.0,41292.0,30048.0,29930.0,378.0,0.0,0.0,0.0,1393.0,0.0,0.0,109.0,119.0,118.0,46.0,107.0,8374223552.0,49503008.0,49991192768.0,1296109854304.0,17301104416.0,0.0,0.0,7949.0,0.0,0.0,10123.0,236.0,11318.0
379,0.0,1.0,0.0,1.0,1.0,1881600.0,1.0,1032750000.0,1.0,40800000.0,15.9834680557,40218.0,6249.0,14556.0,40861.1111111,41444.444444400004,42833.3333333,89.0,25.0,64.0,896.0,5000.0,0.0,25.0,1000000.0,950000.0,1.0,0.0,0.0,10.0,0.0,0.0,0.0,500.0,77934158.0,1508758548.0,1408764034.0,0.0,0.0,0.0,0.0,0.0,1.0,1.0,1.0,1.0,1.0,0.0,0.0,1.0,0.0,0.0,0.0,0.0,0.0,31.0,1.0,129614361.0,710953394.0,134358836.0,77416813.0,1542441341.0,6020.0,93522706003.0,0.0,1.0,1.0,0.0,1.0,0.0,0.0,1.0,1.0,1.0,1.0,2.0,1.0,0.0,0.0,0.0,2.0,0.0,0.0,1.0,1.0,3.0,50.0,50.0,1.0,0.0,0.0,0.0,0.0,0.0,0.0,0.0,0.0,0.0,0.0,2.0,2.0,0.0,1.0,1.0,0.0,1.0,0.0,0.0,0.0,0.0,0.0,1.0,0.0,0.0,1.0,0.0,0.0,0.0,1.0,11.0,0.0,0.0,0.0,0.0,0.0,12.0,0.0,0.0,0.0,0.0,0.0,0.0,0.0,0.0,0.0,1.0,1.0,0.0,0.0,0.0,0.0,1.0,1.0,1.0,0.0,0.0,0.0,0.0,0.0,0.0,1.0,1.0,0.0,0.0,0.0,0.0,0.0,1.0,1.0,0.0,2872474481.0,16265.0,16265.0,26361.0,26361.0,26652.0,0.0,740.0,44710.0,31121.0,30991.0,375.0,0.0,0.0,0.0,1641.0,0.0,0.0,121.0,131.0,130.0,37.0,119.0,8124022048.0,0.0,53635035328.0,1118611143808.0,10058427104.0,0.0,0.0,6020.0,0.0,0.0,8497.0,260.0,10450.0
380,0.0,1.0,0.0,1.0,1.0,1881600.0,1.0,1032750000.0,1.0,40800000.0,14.593709945699999,35948.0,5563.0,13640.0,40861.1111111,41333.3333333,42944.444444400004,73.0,25.0,64.0,896.0,5000.0,0.0,25.0,1000000.0,950000.0,1.0,1.0,0.0,10.0,0.0,0.0,0.0,500.0,72764378.0,1469046440.0,1340302816.0,0.0,0.0,0.0,0.0,0.0,1.0,1.0,1.0,1.0,1.0,0.0,0.0,1.0,0.0,0.0,0.0,0.0,0.0,31.0,1.0,124155247.0,657652547.0,127560311.0,75524388.0,1514280864.0,5737.0,89269637474.0,0.0,1.0,1.0,0.0,1.0,0.0,0.0,1.0,1.0,1.0,1.0,2.0,1.0,0.0,0.0,0.0,2.0,0.0,0.0,1.0,1.0,3.0,50.0,50.0,1.0,0.0,0.0,0.0,0.0,0.0,0.0,0.0,0.0,0.0,0.0,2.0,2.0,0.0,1.0,1.0,0.0,1.0,0.0,0.0,0.0,0.0,0.0,1.0,0.0,0.0,1.0,0.0,0.0,0.0,1.0,11.0,0.0,0.0,0.0,0.0,0.0,12.0,0.0,0.0,0.0,0.0,0.0,0.0,0.0,0.0,0.0,1.0,1.0,0.0,0.0,0.0,0.0,1.0,1.0,1.0,0.0,0.0,0.0,0.0,0.0,0.0,1.0,1.0,0.0,0.0,0.0,0.0,0.0,1.0,1.0,0.0,2746901676.0,15415.0,15415.0,24911.0,24911.0,25152.0,0.0,720.0,43061.0,30341.0,30217.0,299.0,0.0,0.0,0.0,1504.0,0.0,0.0,115.0,125.0,124.0,51.0,113.0,7793274816.0,4041504.0,50964783264.0,934551449248.0,9216432544.0,0.0,0.0,5737.0,0.0,0.0,7740.0,248.0,9427.0
381,0.0,1.0,0.0,1.0,1.0,1881600.0,1.0,1032750000.0,1.0,40800000.0,14.7558729649,39952.0,5944.0,14403.0,40833.3333333,41388.8888889,42777.77777780001,73.0,25.0,64.0,896.0,5000.0,0.0,25.0,1000000.0,950000.0,1.0,1.0,0.0,10.0,0.0,0.0,0.0,500.0,74268252.0,1465892699.0,1359701157.0,0.0,0.0,0.0,0.0,0.0,1.0,1.0,1.0,1.0,1.0,0.0,0.0,1.0,0.0,0.0,0.0,0.0,0.0,34.0,1.0,99275138.0,663306003.0,103538678.0,76410753.0,1470390841.0,5356.0,89179412795.0,0.0,1.0,1.0,0.0,1.0,0.0,0.0,1.0,1.0,1.0,1.0,2.0,1.0,0.0,0.0,0.0,2.0,0.0,0.0,1.0,1.0,3.0,50.0,50.0,1.0,0.0,0.0,0.0,0.0,0.0,0.0,0.0,0.0,0.0,0.0,2.0,2.0,0.0,1.0,1.0,0.0,1.0,0.0,0.0,0.0,0.0,0.0,1.0,0.0,0.0,1.0,0.0,0.0,0.0,1.0,11.0,0.0,0.0,0.0,0.0,0.0,12.0,0.0,0.0,0.0,0.0,0.0,0.0,0.0,0.0,0.0,1.0,1.0,0.0,0.0,0.0,0.0,1.0,1.0,1.0,0.0,0.0,0.0,0.0,0.0,0.0,1.0,1.0,0.0,0.0,0.0,0.0,0.0,1.0,1.0,0.0,2696934043.0,14871.0,14871.0,25168.0,25168.0,25421.0,0.0,775.0,44940.0,31114.0,30984.0,367.0,0.0,0.0,0.0,1696.0,0.0,0.0,121.0,131.0,130.0,49.0,119.0,8380719136.0,11504992.0,51043213952.0,919983169952.0,8497094272.0,0.0,0.0,5356.0,0.0,0.0,8024.0,260.0,9518.0
382,0.0,1.0,0.0,1.0,1.0,1881600.0,1.0,1032750000.0,1.0,40800000.0,16.6199231148,38115.0,5485.0,14021.0,40916.6666667,41388.8888889,42722.22222219999,73.0,25.0,64.0,896.0,5000.0,0.0,25.0,1000000.0,950000.0,1.0,1.0,0.0,10.0,0.0,0.0,0.0,500.0,79143328.0,1550970734.0,1413677589.0,0.0,0.0,0.0,0.0,0.0,1.0,1.0,1.0,1.0,1.0,0.0,0.0,1.0,0.0,0.0,0.0,0.0,0.0,31.0,1.0,106059675.0,706005815.0,110342598.0,81521345.0,1626188245.0,8151.0,95942020060.0,0.0,1.0,1.0,0.0,1.0,0.0,0.0,1.0,1.0,1.0,1.0,2.0,1.0,0.0,0.0,0.0,2.0,0.0,0.0,1.0,1.0,3.0,50.0,50.0,1.0,0.0,0.0,0.0,0.0,0.0,0.0,0.0,0.0,0.0,0.0,2.0,2.0,0.0,1.0,1.0,0.0,1.0,0.0,0.0,0.0,0.0,0.0,1.0,0.0,0.0,1.0,0.0,0.0,0.0,1.0,11.0,0.0,0.0,0.0,0.0,0.0,12.0,0.0,0.0,0.0,0.0,0.0,0.0,0.0,0.0,0.0,1.0,1.0,0.0,0.0,0.0,0.0,1.0,1.0,1.0,0.0,0.0,0.0,0.0,0.0,0.0,1.0,1.0,0.0,0.0,0.0,0.0,0.0,1.0,1.0,0.0,3026949139.0,18345.0,18345.0,26808.0,26808.0,27086.0,0.0,712.0,43347.0,30383.0,30259.0,385.0,0.0,0.0,0.0,1470.0,0.0,0.0,115.0,125.0,124.0,49.0,113.0,8653937280.0,33206784.0,54542630304.0,1324983168864.0,16028196864.0,0.0,0.0,8151.0,0.0,0.0,10491.0,248.0,11739.0
383,0.0,1.0,0.0,1.0,1.0,1881600.0,1.0,1032750000.0,1.0,40800000.0,14.664925813699998,36215.0,5868.0,13336.0,40944.444444400004,41444.444444400004,42888.8888889,91.0,25.0,64.0,896.0,5000.0,0.0,25.0,1000000.0,950000.0,1.0,0.0,0.0,10.0,0.0,0.0,100.0,100.0,72216233.0,1455338097.0,1338571023.0,0.0,0.0,0.0,0.0,0.0,1.0,1.0,1.0,1.0,1.0,0.0,0.0,1.0,0.0,0.0,0.0,0.0,0.0,33.0,1.0,103920379.0,629813255.0,110353093.0,74462067.0,1496931641.0,5903.0,86988419514.0,0.0,1.0,1.0,0.0,1.0,0.0,0.0,1.0,1.0,1.0,1.0,2.0,1.0,0.0,0.0,0.0,2.0,0.0,0.0,1.0,1.0,3.0,50.0,50.0,1.0,0.0,0.0,0.0,0.0,0.0,0.0,0.0,0.0,0.0,0.0,2.0,2.0,0.0,1.0,1.0,0.0,1.0,0.0,0.0,0.0,0.0,0.0,1.0,0.0,0.0,1.0,0.0,0.0,0.0,1.0,11.0,0.0,0.0,0.0,0.0,0.0,12.0,0.0,0.0,0.0,0.0,0.0,0.0,0.0,0.0,0.0,1.0,1.0,0.0,0.0,0.0,0.0,1.0,1.0,1.0,0.0,0.0,0.0,0.0,0.0,0.0,1.0,1.0,0.0,0.0,0.0,0.0,0.0,1.0,1.0,0.0,2755918656.0,15595.0,15595.0,24368.0,24368.0,24554.0,0.0,678.0,42727.0,29932.0,29808.0,332.0,0.0,0.0,0.0,1478.0,0.0,0.0,115.0,125.0,124.0,45.0,113.0,8077622752.0,0.0,49706459968.0,1177489269888.0,8886219680.0,0.0,0.0,5903.0,0.0,0.0,8101.0,248.0,9689.0
384,0.0,1.0,0.0,1.0,1.0,1881600.0,1.0,1032750000.0,1.0,40800000.0,14.6566479206,35872.0,5410.0,13412.0,40916.6666667,41555.555555599996,42888.8888889,91.0,25.0,64.0,896.0,5000.0,0.0,25.0,1000000.0,950000.0,1.0,0.0,0.0,10.0,0.0,0.0,100.0,100.0,72007114.0,1431858793.0,1317299942.0,0.0,0.0,0.0,0.0,0.0,1.0,1.0,1.0,1.0,1.0,0.0,0.0,1.0,0.0,0.0,0.0,0.0,0.0,32.0,1.0,119672848.0,631788064.0,122664872.0,73688104.0,1449982974.0,5614.0,89355193807.0,0.0,1.0,1.0,0.0,1.0,0.0,0.0,1.0,1.0,1.0,1.0,2.0,1.0,0.0,0.0,0.0,2.0,0.0,0.0,1.0,1.0,3.0,50.0,50.0,1.0,0.0,0.0,0.0,0.0,0.0,0.0,0.0,0.0,0.0,0.0,2.0,2.0,0.0,1.0,1.0,0.0,1.0,0.0,0.0,0.0,0.0,0.0,1.0,0.0,0.0,1.0,0.0,0.0,0.0,1.0,11.0,0.0,0.0,0.0,0.0,0.0,12.0,0.0,0.0,0.0,0.0,0.0,0.0,0.0,0.0,0.0,1.0,1.0,0.0,0.0,0.0,0.0,1.0,1.0,1.0,0.0,0.0,0.0,0.0,0.0,0.0,1.0,1.0,0.0,0.0,0.0,0.0,0.0,1.0,1.0,0.0,2621140110.0,15459.0,15459.0,25361.0,25361.0,25566.0,0.0,696.0,43611.0,30412.0,30288.0,317.0,0.0,0.0,0.0,1584.0,0.0,0.0,115.0,125.0,124.0,46.0,113.0,8675265920.0,0.0,51018144480.0,1282259364512.0,9308293984.0,0.0,0.0,5614.0,0.0,0.0,7809.0,248.0,9438.0
385,0.0,1.0,0.0,1.0,1.0,1881600.0,1.0,1032750000.0,1.0,40800000.0,15.159358978299998,35832.0,5410.0,13336.0,41000.0,41500.0,42944.444444400004,91.0,25.0,64.0,896.0,5000.0,0.0,25.0,1000000.0,950000.0,1.0,0.0,0.0,10.0,0.0,0.0,100.0,100.0,76953942.0,1464974994.0,1342973469.0,0.0,0.0,0.0,0.0,0.0,1.0,1.0,1.0,1.0,1.0,0.0,0.0,1.0,0.0,0.0,0.0,0.0,0.0,32.0,1.0,98830802.0,658183809.0,104426750.0,75825246.0,1495193509.0,7166.0,89778606107.0,0.0,1.0,1.0,0.0,1.0,0.0,0.0,1.0,1.0,1.0,1.0,2.0,1.0,0.0,0.0,0.0,2.0,0.0,0.0,1.0,1.0,3.0,50.0,50.0,1.0,0.0,0.0,0.0,0.0,0.0,0.0,0.0,0.0,0.0,0.0,2.0,2.0,0.0,1.0,1.0,0.0,1.0,0.0,0.0,0.0,0.0,0.0,1.0,0.0,0.0,1.0,0.0,0.0,0.0,1.0,11.0,0.0,0.0,0.0,0.0,0.0,12.0,0.0,0.0,0.0,0.0,0.0,0.0,0.0,0.0,0.0,1.0,1.0,0.0,0.0,0.0,0.0,1.0,1.0,1.0,0.0,0.0,0.0,0.0,0.0,0.0,1.0,1.0,0.0,0.0,0.0,0.0,0.0,1.0,1.0,0.0,2786454375.0,17123.0,17123.0,25741.0,25741.0,25942.0,0.0,662.0,43190.0,30185.0,30061.0,415.0,0.0,0.0,0.0,1555.0,0.0,0.0,115.0,125.0,124.0,54.0,113.0,7926434752.0,0.0,51466985056.0,1211427856512.0,11292719328.0,0.0,0.0,7166.0,0.0,0.0,9531.0,248.0,11080.0
386,0.0,1.0,0.0,1.0,1.0,1881600.0,1.0,1032750000.0,1.0,40800000.0,15.436770915999999,34681.0,4646.0,11888.0,40968.75,41562.5,42937.5,80.0,25.0,64.0,896.0,5000.0,0.0,25.0,1000000.0,950000.0,1.0,1.0,0.0,10.0,0.0,0.0,100.0,100.0,67780124.0,1372270325.0,1284792783.0,0.0,0.0,0.0,0.0,0.0,1.0,1.0,1.0,1.0,1.0,0.0,0.0,1.0,0.0,0.0,0.0,0.0,0.0,36.0,1.0,90419496.0,589281350.0,94240992.0,72206632.0,1426535732.0,5862.0,85712877924.0,0.0,1.0,1.0,0.0,1.0,0.0,0.0,1.0,1.0,1.0,1.0,2.0,1.0,0.0,0.0,0.0,2.0,0.0,0.0,1.0,1.0,3.0,50.0,50.0,1.0,0.0,0.0,0.0,0.0,0.0,0.0,0.0,0.0,0.0,0.0,2.0,2.0,0.0,1.0,1.0,0.0,1.0,0.0,0.0,0.0,0.0,0.0,1.0,0.0,0.0,1.0,0.0,0.0,0.0,1.0,11.0,0.0,0.0,0.0,0.0,0.0,12.0,0.0,0.0,0.0,0.0,0.0,0.0,0.0,0.0,0.0,1.0,1.0,0.0,0.0,0.0,0.0,1.0,1.0,1.0,0.0,0.0,0.0,0.0,0.0,0.0,1.0,1.0,0.0,0.0,0.0,0.0,0.0,1.0,1.0,0.0,2645794963.0,15333.0,15333.0,24523.0,24523.0,24757.0,0.0,664.0,40703.0,29378.0,29266.0,383.0,0.0,0.0,0.0,1310.0,0.0,0.0,103.0,113.0,112.0,46.0,101.0,7510733280.0,0.0,49076480736.0,998779478432.0,12692395744.0,0.0,0.0,5862.0,0.0,0.0,7875.0,224.0,9362.0
387,0.0,1.0,0.0,1.0,1.0,1881600.0,1.0,1032750000.0,1.0,40800000.0,15.7172091007,39914.0,6172.0,14936.0,41055.555555599996,41555.555555599996,43000.0,80.0,25.0,64.0,896.0,5000.0,0.0,25.0,1000000.0,950000.0,1.0,1.0,0.0,10.0,0.0,0.0,100.0,100.0,76786759.0,1517088336.0,1414803798.0,0.0,0.0,0.0,0.0,0.0,1.0,1.0,1.0,1.0,1.0,0.0,0.0,1.0,0.0,0.0,0.0,0.0,0.0,35.0,1.0,114849452.0,698214414.0,117807364.0,79049258.0,1550716562.0,6652.0,93943860970.0,0.0,1.0,1.0,0.0,1.0,0.0,0.0,1.0,1.0,1.0,1.0,2.0,1.0,0.0,0.0,0.0,2.0,0.0,0.0,1.0,1.0,3.0,50.0,50.0,1.0,0.0,0.0,0.0,0.0,0.0,0.0,0.0,0.0,0.0,0.0,2.0,2.0,0.0,1.0,1.0,0.0,1.0,0.0,0.0,0.0,0.0,0.0,1.0,0.0,0.0,1.0,0.0,0.0,0.0,1.0,11.0,0.0,0.0,0.0,0.0,0.0,12.0,0.0,0.0,0.0,0.0,0.0,0.0,0.0,0.0,0.0,1.0,1.0,0.0,0.0,0.0,0.0,1.0,1.0,1.0,0.0,0.0,0.0,0.0,0.0,0.0,1.0,1.0,0.0,0.0,0.0,0.0,0.0,1.0,1.0,0.0,2875926002.0,16701.0,16701.0,26853.0,26853.0,27104.0,0.0,745.0,44956.0,31158.0,31028.0,398.0,0.0,0.0,0.0,1600.0,0.0,0.0,121.0,131.0,130.0,45.0,119.0,9450885184.0,13563840.0,53751294080.0,1028499357824.0,11229456352.0,0.0,0.0,6652.0,0.0,0.0,9118.0,260.0,10565.0
388,0.0,1.0,0.0,1.0,1.0,1881600.0,1.0,1032750000.0,1.0,40800000.0,15.060896873499999,36554.0,5410.0,13487.0,41125.0,41625.0,43000.0,80.0,25.0,64.0,896.0,5000.0,0.0,25.0,1000000.0,950000.0,1.0,1.0,0.0,10.0,0.0,0.0,100.0,100.0,69885316.0,1403256546.0,1314817387.0,0.0,0.0,0.0,0.0,0.0,1.0,1.0,1.0,1.0,1.0,0.0,0.0,1.0,0.0,0.0,0.0,0.0,0.0,35.0,1.0,100030437.0,657266450.0,102793425.0,73626529.0,1457354752.0,5956.0,86873889565.0,0.0,1.0,1.0,0.0,1.0,0.0,0.0,1.0,1.0,1.0,1.0,2.0,1.0,0.0,0.0,0.0,2.0,0.0,0.0,1.0,1.0,3.0,50.0,50.0,1.0,0.0,0.0,0.0,0.0,0.0,0.0,0.0,0.0,0.0,0.0,2.0,2.0,0.0,1.0,1.0,0.0,1.0,0.0,0.0,0.0,0.0,0.0,1.0,0.0,0.0,1.0,0.0,0.0,0.0,1.0,11.0,0.0,0.0,0.0,0.0,0.0,12.0,0.0,0.0,0.0,0.0,0.0,0.0,0.0,0.0,0.0,1.0,1.0,0.0,0.0,0.0,0.0,1.0,1.0,1.0,0.0,0.0,0.0,0.0,0.0,0.0,1.0,1.0,0.0,0.0,0.0,0.0,0.0,1.0,1.0,0.0,2683292584.0,15362.0,15362.0,24606.0,24606.0,24902.0,0.0,700.0,41798.0,29851.0,29733.0,383.0,0.0,0.0,0.0,1461.0,0.0,0.0,109.0,119.0,118.0,43.0,107.0,8514394144.0,4572032.0,49672501376.0,1063708887168.0,12115388672.0,0.0,0.0,5956.0,0.0,0.0,8175.0,236.0,9683.0
389,0.0,1.0,0.0,1.0,1.0,1881600.0,1.0,1032750000.0,1.0,40800000.0,14.905849933599999,36025.0,5563.0,13640.0,41027.77777780001,41611.1111111,43000.0,82.0,25.0,64.0,896.0,5000.0,0.0,25.0,1000000.0,950000.0,1.0,0.0,0.0,10.0,0.0,0.0,100.0,500.0,70554296.0,1448174092.0,1321207186.0,0.0,0.0,0.0,0.0,0.0,1.0,1.0,1.0,1.0,1.0,0.0,0.0,1.0,0.0,0.0,0.0,0.0,0.0,27.0,1.0,103578971.0,660188627.0,108346033.0,73423048.0,1511447222.0,5336.0,88289839292.0,0.0,1.0,1.0,0.0,1.0,0.0,0.0,1.0,1.0,1.0,1.0,2.0,1.0,0.0,0.0,0.0,2.0,0.0,0.0,1.0,1.0,3.0,50.0,50.0,1.0,0.0,0.0,0.0,0.0,0.0,0.0,0.0,0.0,0.0,0.0,2.0,2.0,0.0,1.0,1.0,0.0,1.0,0.0,0.0,0.0,0.0,0.0,1.0,0.0,0.0,1.0,0.0,0.0,0.0,1.0,11.0,0.0,0.0,0.0,0.0,0.0,12.0,0.0,0.0,0.0,0.0,0.0,0.0,0.0,0.0,0.0,1.0,1.0,0.0,0.0,0.0,0.0,1.0,1.0,1.0,0.0,0.0,0.0,0.0,0.0,0.0,1.0,1.0,0.0,0.0,0.0,0.0,0.0,1.0,1.0,0.0,2892250727.0,15084.0,15084.0,24606.0,24606.0,24832.0,0.0,648.0,43285.0,30267.0,30143.0,328.0,0.0,0.0,0.0,1540.0,0.0,0.0,115.0,125.0,124.0,47.0,113.0,8064350880.0,0.0,50467412576.0,1061930145472.0,8990629152.0,0.0,0.0,5336.0,0.0,0.0,7556.0,248.0,9107.0
390,0.0,1.0,0.0,1.0,1.0,1881600.0,1.0,1032750000.0,1.0,40800000.0,16.8304789066,29043.0,4113.0,10896.0,41041.6666667,41583.3333333,43000.0,82.0,25.0,64.0,896.0,5000.0,0.0,25.0,1000000.0,950000.0,1.0,0.0,0.0,10.0,0.0,0.0,100.0,500.0,71353052.0,1414967708.0,1305441101.0,0.0,0.0,0.0,0.0,0.0,1.0,1.0,1.0,1.0,1.0,0.0,0.0,1.0,0.0,0.0,0.0,0.0,0.0,31.0,1.0,70904717.0,621424458.0,73581240.0,73297591.0,1441915942.0,10223.0,84755185951.0,0.0,1.0,1.0,0.0,1.0,0.0,0.0,1.0,1.0,1.0,1.0,2.0,1.0,0.0,0.0,0.0,2.0,0.0,0.0,1.0,1.0,3.0,50.0,50.0,1.0,0.0,0.0,0.0,0.0,0.0,0.0,0.0,0.0,0.0,0.0,2.0,2.0,0.0,1.0,1.0,0.0,1.0,0.0,0.0,0.0,0.0,0.0,1.0,0.0,0.0,1.0,0.0,0.0,0.0,1.0,11.0,0.0,0.0,0.0,0.0,0.0,12.0,0.0,0.0,0.0,0.0,0.0,0.0,0.0,0.0,0.0,1.0,1.0,0.0,0.0,0.0,0.0,1.0,1.0,1.0,0.0,0.0,0.0,0.0,0.0,0.0,1.0,1.0,0.0,0.0,0.0,0.0,0.0,1.0,1.0,0.0,2766576020.0,19334.0,19334.0,22802.0,22802.0,23050.0,0.0,589.0,35717.0,27853.0,27759.0,327.0,0.0,0.0,0.0,1187.0,0.0,0.0,85.0,95.0,94.0,46.0,83.0,8645642432.0,21488544.0,48098137536.0,1614687745120.0,22781457088.0,0.0,0.0,10223.0,0.0,0.0,12463.0,188.0,13462.0
391,0.0,1.0,0.0,1.0,1.0,1881600.0,1.0,1032750000.0,1.0,40800000.0,15.543299913399999,40900.0,5714.0,14631.0,41083.3333333,41722.22222219999,43222.22222219999,82.0,25.0,64.0,896.0,5000.0,0.0,25.0,1000000.0,950000.0,1.0,0.0,0.0,10.0,0.0,0.0,100.0,500.0,77464277.0,1467635148.0,1355382199.0,0.0,0.0,0.0,0.0,0.0,1.0,1.0,1.0,1.0,1.0,0.0,0.0,1.0,0.0,0.0,0.0,0.0,0.0,35.0,1.0,106132881.0,654215816.0,110740353.0,78836733.0,1516835772.0,7137.0,90851834580.0,0.0,1.0,1.0,0.0,1.0,0.0,0.0,1.0,1.0,1.0,1.0,2.0,1.0,0.0,0.0,0.0,2.0,0.0,0.0,1.0,1.0,3.0,50.0,50.0,1.0,0.0,0.0,0.0,0.0,0.0,0.0,0.0,0.0,0.0,0.0,2.0,2.0,0.0,1.0,1.0,0.0,1.0,0.0,0.0,0.0,0.0,0.0,1.0,0.0,0.0,1.0,0.0,0.0,0.0,1.0,11.0,0.0,0.0,0.0,0.0,0.0,12.0,0.0,0.0,0.0,0.0,0.0,0.0,0.0,0.0,0.0,1.0,1.0,0.0,0.0,0.0,0.0,1.0,1.0,1.0,0.0,0.0,0.0,0.0,0.0,0.0,1.0,1.0,0.0,0.0,0.0,0.0,0.0,1.0,1.0,0.0,2756143216.0,16891.0,16891.0,25806.0,25806.0,26078.0,0.0,804.0,44478.0,30720.0,30590.0,445.0,0.0,0.0,0.0,1582.0,0.0,0.0,121.0,131.0,130.0,36.0,119.0,10036455424.0,0.0,52162450112.0,1131705821792.0,13613053280.0,0.0,0.0,7137.0,0.0,0.0,9394.0,260.0,10898.0
392,0.0,1.0,0.0,1.0,1.0,1881600.0,1.0,1032750000.0,1.0,40800000.0,15.9872500896,36631.0,5563.0,13639.0,41111.1111111,41666.6666667,43166.6666667,89.0,25.0,64.0,896.0,5000.0,0.0,25.0,1000000.0,950000.0,1.0,1.0,0.0,10.0,0.0,0.0,100.0,500.0,75121724.0,1528217181.0,1399030415.0,0.0,0.0,0.0,0.0,0.0,1.0,1.0,1.0,1.0,1.0,0.0,0.0,1.0,0.0,0.0,0.0,0.0,0.0,32.0,1.0,114564358.0,688345907.0,118679835.0,76843364.0,1543712416.0,7567.0,90937912071.0,0.0,1.0,1.0,0.0,1.0,0.0,0.0,1.0,1.0,1.0,1.0,2.0,1.0,0.0,0.0,0.0,2.0,0.0,0.0,1.0,1.0,3.0,50.0,50.0,1.0,0.0,0.0,0.0,0.0,0.0,0.0,0.0,0.0,0.0,0.0,2.0,2.0,0.0,1.0,1.0,0.0,1.0,0.0,0.0,0.0,0.0,0.0,1.0,0.0,0.0,1.0,0.0,0.0,0.0,1.0,11.0,0.0,0.0,0.0,0.0,0.0,12.0,0.0,0.0,0.0,0.0,0.0,0.0,0.0,0.0,0.0,1.0,1.0,0.0,0.0,0.0,0.0,1.0,1.0,1.0,0.0,0.0,0.0,0.0,0.0,0.0,1.0,1.0,0.0,0.0,0.0,0.0,0.0,1.0,1.0,0.0,2802513032.0,17398.0,17398.0,25380.0,25380.0,25631.0,0.0,697.0,43798.0,30357.0,30233.0,383.0,0.0,0.0,0.0,1480.0,0.0,0.0,115.0,125.0,124.0,59.0,113.0,10101899968.0,3400032.0,51918830112.0,1169410898816.0,12700074752.0,0.0,0.0,7567.0,0.0,0.0,10012.0,248.0,11366.0
393,0.0,1.0,0.0,1.0,1.0,1881600.0,1.0,1032750000.0,1.0,40800000.0,14.9683361053,36254.0,5334.0,13411.0,41187.5,41812.5,43125.0,89.0,25.0,64.0,896.0,5000.0,0.0,25.0,1000000.0,950000.0,1.0,1.0,0.0,10.0,0.0,0.0,100.0,500.0,74398532.0,1453962112.0,1380296776.0,0.0,0.0,0.0,0.0,0.0,1.0,1.0,1.0,1.0,1.0,0.0,0.0,1.0,0.0,0.0,0.0,0.0,0.0,33.0,1.0,101964591.0,698190595.0,106376578.0,77917807.0,1528546343.0,7892.0,90670838452.0,0.0,1.0,1.0,0.0,1.0,0.0,0.0,1.0,1.0,1.0,1.0,2.0,1.0,0.0,0.0,0.0,2.0,0.0,0.0,1.0,1.0,3.0,50.0,50.0,1.0,0.0,0.0,0.0,0.0,0.0,0.0,0.0,0.0,0.0,0.0,2.0,2.0,0.0,1.0,1.0,0.0,1.0,0.0,0.0,0.0,0.0,0.0,1.0,0.0,0.0,1.0,0.0,0.0,0.0,1.0,11.0,0.0,0.0,0.0,0.0,0.0,12.0,0.0,0.0,0.0,0.0,0.0,0.0,0.0,0.0,0.0,1.0,1.0,0.0,0.0,0.0,0.0,1.0,1.0,1.0,0.0,0.0,0.0,0.0,0.0,0.0,1.0,1.0,0.0,0.0,0.0,0.0,0.0,1.0,1.0,0.0,2900755357.0,17644.0,17644.0,25293.0,25293.0,25513.0,0.0,716.0,41874.0,30139.0,30021.0,377.0,0.0,0.0,0.0,1572.0,0.0,0.0,109.0,119.0,118.0,51.0,107.0,8502335200.0,21905024.0,51781677024.0,2655521903136.0,14046444192.0,0.0,0.0,7892.0,0.0,0.0,10457.0,236.0,11900.0
394,0.0,1.0,0.0,1.0,1.0,1881600.0,1.0,1032750000.0,1.0,40800000.0,14.2634530067,36100.0,5563.0,13336.0,41156.25,41750.0,43000.0,89.0,25.0,64.0,896.0,5000.0,0.0,25.0,1000000.0,950000.0,1.0,1.0,0.0,10.0,0.0,0.0,100.0,500.0,69409171.0,1395703416.0,1297586443.0,0.0,0.0,0.0,0.0,0.0,1.0,1.0,1.0,1.0,1.0,0.0,0.0,1.0,0.0,0.0,0.0,0.0,0.0,31.0,1.0,112754004.0,637300397.0,116873001.0,70682431.0,1447170432.0,5243.0,85900330163.0,0.0,1.0,1.0,0.0,1.0,0.0,0.0,1.0,1.0,1.0,1.0,2.0,1.0,0.0,0.0,0.0,2.0,0.0,0.0,1.0,1.0,3.0,50.0,50.0,1.0,0.0,0.0,0.0,0.0,0.0,0.0,0.0,0.0,0.0,0.0,2.0,2.0,0.0,1.0,1.0,0.0,1.0,0.0,0.0,0.0,0.0,0.0,1.0,0.0,0.0,1.0,0.0,0.0,0.0,1.0,11.0,0.0,0.0,0.0,0.0,0.0,12.0,0.0,0.0,0.0,0.0,0.0,0.0,0.0,0.0,0.0,1.0,1.0,0.0,0.0,0.0,0.0,1.0,1.0,1.0,0.0,0.0,0.0,0.0,0.0,0.0,1.0,1.0,0.0,0.0,0.0,0.0,0.0,1.0,1.0,0.0,2693241283.0,14835.0,14835.0,23922.0,23922.0,24101.0,0.0,635.0,42025.0,29634.0,29516.0,339.0,0.0,0.0,0.0,1472.0,0.0,0.0,109.0,119.0,118.0,44.0,107.0,8313914624.0,27008576.0,48934595040.0,825718815616.0,7846559168.0,0.0,0.0,5243.0,0.0,0.0,7426.0,236.0,8877.0
395,0.0,1.0,1.0,1.0,1.0,1267200.0,1.0,943500000.0,1.0,408000000.0,0.21526002883900003,8462.0,1143.0,2438.0,41125.0,42000.0,42500.0,94.0,25.0,64.0,896.0,5000.0,0.0,25.0,1000000.0,950000.0,1.0,0.0,0.0,10.0,0.0,0.0,0.0,100.0,23916534.0,607001726.0,579783082.0,0.0,0.0,0.0,0.0,0.0,1.0,1.0,1.0,1.0,1.0,0.0,0.0,1.0,0.0,0.0,0.0,0.0,0.0,27.0,1.0,15575389.0,266531730.0,15208822.0,25022597.0,632938089.0,659.0,3280834298.0,0.0,1.0,1.0,0.0,1.0,0.0,0.0,1.0,1.0,1.0,1.0,2.0,1.0,0.0,0.0,0.0,2.0,0.0,0.0,1.0,1.0,3.0,50.0,50.0,1.0,0.0,0.0,0.0,0.0,0.0,0.0,0.0,0.0,0.0,0.0,2.0,2.0,0.0,1.0,1.0,0.0,1.0,0.0,0.0,0.0,0.0,0.0,1.0,0.0,0.0,1.0,0.0,0.0,0.0,1.0,10.0,0.0,0.0,0.0,0.0,0.0,11.0,0.0,0.0,0.0,0.0,0.0,0.0,0.0,0.0,0.0,1.0,1.0,0.0,0.0,0.0,0.0,1.0,1.0,1.0,0.0,0.0,0.0,0.0,0.0,0.0,1.0,1.0,0.0,0.0,0.0,0.0,0.0,1.0,1.0,0.0,1373076023.0,616.0,616.0,1574.0,1574.0,1612.0,0.0,85.0,21665.0,21821.0,21787.0,168.0,0.0,0.0,0.0,95.0,0.0,0.0,31.0,35.0,34.0,6.0,29.0,231688800.0,0.0,2169300064.0,28889319360.0,130350624.0,0.0,0.0,659.0,0.0,0.0,960.0,68.0,1060.0
396,0.0,1.0,1.0,1.0,1.0,1267200.0,1.0,943500000.0,1.0,408000000.0,0.21579790115400002,8348.0,1219.0,2514.0,40500.0,41750.0,42500.0,94.0,25.0,64.0,896.0,5000.0,0.0,25.0,1000000.0,950000.0,1.0,0.0,0.0,10.0,0.0,0.0,0.0,100.0,22964678.0,629675223.0,597266120.0,0.0,0.0,0.0,0.0,0.0,1.0,1.0,1.0,1.0,1.0,0.0,0.0,1.0,0.0,0.0,0.0,0.0,0.0,32.0,1.0,15325954.0,263313252.0,15421088.0,23341600.0,629543333.0,654.0,3327541823.0,0.0,1.0,1.0,0.0,1.0,0.0,0.0,1.0,1.0,1.0,1.0,2.0,1.0,0.0,0.0,0.0,2.0,0.0,0.0,1.0,1.0,3.0,50.0,50.0,1.0,0.0,0.0,0.0,0.0,0.0,0.0,0.0,0.0,0.0,0.0,2.0,2.0,0.0,1.0,1.0,0.0,1.0,0.0,0.0,0.0,0.0,0.0,1.0,0.0,0.0,1.0,0.0,0.0,0.0,1.0,11.0,0.0,0.0,0.0,0.0,0.0,12.0,0.0,0.0,0.0,0.0,0.0,0.0,0.0,0.0,0.0,1.0,1.0,0.0,0.0,0.0,0.0,1.0,1.0,1.0,0.0,0.0,0.0,0.0,0.0,0.0,1.0,1.0,0.0,0.0,0.0,0.0,0.0,1.0,1.0,0.0,1384087131.0,636.0,636.0,1610.0,1610.0,1638.0,0.0,94.0,21861.0,21992.0,21958.0,62.0,0.0,0.0,0.0,98.0,0.0,0.0,31.0,35.0,34.0,9.0,29.0,132173184.0,0.0,2124596416.0,31596728864.0,79447232.0,0.0,0.0,654.0,0.0,0.0,952.0,68.0,1129.0
397,0.0,1.0,1.0,1.0,1.0,1267200.0,1.0,943500000.0,1.0,408000000.0,0.21450805664099998,8233.0,1219.0,2438.0,40625.0,41750.0,42500.0,94.0,25.0,64.0,896.0,5000.0,0.0,25.0,1000000.0,950000.0,1.0,0.0,0.0,10.0,0.0,0.0,0.0,100.0,23860594.0,605338450.0,579483165.0,0.0,0.0,0.0,0.0,0.0,1.0,1.0,1.0,1.0,1.0,0.0,0.0,1.0,0.0,0.0,0.0,0.0,0.0,29.0,1.0,15873452.0,268690130.0,15047037.0,24610825.0,610381032.0,567.0,3152213702.0,0.0,1.0,1.0,0.0,1.0,0.0,0.0,1.0,1.0,1.0,1.0,2.0,1.0,0.0,0.0,0.0,2.0,0.0,0.0,1.0,1.0,3.0,50.0,50.0,1.0,0.0,0.0,0.0,0.0,0.0,0.0,0.0,0.0,0.0,0.0,2.0,2.0,0.0,1.0,1.0,0.0,1.0,0.0,0.0,0.0,0.0,0.0,1.0,0.0,0.0,1.0,0.0,0.0,0.0,1.0,10.0,0.0,0.0,0.0,0.0,0.0,11.0,0.0,0.0,0.0,0.0,0.0,0.0,0.0,0.0,0.0,1.0,1.0,0.0,0.0,0.0,0.0,1.0,1.0,1.0,0.0,0.0,0.0,0.0,0.0,0.0,1.0,1.0,0.0,0.0,0.0,0.0,0.0,1.0,1.0,0.0,1323466173.0,633.0,633.0,1557.0,1557.0,1585.0,0.0,74.0,21127.0,21809.0,21775.0,48.0,0.0,0.0,0.0,83.0,0.0,0.0,31.0,35.0,34.0,7.0,29.0,133747904.0,0.0,2102898624.0,26017914048.0,86526112.0,0.0,0.0,567.0,0.0,0.0,785.0,68.0,1081.0
398,0.0,1.0,1.0,1.0,1.0,1267200.0,1.0,943500000.0,1.0,408000000.0,0.216428995132,8385.0,1295.0,2438.0,41125.0,41750.0,42500.0,84.0,25.0,64.0,896.0,5000.0,0.0,25.0,1000000.0,950000.0,1.0,1.0,0.0,10.0,0.0,0.0,0.0,100.0,22439385.0,600256445.0,584118635.0,0.0,0.0,0.0,0.0,0.0,1.0,1.0,1.0,1.0,1.0,0.0,0.0,1.0,0.0,0.0,0.0,0.0,0.0,32.0,1.0,14960926.0,266188848.0,14741581.0,22629473.0,623787124.0,709.0,3219069643.0,0.0,1.0,1.0,0.0,1.0,0.0,0.0,1.0,1.0,1.0,1.0,2.0,1.0,0.0,0.0,0.0,2.0,0.0,0.0,1.0,1.0,3.0,50.0,50.0,1.0,0.0,0.0,0.0,0.0,0.0,0.0,0.0,0.0,0.0,0.0,2.0,2.0,0.0,1.0,1.0,0.0,1.0,0.0,0.0,0.0,0.0,0.0,1.0,0.0,0.0,1.0,0.0,0.0,0.0,1.0,10.0,0.0,0.0,0.0,0.0,0.0,11.0,0.0,0.0,0.0,0.0,0.0,0.0,0.0,0.0,0.0,1.0,1.0,0.0,0.0,0.0,0.0,1.0,1.0,1.0,0.0,0.0,0.0,0.0,0.0,0.0,1.0,1.0,0.0,0.0,0.0,0.0,0.0,1.0,1.0,0.0,1362870680.0,638.0,638.0,1513.0,1513.0,1547.0,0.0,79.0,21500.0,21911.0,21877.0,53.0,0.0,0.0,0.0,88.0,0.0,0.0,31.0,35.0,34.0,9.0,29.0,151445312.0,0.0,2136462432.0,24310723808.0,124666880.0,0.0,0.0,709.0,0.0,0.0,906.0,68.0,1135.0
399,0.0,1.0,1.0,1.0,1.0,1267200.0,1.0,943500000.0,1.0,408000000.0,0.216727972031,8197.0,1219.0,2438.0,40750.0,42000.0,42500.0,84.0,25.0,64.0,896.0,5000.0,0.0,25.0,1000000.0,950000.0,1.0,1.0,0.0,10.0,0.0,0.0,0.0,100.0,24636385.0,592260550.0,584765501.0,0.0,0.0,0.0,0.0,0.0,1.0,1.0,1.0,1.0,1.0,0.0,0.0,1.0,0.0,0.0,0.0,0.0,0.0,32.0,1.0,15173196.0,266828142.0,15028685.0,24639943.0,612524218.0,671.0,3213590972.0,0.0,1.0,1.0,0.0,1.0,0.0,0.0,1.0,1.0,1.0,1.0,2.0,1.0,0.0,0.0,0.0,2.0,0.0,0.0,1.0,1.0,3.0,50.0,50.0,1.0,0.0,0.0,0.0,0.0,0.0,0.0,0.0,0.0,0.0,0.0,2.0,2.0,0.0,1.0,1.0,0.0,1.0,0.0,0.0,0.0,0.0,0.0,1.0,0.0,0.0,1.0,0.0,0.0,0.0,1.0,10.0,0.0,0.0,0.0,0.0,0.0,11.0,0.0,0.0,0.0,0.0,0.0,0.0,0.0,0.0,0.0,1.0,1.0,0.0,0.0,0.0,0.0,1.0,1.0,1.0,0.0,0.0,0.0,0.0,0.0,0.0,1.0,1.0,0.0,0.0,0.0,0.0,0.0,1.0,1.0,0.0,1346758595.0,594.0,594.0,1511.0,1511.0,1546.0,0.0,94.0,22119.0,22058.0,22024.0,31.0,0.0,0.0,0.0,106.0,0.0,0.0,31.0,35.0,34.0,13.0,29.0,122375456.0,0.0,2103883040.0,33496910560.0,101698240.0,0.0,0.0,671.0,0.0,0.0,949.0,68.0,1082.0
400,0.0,1.0,1.0,1.0,1.0,1267200.0,1.0,943500000.0,1.0,408000000.0,0.21747207641600003,8347.0,1219.0,2438.0,41250.0,41750.0,42500.0,84.0,25.0,64.0,896.0,5000.0,0.0,25.0,1000000.0,950000.0,1.0,1.0,0.0,10.0,0.0,0.0,0.0,100.0,22769379.0,607184928.0,585026209.0,0.0,0.0,0.0,0.0,0.0,1.0,1.0,1.0,1.0,1.0,0.0,0.0,1.0,0.0,0.0,0.0,0.0,0.0,34.0,1.0,15113753.0,271403893.0,14840542.0,23592456.0,612877532.0,567.0,3276681731.0,0.0,1.0,1.0,0.0,1.0,0.0,0.0,1.0,1.0,1.0,1.0,2.0,1.0,0.0,0.0,0.0,2.0,0.0,0.0,1.0,1.0,3.0,50.0,50.0,1.0,0.0,0.0,0.0,0.0,0.0,0.0,0.0,0.0,0.0,0.0,2.0,2.0,0.0,1.0,1.0,0.0,1.0,0.0,0.0,0.0,0.0,0.0,1.0,0.0,0.0,1.0,0.0,0.0,0.0,1.0,10.0,0.0,0.0,0.0,0.0,0.0,11.0,0.0,0.0,0.0,0.0,0.0,0.0,0.0,0.0,0.0,1.0,1.0,0.0,0.0,0.0,0.0,1.0,1.0,1.0,0.0,0.0,0.0,0.0,0.0,0.0,1.0,1.0,0.0,0.0,0.0,0.0,0.0,1.0,1.0,0.0,1325873869.0,608.0,608.0,1626.0,1626.0,1650.0,0.0,82.0,21776.0,21912.0,21878.0,36.0,0.0,0.0,0.0,86.0,0.0,0.0,31.0,35.0,34.0,7.0,29.0,124555680.0,200704.0,2102589728.0,31165827200.0,91707072.0,0.0,0.0,567.0,0.0,0.0,787.0,68.0,1021.0
401,0.0,1.0,1.0,1.0,1.0,1267200.0,1.0,943500000.0,1.0,408000000.0,0.219835996628,8235.0,1219.0,2514.0,40375.0,42000.0,42500.0,77.0,25.0,64.0,896.0,5000.0,0.0,25.0,1000000.0,950000.0,1.0,0.0,0.0,10.0,0.0,0.0,0.0,500.0,24705980.0,619756158.0,605221361.0,0.0,0.0,0.0,0.0,0.0,1.0,1.0,1.0,1.0,1.0,0.0,0.0,1.0,0.0,0.0,0.0,0.0,0.0,30.0,1.0,15314285.0,272455711.0,15258434.0,23720370.0,625108592.0,730.0,3310716196.0,0.0,1.0,1.0,0.0,1.0,0.0,0.0,1.0,1.0,1.0,1.0,2.0,1.0,0.0,0.0,0.0,2.0,0.0,0.0,1.0,1.0,3.0,50.0,50.0,1.0,0.0,0.0,0.0,0.0,0.0,0.0,0.0,0.0,0.0,0.0,2.0,2.0,0.0,1.0,1.0,0.0,1.0,0.0,0.0,0.0,0.0,0.0,1.0,0.0,0.0,1.0,0.0,0.0,0.0,1.0,10.0,0.0,0.0,0.0,0.0,0.0,11.0,0.0,0.0,0.0,0.0,0.0,0.0,0.0,0.0,0.0,1.0,1.0,0.0,0.0,0.0,0.0,1.0,1.0,1.0,0.0,0.0,0.0,0.0,0.0,0.0,1.0,1.0,0.0,0.0,0.0,0.0,0.0,1.0,1.0,0.0,1375953764.0,658.0,658.0,1522.0,1522.0,1558.0,0.0,93.0,22017.0,22034.0,22000.0,44.0,0.0,0.0,0.0,109.0,0.0,0.0,31.0,35.0,34.0,12.0,29.0,28689632.0,0.0,2139644608.0,31066055648.0,112216352.0,0.0,0.0,730.0,0.0,0.0,979.0,68.0,1187.0
402,0.0,1.0,1.0,1.0,1.0,1267200.0,1.0,943500000.0,1.0,408000000.0,0.216423034668,8271.0,1219.0,2362.0,40500.0,41750.0,42500.0,77.0,25.0,64.0,896.0,5000.0,0.0,25.0,1000000.0,950000.0,1.0,0.0,0.0,10.0,0.0,0.0,0.0,500.0,23293934.0,597097241.0,595105199.0,0.0,0.0,0.0,0.0,0.0,1.0,1.0,1.0,1.0,1.0,0.0,0.0,1.0,0.0,0.0,0.0,0.0,0.0,32.0,1.0,15360060.0,263471671.0,14982323.0,24758637.0,609320801.0,685.0,3248820696.0,0.0,1.0,1.0,0.0,1.0,0.0,0.0,1.0,1.0,1.0,1.0,2.0,1.0,0.0,0.0,0.0,2.0,0.0,0.0,1.0,1.0,3.0,50.0,50.0,1.0,0.0,0.0,0.0,0.0,0.0,0.0,0.0,0.0,0.0,0.0,2.0,2.0,0.0,1.0,1.0,0.0,1.0,0.0,0.0,0.0,0.0,0.0,1.0,0.0,0.0,1.0,0.0,0.0,0.0,1.0,10.0,0.0,0.0,0.0,0.0,0.0,11.0,0.0,0.0,0.0,0.0,0.0,0.0,0.0,0.0,0.0,1.0,1.0,0.0,0.0,0.0,0.0,1.0,1.0,1.0,0.0,0.0,0.0,0.0,0.0,0.0,1.0,1.0,0.0,0.0,0.0,0.0,0.0,1.0,1.0,0.0,1356173583.0,616.0,616.0,1519.0,1519.0,1549.0,0.0,84.0,21656.0,22032.0,21998.0,42.0,0.0,0.0,0.0,77.0,0.0,0.0,31.0,35.0,34.0,10.0,29.0,154297920.0,0.0,2186754272.0,34354085568.0,135824864.0,0.0,0.0,685.0,0.0,0.0,915.0,68.0,1069.0
403,0.0,1.0,1.0,1.0,1.0,1267200.0,1.0,943500000.0,1.0,408000000.0,0.212931871414,8309.0,1219.0,2438.0,41125.0,41750.0,42500.0,77.0,25.0,64.0,896.0,5000.0,0.0,25.0,1000000.0,950000.0,1.0,0.0,0.0,10.0,0.0,0.0,0.0,500.0,23643977.0,605460630.0,589216991.0,0.0,0.0,0.0,0.0,0.0,1.0,1.0,1.0,1.0,1.0,0.0,0.0,1.0,0.0,0.0,0.0,0.0,0.0,28.0,1.0,15300143.0,263281784.0,15495447.0,23662199.0,616540727.0,608.0,3316781167.0,0.0,1.0,1.0,0.0,1.0,0.0,0.0,1.0,1.0,1.0,1.0,2.0,1.0,0.0,0.0,0.0,2.0,0.0,0.0,1.0,1.0,3.0,50.0,50.0,1.0,0.0,0.0,0.0,0.0,0.0,0.0,0.0,0.0,0.0,0.0,2.0,2.0,0.0,1.0,1.0,0.0,1.0,0.0,0.0,0.0,0.0,0.0,1.0,0.0,0.0,1.0,0.0,0.0,0.0,1.0,10.0,0.0,0.0,0.0,0.0,0.0,11.0,0.0,0.0,0.0,0.0,0.0,0.0,0.0,0.0,0.0,1.0,1.0,0.0,0.0,0.0,0.0,1.0,1.0,1.0,0.0,0.0,0.0,0.0,0.0,0.0,1.0,1.0,0.0,0.0,0.0,0.0,0.0,1.0,1.0,0.0,1369581052.0,628.0,628.0,1585.0,1585.0,1611.0,0.0,99.0,21806.0,21863.0,21829.0,50.0,0.0,0.0,0.0,115.0,0.0,0.0,31.0,35.0,34.0,5.0,29.0,325389696.0,0.0,2158892768.0,25279444576.0,92116256.0,0.0,0.0,608.0,0.0,0.0,846.0,68.0,970.0
404,0.0,1.0,1.0,1.0,1.0,1267200.0,1.0,943500000.0,1.0,408000000.0,0.218482017517,8271.0,1219.0,2362.0,41250.0,41750.0,42500.0,79.0,25.0,64.0,896.0,5000.0,0.0,25.0,1000000.0,950000.0,1.0,1.0,0.0,10.0,0.0,0.0,0.0,500.0,24130736.0,604802058.0,597703241.0,0.0,0.0,0.0,0.0,0.0,1.0,1.0,1.0,1.0,1.0,0.0,0.0,1.0,0.0,0.0,0.0,0.0,0.0,31.0,1.0,15625204.0,270683625.0,15325613.0,23444602.0,623336205.0,724.0,3306778804.0,0.0,1.0,1.0,0.0,1.0,0.0,0.0,1.0,1.0,1.0,1.0,2.0,1.0,0.0,0.0,0.0,2.0,0.0,0.0,1.0,1.0,3.0,50.0,50.0,1.0,0.0,0.0,0.0,0.0,0.0,0.0,0.0,0.0,0.0,0.0,2.0,2.0,0.0,1.0,1.0,0.0,1.0,0.0,0.0,0.0,0.0,0.0,1.0,0.0,0.0,1.0,0.0,0.0,0.0,1.0,10.0,0.0,0.0,0.0,0.0,0.0,11.0,0.0,0.0,0.0,0.0,0.0,0.0,0.0,0.0,0.0,1.0,1.0,0.0,0.0,0.0,0.0,1.0,1.0,1.0,0.0,0.0,0.0,0.0,0.0,0.0,1.0,1.0,0.0,0.0,0.0,0.0,0.0,1.0,1.0,0.0,1354992377.0,643.0,643.0,1557.0,1557.0,1585.0,0.0,85.0,22093.0,21933.0,21899.0,38.0,0.0,0.0,0.0,92.0,0.0,0.0,31.0,35.0,34.0,6.0,29.0,218983520.0,0.0,2180145824.0,22828844832.0,145038112.0,0.0,0.0,724.0,0.0,0.0,923.0,68.0,1061.0
405,0.0,1.0,1.0,1.0,1.0,1267200.0,1.0,943500000.0,1.0,408000000.0,0.21734213829,8232.0,1219.0,2438.0,40875.0,41750.0,42500.0,79.0,25.0,64.0,896.0,5000.0,0.0,25.0,1000000.0,950000.0,1.0,1.0,0.0,10.0,0.0,0.0,0.0,500.0,24188024.0,626335625.0,593155383.0,0.0,0.0,0.0,0.0,0.0,1.0,1.0,1.0,1.0,1.0,0.0,0.0,1.0,0.0,0.0,0.0,0.0,0.0,36.0,1.0,15236341.0,267209133.0,14881995.0,23920338.0,633124776.0,712.0,3379129259.0,0.0,1.0,1.0,0.0,1.0,0.0,0.0,1.0,1.0,1.0,1.0,2.0,1.0,0.0,0.0,0.0,2.0,0.0,0.0,1.0,1.0,3.0,50.0,50.0,1.0,0.0,0.0,0.0,0.0,0.0,0.0,0.0,0.0,0.0,0.0,2.0,2.0,0.0,1.0,1.0,0.0,1.0,0.0,0.0,0.0,0.0,0.0,1.0,0.0,0.0,1.0,0.0,0.0,0.0,1.0,11.0,0.0,0.0,0.0,0.0,0.0,12.0,0.0,0.0,0.0,0.0,0.0,0.0,0.0,0.0,0.0,1.0,1.0,0.0,0.0,0.0,0.0,1.0,1.0,1.0,0.0,0.0,0.0,0.0,0.0,0.0,1.0,1.0,0.0,0.0,0.0,0.0,0.0,1.0,1.0,0.0,1370251603.0,592.0,592.0,1516.0,1516.0,1554.0,0.0,86.0,22169.0,21965.0,21931.0,75.0,0.0,0.0,0.0,84.0,0.0,0.0,31.0,35.0,34.0,6.0,29.0,25264352.0,0.0,2172928512.0,12782657664.0,140084992.0,0.0,0.0,712.0,0.0,0.0,946.0,68.0,1100.0
406,0.0,1.0,1.0,1.0,1.0,1267200.0,1.0,943500000.0,1.0,408000000.0,0.21337699890099998,8309.0,1295.0,2362.0,40875.0,41750.0,42500.0,79.0,25.0,64.0,896.0,5000.0,0.0,25.0,1000000.0,950000.0,1.0,1.0,0.0,10.0,0.0,0.0,0.0,500.0,23514317.0,613357489.0,579011344.0,0.0,0.0,0.0,0.0,0.0,1.0,1.0,1.0,1.0,1.0,0.0,0.0,1.0,0.0,0.0,0.0,0.0,0.0,35.0,1.0,15471813.0,266726524.0,15094465.0,23145671.0,627888060.0,601.0,3330126233.0,0.0,1.0,1.0,0.0,1.0,0.0,0.0,1.0,1.0,1.0,1.0,2.0,1.0,0.0,0.0,0.0,2.0,0.0,0.0,1.0,1.0,3.0,50.0,50.0,1.0,0.0,0.0,0.0,0.0,0.0,0.0,0.0,0.0,0.0,0.0,2.0,2.0,0.0,1.0,1.0,0.0,1.0,0.0,0.0,0.0,0.0,0.0,1.0,0.0,0.0,1.0,0.0,0.0,0.0,1.0,11.0,0.0,0.0,0.0,0.0,0.0,12.0,0.0,0.0,0.0,0.0,0.0,0.0,0.0,0.0,0.0,1.0,1.0,0.0,0.0,0.0,0.0,1.0,1.0,1.0,0.0,0.0,0.0,0.0,0.0,0.0,1.0,1.0,0.0,0.0,0.0,0.0,0.0,1.0,1.0,0.0,1381338599.0,604.0,604.0,1648.0,1648.0,1672.0,0.0,74.0,21818.0,21835.0,21801.0,55.0,0.0,0.0,0.0,73.0,0.0,0.0,31.0,35.0,34.0,8.0,29.0,22725408.0,781248.0,2160881696.0,22171258304.0,95222432.0,0.0,0.0,601.0,0.0,0.0,741.0,68.0,954.0
407,0.0,1.0,1.0,1.0,1.0,1267200.0,1.0,943500000.0,1.0,408000000.0,0.22160196304299998,8271.0,1219.0,2438.0,40500.0,41750.0,42500.0,80.0,25.0,64.0,896.0,5000.0,0.0,25.0,1000000.0,950000.0,1.0,0.0,0.0,10.0,0.0,0.0,100.0,100.0,24502111.0,609603513.0,587925710.0,0.0,0.0,0.0,0.0,0.0,1.0,1.0,1.0,1.0,1.0,0.0,0.0,1.0,0.0,0.0,0.0,0.0,0.0,35.0,1.0,15440068.0,265473138.0,15284215.0,24461248.0,623718502.0,677.0,3376324269.0,0.0,1.0,1.0,0.0,1.0,0.0,0.0,1.0,1.0,1.0,1.0,2.0,1.0,0.0,0.0,0.0,2.0,0.0,0.0,1.0,1.0,3.0,50.0,50.0,1.0,0.0,0.0,0.0,0.0,0.0,0.0,0.0,0.0,0.0,0.0,2.0,2.0,0.0,1.0,1.0,0.0,1.0,0.0,0.0,0.0,0.0,0.0,1.0,0.0,0.0,1.0,0.0,0.0,0.0,1.0,10.0,0.0,0.0,0.0,0.0,0.0,11.0,0.0,0.0,0.0,0.0,0.0,0.0,0.0,0.0,0.0,1.0,1.0,0.0,0.0,0.0,0.0,1.0,1.0,1.0,0.0,0.0,0.0,0.0,0.0,0.0,1.0,1.0,0.0,0.0,0.0,0.0,0.0,1.0,1.0,0.0,1367516656.0,672.0,672.0,1534.0,1534.0,1564.0,0.0,95.0,21952.0,22038.0,22004.0,33.0,0.0,0.0,0.0,107.0,0.0,0.0,31.0,35.0,34.0,6.0,29.0,125190144.0,0.0,2148436512.0,31415356448.0,104479968.0,0.0,0.0,677.0,0.0,0.0,991.0,68.0,1170.0
408,0.0,1.0,1.0,1.0,1.0,1267200.0,1.0,943500000.0,1.0,408000000.0,0.216901063919,8347.0,1219.0,2438.0,41250.0,41500.0,42500.0,80.0,25.0,64.0,896.0,5000.0,0.0,25.0,1000000.0,950000.0,1.0,0.0,0.0,10.0,0.0,0.0,100.0,100.0,23316628.0,617734196.0,603167410.0,0.0,0.0,0.0,0.0,0.0,1.0,1.0,1.0,1.0,1.0,0.0,0.0,1.0,0.0,0.0,0.0,0.0,0.0,34.0,1.0,15210028.0,277330118.0,15316969.0,24063070.0,622483612.0,711.0,3343596936.0,0.0,1.0,1.0,0.0,1.0,0.0,0.0,1.0,1.0,1.0,1.0,2.0,1.0,0.0,0.0,0.0,2.0,0.0,0.0,1.0,1.0,3.0,50.0,50.0,1.0,0.0,0.0,0.0,0.0,0.0,0.0,0.0,0.0,0.0,0.0,2.0,2.0,0.0,1.0,1.0,0.0,1.0,0.0,0.0,0.0,0.0,0.0,1.0,0.0,0.0,1.0,0.0,0.0,0.0,1.0,11.0,0.0,0.0,0.0,0.0,0.0,12.0,0.0,0.0,0.0,0.0,0.0,0.0,0.0,0.0,0.0,1.0,1.0,0.0,0.0,0.0,0.0,1.0,1.0,1.0,0.0,0.0,0.0,0.0,0.0,0.0,1.0,1.0,0.0,0.0,0.0,0.0,0.0,1.0,1.0,0.0,1372046037.0,614.0,614.0,1629.0,1629.0,1665.0,0.0,100.0,22441.0,22076.0,22042.0,40.0,0.0,0.0,0.0,112.0,0.0,0.0,31.0,35.0,34.0,9.0,29.0,122915648.0,0.0,2173742880.0,23511894272.0,74346464.0,0.0,0.0,711.0,0.0,0.0,919.0,68.0,1106.0
409,0.0,1.0,1.0,1.0,1.0,1267200.0,1.0,943500000.0,1.0,408000000.0,0.21488618850699998,8347.0,1219.0,2438.0,40750.0,41500.0,42500.0,80.0,25.0,64.0,896.0,5000.0,0.0,25.0,1000000.0,950000.0,1.0,0.0,0.0,10.0,0.0,0.0,100.0,100.0,24353803.0,610500717.0,598246229.0,0.0,0.0,0.0,0.0,0.0,1.0,1.0,1.0,1.0,1.0,0.0,0.0,1.0,0.0,0.0,0.0,0.0,0.0,33.0,1.0,15197545.0,279855850.0,14923889.0,24266451.0,619075131.0,728.0,3315926728.0,0.0,1.0,1.0,0.0,1.0,0.0,0.0,1.0,1.0,1.0,1.0,2.0,1.0,0.0,0.0,0.0,2.0,0.0,0.0,1.0,1.0,3.0,50.0,50.0,1.0,0.0,0.0,0.0,0.0,0.0,0.0,0.0,0.0,0.0,0.0,2.0,2.0,0.0,1.0,1.0,0.0,1.0,0.0,0.0,0.0,0.0,0.0,1.0,0.0,0.0,1.0,0.0,0.0,0.0,1.0,10.0,0.0,0.0,0.0,0.0,0.0,11.0,0.0,0.0,0.0,0.0,0.0,0.0,0.0,0.0,0.0,1.0,1.0,0.0,0.0,0.0,0.0,1.0,1.0,1.0,0.0,0.0,0.0,0.0,0.0,0.0,1.0,1.0,0.0,0.0,0.0,0.0,0.0,1.0,1.0,0.0,1342455894.0,637.0,637.0,1618.0,1618.0,1644.0,0.0,107.0,22079.0,22073.0,22039.0,57.0,0.0,0.0,0.0,107.0,0.0,0.0,31.0,35.0,34.0,10.0,29.0,44969664.0,0.0,2196520672.0,30291932000.0,144529760.0,0.0,0.0,728.0,0.0,0.0,970.0,68.0,1189.0
410,0.0,1.0,1.0,1.0,1.0,1267200.0,1.0,943500000.0,1.0,408000000.0,0.218705892563,8347.0,1219.0,2438.0,40375.0,41250.0,42500.0,91.0,25.0,64.0,896.0,5000.0,0.0,25.0,1000000.0,950000.0,1.0,1.0,0.0,10.0,0.0,0.0,100.0,100.0,23298995.0,627869333.0,594610739.0,0.0,0.0,0.0,0.0,0.0,1.0,1.0,1.0,1.0,1.0,0.0,0.0,1.0,0.0,0.0,0.0,0.0,0.0,34.0,1.0,15408146.0,268298204.0,15197297.0,24264407.0,632113811.0,684.0,3330168674.0,0.0,1.0,1.0,0.0,1.0,0.0,0.0,1.0,1.0,1.0,1.0,2.0,1.0,0.0,0.0,0.0,2.0,0.0,0.0,1.0,1.0,3.0,50.0,50.0,1.0,0.0,0.0,0.0,0.0,0.0,0.0,0.0,0.0,0.0,0.0,2.0,2.0,0.0,1.0,1.0,0.0,1.0,0.0,0.0,0.0,0.0,0.0,1.0,0.0,0.0,1.0,0.0,0.0,0.0,1.0,10.0,0.0,0.0,0.0,0.0,0.0,11.0,0.0,0.0,0.0,0.0,0.0,0.0,0.0,0.0,0.0,1.0,1.0,0.0,0.0,0.0,0.0,1.0,1.0,1.0,0.0,0.0,0.0,0.0,0.0,0.0,1.0,1.0,0.0,0.0,0.0,0.0,0.0,1.0,1.0,0.0,1370910854.0,602.0,602.0,1548.0,1548.0,1579.0,0.0,82.0,22237.0,21861.0,21827.0,32.0,0.0,0.0,0.0,92.0,0.0,0.0,31.0,35.0,34.0,9.0,29.0,21756384.0,0.0,2094754528.0,35910966528.0,118558880.0,0.0,0.0,684.0,0.0,0.0,842.0,68.0,1045.0
411,0.0,1.0,1.0,1.0,1.0,1267200.0,1.0,943500000.0,1.0,408000000.0,0.212978124619,13642.0,1752.0,4647.0,41000.0,41750.0,42500.0,91.0,25.0,64.0,896.0,5000.0,0.0,25.0,1000000.0,950000.0,1.0,1.0,0.0,10.0,0.0,0.0,100.0,100.0,26501327.0,636588069.0,616835266.0,0.0,0.0,0.0,0.0,0.0,1.0,1.0,1.0,1.0,1.0,0.0,0.0,1.0,0.0,0.0,0.0,0.0,0.0,34.0,1.0,15920001.0,270660787.0,16033782.0,25862713.0,631978260.0,746.0,3608094659.0,0.0,1.0,1.0,0.0,1.0,0.0,0.0,1.0,1.0,1.0,1.0,2.0,1.0,0.0,0.0,0.0,2.0,0.0,0.0,1.0,1.0,3.0,50.0,50.0,1.0,0.0,0.0,0.0,0.0,0.0,0.0,0.0,0.0,0.0,0.0,2.0,2.0,0.0,1.0,1.0,0.0,1.0,0.0,0.0,0.0,0.0,0.0,1.0,0.0,0.0,1.0,0.0,0.0,0.0,1.0,10.0,0.0,0.0,0.0,0.0,0.0,11.0,0.0,0.0,0.0,0.0,0.0,0.0,0.0,0.0,0.0,1.0,1.0,0.0,0.0,0.0,0.0,1.0,1.0,1.0,0.0,0.0,0.0,0.0,0.0,0.0,1.0,1.0,0.0,0.0,0.0,0.0,0.0,1.0,1.0,0.0,1400715129.0,699.0,699.0,1705.0,1705.0,1741.0,0.0,97.0,23103.0,22428.0,22387.0,43.0,0.0,0.0,0.0,108.0,0.0,0.0,37.0,42.0,41.0,9.0,35.0,230904096.0,0.0,2307581216.0,26629217440.0,99679808.0,0.0,0.0,746.0,0.0,0.0,1062.0,82.0,1218.0
412,0.0,1.0,1.0,1.0,1.0,1267200.0,1.0,943500000.0,1.0,408000000.0,0.21728205680799997,8271.0,1219.0,2362.0,40875.0,41500.0,42500.0,91.0,25.0,64.0,896.0,5000.0,0.0,25.0,1000000.0,950000.0,1.0,1.0,0.0,10.0,0.0,0.0,100.0,100.0,23123401.0,605773158.0,601774193.0,0.0,0.0,0.0,0.0,0.0,1.0,1.0,1.0,1.0,1.0,0.0,0.0,1.0,0.0,0.0,0.0,0.0,0.0,32.0,1.0,14797325.0,263045437.0,14815365.0,23932901.0,614206524.0,656.0,3253846679.0,0.0,1.0,1.0,0.0,1.0,0.0,0.0,1.0,1.0,1.0,1.0,2.0,1.0,0.0,0.0,0.0,2.0,0.0,0.0,1.0,1.0,3.0,50.0,50.0,1.0,0.0,0.0,0.0,0.0,0.0,0.0,0.0,0.0,0.0,0.0,2.0,2.0,0.0,1.0,1.0,0.0,1.0,0.0,0.0,0.0,0.0,0.0,1.0,0.0,0.0,1.0,0.0,0.0,0.0,1.0,10.0,0.0,0.0,0.0,0.0,0.0,11.0,0.0,0.0,0.0,0.0,0.0,0.0,0.0,0.0,0.0,1.0,1.0,0.0,0.0,0.0,0.0,1.0,1.0,1.0,0.0,0.0,0.0,0.0,0.0,0.0,1.0,1.0,0.0,0.0,0.0,0.0,0.0,1.0,1.0,0.0,1334840769.0,633.0,633.0,1571.0,1571.0,1599.0,0.0,76.0,21715.0,21919.0,21885.0,59.0,0.0,0.0,0.0,83.0,0.0,0.0,31.0,35.0,34.0,7.0,29.0,226350816.0,0.0,2172488224.0,28227065472.0,108621376.0,0.0,0.0,656.0,0.0,0.0,863.0,68.0,1065.0
413,0.0,1.0,1.0,1.0,1.0,1267200.0,1.0,943500000.0,1.0,408000000.0,0.21996307373000004,8233.0,1219.0,2438.0,40750.0,41250.0,42500.0,78.0,25.0,64.0,896.0,5000.0,0.0,25.0,1000000.0,950000.0,1.0,0.0,0.0,10.0,0.0,0.0,100.0,500.0,23191484.0,631504448.0,615142099.0,0.0,0.0,0.0,0.0,0.0,1.0,1.0,1.0,1.0,1.0,0.0,0.0,1.0,0.0,0.0,0.0,0.0,0.0,34.0,1.0,15348312.0,269253200.0,14839816.0,24282844.0,614090951.0,667.0,3280190385.0,0.0,1.0,1.0,0.0,1.0,0.0,0.0,1.0,1.0,1.0,1.0,2.0,1.0,0.0,0.0,0.0,2.0,0.0,0.0,1.0,1.0,3.0,50.0,50.0,1.0,0.0,0.0,0.0,0.0,0.0,0.0,0.0,0.0,0.0,0.0,2.0,2.0,0.0,1.0,1.0,0.0,1.0,0.0,0.0,0.0,0.0,0.0,1.0,0.0,0.0,1.0,0.0,0.0,0.0,1.0,10.0,0.0,0.0,0.0,0.0,0.0,11.0,0.0,0.0,0.0,0.0,0.0,0.0,0.0,0.0,0.0,1.0,1.0,0.0,0.0,0.0,0.0,1.0,1.0,1.0,0.0,0.0,0.0,0.0,0.0,0.0,1.0,1.0,0.0,0.0,0.0,0.0,0.0,1.0,1.0,0.0,1323492740.0,608.0,608.0,1573.0,1573.0,1602.0,0.0,76.0,22207.0,21966.0,21932.0,36.0,0.0,0.0,0.0,85.0,0.0,0.0,31.0,35.0,34.0,6.0,29.0,134080672.0,0.0,2131644864.0,17395694944.0,102689792.0,0.0,0.0,667.0,0.0,0.0,855.0,68.0,1080.0
414,0.0,1.0,1.0,1.0,1.0,1267200.0,1.0,943500000.0,1.0,408000000.0,0.21312308311500003,8233.0,1143.0,2286.0,41125.0,41250.0,42500.0,78.0,25.0,64.0,896.0,5000.0,0.0,25.0,1000000.0,950000.0,1.0,0.0,0.0,10.0,0.0,0.0,100.0,500.0,24434703.0,620212808.0,599341314.0,0.0,0.0,0.0,0.0,0.0,1.0,1.0,1.0,1.0,1.0,0.0,0.0,1.0,0.0,0.0,0.0,0.0,0.0,33.0,1.0,15214376.0,270715333.0,14848295.0,24013116.0,621879852.0,639.0,3268732669.0,0.0,1.0,1.0,0.0,1.0,0.0,0.0,1.0,1.0,1.0,1.0,2.0,1.0,0.0,0.0,0.0,2.0,0.0,0.0,1.0,1.0,3.0,50.0,50.0,1.0,0.0,0.0,0.0,0.0,0.0,0.0,0.0,0.0,0.0,0.0,2.0,2.0,0.0,1.0,1.0,0.0,1.0,0.0,0.0,0.0,0.0,0.0,1.0,0.0,0.0,1.0,0.0,0.0,0.0,1.0,10.0,0.0,0.0,0.0,0.0,0.0,11.0,0.0,0.0,0.0,0.0,0.0,0.0,0.0,0.0,0.0,1.0,1.0,0.0,0.0,0.0,0.0,1.0,1.0,1.0,0.0,0.0,0.0,0.0,0.0,0.0,1.0,1.0,0.0,0.0,0.0,0.0,0.0,1.0,1.0,0.0,1378049193.0,681.0,681.0,1583.0,1583.0,1616.0,0.0,71.0,21590.0,21850.0,21816.0,44.0,0.0,0.0,0.0,66.0,0.0,0.0,31.0,35.0,34.0,5.0,29.0,155264544.0,0.0,2178744736.0,28309673408.0,105488512.0,0.0,0.0,639.0,0.0,0.0,884.0,68.0,1090.0
415,0.0,1.0,1.0,1.0,1.0,1267200.0,1.0,943500000.0,1.0,408000000.0,0.21691608429,8271.0,1143.0,2438.0,40000.0,41500.0,42500.0,78.0,25.0,64.0,896.0,5000.0,0.0,25.0,1000000.0,950000.0,1.0,0.0,0.0,10.0,0.0,0.0,100.0,500.0,20698994.0,605758512.0,582695696.0,0.0,0.0,0.0,0.0,0.0,1.0,1.0,1.0,1.0,1.0,0.0,0.0,1.0,0.0,0.0,0.0,0.0,0.0,36.0,1.0,15279423.0,274022535.0,14945544.0,21477079.0,618846117.0,548.0,3195862695.0,0.0,1.0,1.0,0.0,1.0,0.0,0.0,1.0,1.0,1.0,1.0,2.0,1.0,0.0,0.0,0.0,2.0,0.0,0.0,1.0,1.0,3.0,50.0,50.0,1.0,0.0,0.0,0.0,0.0,0.0,0.0,0.0,0.0,0.0,0.0,2.0,2.0,0.0,1.0,1.0,0.0,1.0,0.0,0.0,0.0,0.0,0.0,1.0,0.0,0.0,1.0,0.0,0.0,0.0,1.0,11.0,0.0,0.0,0.0,0.0,0.0,12.0,0.0,0.0,0.0,0.0,0.0,0.0,0.0,0.0,0.0,1.0,1.0,0.0,0.0,0.0,0.0,1.0,1.0,1.0,0.0,0.0,0.0,0.0,0.0,0.0,1.0,1.0,0.0,0.0,0.0,0.0,0.0,1.0,1.0,0.0,1361103243.0,592.0,592.0,1476.0,1476.0,1499.0,0.0,57.0,19951.0,21590.0,21563.0,30.0,0.0,0.0,0.0,76.0,0.0,0.0,25.0,28.0,27.0,9.0,23.0,119410848.0,0.0,1988309024.0,24578661184.0,62050112.0,0.0,0.0,548.0,0.0,0.0,696.0,54.0,936.0
416,0.0,1.0,1.0,1.0,1.0,1267200.0,1.0,943500000.0,1.0,408000000.0,0.21893787384,8271.0,1219.0,2362.0,40875.0,41500.0,42500.0,93.0,25.0,64.0,896.0,5000.0,0.0,25.0,1000000.0,950000.0,1.0,1.0,0.0,10.0,0.0,0.0,100.0,500.0,24130481.0,623852379.0,593298188.0,0.0,0.0,0.0,0.0,0.0,1.0,1.0,1.0,1.0,1.0,0.0,0.0,1.0,0.0,0.0,0.0,0.0,0.0,34.0,1.0,14459265.0,263532167.0,14572316.0,24254252.0,620165380.0,626.0,3256051002.0,0.0,1.0,1.0,0.0,1.0,0.0,0.0,1.0,1.0,1.0,1.0,2.0,1.0,0.0,0.0,0.0,2.0,0.0,0.0,1.0,1.0,3.0,50.0,50.0,1.0,0.0,0.0,0.0,0.0,0.0,0.0,0.0,0.0,0.0,0.0,2.0,2.0,0.0,1.0,1.0,0.0,1.0,0.0,0.0,0.0,0.0,0.0,1.0,0.0,0.0,1.0,0.0,0.0,0.0,1.0,11.0,0.0,0.0,0.0,0.0,0.0,12.0,0.0,0.0,0.0,0.0,0.0,0.0,0.0,0.0,0.0,1.0,1.0,0.0,0.0,0.0,0.0,1.0,1.0,1.0,0.0,0.0,0.0,0.0,0.0,0.0,1.0,1.0,0.0,0.0,0.0,0.0,0.0,1.0,1.0,0.0,1355221675.0,603.0,603.0,1601.0,1601.0,1629.0,0.0,95.0,21916.0,22049.0,22015.0,35.0,0.0,0.0,0.0,108.0,0.0,0.0,31.0,35.0,34.0,6.0,29.0,122291488.0,0.0,2130490656.0,24578755808.0,106041440.0,0.0,0.0,626.0,0.0,0.0,859.0,68.0,1084.0
417,0.0,1.0,1.0,1.0,1.0,1267200.0,1.0,943500000.0,1.0,408000000.0,0.21668100357099998,8347.0,1219.0,2362.0,40750.0,41250.0,42000.0,93.0,25.0,64.0,896.0,5000.0,0.0,25.0,1000000.0,950000.0,1.0,1.0,0.0,10.0,0.0,0.0,100.0,500.0,24148120.0,607813954.0,591517577.0,0.0,0.0,0.0,0.0,0.0,1.0,1.0,1.0,1.0,1.0,0.0,0.0,1.0,0.0,0.0,0.0,0.0,0.0,32.0,1.0,15187324.0,261918797.0,14870351.0,23574377.0,618722004.0,615.0,3201747799.0,0.0,1.0,1.0,0.0,1.0,0.0,0.0,1.0,1.0,1.0,1.0,2.0,1.0,0.0,0.0,0.0,2.0,0.0,0.0,1.0,1.0,3.0,50.0,50.0,1.0,0.0,0.0,0.0,0.0,0.0,0.0,0.0,0.0,0.0,0.0,2.0,2.0,0.0,1.0,1.0,0.0,1.0,0.0,0.0,0.0,0.0,0.0,1.0,0.0,0.0,1.0,0.0,0.0,0.0,1.0,10.0,0.0,0.0,0.0,0.0,0.0,11.0,0.0,0.0,0.0,0.0,0.0,0.0,0.0,0.0,0.0,1.0,1.0,0.0,0.0,0.0,0.0,1.0,1.0,1.0,0.0,0.0,0.0,0.0,0.0,0.0,1.0,1.0,0.0,0.0,0.0,0.0,0.0,1.0,1.0,0.0,1346387130.0,656.0,656.0,1637.0,1637.0,1669.0,0.0,88.0,21692.0,21920.0,21886.0,63.0,0.0,0.0,0.0,88.0,0.0,0.0,31.0,35.0,34.0,10.0,29.0,328513056.0,0.0,2138083296.0,24622636288.0,100766560.0,0.0,0.0,615.0,0.0,0.0,786.0,68.0,1011.0
418,0.0,1.0,1.0,1.0,1.0,1267200.0,1.0,943500000.0,1.0,408000000.0,0.214843988419,8271.0,1219.0,2438.0,40875.0,41500.0,42000.0,93.0,25.0,64.0,896.0,5000.0,0.0,25.0,1000000.0,950000.0,1.0,1.0,0.0,10.0,0.0,0.0,100.0,500.0,23414672.0,604537784.0,593452069.0,0.0,0.0,0.0,0.0,0.0,1.0,1.0,1.0,1.0,1.0,0.0,0.0,1.0,0.0,0.0,0.0,0.0,0.0,34.0,1.0,15408378.0,280185608.0,15147833.0,23292155.0,618280223.0,645.0,3316579365.0,0.0,1.0,1.0,0.0,1.0,0.0,0.0,1.0,1.0,1.0,1.0,2.0,1.0,0.0,0.0,0.0,2.0,0.0,0.0,1.0,1.0,3.0,50.0,50.0,1.0,0.0,0.0,0.0,0.0,0.0,0.0,0.0,0.0,0.0,0.0,2.0,2.0,0.0,1.0,1.0,0.0,1.0,0.0,0.0,0.0,0.0,0.0,1.0,0.0,0.0,1.0,0.0,0.0,0.0,1.0,10.0,0.0,0.0,0.0,0.0,0.0,11.0,0.0,0.0,0.0,0.0,0.0,0.0,0.0,0.0,0.0,1.0,1.0,0.0,0.0,0.0,0.0,1.0,1.0,1.0,0.0,0.0,0.0,0.0,0.0,0.0,1.0,1.0,0.0,0.0,0.0,0.0,0.0,1.0,1.0,0.0,1418402448.0,635.0,635.0,1655.0,1655.0,1685.0,0.0,65.0,21479.0,21939.0,21905.0,45.0,0.0,0.0,0.0,60.0,0.0,0.0,31.0,35.0,34.0,9.0,29.0,122301984.0,0.0,2124190048.0,25077696800.0,132841408.0,0.0,0.0,645.0,0.0,0.0,813.0,68.0,1026.0
419,0.0,1.0,0.0,0.0,0.0,2035200.0,1.0,229500000.0,1.0,1331200000.0,0.340854883194,14824.0,1217.0,5104.0,40750.0,41166.6666667,42500.0,74.0,25.0,64.0,896.0,5000.0,0.0,25.0,1000000.0,950000.0,1.0,0.0,0.0,10.0,0.0,0.0,0.0,100.0,30154634.0,643866061.0,635388803.0,0.0,0.0,0.0,0.0,0.0,1.0,1.0,1.0,1.0,1.0,0.0,0.0,1.0,0.0,0.0,0.0,0.0,0.0,32.0,1.0,15335277.0,277109766.0,14829501.0,30713228.0,642209838.0,1697.0,2589353167.0,0.0,1.0,1.0,0.0,1.0,0.0,0.0,1.0,1.0,1.0,1.0,2.0,1.0,0.0,0.0,0.0,2.0,0.0,0.0,1.0,1.0,3.0,50.0,50.0,1.0,0.0,0.0,0.0,0.0,0.0,0.0,0.0,0.0,0.0,0.0,2.0,2.0,0.0,1.0,1.0,0.0,1.0,0.0,0.0,0.0,0.0,0.0,1.0,0.0,0.0,1.0,0.0,0.0,0.0,1.0,11.0,0.0,0.0,0.0,0.0,0.0,12.0,0.0,0.0,0.0,0.0,0.0,0.0,0.0,0.0,0.0,1.0,1.0,0.0,0.0,0.0,0.0,1.0,1.0,1.0,0.0,0.0,0.0,0.0,0.0,0.0,1.0,1.0,0.0,0.0,0.0,0.0,0.0,1.0,1.0,0.0,1427615353.0,1363.0,1363.0,1351.0,1351.0,1390.0,0.0,71.0,22808.0,22635.0,22587.0,107.0,0.0,0.0,0.0,27.0,0.0,0.0,43.0,49.0,48.0,13.0,41.0,128144704.0,0.0,1599375872.0,22146663296.0,246191520.0,0.0,0.0,1697.0,0.0,0.0,1970.0,96.0,2489.0
420,0.0,1.0,0.0,0.0,0.0,2035200.0,1.0,229500000.0,1.0,1331200000.0,0.330981016159,14901.0,1294.0,4875.0,40666.6666667,41666.6666667,42500.0,74.0,25.0,64.0,896.0,5000.0,0.0,25.0,1000000.0,950000.0,1.0,0.0,0.0,10.0,0.0,0.0,0.0,100.0,28633608.0,626886384.0,608672040.0,0.0,0.0,0.0,0.0,0.0,1.0,1.0,1.0,1.0,1.0,0.0,0.0,1.0,0.0,0.0,0.0,0.0,0.0,34.0,1.0,14994071.0,272812798.0,14979928.0,31006468.0,630533857.0,1730.0,2701138969.0,0.0,1.0,1.0,0.0,1.0,0.0,0.0,1.0,1.0,1.0,1.0,2.0,1.0,0.0,0.0,0.0,2.0,0.0,0.0,1.0,1.0,3.0,50.0,50.0,1.0,0.0,0.0,0.0,0.0,0.0,0.0,0.0,0.0,0.0,0.0,2.0,2.0,0.0,1.0,1.0,0.0,1.0,0.0,0.0,0.0,0.0,0.0,1.0,0.0,0.0,1.0,0.0,0.0,0.0,1.0,11.0,0.0,0.0,0.0,0.0,0.0,12.0,0.0,0.0,0.0,0.0,0.0,0.0,0.0,0.0,0.0,1.0,1.0,0.0,0.0,0.0,0.0,1.0,1.0,1.0,0.0,0.0,0.0,0.0,0.0,0.0,1.0,1.0,0.0,0.0,0.0,0.0,0.0,1.0,1.0,0.0,1413606393.0,1472.0,1472.0,1292.0,1292.0,1338.0,0.0,78.0,24222.0,22542.0,22494.0,135.0,0.0,0.0,0.0,33.0,0.0,0.0,43.0,49.0,48.0,16.0,41.0,148121504.0,1309568.0,1613495488.0,30516919264.0,559828544.0,0.0,0.0,1730.0,0.0,0.0,2026.0,96.0,2310.0
421,0.0,1.0,0.0,0.0,0.0,2035200.0,1.0,229500000.0,1.0,1331200000.0,0.331442117691,14710.0,1218.0,4723.0,40375.0,41500.0,42500.0,74.0,25.0,64.0,896.0,5000.0,0.0,25.0,1000000.0,950000.0,1.0,0.0,0.0,10.0,0.0,0.0,0.0,100.0,27472739.0,600462375.0,590465976.0,0.0,0.0,0.0,0.0,0.0,1.0,1.0,1.0,1.0,1.0,0.0,0.0,1.0,0.0,0.0,0.0,0.0,0.0,33.0,1.0,15535366.0,282243404.0,15405953.0,28091103.0,606233631.0,1623.0,2605216171.0,0.0,1.0,1.0,0.0,1.0,0.0,0.0,1.0,1.0,1.0,1.0,2.0,1.0,0.0,0.0,0.0,2.0,0.0,0.0,1.0,1.0,3.0,50.0,50.0,1.0,0.0,0.0,0.0,0.0,0.0,0.0,0.0,0.0,0.0,0.0,2.0,2.0,0.0,1.0,1.0,0.0,1.0,0.0,0.0,0.0,0.0,0.0,1.0,0.0,0.0,1.0,0.0,0.0,0.0,1.0,10.0,0.0,0.0,0.0,0.0,0.0,11.0,0.0,0.0,0.0,0.0,0.0,0.0,0.0,0.0,0.0,1.0,1.0,0.0,0.0,0.0,0.0,1.0,1.0,1.0,0.0,0.0,0.0,0.0,0.0,0.0,1.0,1.0,0.0,0.0,0.0,0.0,0.0,1.0,1.0,0.0,1387916473.0,1490.0,1490.0,1268.0,1268.0,1303.0,0.0,53.0,22740.0,22084.0,22043.0,66.0,0.0,0.0,0.0,23.0,0.0,0.0,37.0,42.0,41.0,7.0,35.0,335452704.0,0.0,1566659296.0,24394657504.0,246795648.0,0.0,0.0,1623.0,0.0,0.0,1837.0,82.0,2148.0
422,0.0,1.0,0.0,0.0,0.0,2035200.0,1.0,229500000.0,1.0,1331200000.0,0.33975505828900004,14709.0,1446.0,4722.0,41125.0,41750.0,42750.0,71.0,25.0,64.0,896.0,5000.0,0.0,25.0,1000000.0,950000.0,1.0,1.0,0.0,10.0,0.0,0.0,0.0,100.0,27783660.0,612268417.0,601294966.0,0.0,0.0,0.0,0.0,0.0,1.0,1.0,1.0,1.0,1.0,0.0,0.0,1.0,0.0,0.0,0.0,0.0,0.0,34.0,1.0,15445008.0,283438531.0,15040269.0,28355206.0,626444256.0,1787.0,2563576895.0,0.0,1.0,1.0,0.0,1.0,0.0,0.0,1.0,1.0,1.0,1.0,2.0,1.0,0.0,0.0,0.0,2.0,0.0,0.0,1.0,1.0,3.0,50.0,50.0,1.0,0.0,0.0,0.0,0.0,0.0,0.0,0.0,0.0,0.0,0.0,2.0,2.0,0.0,1.0,1.0,0.0,1.0,0.0,0.0,0.0,0.0,0.0,1.0,0.0,0.0,1.0,0.0,0.0,0.0,1.0,10.0,0.0,0.0,0.0,0.0,0.0,11.0,0.0,0.0,0.0,0.0,0.0,0.0,0.0,0.0,0.0,1.0,1.0,0.0,0.0,0.0,0.0,1.0,1.0,1.0,0.0,0.0,0.0,0.0,0.0,0.0,1.0,1.0,0.0,0.0,0.0,0.0,0.0,1.0,1.0,0.0,1385618017.0,1473.0,1473.0,1240.0,1240.0,1280.0,0.0,58.0,23274.0,22197.0,22156.0,76.0,0.0,0.0,0.0,16.0,0.0,0.0,37.0,42.0,41.0,10.0,35.0,144508288.0,257984.0,1614219712.0,33964053984.0,382436064.0,0.0,0.0,1787.0,0.0,0.0,2012.0,82.0,2343.0
423,0.0,1.0,0.0,0.0,0.0,2035200.0,1.0,229500000.0,1.0,1331200000.0,0.33132290840100004,14671.0,1294.0,4723.0,41000.0,41750.0,42500.0,71.0,25.0,64.0,896.0,5000.0,0.0,25.0,1000000.0,950000.0,1.0,1.0,0.0,10.0,0.0,0.0,0.0,100.0,26973937.0,610647759.0,598702932.0,0.0,0.0,0.0,0.0,0.0,1.0,1.0,1.0,1.0,1.0,0.0,0.0,1.0,0.0,0.0,0.0,0.0,0.0,35.0,1.0,15619044.0,282426904.0,14950965.0,27488649.0,612569299.0,1610.0,2577066861.0,0.0,1.0,1.0,0.0,1.0,0.0,0.0,1.0,1.0,1.0,1.0,2.0,1.0,0.0,0.0,0.0,2.0,0.0,0.0,1.0,1.0,3.0,50.0,50.0,1.0,0.0,0.0,0.0,0.0,0.0,0.0,0.0,0.0,0.0,0.0,2.0,2.0,0.0,1.0,1.0,0.0,1.0,0.0,0.0,0.0,0.0,0.0,1.0,0.0,0.0,1.0,0.0,0.0,0.0,1.0,10.0,0.0,0.0,0.0,0.0,0.0,11.0,0.0,0.0,0.0,0.0,0.0,0.0,0.0,0.0,0.0,1.0,1.0,0.0,0.0,0.0,0.0,1.0,1.0,1.0,0.0,0.0,0.0,0.0,0.0,0.0,1.0,1.0,0.0,0.0,0.0,0.0,0.0,1.0,1.0,0.0,1389818751.0,1377.0,1377.0,1264.0,1264.0,1301.0,0.0,52.0,22811.0,22067.0,22026.0,165.0,0.0,0.0,0.0,23.0,0.0,0.0,37.0,42.0,41.0,11.0,35.0,343510496.0,1286336.0,1623988384.0,33327667264.0,304978176.0,0.0,0.0,1610.0,0.0,0.0,1862.0,82.0,2073.0
424,0.0,1.0,0.0,0.0,0.0,2035200.0,1.0,229500000.0,1.0,1331200000.0,0.330369949341,14785.0,1294.0,4876.0,40833.3333333,41500.0,42666.6666667,71.0,25.0,64.0,896.0,5000.0,0.0,25.0,1000000.0,950000.0,1.0,1.0,0.0,10.0,0.0,0.0,0.0,100.0,30698046.0,653497196.0,623564496.0,0.0,0.0,0.0,0.0,0.0,1.0,1.0,1.0,1.0,1.0,0.0,0.0,1.0,0.0,0.0,0.0,0.0,0.0,33.0,1.0,15573747.0,292115908.0,15166940.0,30140088.0,669652378.0,2220.0,2711693130.0,0.0,1.0,1.0,0.0,1.0,0.0,0.0,1.0,1.0,1.0,1.0,2.0,1.0,0.0,0.0,0.0,2.0,0.0,0.0,1.0,1.0,3.0,50.0,50.0,1.0,0.0,0.0,0.0,0.0,0.0,0.0,0.0,0.0,0.0,0.0,2.0,2.0,0.0,1.0,1.0,0.0,1.0,0.0,0.0,0.0,0.0,0.0,1.0,0.0,0.0,1.0,0.0,0.0,0.0,1.0,11.0,0.0,0.0,0.0,0.0,0.0,12.0,0.0,0.0,0.0,0.0,0.0,0.0,0.0,0.0,0.0,1.0,1.0,0.0,0.0,0.0,0.0,1.0,1.0,1.0,0.0,0.0,0.0,0.0,0.0,0.0,1.0,1.0,0.0,0.0,0.0,0.0,0.0,1.0,1.0,0.0,1458295710.0,1755.0,1755.0,1409.0,1409.0,1453.0,0.0,68.0,24712.0,22660.0,22612.0,99.0,0.0,0.0,0.0,31.0,0.0,0.0,43.0,49.0,48.0,12.0,41.0,254369888.0,0.0,1747534880.0,31054882592.0,421572128.0,0.0,0.0,2220.0,0.0,0.0,2510.0,96.0,2976.0
425,0.0,1.0,0.0,0.0,0.0,2035200.0,1.0,229500000.0,1.0,1331200000.0,0.338990926743,14672.0,1370.0,4646.0,41000.0,41500.0,42750.0,74.0,25.0,64.0,896.0,5000.0,0.0,25.0,1000000.0,950000.0,1.0,0.0,0.0,10.0,0.0,0.0,0.0,500.0,26883001.0,625877980.0,607789079.0,0.0,0.0,0.0,0.0,0.0,1.0,1.0,1.0,1.0,1.0,0.0,0.0,1.0,0.0,0.0,0.0,0.0,0.0,33.0,1.0,15089142.0,284399138.0,14962548.0,28131895.0,630649125.0,1808.0,2620207906.0,0.0,1.0,1.0,0.0,1.0,0.0,0.0,1.0,1.0,1.0,1.0,2.0,1.0,0.0,0.0,0.0,2.0,0.0,0.0,1.0,1.0,3.0,50.0,50.0,1.0,0.0,0.0,0.0,0.0,0.0,0.0,0.0,0.0,0.0,0.0,2.0,2.0,0.0,1.0,1.0,0.0,1.0,0.0,0.0,0.0,0.0,0.0,1.0,0.0,0.0,1.0,0.0,0.0,0.0,1.0,11.0,0.0,0.0,0.0,0.0,0.0,12.0,0.0,0.0,0.0,0.0,0.0,0.0,0.0,0.0,0.0,1.0,1.0,0.0,0.0,0.0,0.0,1.0,1.0,1.0,0.0,0.0,0.0,0.0,0.0,0.0,1.0,1.0,0.0,0.0,0.0,0.0,0.0,1.0,1.0,0.0,1405002264.0,1595.0,1595.0,1333.0,1333.0,1371.0,0.0,60.0,23281.0,22286.0,22245.0,67.0,0.0,0.0,0.0,20.0,0.0,0.0,37.0,42.0,41.0,13.0,35.0,330098848.0,0.0,1629751264.0,29509853792.0,399550656.0,0.0,0.0,1808.0,0.0,0.0,2052.0,82.0,2504.0
426,0.0,1.0,0.0,0.0,0.0,2035200.0,1.0,229500000.0,1.0,1331200000.0,0.331263065338,14938.0,1294.0,5104.0,41000.0,41500.0,42833.3333333,74.0,25.0,64.0,896.0,5000.0,0.0,25.0,1000000.0,950000.0,1.0,0.0,0.0,10.0,0.0,0.0,0.0,500.0,28707787.0,624597535.0,621860639.0,0.0,0.0,0.0,0.0,0.0,1.0,1.0,1.0,1.0,1.0,0.0,0.0,1.0,0.0,0.0,0.0,0.0,0.0,32.0,1.0,14931616.0,288481879.0,14947328.0,30305155.0,647168278.0,1726.0,2655986437.0,0.0,1.0,1.0,0.0,1.0,0.0,0.0,1.0,1.0,1.0,1.0,2.0,1.0,0.0,0.0,0.0,2.0,0.0,0.0,1.0,1.0,3.0,50.0,50.0,1.0,0.0,0.0,0.0,0.0,0.0,0.0,0.0,0.0,0.0,0.0,2.0,2.0,0.0,1.0,1.0,0.0,1.0,0.0,0.0,0.0,0.0,0.0,1.0,0.0,0.0,1.0,0.0,0.0,0.0,1.0,11.0,0.0,0.0,0.0,0.0,0.0,12.0,0.0,0.0,0.0,0.0,0.0,0.0,0.0,0.0,0.0,1.0,1.0,0.0,0.0,0.0,0.0,1.0,1.0,1.0,0.0,0.0,0.0,0.0,0.0,0.0,1.0,1.0,0.0,0.0,0.0,0.0,0.0,1.0,1.0,0.0,1422284068.0,1469.0,1469.0,1335.0,1335.0,1368.0,0.0,64.0,24039.0,22613.0,22565.0,34.0,0.0,0.0,0.0,36.0,0.0,0.0,43.0,49.0,48.0,9.0,41.0,227321600.0,1501152.0,1655432768.0,37730935008.0,457615648.0,0.0,0.0,1726.0,0.0,0.0,1931.0,96.0,2277.0
427,0.0,1.0,0.0,0.0,0.0,2035200.0,1.0,229500000.0,1.0,1331200000.0,0.330034971237,14900.0,1294.0,5104.0,41000.0,41500.0,42833.3333333,74.0,25.0,64.0,896.0,5000.0,0.0,25.0,1000000.0,950000.0,1.0,0.0,0.0,10.0,0.0,0.0,0.0,500.0,28018261.0,626336194.0,625781744.0,0.0,0.0,0.0,0.0,0.0,1.0,1.0,1.0,1.0,1.0,0.0,0.0,1.0,0.0,0.0,0.0,0.0,0.0,32.0,1.0,15647698.0,296914355.0,14956298.0,29837109.0,643453390.0,1601.0,2662022027.0,0.0,1.0,1.0,0.0,1.0,0.0,0.0,1.0,1.0,1.0,1.0,2.0,1.0,0.0,0.0,0.0,2.0,0.0,0.0,1.0,1.0,3.0,50.0,50.0,1.0,0.0,0.0,0.0,0.0,0.0,0.0,0.0,0.0,0.0,0.0,2.0,2.0,0.0,1.0,1.0,0.0,1.0,0.0,0.0,0.0,0.0,0.0,1.0,0.0,0.0,1.0,0.0,0.0,0.0,1.0,10.0,0.0,0.0,0.0,0.0,0.0,11.0,0.0,0.0,0.0,0.0,0.0,0.0,0.0,0.0,0.0,1.0,1.0,0.0,0.0,0.0,0.0,1.0,1.0,1.0,0.0,0.0,0.0,0.0,0.0,0.0,1.0,1.0,0.0,0.0,0.0,0.0,0.0,1.0,1.0,0.0,1392233292.0,1359.0,1359.0,1290.0,1290.0,1331.0,0.0,68.0,23777.0,22624.0,22576.0,101.0,0.0,0.0,0.0,31.0,0.0,0.0,43.0,49.0,48.0,14.0,41.0,335978592.0,0.0,1645313088.0,23084821152.0,344424960.0,0.0,0.0,1601.0,0.0,0.0,1890.0,96.0,2197.0
428,0.0,1.0,0.0,0.0,0.0,2035200.0,1.0,229500000.0,1.0,1331200000.0,0.33959889411899996,14671.0,1294.0,4647.0,41000.0,41500.0,42750.0,100.0,25.0,64.0,896.0,5000.0,0.0,25.0,1000000.0,950000.0,1.0,1.0,0.0,10.0,0.0,0.0,0.0,500.0,25889890.0,594001326.0,575962799.0,0.0,0.0,0.0,0.0,0.0,1.0,1.0,1.0,1.0,1.0,0.0,0.0,1.0,0.0,0.0,0.0,0.0,0.0,33.0,1.0,15445156.0,281749305.0,15307252.0,26306055.0,612645469.0,1309.0,2614767511.0,0.0,1.0,1.0,0.0,1.0,0.0,0.0,1.0,1.0,1.0,1.0,2.0,1.0,0.0,0.0,0.0,2.0,0.0,0.0,1.0,1.0,3.0,50.0,50.0,1.0,0.0,0.0,0.0,0.0,0.0,0.0,0.0,0.0,0.0,0.0,2.0,2.0,0.0,1.0,1.0,0.0,1.0,0.0,0.0,0.0,0.0,0.0,1.0,0.0,0.0,1.0,0.0,0.0,0.0,1.0,10.0,0.0,0.0,0.0,0.0,0.0,11.0,0.0,0.0,0.0,0.0,0.0,0.0,0.0,0.0,0.0,1.0,1.0,0.0,0.0,0.0,0.0,1.0,1.0,1.0,0.0,0.0,0.0,0.0,0.0,0.0,1.0,1.0,0.0,0.0,0.0,0.0,0.0,1.0,1.0,0.0,1401942505.0,1167.0,1167.0,1305.0,1305.0,1336.0,0.0,52.0,22805.0,22163.0,22122.0,50.0,0.0,0.0,0.0,13.0,0.0,0.0,37.0,42.0,41.0,11.0,35.0,420849472.0,0.0,1563804864.0,28522582336.0,277238720.0,0.0,0.0,1309.0,0.0,0.0,1483.0,82.0,1844.0
429,0.0,1.0,0.0,0.0,0.0,2035200.0,1.0,229500000.0,1.0,1331200000.0,0.33814716339100004,14633.0,1294.0,4646.0,41000.0,41666.6666667,42833.3333333,100.0,25.0,64.0,896.0,5000.0,0.0,25.0,1000000.0,950000.0,1.0,1.0,0.0,10.0,0.0,0.0,0.0,500.0,29458950.0,628032053.0,613960781.0,0.0,0.0,0.0,0.0,0.0,1.0,1.0,1.0,1.0,1.0,0.0,0.0,1.0,0.0,0.0,0.0,0.0,0.0,36.0,1.0,15115886.0,287462370.0,15079585.0,29568513.0,640167640.0,1786.0,2700290502.0,0.0,1.0,1.0,0.0,1.0,0.0,0.0,1.0,1.0,1.0,1.0,2.0,1.0,0.0,0.0,0.0,2.0,0.0,0.0,1.0,1.0,3.0,50.0,50.0,1.0,0.0,0.0,0.0,0.0,0.0,0.0,0.0,0.0,0.0,0.0,2.0,2.0,0.0,1.0,1.0,0.0,1.0,0.0,0.0,0.0,0.0,0.0,1.0,0.0,0.0,1.0,0.0,0.0,0.0,1.0,11.0,0.0,0.0,0.0,0.0,0.0,12.0,0.0,0.0,0.0,0.0,0.0,0.0,0.0,0.0,0.0,1.0,1.0,0.0,0.0,0.0,0.0,1.0,1.0,1.0,0.0,0.0,0.0,0.0,0.0,0.0,1.0,1.0,0.0,0.0,0.0,0.0,0.0,1.0,1.0,0.0,1430322728.0,1478.0,1478.0,1426.0,1426.0,1472.0,0.0,69.0,24361.0,22641.0,22593.0,98.0,0.0,0.0,0.0,22.0,0.0,0.0,43.0,49.0,48.0,19.0,41.0,246513152.0,4626144.0,1729985024.0,39907832352.0,422395104.0,0.0,0.0,1786.0,0.0,0.0,2034.0,96.0,2473.0
430,0.0,1.0,0.0,0.0,0.0,2035200.0,1.0,229500000.0,1.0,1331200000.0,0.334051132202,14671.0,1370.0,4723.0,40500.0,41750.0,42750.0,100.0,25.0,64.0,896.0,5000.0,0.0,25.0,1000000.0,950000.0,1.0,1.0,0.0,10.0,0.0,0.0,0.0,500.0,27155246.0,608949566.0,601787993.0,0.0,0.0,0.0,0.0,0.0,1.0,1.0,1.0,1.0,1.0,0.0,0.0,1.0,0.0,0.0,0.0,0.0,0.0,33.0,1.0,15732861.0,287845571.0,15702666.0,26916759.0,609219014.0,1588.0,2684409625.0,0.0,1.0,1.0,0.0,1.0,0.0,0.0,1.0,1.0,1.0,1.0,2.0,1.0,0.0,0.0,0.0,2.0,0.0,0.0,1.0,1.0,3.0,50.0,50.0,1.0,0.0,0.0,0.0,0.0,0.0,0.0,0.0,0.0,0.0,0.0,2.0,2.0,0.0,1.0,1.0,0.0,1.0,0.0,0.0,0.0,0.0,0.0,1.0,0.0,0.0,1.0,0.0,0.0,0.0,1.0,10.0,0.0,0.0,0.0,0.0,0.0,11.0,0.0,0.0,0.0,0.0,0.0,0.0,0.0,0.0,0.0,1.0,1.0,0.0,0.0,0.0,0.0,1.0,1.0,1.0,0.0,0.0,0.0,0.0,0.0,0.0,1.0,1.0,0.0,0.0,0.0,0.0,0.0,1.0,1.0,0.0,1416336399.0,1351.0,1351.0,1289.0,1289.0,1325.0,0.0,49.0,22857.0,22116.0,22075.0,114.0,0.0,0.0,0.0,15.0,0.0,0.0,37.0,42.0,41.0,14.0,35.0,157605440.0,0.0,1614893696.0,27989008672.0,291386528.0,0.0,0.0,1588.0,0.0,0.0,1864.0,82.0,2227.0
431,0.0,1.0,0.0,0.0,0.0,2035200.0,1.0,229500000.0,1.0,1331200000.0,0.337648153305,9603.0,837.0,3276.0,41375.0,41750.0,42500.0,73.0,25.0,64.0,896.0,5000.0,0.0,25.0,1000000.0,950000.0,1.0,0.0,0.0,10.0,0.0,0.0,100.0,100.0,26458035.0,611161819.0,610038835.0,0.0,0.0,0.0,0.0,0.0,1.0,1.0,1.0,1.0,1.0,0.0,0.0,1.0,0.0,0.0,0.0,0.0,0.0,35.0,1.0,15890861.0,288568042.0,15865082.0,25127340.0,624652067.0,2051.0,2609721957.0,0.0,1.0,1.0,0.0,1.0,0.0,0.0,1.0,1.0,1.0,1.0,2.0,1.0,0.0,0.0,0.0,2.0,0.0,0.0,1.0,1.0,3.0,50.0,50.0,1.0,0.0,0.0,0.0,0.0,0.0,0.0,0.0,0.0,0.0,0.0,2.0,2.0,0.0,1.0,1.0,0.0,1.0,0.0,0.0,0.0,0.0,0.0,1.0,0.0,0.0,1.0,0.0,0.0,0.0,1.0,10.0,0.0,0.0,0.0,0.0,0.0,11.0,0.0,0.0,0.0,0.0,0.0,0.0,0.0,0.0,0.0,1.0,1.0,0.0,0.0,0.0,0.0,1.0,1.0,1.0,0.0,0.0,0.0,0.0,0.0,0.0,1.0,1.0,0.0,0.0,0.0,0.0,0.0,1.0,1.0,0.0,1456673291.0,1823.0,1823.0,1205.0,1205.0,1237.0,0.0,44.0,21043.0,21989.0,21955.0,56.0,0.0,0.0,0.0,21.0,0.0,0.0,31.0,35.0,34.0,6.0,29.0,136056928.0,0.0,1547852448.0,21837238688.0,307422880.0,0.0,0.0,2051.0,0.0,0.0,2234.0,68.0,2625.0
432,0.0,1.0,0.0,0.0,0.0,2035200.0,1.0,229500000.0,1.0,1331200000.0,0.332064151764,15014.0,1370.0,4952.0,41000.0,41500.0,42833.3333333,73.0,25.0,64.0,896.0,5000.0,0.0,25.0,1000000.0,950000.0,1.0,0.0,0.0,10.0,0.0,0.0,100.0,100.0,29439719.0,635585341.0,617084974.0,0.0,0.0,0.0,0.0,0.0,1.0,1.0,1.0,1.0,1.0,0.0,0.0,1.0,0.0,0.0,0.0,0.0,0.0,34.0,1.0,15740687.0,293022370.0,15375984.0,30326281.0,643766996.0,1998.0,2658855319.0,0.0,1.0,1.0,0.0,1.0,0.0,0.0,1.0,1.0,1.0,1.0,2.0,1.0,0.0,0.0,0.0,2.0,0.0,0.0,1.0,1.0,3.0,50.0,50.0,1.0,0.0,0.0,0.0,0.0,0.0,0.0,0.0,0.0,0.0,0.0,2.0,2.0,0.0,1.0,1.0,0.0,1.0,0.0,0.0,0.0,0.0,0.0,1.0,0.0,0.0,1.0,0.0,0.0,0.0,1.0,10.0,0.0,0.0,0.0,0.0,0.0,11.0,0.0,0.0,0.0,0.0,0.0,0.0,0.0,0.0,0.0,1.0,1.0,0.0,0.0,0.0,0.0,1.0,1.0,1.0,0.0,0.0,0.0,0.0,0.0,0.0,1.0,1.0,0.0,0.0,0.0,0.0,0.0,1.0,1.0,0.0,1449126861.0,1592.0,1592.0,1453.0,1453.0,1492.0,0.0,77.0,25005.0,22739.0,22691.0,127.0,0.0,0.0,0.0,29.0,0.0,0.0,43.0,49.0,48.0,19.0,41.0,151576768.0,1282848.0,1694631776.0,40960331136.0,412719392.0,0.0,0.0,1998.0,0.0,0.0,2278.0,96.0,2807.0
433,0.0,1.0,0.0,0.0,0.0,2035200.0,1.0,229500000.0,1.0,1331200000.0,0.330852985382,14519.0,1294.0,4570.0,41000.0,41500.0,42750.0,73.0,25.0,64.0,896.0,5000.0,0.0,25.0,1000000.0,950000.0,1.0,0.0,0.0,10.0,0.0,0.0,100.0,100.0,24221093.0,598692947.0,595158312.0,0.0,0.0,0.0,0.0,0.0,1.0,1.0,1.0,1.0,1.0,0.0,0.0,1.0,0.0,0.0,0.0,0.0,0.0,35.0,1.0,15061205.0,281063439.0,14672112.0,25758380.0,612433742.0,1583.0,2563681380.0,0.0,1.0,1.0,0.0,1.0,0.0,0.0,1.0,1.0,1.0,1.0,2.0,1.0,0.0,0.0,0.0,2.0,0.0,0.0,1.0,1.0,3.0,50.0,50.0,1.0,0.0,0.0,0.0,0.0,0.0,0.0,0.0,0.0,0.0,0.0,2.0,2.0,0.0,1.0,1.0,0.0,1.0,0.0,0.0,0.0,0.0,0.0,1.0,0.0,0.0,1.0,0.0,0.0,0.0,1.0,10.0,0.0,0.0,0.0,0.0,0.0,11.0,0.0,0.0,0.0,0.0,0.0,0.0,0.0,0.0,0.0,1.0,1.0,0.0,0.0,0.0,0.0,1.0,1.0,1.0,0.0,0.0,0.0,0.0,0.0,0.0,1.0,1.0,0.0,0.0,0.0,0.0,0.0,1.0,1.0,0.0,1399687833.0,1447.0,1447.0,1284.0,1284.0,1313.0,0.0,57.0,22944.0,22036.0,21995.0,111.0,0.0,0.0,0.0,17.0,0.0,0.0,37.0,42.0,41.0,9.0,35.0,124351904.0,0.0,1598135424.0,31565699360.0,373176160.0,0.0,0.0,1583.0,0.0,0.0,1817.0,82.0,2077.0
434,0.0,1.0,0.0,0.0,0.0,2035200.0,1.0,229500000.0,1.0,1331200000.0,0.33980488777199996,14938.0,1294.0,4952.0,41083.3333333,41833.3333333,42666.6666667,76.0,25.0,64.0,896.0,5000.0,0.0,25.0,1000000.0,950000.0,1.0,1.0,0.0,10.0,0.0,0.0,100.0,100.0,28868178.0,621534769.0,601423527.0,0.0,0.0,0.0,0.0,0.0,1.0,1.0,1.0,1.0,1.0,0.0,0.0,1.0,0.0,0.0,0.0,0.0,0.0,35.0,1.0,15076524.0,287822379.0,14831805.0,26782034.0,618358177.0,1691.0,2643680741.0,0.0,1.0,1.0,0.0,1.0,0.0,0.0,1.0,1.0,1.0,1.0,2.0,1.0,0.0,0.0,0.0,2.0,0.0,0.0,1.0,1.0,3.0,50.0,50.0,1.0,0.0,0.0,0.0,0.0,0.0,0.0,0.0,0.0,0.0,0.0,2.0,2.0,0.0,1.0,1.0,0.0,1.0,0.0,0.0,0.0,0.0,0.0,1.0,0.0,0.0,1.0,0.0,0.0,0.0,1.0,10.0,0.0,0.0,0.0,0.0,0.0,11.0,0.0,0.0,0.0,0.0,0.0,0.0,0.0,0.0,0.0,1.0,1.0,0.0,0.0,0.0,0.0,1.0,1.0,1.0,0.0,0.0,0.0,0.0,0.0,0.0,1.0,1.0,0.0,0.0,0.0,0.0,0.0,1.0,1.0,0.0,1424001603.0,1451.0,1451.0,1271.0,1271.0,1308.0,0.0,69.0,24111.0,22646.0,22598.0,173.0,0.0,0.0,0.0,27.0,0.0,0.0,43.0,49.0,48.0,13.0,41.0,288274944.0,227008.0,1597544608.0,38521629632.0,479451008.0,0.0,0.0,1691.0,0.0,0.0,2064.0,96.0,2434.0
435,0.0,1.0,0.0,0.0,0.0,2035200.0,1.0,229500000.0,1.0,1331200000.0,0.330668926239,14519.0,1370.0,4570.0,41083.3333333,41666.6666667,42833.3333333,76.0,25.0,64.0,896.0,5000.0,0.0,25.0,1000000.0,950000.0,1.0,1.0,0.0,10.0,0.0,0.0,100.0,100.0,29436068.0,628139567.0,600691940.0,0.0,0.0,0.0,0.0,0.0,1.0,1.0,1.0,1.0,1.0,0.0,0.0,1.0,0.0,0.0,0.0,0.0,0.0,34.0,1.0,15088497.0,290615140.0,15075272.0,29643878.0,641640790.0,1649.0,2638337349.0,0.0,1.0,1.0,0.0,1.0,0.0,0.0,1.0,1.0,1.0,1.0,2.0,1.0,0.0,0.0,0.0,2.0,0.0,0.0,1.0,1.0,3.0,50.0,50.0,1.0,0.0,0.0,0.0,0.0,0.0,0.0,0.0,0.0,0.0,0.0,2.0,2.0,0.0,1.0,1.0,0.0,1.0,0.0,0.0,0.0,0.0,0.0,1.0,0.0,0.0,1.0,0.0,0.0,0.0,1.0,10.0,0.0,0.0,0.0,0.0,0.0,11.0,0.0,0.0,0.0,0.0,0.0,0.0,0.0,0.0,0.0,1.0,1.0,0.0,0.0,0.0,0.0,1.0,1.0,1.0,0.0,0.0,0.0,0.0,0.0,0.0,1.0,1.0,0.0,0.0,0.0,0.0,0.0,1.0,1.0,0.0,1427381472.0,1397.0,1397.0,1290.0,1290.0,1333.0,0.0,60.0,24354.0,22592.0,22544.0,77.0,0.0,0.0,0.0,20.0,0.0,0.0,43.0,49.0,48.0,12.0,41.0,332897696.0,0.0,1651907072.0,41299313184.0,410431488.0,0.0,0.0,1649.0,0.0,0.0,1892.0,96.0,2237.0
436,0.0,1.0,0.0,0.0,0.0,2035200.0,1.0,229500000.0,1.0,1331200000.0,0.330948114395,14786.0,1294.0,5104.0,41083.3333333,41833.3333333,43000.0,76.0,25.0,64.0,896.0,5000.0,0.0,25.0,1000000.0,950000.0,1.0,1.0,0.0,10.0,0.0,0.0,100.0,100.0,29257082.0,653831453.0,631642806.0,0.0,0.0,0.0,0.0,0.0,1.0,1.0,1.0,1.0,1.0,0.0,0.0,1.0,0.0,0.0,0.0,0.0,0.0,32.0,1.0,15921249.0,290040856.0,15564354.0,28619492.0,650857157.0,1632.0,2700451432.0,0.0,1.0,1.0,0.0,1.0,0.0,0.0,1.0,1.0,1.0,1.0,2.0,1.0,0.0,0.0,0.0,2.0,0.0,0.0,1.0,1.0,3.0,50.0,50.0,1.0,0.0,0.0,0.0,0.0,0.0,0.0,0.0,0.0,0.0,0.0,2.0,2.0,0.0,1.0,1.0,0.0,1.0,0.0,0.0,0.0,0.0,0.0,1.0,0.0,0.0,1.0,0.0,0.0,0.0,1.0,10.0,0.0,0.0,0.0,0.0,0.0,11.0,0.0,0.0,0.0,0.0,0.0,0.0,0.0,0.0,0.0,1.0,1.0,0.0,0.0,0.0,0.0,1.0,1.0,1.0,0.0,0.0,0.0,0.0,0.0,0.0,1.0,1.0,0.0,0.0,0.0,0.0,0.0,1.0,1.0,0.0,1438525913.0,1410.0,1410.0,1370.0,1370.0,1403.0,0.0,63.0,23819.0,22551.0,22503.0,86.0,0.0,0.0,0.0,20.0,0.0,0.0,43.0,49.0,48.0,11.0,41.0,128571040.0,0.0,1604600960.0,20604435552.0,298741344.0,0.0,0.0,1632.0,0.0,0.0,1879.0,96.0,2217.0
437,0.0,1.0,0.0,0.0,0.0,2035200.0,1.0,229500000.0,1.0,1331200000.0,0.341042041779,14633.0,1370.0,4723.0,41166.6666667,41833.3333333,43000.0,69.0,25.0,64.0,896.0,5000.0,0.0,25.0,1000000.0,950000.0,1.0,0.0,0.0,10.0,0.0,0.0,100.0,500.0,28752829.0,609895650.0,601455259.0,0.0,0.0,0.0,0.0,0.0,1.0,1.0,1.0,1.0,1.0,0.0,0.0,1.0,0.0,0.0,0.0,0.0,0.0,34.0,1.0,15835232.0,296091925.0,14992234.0,29579270.0,624106597.0,1585.0,2652172000.0,0.0,1.0,1.0,0.0,1.0,0.0,0.0,1.0,1.0,1.0,1.0,2.0,1.0,0.0,0.0,0.0,2.0,0.0,0.0,1.0,1.0,3.0,50.0,50.0,1.0,0.0,0.0,0.0,0.0,0.0,0.0,0.0,0.0,0.0,0.0,2.0,2.0,0.0,1.0,1.0,0.0,1.0,0.0,0.0,0.0,0.0,0.0,1.0,0.0,0.0,1.0,0.0,0.0,0.0,1.0,10.0,0.0,0.0,0.0,0.0,0.0,11.0,0.0,0.0,0.0,0.0,0.0,0.0,0.0,0.0,0.0,1.0,1.0,0.0,0.0,0.0,0.0,1.0,1.0,1.0,0.0,0.0,0.0,0.0,0.0,0.0,1.0,1.0,0.0,0.0,0.0,0.0,0.0,1.0,1.0,0.0,1436922130.0,1283.0,1283.0,1383.0,1383.0,1415.0,0.0,57.0,24094.0,22533.0,22485.0,149.0,0.0,0.0,0.0,19.0,0.0,0.0,43.0,49.0,48.0,11.0,41.0,253098176.0,0.0,1676755712.0,33596405440.0,534612224.0,0.0,0.0,1585.0,0.0,0.0,1845.0,96.0,2216.0
438,0.0,1.0,0.0,0.0,0.0,2035200.0,1.0,229500000.0,1.0,1331200000.0,0.334961891174,14671.0,1294.0,4875.0,41083.3333333,42000.0,42833.3333333,69.0,25.0,64.0,896.0,5000.0,0.0,25.0,1000000.0,950000.0,1.0,0.0,0.0,10.0,0.0,0.0,100.0,500.0,29878408.0,626841972.0,609301212.0,0.0,0.0,0.0,0.0,0.0,1.0,1.0,1.0,1.0,1.0,0.0,0.0,1.0,0.0,0.0,0.0,0.0,0.0,36.0,1.0,15294525.0,280827817.0,15029775.0,29349392.0,632154412.0,1634.0,2662677173.0,0.0,1.0,1.0,0.0,1.0,0.0,0.0,1.0,1.0,1.0,1.0,2.0,1.0,0.0,0.0,0.0,2.0,0.0,0.0,1.0,1.0,3.0,50.0,50.0,1.0,0.0,0.0,0.0,0.0,0.0,0.0,0.0,0.0,0.0,0.0,2.0,2.0,0.0,1.0,1.0,0.0,1.0,0.0,0.0,0.0,0.0,0.0,1.0,0.0,0.0,1.0,0.0,0.0,0.0,1.0,11.0,0.0,0.0,0.0,0.0,0.0,12.0,0.0,0.0,0.0,0.0,0.0,0.0,0.0,0.0,0.0,1.0,1.0,0.0,0.0,0.0,0.0,1.0,1.0,1.0,0.0,0.0,0.0,0.0,0.0,0.0,1.0,1.0,0.0,0.0,0.0,0.0,0.0,1.0,1.0,0.0,1405899507.0,1362.0,1362.0,1381.0,1381.0,1423.0,0.0,65.0,24423.0,22607.0,22559.0,56.0,0.0,0.0,0.0,22.0,0.0,0.0,43.0,49.0,48.0,12.0,41.0,235419072.0,1359040.0,1672437248.0,33842566528.0,373688064.0,0.0,0.0,1634.0,0.0,0.0,1850.0,96.0,2287.0
439,0.0,1.0,0.0,0.0,0.0,2035200.0,1.0,229500000.0,1.0,1331200000.0,0.330161094666,14633.0,1294.0,4646.0,40916.6666667,41833.3333333,42833.3333333,69.0,25.0,64.0,896.0,5000.0,0.0,25.0,1000000.0,950000.0,1.0,0.0,0.0,10.0,0.0,0.0,100.0,500.0,31848664.0,628070432.0,622752996.0,0.0,0.0,0.0,0.0,0.0,1.0,1.0,1.0,1.0,1.0,0.0,0.0,1.0,0.0,0.0,0.0,0.0,0.0,35.0,1.0,15600392.0,300693816.0,15249755.0,29383958.0,623767999.0,1884.0,2648518824.0,0.0,1.0,1.0,0.0,1.0,0.0,0.0,1.0,1.0,1.0,1.0,2.0,1.0,0.0,0.0,0.0,2.0,0.0,0.0,1.0,1.0,3.0,50.0,50.0,1.0,0.0,0.0,0.0,0.0,0.0,0.0,0.0,0.0,0.0,0.0,2.0,2.0,0.0,1.0,1.0,0.0,1.0,0.0,0.0,0.0,0.0,0.0,1.0,0.0,0.0,1.0,0.0,0.0,0.0,1.0,10.0,0.0,0.0,0.0,0.0,0.0,11.0,0.0,0.0,0.0,0.0,0.0,0.0,0.0,0.0,0.0,1.0,1.0,0.0,0.0,0.0,0.0,1.0,1.0,1.0,0.0,0.0,0.0,0.0,0.0,0.0,1.0,1.0,0.0,0.0,0.0,0.0,0.0,1.0,1.0,0.0,1454843164.0,1596.0,1596.0,1344.0,1344.0,1381.0,0.0,60.0,24582.0,22572.0,22524.0,68.0,0.0,0.0,0.0,19.0,0.0,0.0,43.0,49.0,48.0,12.0,41.0,244187936.0,0.0,1644528800.0,33929152576.0,350378240.0,0.0,0.0,1884.0,0.0,0.0,2115.0,96.0,2561.0
440,0.0,1.0,0.0,0.0,0.0,2035200.0,1.0,229500000.0,1.0,1331200000.0,0.33783102035499996,14976.0,1217.0,5180.0,41083.3333333,42000.0,43000.0,100.0,25.0,64.0,896.0,5000.0,0.0,25.0,1000000.0,950000.0,1.0,1.0,0.0,10.0,0.0,0.0,100.0,500.0,28365361.0,626990896.0,616119870.0,0.0,0.0,0.0,0.0,0.0,1.0,1.0,1.0,1.0,1.0,0.0,0.0,1.0,0.0,0.0,0.0,0.0,0.0,34.0,1.0,15981081.0,286538250.0,15639860.0,27960087.0,637406678.0,1776.0,2716592379.0,0.0,1.0,1.0,0.0,1.0,0.0,0.0,1.0,1.0,1.0,1.0,2.0,1.0,0.0,0.0,0.0,2.0,0.0,0.0,1.0,1.0,3.0,50.0,50.0,1.0,0.0,0.0,0.0,0.0,0.0,0.0,0.0,0.0,0.0,0.0,2.0,2.0,0.0,1.0,1.0,0.0,1.0,0.0,0.0,0.0,0.0,0.0,1.0,0.0,0.0,1.0,0.0,0.0,0.0,1.0,10.0,0.0,0.0,0.0,0.0,0.0,11.0,0.0,0.0,0.0,0.0,0.0,0.0,0.0,0.0,0.0,1.0,1.0,0.0,0.0,0.0,0.0,1.0,1.0,1.0,0.0,0.0,0.0,0.0,0.0,0.0,1.0,1.0,0.0,0.0,0.0,0.0,0.0,1.0,1.0,0.0,1421796503.0,1487.0,1487.0,1309.0,1309.0,1352.0,0.0,68.0,23173.0,22705.0,22657.0,121.0,0.0,0.0,0.0,23.0,0.0,0.0,43.0,49.0,48.0,11.0,41.0,152290848.0,0.0,1567048960.0,24910793792.0,330829952.0,0.0,0.0,1776.0,0.0,0.0,2065.0,96.0,2373.0
441,0.0,1.0,0.0,0.0,0.0,2035200.0,1.0,229500000.0,1.0,1331200000.0,0.330036878586,14939.0,1217.0,4952.0,41083.3333333,42000.0,43000.0,100.0,25.0,64.0,896.0,5000.0,0.0,25.0,1000000.0,950000.0,1.0,1.0,0.0,10.0,0.0,0.0,100.0,500.0,29603197.0,613146675.0,607790385.0,0.0,0.0,0.0,0.0,0.0,1.0,1.0,1.0,1.0,1.0,0.0,0.0,1.0,0.0,0.0,0.0,0.0,0.0,34.0,1.0,15054280.0,290229807.0,14838999.0,29640843.0,606875294.0,1531.0,2600815125.0,0.0,1.0,1.0,0.0,1.0,0.0,0.0,1.0,1.0,1.0,1.0,2.0,1.0,0.0,0.0,0.0,2.0,0.0,0.0,1.0,1.0,3.0,50.0,50.0,1.0,0.0,0.0,0.0,0.0,0.0,0.0,0.0,0.0,0.0,0.0,2.0,2.0,0.0,1.0,1.0,0.0,1.0,0.0,0.0,0.0,0.0,0.0,1.0,0.0,0.0,1.0,0.0,0.0,0.0,1.0,10.0,0.0,0.0,0.0,0.0,0.0,11.0,0.0,0.0,0.0,0.0,0.0,0.0,0.0,0.0,0.0,1.0,1.0,0.0,0.0,0.0,0.0,1.0,1.0,1.0,0.0,0.0,0.0,0.0,0.0,0.0,1.0,1.0,0.0,0.0,0.0,0.0,0.0,1.0,1.0,0.0,1369614782.0,1290.0,1290.0,1289.0,1289.0,1328.0,0.0,60.0,24253.0,22485.0,22437.0,50.0,0.0,0.0,0.0,10.0,0.0,0.0,43.0,49.0,48.0,16.0,41.0,332462880.0,0.0,1623238976.0,26142557856.0,334062240.0,0.0,0.0,1531.0,0.0,0.0,1727.0,96.0,2127.0
442,0.0,1.0,0.0,0.0,0.0,2035200.0,1.0,229500000.0,1.0,1331200000.0,0.329026937485,14595.0,1294.0,4570.0,41166.6666667,42000.0,43000.0,100.0,25.0,64.0,896.0,5000.0,0.0,25.0,1000000.0,950000.0,1.0,1.0,0.0,10.0,0.0,0.0,100.0,500.0,27680882.0,627025712.0,601835417.0,0.0,0.0,0.0,0.0,0.0,1.0,1.0,1.0,1.0,1.0,0.0,0.0,1.0,0.0,0.0,0.0,0.0,0.0,31.0,1.0,14905975.0,293293104.0,14712690.0,29011421.0,637207173.0,1626.0,2639656996.0,0.0,1.0,1.0,0.0,1.0,0.0,0.0,1.0,1.0,1.0,1.0,2.0,1.0,0.0,0.0,0.0,2.0,0.0,0.0,1.0,1.0,3.0,50.0,50.0,1.0,0.0,0.0,0.0,0.0,0.0,0.0,0.0,0.0,0.0,0.0,2.0,2.0,0.0,1.0,1.0,0.0,1.0,0.0,0.0,0.0,0.0,0.0,1.0,0.0,0.0,1.0,0.0,0.0,0.0,1.0,10.0,0.0,0.0,0.0,0.0,0.0,11.0,0.0,0.0,0.0,0.0,0.0,0.0,0.0,0.0,0.0,1.0,1.0,0.0,0.0,0.0,0.0,1.0,1.0,1.0,0.0,0.0,0.0,0.0,0.0,0.0,1.0,1.0,0.0,0.0,0.0,0.0,0.0,1.0,1.0,0.0,1385195143.0,1343.0,1343.0,1280.0,1280.0,1324.0,0.0,62.0,24144.0,22448.0,22400.0,101.0,0.0,0.0,0.0,16.0,0.0,0.0,43.0,49.0,48.0,14.0,41.0,338012320.0,216768.0,1699830976.0,39688232288.0,461624640.0,0.0,0.0,1626.0,0.0,0.0,1884.0,96.0,2194.0
443,0.0,1.0,1.0,1.0,0.0,1267200.0,1.0,140250000.0,1.0,1331200000.0,0.534013032913,24504.0,1902.0,5864.0,41150.0,41900.0,42800.0,86.0,25.0,64.0,896.0,5000.0,0.0,25.0,1000000.0,950000.0,1.0,0.0,0.0,10.0,0.0,0.0,0.0,100.0,38584878.0,667731232.0,651408512.0,0.0,0.0,0.0,0.0,0.0,1.0,1.0,1.0,1.0,1.0,0.0,0.0,1.0,0.0,0.0,0.0,0.0,0.0,28.0,1.0,15749019.0,324444358.0,15560714.0,38151700.0,666661543.0,1330.0,2804953732.0,0.0,1.0,1.0,0.0,1.0,0.0,0.0,1.0,1.0,1.0,1.0,2.0,1.0,0.0,0.0,0.0,2.0,0.0,0.0,1.0,1.0,3.0,50.0,50.0,1.0,0.0,0.0,0.0,0.0,0.0,0.0,0.0,0.0,0.0,0.0,2.0,2.0,0.0,1.0,1.0,0.0,1.0,0.0,0.0,0.0,0.0,0.0,1.0,0.0,0.0,1.0,0.0,0.0,0.0,1.0,10.0,0.0,0.0,0.0,0.0,0.0,11.0,0.0,0.0,0.0,0.0,0.0,0.0,0.0,0.0,0.0,1.0,1.0,0.0,0.0,0.0,0.0,1.0,1.0,1.0,0.0,0.0,0.0,0.0,0.0,0.0,1.0,1.0,0.0,0.0,0.0,0.0,0.0,1.0,1.0,0.0,1566440240.0,722.0,722.0,1727.0,1727.0,1771.0,0.0,195.0,30318.0,24800.0,24724.0,206.0,0.0,0.0,0.0,225.0,0.0,0.0,67.0,77.0,76.0,16.0,65.0,356827712.0,0.0,2096883616.0,28485649728.0,176576640.0,0.0,0.0,1330.0,0.0,0.0,1890.0,152.0,2149.0
444,0.0,1.0,1.0,1.0,0.0,1267200.0,1.0,140250000.0,1.0,1331200000.0,0.516160011292,24428.0,1979.0,5712.0,41100.0,41800.0,42600.0,86.0,25.0,64.0,896.0,5000.0,0.0,25.0,1000000.0,950000.0,1.0,0.0,0.0,10.0,0.0,0.0,0.0,100.0,35573544.0,665567757.0,651446348.0,0.0,0.0,0.0,0.0,0.0,1.0,1.0,1.0,1.0,1.0,0.0,0.0,1.0,0.0,0.0,0.0,0.0,0.0,33.0,1.0,15513626.0,325440598.0,14778223.0,37606320.0,664303499.0,1216.0,2798468274.0,0.0,1.0,1.0,0.0,1.0,0.0,0.0,1.0,1.0,1.0,1.0,2.0,1.0,0.0,0.0,0.0,2.0,0.0,0.0,1.0,1.0,3.0,50.0,50.0,1.0,0.0,0.0,0.0,0.0,0.0,0.0,0.0,0.0,0.0,0.0,2.0,2.0,0.0,1.0,1.0,0.0,1.0,0.0,0.0,0.0,0.0,0.0,1.0,0.0,0.0,1.0,0.0,0.0,0.0,1.0,10.0,0.0,0.0,0.0,0.0,0.0,11.0,0.0,0.0,0.0,0.0,0.0,0.0,0.0,0.0,0.0,1.0,1.0,0.0,0.0,0.0,0.0,1.0,1.0,1.0,0.0,0.0,0.0,0.0,0.0,0.0,1.0,1.0,0.0,0.0,0.0,0.0,0.0,1.0,1.0,0.0,1502851880.0,808.0,808.0,1735.0,1735.0,1795.0,0.0,179.0,30631.0,24628.0,24552.0,97.0,0.0,0.0,0.0,197.0,0.0,0.0,67.0,77.0,76.0,23.0,65.0,258271296.0,0.0,2051683648.0,93105693344.0,223420000.0,0.0,0.0,1216.0,0.0,0.0,1670.0,152.0,1966.0
445,0.0,1.0,1.0,1.0,0.0,1267200.0,1.0,140250000.0,1.0,1331200000.0,0.513539075851,24352.0,1826.0,5788.0,41150.0,41700.0,42800.0,86.0,25.0,64.0,896.0,5000.0,0.0,25.0,1000000.0,950000.0,1.0,0.0,0.0,10.0,0.0,0.0,0.0,100.0,37065610.0,669836069.0,659547361.0,0.0,0.0,0.0,0.0,0.0,1.0,1.0,1.0,1.0,1.0,0.0,0.0,1.0,0.0,0.0,0.0,0.0,0.0,33.0,1.0,15162945.0,306171620.0,15135872.0,37550308.0,679435253.0,1107.0,2772600362.0,0.0,1.0,1.0,0.0,1.0,0.0,0.0,1.0,1.0,1.0,1.0,2.0,1.0,0.0,0.0,0.0,2.0,0.0,0.0,1.0,1.0,3.0,50.0,50.0,1.0,0.0,0.0,0.0,0.0,0.0,0.0,0.0,0.0,0.0,0.0,2.0,2.0,0.0,1.0,1.0,0.0,1.0,0.0,0.0,0.0,0.0,0.0,1.0,0.0,0.0,1.0,0.0,0.0,0.0,1.0,10.0,0.0,0.0,0.0,0.0,0.0,11.0,0.0,0.0,0.0,0.0,0.0,0.0,0.0,0.0,0.0,1.0,1.0,0.0,0.0,0.0,0.0,1.0,1.0,1.0,0.0,0.0,0.0,0.0,0.0,0.0,1.0,1.0,0.0,0.0,0.0,0.0,0.0,1.0,1.0,0.0,1582871566.0,695.0,695.0,1584.0,1584.0,1629.0,0.0,179.0,29626.0,24437.0,24361.0,110.0,0.0,0.0,0.0,207.0,0.0,0.0,67.0,77.0,76.0,22.0,65.0,450217888.0,0.0,2047192704.0,88926350368.0,147258688.0,0.0,0.0,1107.0,0.0,0.0,1562.0,152.0,1819.0
446,0.0,1.0,1.0,1.0,0.0,1267200.0,1.0,140250000.0,1.0,1331200000.0,0.536183834076,17643.0,1523.0,4572.0,41000.0,42000.0,42500.0,84.0,25.0,64.0,896.0,5000.0,0.0,25.0,1000000.0,950000.0,1.0,1.0,0.0,10.0,0.0,0.0,0.0,100.0,32191315.0,618150751.0,607923523.0,0.0,0.0,0.0,0.0,0.0,1.0,1.0,1.0,1.0,1.0,0.0,0.0,1.0,0.0,0.0,0.0,0.0,0.0,34.0,1.0,14596942.0,291586467.0,14618721.0,31754455.0,636251775.0,869.0,2619083732.0,0.0,1.0,1.0,0.0,1.0,0.0,0.0,1.0,1.0,1.0,1.0,2.0,1.0,0.0,0.0,0.0,2.0,0.0,0.0,1.0,1.0,3.0,50.0,50.0,1.0,0.0,0.0,0.0,0.0,0.0,0.0,0.0,0.0,0.0,0.0,2.0,2.0,0.0,1.0,1.0,0.0,1.0,0.0,0.0,0.0,0.0,0.0,1.0,0.0,0.0,1.0,0.0,0.0,0.0,1.0,10.0,0.0,0.0,0.0,0.0,0.0,11.0,0.0,0.0,0.0,0.0,0.0,0.0,0.0,0.0,0.0,1.0,1.0,0.0,0.0,0.0,0.0,1.0,1.0,1.0,0.0,0.0,0.0,0.0,0.0,0.0,1.0,1.0,0.0,0.0,0.0,0.0,0.0,1.0,1.0,0.0,1465332574.0,625.0,625.0,1519.0,1519.0,1557.0,0.0,152.0,26260.0,23586.0,23524.0,62.0,0.0,0.0,0.0,157.0,0.0,0.0,55.0,63.0,62.0,14.0,53.0,150081408.0,0.0,1864744352.0,25390032160.0,182175776.0,0.0,0.0,869.0,0.0,0.0,1167.0,124.0,1430.0
447,0.0,1.0,1.0,1.0,0.0,1267200.0,1.0,140250000.0,1.0,1331200000.0,0.516047954559,17566.0,1599.0,4648.0,41000.0,41625.0,42625.0,84.0,25.0,64.0,896.0,5000.0,0.0,25.0,1000000.0,950000.0,1.0,1.0,0.0,10.0,0.0,0.0,0.0,100.0,32220046.0,616689969.0,606111434.0,0.0,0.0,0.0,0.0,0.0,1.0,1.0,1.0,1.0,1.0,0.0,0.0,1.0,0.0,0.0,0.0,0.0,0.0,30.0,1.0,14913498.0,291414368.0,14776795.0,33254411.0,628417533.0,905.0,2627271866.0,0.0,1.0,1.0,0.0,1.0,0.0,0.0,1.0,1.0,1.0,1.0,2.0,1.0,0.0,0.0,0.0,2.0,0.0,0.0,1.0,1.0,3.0,50.0,50.0,1.0,0.0,0.0,0.0,0.0,0.0,0.0,0.0,0.0,0.0,0.0,2.0,2.0,0.0,1.0,1.0,0.0,1.0,0.0,0.0,0.0,0.0,0.0,1.0,0.0,0.0,1.0,0.0,0.0,0.0,1.0,10.0,0.0,0.0,0.0,0.0,0.0,11.0,0.0,0.0,0.0,0.0,0.0,0.0,0.0,0.0,0.0,1.0,1.0,0.0,0.0,0.0,0.0,1.0,1.0,1.0,0.0,0.0,0.0,0.0,0.0,0.0,1.0,1.0,0.0,0.0,0.0,0.0,0.0,1.0,1.0,0.0,1447067980.0,648.0,648.0,1484.0,1484.0,1526.0,0.0,155.0,26469.0,23496.0,23434.0,116.0,0.0,0.0,0.0,187.0,0.0,0.0,55.0,63.0,62.0,8.0,53.0,48173056.0,0.0,1912458976.0,31340433312.0,125775328.0,0.0,0.0,905.0,0.0,0.0,1293.0,124.0,1496.0
448,0.0,1.0,1.0,1.0,0.0,1267200.0,1.0,140250000.0,1.0,1331200000.0,0.52113199234,22370.0,1903.0,6020.0,41100.0,41900.0,42700.0,84.0,25.0,64.0,896.0,5000.0,0.0,25.0,1000000.0,950000.0,1.0,1.0,0.0,10.0,0.0,0.0,0.0,100.0,35967481.0,665260818.0,651721389.0,0.0,0.0,0.0,0.0,0.0,1.0,1.0,1.0,1.0,1.0,0.0,0.0,1.0,0.0,0.0,0.0,0.0,0.0,35.0,1.0,15659735.0,328658700.0,15210994.0,36309381.0,677020089.0,1048.0,2781333487.0,0.0,1.0,1.0,0.0,1.0,0.0,0.0,1.0,1.0,1.0,1.0,2.0,1.0,0.0,0.0,0.0,2.0,0.0,0.0,1.0,1.0,3.0,50.0,50.0,1.0,0.0,0.0,0.0,0.0,0.0,0.0,0.0,0.0,0.0,0.0,2.0,2.0,0.0,1.0,1.0,0.0,1.0,0.0,0.0,0.0,0.0,0.0,1.0,0.0,0.0,1.0,0.0,0.0,0.0,1.0,10.0,0.0,0.0,0.0,0.0,0.0,11.0,0.0,0.0,0.0,0.0,0.0,0.0,0.0,0.0,0.0,1.0,1.0,0.0,0.0,0.0,0.0,1.0,1.0,1.0,0.0,0.0,0.0,0.0,0.0,0.0,1.0,1.0,0.0,0.0,0.0,0.0,0.0,1.0,1.0,0.0,1515098466.0,681.0,681.0,1645.0,1645.0,1689.0,0.0,176.0,30338.0,24501.0,24425.0,78.0,0.0,0.0,0.0,181.0,0.0,0.0,67.0,77.0,76.0,17.0,65.0,249731712.0,127808.0,2050133888.0,30788299360.0,151523712.0,0.0,0.0,1048.0,0.0,0.0,1439.0,152.0,1834.0
449,0.0,1.0,1.0,1.0,0.0,1267200.0,1.0,140250000.0,1.0,1331200000.0,0.5347769260409999,22370.0,1980.0,5791.0,41000.0,41500.0,42625.0,86.0,25.0,64.0,896.0,5000.0,0.0,25.0,1000000.0,950000.0,1.0,0.0,0.0,10.0,0.0,0.0,0.0,500.0,33495801.0,639720560.0,628748357.0,0.0,0.0,0.0,0.0,0.0,1.0,1.0,1.0,1.0,1.0,0.0,0.0,1.0,0.0,0.0,0.0,0.0,0.0,34.0,1.0,15111682.0,308421542.0,14681848.0,35430988.0,643423206.0,1100.0,2708780397.0,0.0,1.0,1.0,0.0,1.0,0.0,0.0,1.0,1.0,1.0,1.0,2.0,1.0,0.0,0.0,0.0,2.0,0.0,0.0,1.0,1.0,3.0,50.0,50.0,1.0,0.0,0.0,0.0,0.0,0.0,0.0,0.0,0.0,0.0,0.0,2.0,2.0,0.0,1.0,1.0,0.0,1.0,0.0,0.0,0.0,0.0,0.0,1.0,0.0,0.0,1.0,0.0,0.0,0.0,1.0,10.0,0.0,0.0,0.0,0.0,0.0,11.0,0.0,0.0,0.0,0.0,0.0,0.0,0.0,0.0,0.0,1.0,1.0,0.0,0.0,0.0,0.0,1.0,1.0,1.0,0.0,0.0,0.0,0.0,0.0,0.0,1.0,1.0,0.0,0.0,0.0,0.0,0.0,1.0,1.0,0.0,1479345119.0,730.0,730.0,1560.0,1560.0,1605.0,0.0,180.0,28051.0,24241.0,24172.0,77.0,0.0,0.0,0.0,222.0,0.0,0.0,61.0,70.0,69.0,15.0,59.0,149706880.0,0.0,1961748704.0,37991970624.0,147817920.0,0.0,0.0,1100.0,0.0,0.0,1570.0,138.0,1826.0
450,0.0,1.0,1.0,1.0,0.0,1267200.0,1.0,140250000.0,1.0,1331200000.0,0.515371084213,22560.0,1903.0,5944.0,41050.0,41800.0,42900.0,86.0,25.0,64.0,896.0,5000.0,0.0,25.0,1000000.0,950000.0,1.0,0.0,0.0,10.0,0.0,0.0,0.0,500.0,35677697.0,675206439.0,642789240.0,0.0,0.0,0.0,0.0,0.0,1.0,1.0,1.0,1.0,1.0,0.0,0.0,1.0,0.0,0.0,0.0,0.0,0.0,33.0,1.0,15347724.0,314794654.0,15281614.0,37148426.0,671796108.0,1201.0,2805977815.0,0.0,1.0,1.0,0.0,1.0,0.0,0.0,1.0,1.0,1.0,1.0,2.0,1.0,0.0,0.0,0.0,2.0,0.0,0.0,1.0,1.0,3.0,50.0,50.0,1.0,0.0,0.0,0.0,0.0,0.0,0.0,0.0,0.0,0.0,0.0,2.0,2.0,0.0,1.0,1.0,0.0,1.0,0.0,0.0,0.0,0.0,0.0,1.0,0.0,0.0,1.0,0.0,0.0,0.0,1.0,11.0,0.0,0.0,0.0,0.0,0.0,12.0,0.0,0.0,0.0,0.0,0.0,0.0,0.0,0.0,0.0,1.0,1.0,0.0,0.0,0.0,0.0,1.0,1.0,1.0,0.0,0.0,0.0,0.0,0.0,0.0,1.0,1.0,0.0,0.0,0.0,0.0,0.0,1.0,1.0,0.0,1529350188.0,731.0,731.0,1660.0,1660.0,1706.0,0.0,190.0,30129.0,24634.0,24558.0,119.0,0.0,0.0,0.0,201.0,0.0,0.0,67.0,77.0,76.0,18.0,65.0,258412864.0,0.0,2087224320.0,32127549504.0,172780736.0,0.0,0.0,1201.0,0.0,0.0,1674.0,152.0,1963.0
451,0.0,1.0,1.0,1.0,0.0,1267200.0,1.0,140250000.0,1.0,1331200000.0,0.512604951859,22294.0,1980.0,5715.0,41000.0,41600.0,42600.0,86.0,25.0,64.0,896.0,5000.0,0.0,25.0,1000000.0,950000.0,1.0,0.0,0.0,10.0,0.0,0.0,0.0,500.0,36640469.0,656068515.0,644752732.0,0.0,0.0,0.0,0.0,0.0,1.0,1.0,1.0,1.0,1.0,0.0,0.0,1.0,0.0,0.0,0.0,0.0,0.0,31.0,1.0,15268280.0,327095737.0,15062730.0,38330188.0,674575179.0,1225.0,2766292799.0,0.0,1.0,1.0,0.0,1.0,0.0,0.0,1.0,1.0,1.0,1.0,2.0,1.0,0.0,0.0,0.0,2.0,0.0,0.0,1.0,1.0,3.0,50.0,50.0,1.0,0.0,0.0,0.0,0.0,0.0,0.0,0.0,0.0,0.0,0.0,2.0,2.0,0.0,1.0,1.0,0.0,1.0,0.0,0.0,0.0,0.0,0.0,1.0,0.0,0.0,1.0,0.0,0.0,0.0,1.0,10.0,0.0,0.0,0.0,0.0,0.0,11.0,0.0,0.0,0.0,0.0,0.0,0.0,0.0,0.0,0.0,1.0,1.0,0.0,0.0,0.0,0.0,1.0,1.0,1.0,0.0,0.0,0.0,0.0,0.0,0.0,1.0,1.0,0.0,0.0,0.0,0.0,0.0,1.0,1.0,0.0,1526443745.0,683.0,683.0,1683.0,1683.0,1732.0,0.0,175.0,29729.0,24467.0,24391.0,103.0,0.0,0.0,0.0,205.0,0.0,0.0,67.0,77.0,76.0,23.0,65.0,354343136.0,0.0,2094909216.0,27944367744.0,230883680.0,0.0,0.0,1225.0,0.0,0.0,1649.0,152.0,1893.0
452,0.0,1.0,1.0,1.0,0.0,1267200.0,1.0,140250000.0,1.0,1331200000.0,0.5367860794070001,22522.0,1827.0,6172.0,41000.0,41700.0,42900.0,94.0,25.0,64.0,896.0,5000.0,0.0,25.0,1000000.0,950000.0,1.0,1.0,0.0,10.0,0.0,0.0,0.0,500.0,34509190.0,649440216.0,634162693.0,0.0,0.0,0.0,0.0,0.0,1.0,1.0,1.0,1.0,1.0,0.0,0.0,1.0,0.0,0.0,0.0,0.0,0.0,31.0,1.0,15384778.0,315893878.0,14847915.0,37613013.0,658448864.0,1097.0,2739544101.0,0.0,1.0,1.0,0.0,1.0,0.0,0.0,1.0,1.0,1.0,1.0,2.0,1.0,0.0,0.0,0.0,2.0,0.0,0.0,1.0,1.0,3.0,50.0,50.0,1.0,0.0,0.0,0.0,0.0,0.0,0.0,0.0,0.0,0.0,0.0,2.0,2.0,0.0,1.0,1.0,0.0,1.0,0.0,0.0,0.0,0.0,0.0,1.0,0.0,0.0,1.0,0.0,0.0,0.0,1.0,10.0,0.0,0.0,0.0,0.0,0.0,11.0,0.0,0.0,0.0,0.0,0.0,0.0,0.0,0.0,0.0,1.0,1.0,0.0,0.0,0.0,0.0,1.0,1.0,1.0,0.0,0.0,0.0,0.0,0.0,0.0,1.0,1.0,0.0,0.0,0.0,0.0,0.0,1.0,1.0,0.0,1487029459.0,691.0,691.0,1632.0,1632.0,1675.0,0.0,174.0,30057.0,24564.0,24488.0,95.0,0.0,0.0,0.0,180.0,0.0,0.0,67.0,77.0,76.0,15.0,65.0,147692544.0,0.0,2011943840.0,38397151072.0,164612224.0,0.0,0.0,1097.0,0.0,0.0,1492.0,152.0,1753.0
453,0.0,1.0,1.0,1.0,0.0,1267200.0,1.0,140250000.0,1.0,1331200000.0,0.514137983322,17528.0,1446.0,4724.0,41050.0,41800.0,42700.0,94.0,25.0,64.0,896.0,5000.0,0.0,25.0,1000000.0,950000.0,1.0,1.0,0.0,10.0,0.0,0.0,0.0,500.0,36281799.0,631741436.0,642297049.0,0.0,0.0,0.0,0.0,0.0,1.0,1.0,1.0,1.0,1.0,0.0,0.0,1.0,0.0,0.0,0.0,0.0,0.0,33.0,1.0,16043023.0,308207173.0,15300625.0,33552043.0,625323152.0,987.0,2651146195.0,0.0,1.0,1.0,0.0,1.0,0.0,0.0,1.0,1.0,1.0,1.0,2.0,1.0,0.0,0.0,0.0,2.0,0.0,0.0,1.0,1.0,3.0,50.0,50.0,1.0,0.0,0.0,0.0,0.0,0.0,0.0,0.0,0.0,0.0,0.0,2.0,2.0,0.0,1.0,1.0,0.0,1.0,0.0,0.0,0.0,0.0,0.0,1.0,0.0,0.0,1.0,0.0,0.0,0.0,1.0,10.0,0.0,0.0,0.0,0.0,0.0,11.0,0.0,0.0,0.0,0.0,0.0,0.0,0.0,0.0,0.0,1.0,1.0,0.0,0.0,0.0,0.0,1.0,1.0,1.0,0.0,0.0,0.0,0.0,0.0,0.0,1.0,1.0,0.0,0.0,0.0,0.0,0.0,1.0,1.0,0.0,1446665898.0,700.0,700.0,1612.0,1612.0,1658.0,0.0,170.0,28041.0,24077.0,24008.0,101.0,0.0,0.0,0.0,172.0,0.0,0.0,61.0,70.0,69.0,16.0,59.0,39256512.0,61984.0,1996538688.0,34987417408.0,149387552.0,0.0,0.0,987.0,0.0,0.0,1387.0,138.0,1708.0
454,0.0,1.0,1.0,1.0,0.0,1267200.0,1.0,140250000.0,1.0,1331200000.0,0.517319917679,22370.0,1980.0,5867.0,41100.0,41600.0,42700.0,94.0,25.0,64.0,896.0,5000.0,0.0,25.0,1000000.0,950000.0,1.0,1.0,0.0,10.0,0.0,0.0,0.0,500.0,37817372.0,667644812.0,656218611.0,0.0,0.0,0.0,0.0,0.0,1.0,1.0,1.0,1.0,1.0,0.0,0.0,1.0,0.0,0.0,0.0,0.0,0.0,35.0,1.0,15270181.0,329510264.0,15357235.0,35642187.0,660251555.0,1070.0,2844570861.0,0.0,1.0,1.0,0.0,1.0,0.0,0.0,1.0,1.0,1.0,1.0,2.0,1.0,0.0,0.0,0.0,2.0,0.0,0.0,1.0,1.0,3.0,50.0,50.0,1.0,0.0,0.0,0.0,0.0,0.0,0.0,0.0,0.0,0.0,0.0,2.0,2.0,0.0,1.0,1.0,0.0,1.0,0.0,0.0,0.0,0.0,0.0,1.0,0.0,0.0,1.0,0.0,0.0,0.0,1.0,10.0,0.0,0.0,0.0,0.0,0.0,11.0,0.0,0.0,0.0,0.0,0.0,0.0,0.0,0.0,0.0,1.0,1.0,0.0,0.0,0.0,0.0,1.0,1.0,1.0,0.0,0.0,0.0,0.0,0.0,0.0,1.0,1.0,0.0,0.0,0.0,0.0,0.0,1.0,1.0,0.0,1503486512.0,695.0,695.0,1681.0,1681.0,1734.0,0.0,164.0,29736.0,24356.0,24280.0,93.0,0.0,0.0,0.0,172.0,0.0,0.0,67.0,77.0,76.0,15.0,65.0,347428480.0,0.0,2033624832.0,35390070560.0,182830400.0,0.0,0.0,1070.0,0.0,0.0,1449.0,152.0,1740.0
455,0.0,1.0,1.0,1.0,0.0,1267200.0,1.0,140250000.0,1.0,1331200000.0,0.533645153046,26828.0,2360.0,6934.0,41000.0,41700.0,42800.0,91.0,25.0,64.0,896.0,5000.0,0.0,25.0,1000000.0,950000.0,1.0,0.0,0.0,10.0,0.0,0.0,100.0,100.0,38238920.0,666731961.0,647139196.0,0.0,0.0,0.0,0.0,0.0,1.0,1.0,1.0,1.0,1.0,0.0,0.0,1.0,0.0,0.0,0.0,0.0,0.0,31.0,1.0,16041950.0,316047573.0,15834914.0,39703825.0,674188307.0,1201.0,2832098269.0,0.0,1.0,1.0,0.0,1.0,0.0,0.0,1.0,1.0,1.0,1.0,2.0,1.0,0.0,0.0,0.0,2.0,0.0,0.0,1.0,1.0,3.0,50.0,50.0,1.0,0.0,0.0,0.0,0.0,0.0,0.0,0.0,0.0,0.0,0.0,2.0,2.0,0.0,1.0,1.0,0.0,1.0,0.0,0.0,0.0,0.0,0.0,1.0,0.0,0.0,1.0,0.0,0.0,0.0,1.0,10.0,0.0,0.0,0.0,0.0,0.0,11.0,0.0,0.0,0.0,0.0,0.0,0.0,0.0,0.0,0.0,1.0,1.0,0.0,0.0,0.0,0.0,1.0,1.0,1.0,0.0,0.0,0.0,0.0,0.0,0.0,1.0,1.0,0.0,0.0,0.0,0.0,0.0,1.0,1.0,0.0,1532963997.0,707.0,707.0,1665.0,1665.0,1717.0,0.0,189.0,30771.0,24875.0,24793.0,97.0,0.0,0.0,0.0,200.0,0.0,0.0,73.0,83.0,82.0,17.0,71.0,348866976.0,0.0,2122682560.0,38845926432.0,171144352.0,0.0,0.0,1201.0,0.0,0.0,1641.0,164.0,1906.0
456,0.0,1.0,1.0,1.0,0.0,1267200.0,1.0,140250000.0,1.0,1331200000.0,0.516801834106,22179.0,1827.0,5639.0,40937.5,41500.0,42500.0,91.0,25.0,64.0,896.0,5000.0,0.0,25.0,1000000.0,950000.0,1.0,0.0,0.0,10.0,0.0,0.0,100.0,100.0,33818475.0,637529399.0,628580754.0,0.0,0.0,0.0,0.0,0.0,1.0,1.0,1.0,1.0,1.0,0.0,0.0,1.0,0.0,0.0,0.0,0.0,0.0,31.0,1.0,14977598.0,292881113.0,14701437.0,35132544.0,644347015.0,1046.0,2655362964.0,0.0,1.0,1.0,0.0,1.0,0.0,0.0,1.0,1.0,1.0,1.0,2.0,1.0,0.0,0.0,0.0,2.0,0.0,0.0,1.0,1.0,3.0,50.0,50.0,1.0,0.0,0.0,0.0,0.0,0.0,0.0,0.0,0.0,0.0,0.0,2.0,2.0,0.0,1.0,1.0,0.0,1.0,0.0,0.0,0.0,0.0,0.0,1.0,0.0,0.0,1.0,0.0,0.0,0.0,1.0,11.0,0.0,0.0,0.0,0.0,0.0,12.0,0.0,0.0,0.0,0.0,0.0,0.0,0.0,0.0,0.0,1.0,1.0,0.0,0.0,0.0,0.0,1.0,1.0,1.0,0.0,0.0,0.0,0.0,0.0,0.0,1.0,1.0,0.0,0.0,0.0,0.0,0.0,1.0,1.0,0.0,1419679027.0,708.0,708.0,1596.0,1596.0,1642.0,0.0,151.0,28613.0,24057.0,23988.0,95.0,0.0,0.0,0.0,173.0,0.0,0.0,61.0,70.0,69.0,11.0,59.0,242008480.0,569152.0,2004401536.0,39748774432.0,137321408.0,0.0,0.0,1046.0,0.0,0.0,1442.0,138.0,1681.0
457,0.0,1.0,1.0,1.0,0.0,1267200.0,1.0,140250000.0,1.0,1331200000.0,0.516423940659,22217.0,1980.0,5791.0,40937.5,41750.0,42750.0,91.0,25.0,64.0,896.0,5000.0,0.0,25.0,1000000.0,950000.0,1.0,0.0,0.0,10.0,0.0,0.0,100.0,100.0,35774460.0,630239543.0,639727086.0,0.0,0.0,0.0,0.0,0.0,1.0,1.0,1.0,1.0,1.0,0.0,0.0,1.0,0.0,0.0,0.0,0.0,0.0,33.0,1.0,15120319.0,309295697.0,14955579.0,35478715.0,646749532.0,1153.0,2696005202.0,0.0,1.0,1.0,0.0,1.0,0.0,0.0,1.0,1.0,1.0,1.0,2.0,1.0,0.0,0.0,0.0,2.0,0.0,0.0,1.0,1.0,3.0,50.0,50.0,1.0,0.0,0.0,0.0,0.0,0.0,0.0,0.0,0.0,0.0,0.0,2.0,2.0,0.0,1.0,1.0,0.0,1.0,0.0,0.0,0.0,0.0,0.0,1.0,0.0,0.0,1.0,0.0,0.0,0.0,1.0,10.0,0.0,0.0,0.0,0.0,0.0,11.0,0.0,0.0,0.0,0.0,0.0,0.0,0.0,0.0,0.0,1.0,1.0,0.0,0.0,0.0,0.0,1.0,1.0,1.0,0.0,0.0,0.0,0.0,0.0,0.0,1.0,1.0,0.0,0.0,0.0,0.0,0.0,1.0,1.0,0.0,1503899622.0,636.0,636.0,1433.0,1433.0,1466.0,0.0,167.0,27777.0,24250.0,24181.0,93.0,0.0,0.0,0.0,180.0,0.0,0.0,61.0,70.0,69.0,14.0,59.0,155032992.0,0.0,2004019872.0,24255563488.0,147069824.0,0.0,0.0,1153.0,0.0,0.0,1537.0,138.0,1829.0
458,0.0,1.0,1.0,1.0,0.0,1267200.0,1.0,140250000.0,1.0,1331200000.0,0.533669948578,22485.0,1979.0,5638.0,41000.0,41700.0,42500.0,94.0,25.0,64.0,896.0,5000.0,0.0,25.0,1000000.0,950000.0,1.0,1.0,0.0,10.0,0.0,0.0,100.0,100.0,37830681.0,654857281.0,665791332.0,0.0,0.0,0.0,0.0,0.0,1.0,1.0,1.0,1.0,1.0,0.0,0.0,1.0,0.0,0.0,0.0,0.0,0.0,33.0,1.0,15721338.0,332490938.0,14999317.0,35335635.0,655307216.0,1177.0,2761100118.0,0.0,1.0,1.0,0.0,1.0,0.0,0.0,1.0,1.0,1.0,1.0,2.0,1.0,0.0,0.0,0.0,2.0,0.0,0.0,1.0,1.0,3.0,50.0,50.0,1.0,0.0,0.0,0.0,0.0,0.0,0.0,0.0,0.0,0.0,0.0,2.0,2.0,0.0,1.0,1.0,0.0,1.0,0.0,0.0,0.0,0.0,0.0,1.0,0.0,0.0,1.0,0.0,0.0,0.0,1.0,10.0,0.0,0.0,0.0,0.0,0.0,11.0,0.0,0.0,0.0,0.0,0.0,0.0,0.0,0.0,0.0,1.0,1.0,0.0,0.0,0.0,0.0,1.0,1.0,1.0,0.0,0.0,0.0,0.0,0.0,0.0,1.0,1.0,0.0,0.0,0.0,0.0,0.0,1.0,1.0,0.0,1508674887.0,720.0,720.0,1630.0,1630.0,1678.0,0.0,198.0,30049.0,24663.0,24587.0,102.0,0.0,0.0,0.0,199.0,0.0,0.0,67.0,77.0,76.0,15.0,65.0,130992256.0,0.0,1998459520.0,83150765280.0,180820960.0,0.0,0.0,1177.0,0.0,0.0,1595.0,152.0,1868.0
459,0.0,1.0,1.0,1.0,0.0,1267200.0,1.0,140250000.0,1.0,1331200000.0,0.5166490077970001,22484.0,1980.0,5791.0,41000.0,41750.0,42500.0,94.0,25.0,64.0,896.0,5000.0,0.0,25.0,1000000.0,950000.0,1.0,1.0,0.0,10.0,0.0,0.0,100.0,100.0,33084848.0,636662352.0,629213905.0,0.0,0.0,0.0,0.0,0.0,1.0,1.0,1.0,1.0,1.0,0.0,0.0,1.0,0.0,0.0,0.0,0.0,0.0,34.0,1.0,15580938.0,311789298.0,15420531.0,32919881.0,663159057.0,1074.0,2820116282.0,0.0,1.0,1.0,0.0,1.0,0.0,0.0,1.0,1.0,1.0,1.0,2.0,1.0,0.0,0.0,0.0,2.0,0.0,0.0,1.0,1.0,3.0,50.0,50.0,1.0,0.0,0.0,0.0,0.0,0.0,0.0,0.0,0.0,0.0,0.0,2.0,2.0,0.0,1.0,1.0,0.0,1.0,0.0,0.0,0.0,0.0,0.0,1.0,0.0,0.0,1.0,0.0,0.0,0.0,1.0,10.0,0.0,0.0,0.0,0.0,0.0,11.0,0.0,0.0,0.0,0.0,0.0,0.0,0.0,0.0,0.0,1.0,1.0,0.0,0.0,0.0,0.0,1.0,1.0,1.0,0.0,0.0,0.0,0.0,0.0,0.0,1.0,1.0,0.0,0.0,0.0,0.0,0.0,1.0,1.0,0.0,1510963184.0,676.0,676.0,1557.0,1557.0,1613.0,0.0,173.0,28291.0,24062.0,23993.0,75.0,0.0,0.0,0.0,180.0,0.0,0.0,61.0,70.0,69.0,18.0,59.0,45646560.0,0.0,1988198688.0,28871313056.0,159373920.0,0.0,0.0,1074.0,0.0,0.0,1448.0,138.0,1645.0
460,0.0,1.0,1.0,1.0,0.0,1267200.0,1.0,140250000.0,1.0,1331200000.0,0.51557302475,21910.0,1903.0,5638.0,41000.0,41625.0,42625.0,94.0,25.0,64.0,896.0,5000.0,0.0,25.0,1000000.0,950000.0,1.0,1.0,0.0,10.0,0.0,0.0,100.0,100.0,34142401.0,656197758.0,638558093.0,0.0,0.0,0.0,0.0,0.0,1.0,1.0,1.0,1.0,1.0,0.0,0.0,1.0,0.0,0.0,0.0,0.0,0.0,32.0,1.0,15308754.0,302952646.0,14871670.0,34470825.0,675160847.0,1038.0,2658763494.0,0.0,1.0,1.0,0.0,1.0,0.0,0.0,1.0,1.0,1.0,1.0,2.0,1.0,0.0,0.0,0.0,2.0,0.0,0.0,1.0,1.0,3.0,50.0,50.0,1.0,0.0,0.0,0.0,0.0,0.0,0.0,0.0,0.0,0.0,0.0,2.0,2.0,0.0,1.0,1.0,0.0,1.0,0.0,0.0,0.0,0.0,0.0,1.0,0.0,0.0,1.0,0.0,0.0,0.0,1.0,10.0,0.0,0.0,0.0,0.0,0.0,11.0,0.0,0.0,0.0,0.0,0.0,0.0,0.0,0.0,0.0,1.0,1.0,0.0,0.0,0.0,0.0,1.0,1.0,1.0,0.0,0.0,0.0,0.0,0.0,0.0,1.0,1.0,0.0,0.0,0.0,0.0,0.0,1.0,1.0,0.0,1507520114.0,645.0,645.0,1664.0,1664.0,1712.0,0.0,167.0,28168.0,24056.0,23987.0,68.0,0.0,0.0,0.0,157.0,0.0,0.0,61.0,70.0,69.0,19.0,59.0,143191328.0,0.0,2031143072.0,38628129696.0,121932416.0,0.0,0.0,1038.0,0.0,0.0,1374.0,138.0,1741.0
461,0.0,1.0,1.0,1.0,0.0,1267200.0,1.0,140250000.0,1.0,1331200000.0,0.53759598732,22331.0,1980.0,5715.0,41050.0,42000.0,42600.0,84.0,25.0,64.0,896.0,5000.0,0.0,25.0,1000000.0,950000.0,1.0,0.0,0.0,10.0,0.0,0.0,100.0,500.0,37297620.0,668777617.0,652447746.0,0.0,0.0,0.0,0.0,0.0,1.0,1.0,1.0,1.0,1.0,0.0,0.0,1.0,0.0,0.0,0.0,0.0,0.0,30.0,1.0,15601532.0,317282229.0,15209123.0,37899427.0,671473723.0,1131.0,2777177807.0,0.0,1.0,1.0,0.0,1.0,0.0,0.0,1.0,1.0,1.0,1.0,2.0,1.0,0.0,0.0,0.0,2.0,0.0,0.0,1.0,1.0,3.0,50.0,50.0,1.0,0.0,0.0,0.0,0.0,0.0,0.0,0.0,0.0,0.0,0.0,2.0,2.0,0.0,1.0,1.0,0.0,1.0,0.0,0.0,0.0,0.0,0.0,1.0,0.0,0.0,1.0,0.0,0.0,0.0,1.0,10.0,0.0,0.0,0.0,0.0,0.0,11.0,0.0,0.0,0.0,0.0,0.0,0.0,0.0,0.0,0.0,1.0,1.0,0.0,0.0,0.0,0.0,1.0,1.0,1.0,0.0,0.0,0.0,0.0,0.0,0.0,1.0,1.0,0.0,0.0,0.0,0.0,0.0,1.0,1.0,0.0,1524285474.0,733.0,733.0,1742.0,1742.0,1789.0,0.0,189.0,30055.0,24649.0,24573.0,96.0,0.0,0.0,0.0,217.0,0.0,0.0,67.0,77.0,76.0,19.0,65.0,154910272.0,0.0,2094157408.0,33185007296.0,192164896.0,0.0,0.0,1131.0,0.0,0.0,1629.0,152.0,1947.0
462,0.0,1.0,1.0,1.0,0.0,1267200.0,1.0,140250000.0,1.0,1331200000.0,0.5146918296809999,22370.0,1903.0,5944.0,40950.0,41700.0,42500.0,84.0,25.0,64.0,896.0,5000.0,0.0,25.0,1000000.0,950000.0,1.0,0.0,0.0,10.0,0.0,0.0,100.0,500.0,36026877.0,650840127.0,618188963.0,0.0,0.0,0.0,0.0,0.0,1.0,1.0,1.0,1.0,1.0,0.0,0.0,1.0,0.0,0.0,0.0,0.0,0.0,35.0,1.0,15070858.0,301517833.0,15303014.0,36699708.0,674426427.0,1100.0,2831785199.0,0.0,1.0,1.0,0.0,1.0,0.0,0.0,1.0,1.0,1.0,1.0,2.0,1.0,0.0,0.0,0.0,2.0,0.0,0.0,1.0,1.0,3.0,50.0,50.0,1.0,0.0,0.0,0.0,0.0,0.0,0.0,0.0,0.0,0.0,0.0,2.0,2.0,0.0,1.0,1.0,0.0,1.0,0.0,0.0,0.0,0.0,0.0,1.0,0.0,0.0,1.0,0.0,0.0,0.0,1.0,10.0,0.0,0.0,0.0,0.0,0.0,11.0,0.0,0.0,0.0,0.0,0.0,0.0,0.0,0.0,0.0,1.0,1.0,0.0,0.0,0.0,0.0,1.0,1.0,1.0,0.0,0.0,0.0,0.0,0.0,0.0,1.0,1.0,0.0,0.0,0.0,0.0,0.0,1.0,1.0,0.0,1551240433.0,688.0,688.0,1751.0,1751.0,1802.0,0.0,187.0,28941.0,24647.0,24571.0,85.0,0.0,0.0,0.0,199.0,0.0,0.0,67.0,77.0,76.0,16.0,65.0,243810432.0,0.0,2024962976.0,37556492256.0,175742080.0,0.0,0.0,1100.0,0.0,0.0,1535.0,152.0,1865.0
463,0.0,1.0,1.0,1.0,0.0,1267200.0,1.0,140250000.0,1.0,1331200000.0,0.5170350074769999,17604.0,1599.0,4648.0,40937.5,41500.0,42625.0,84.0,25.0,64.0,896.0,5000.0,0.0,25.0,1000000.0,950000.0,1.0,0.0,0.0,10.0,0.0,0.0,100.0,500.0,31610797.0,645627423.0,616736419.0,0.0,0.0,0.0,0.0,0.0,1.0,1.0,1.0,1.0,1.0,0.0,0.0,1.0,0.0,0.0,0.0,0.0,0.0,31.0,1.0,15706043.0,308627697.0,15373306.0,32558091.0,628684055.0,935.0,2664790971.0,0.0,1.0,1.0,0.0,1.0,0.0,0.0,1.0,1.0,1.0,1.0,2.0,1.0,0.0,0.0,0.0,2.0,0.0,0.0,1.0,1.0,3.0,50.0,50.0,1.0,0.0,0.0,0.0,0.0,0.0,0.0,0.0,0.0,0.0,0.0,2.0,2.0,0.0,1.0,1.0,0.0,1.0,0.0,0.0,0.0,0.0,0.0,1.0,0.0,0.0,1.0,0.0,0.0,0.0,1.0,11.0,0.0,0.0,0.0,0.0,0.0,12.0,0.0,0.0,0.0,0.0,0.0,0.0,0.0,0.0,0.0,1.0,1.0,0.0,0.0,0.0,0.0,1.0,1.0,1.0,0.0,0.0,0.0,0.0,0.0,0.0,1.0,1.0,0.0,0.0,0.0,0.0,0.0,1.0,1.0,0.0,1432282645.0,654.0,654.0,1566.0,1566.0,1602.0,0.0,151.0,26832.0,23612.0,23550.0,76.0,0.0,0.0,0.0,171.0,0.0,0.0,55.0,63.0,62.0,14.0,53.0,40298592.0,0.0,1955610432.0,26398474912.0,129676032.0,0.0,0.0,935.0,0.0,0.0,1319.0,124.0,1539.0
464,0.0,1.0,1.0,1.0,0.0,1267200.0,1.0,140250000.0,1.0,1331200000.0,0.533784866333,22218.0,1827.0,5714.0,41050.0,41600.0,42500.0,96.0,25.0,64.0,896.0,5000.0,0.0,25.0,1000000.0,950000.0,1.0,1.0,0.0,10.0,0.0,0.0,100.0,500.0,37812486.0,655430227.0,628283361.0,0.0,0.0,0.0,0.0,0.0,1.0,1.0,1.0,1.0,1.0,0.0,0.0,1.0,0.0,0.0,0.0,0.0,0.0,32.0,1.0,15711634.0,304989230.0,14959600.0,37516793.0,647364565.0,933.0,2679604298.0,0.0,1.0,1.0,0.0,1.0,0.0,0.0,1.0,1.0,1.0,1.0,2.0,1.0,0.0,0.0,0.0,2.0,0.0,0.0,1.0,1.0,3.0,50.0,50.0,1.0,0.0,0.0,0.0,0.0,0.0,0.0,0.0,0.0,0.0,0.0,2.0,2.0,0.0,1.0,1.0,0.0,1.0,0.0,0.0,0.0,0.0,0.0,1.0,0.0,0.0,1.0,0.0,0.0,0.0,1.0,10.0,0.0,0.0,0.0,0.0,0.0,11.0,0.0,0.0,0.0,0.0,0.0,0.0,0.0,0.0,0.0,1.0,1.0,0.0,0.0,0.0,0.0,1.0,1.0,1.0,0.0,0.0,0.0,0.0,0.0,0.0,1.0,1.0,0.0,0.0,0.0,0.0,0.0,1.0,1.0,0.0,1493738268.0,700.0,700.0,1658.0,1658.0,1702.0,0.0,163.0,29764.0,24292.0,24216.0,71.0,0.0,0.0,0.0,190.0,0.0,0.0,67.0,77.0,76.0,20.0,65.0,142874912.0,0.0,2067342560.0,30316918432.0,159161952.0,0.0,0.0,933.0,0.0,0.0,1340.0,152.0,1537.0
465,0.0,1.0,1.0,1.0,0.0,1267200.0,1.0,140250000.0,1.0,1331200000.0,0.516269922256,17911.0,1447.0,5029.0,41050.0,41800.0,43000.0,96.0,25.0,64.0,896.0,5000.0,0.0,25.0,1000000.0,950000.0,1.0,1.0,0.0,10.0,0.0,0.0,100.0,500.0,34877811.0,647592092.0,646567814.0,0.0,0.0,0.0,0.0,0.0,1.0,1.0,1.0,1.0,1.0,0.0,0.0,1.0,0.0,0.0,0.0,0.0,0.0,35.0,1.0,15415408.0,315245178.0,15083339.0,34813874.0,653815805.0,1045.0,2746524888.0,0.0,1.0,1.0,0.0,1.0,0.0,0.0,1.0,1.0,1.0,1.0,2.0,1.0,0.0,0.0,0.0,2.0,0.0,0.0,1.0,1.0,3.0,50.0,50.0,1.0,0.0,0.0,0.0,0.0,0.0,0.0,0.0,0.0,0.0,0.0,2.0,2.0,0.0,1.0,1.0,0.0,1.0,0.0,0.0,0.0,0.0,0.0,1.0,0.0,0.0,1.0,0.0,0.0,0.0,1.0,10.0,0.0,0.0,0.0,0.0,0.0,11.0,0.0,0.0,0.0,0.0,0.0,0.0,0.0,0.0,0.0,1.0,1.0,0.0,0.0,0.0,0.0,1.0,1.0,1.0,0.0,0.0,0.0,0.0,0.0,0.0,1.0,1.0,0.0,0.0,0.0,0.0,0.0,1.0,1.0,0.0,1495589449.0,703.0,703.0,1673.0,1673.0,1714.0,0.0,166.0,28901.0,24261.0,24192.0,88.0,0.0,0.0,0.0,203.0,0.0,0.0,61.0,70.0,69.0,17.0,59.0,28980160.0,0.0,1977749312.0,34828314720.0,141396704.0,0.0,0.0,1045.0,0.0,0.0,1463.0,138.0,1753.0
466,0.0,1.0,1.0,1.0,0.0,1267200.0,1.0,140250000.0,1.0,1331200000.0,0.517245054245,22446.0,1903.0,5944.0,41050.0,41900.0,42600.0,96.0,25.0,64.0,896.0,5000.0,0.0,25.0,1000000.0,950000.0,1.0,1.0,0.0,10.0,0.0,0.0,100.0,500.0,36977088.0,653092440.0,641449543.0,0.0,0.0,0.0,0.0,0.0,1.0,1.0,1.0,1.0,1.0,0.0,0.0,1.0,0.0,0.0,0.0,0.0,0.0,32.0,1.0,15613708.0,312309107.0,15144989.0,37068003.0,652930877.0,971.0,2663320671.0,0.0,1.0,1.0,0.0,1.0,0.0,0.0,1.0,1.0,1.0,1.0,2.0,1.0,0.0,0.0,0.0,2.0,0.0,0.0,1.0,1.0,3.0,50.0,50.0,1.0,0.0,0.0,0.0,0.0,0.0,0.0,0.0,0.0,0.0,0.0,2.0,2.0,0.0,1.0,1.0,0.0,1.0,0.0,0.0,0.0,0.0,0.0,1.0,0.0,0.0,1.0,0.0,0.0,0.0,1.0,10.0,0.0,0.0,0.0,0.0,0.0,11.0,0.0,0.0,0.0,0.0,0.0,0.0,0.0,0.0,0.0,1.0,1.0,0.0,0.0,0.0,0.0,1.0,1.0,1.0,0.0,0.0,0.0,0.0,0.0,0.0,1.0,1.0,0.0,0.0,0.0,0.0,0.0,1.0,1.0,0.0,1498909446.0,692.0,692.0,1687.0,1687.0,1731.0,0.0,176.0,28626.0,24496.0,24420.0,67.0,0.0,0.0,0.0,176.0,0.0,0.0,67.0,77.0,76.0,15.0,65.0,251246592.0,0.0,2035400800.0,26230245248.0,136811584.0,0.0,0.0,971.0,0.0,0.0,1423.0,152.0,1657.0
467,0.0,1.0,0.0,0.0,1.0,960000.0,1.0,1122000000.0,1.0,800000000.0,0.140871047974,9298.0,1524.0,2666.0,41250.0,42500.0,42500.0,77.0,25.0,64.0,896.0,5000.0,0.0,25.0,1000000.0,950000.0,1.0,0.0,0.0,10.0,0.0,0.0,0.0,100.0,19607121.0,570684366.0,563757122.0,0.0,0.0,0.0,0.0,0.0,1.0,1.0,1.0,1.0,1.0,0.0,0.0,1.0,0.0,0.0,0.0,0.0,0.0,28.0,1.0,14623426.0,262658866.0,14602530.0,20518273.0,585449696.0,570.0,2507392928.0,0.0,1.0,1.0,0.0,1.0,0.0,0.0,1.0,1.0,1.0,1.0,2.0,1.0,0.0,0.0,0.0,2.0,0.0,0.0,1.0,1.0,3.0,50.0,50.0,1.0,0.0,0.0,0.0,0.0,0.0,0.0,0.0,0.0,0.0,0.0,2.0,2.0,0.0,1.0,1.0,0.0,1.0,0.0,0.0,0.0,0.0,0.0,1.0,0.0,0.0,1.0,0.0,0.0,0.0,1.0,10.0,0.0,0.0,0.0,0.0,0.0,11.0,0.0,0.0,0.0,0.0,0.0,0.0,0.0,0.0,0.0,1.0,1.0,0.0,0.0,0.0,0.0,1.0,1.0,1.0,0.0,0.0,0.0,0.0,0.0,0.0,1.0,1.0,0.0,0.0,0.0,0.0,0.0,1.0,1.0,0.0,1329128539.0,497.0,497.0,1241.0,1241.0,1273.0,0.0,64.0,20153.0,21490.0,21463.0,53.0,0.0,0.0,0.0,66.0,0.0,0.0,25.0,28.0,27.0,7.0,23.0,12642848.0,0.0,1588410560.0,16571355136.0,123256896.0,0.0,0.0,570.0,0.0,0.0,664.0,54.0,866.0
468,0.0,1.0,0.0,0.0,1.0,960000.0,1.0,1122000000.0,1.0,800000000.0,0.145148038864,9222.0,1523.0,2666.0,41250.0,42250.0,42500.0,77.0,25.0,64.0,896.0,5000.0,0.0,25.0,1000000.0,950000.0,1.0,0.0,0.0,10.0,0.0,0.0,0.0,100.0,22253083.0,612675208.0,594267873.0,0.0,0.0,0.0,0.0,0.0,1.0,1.0,1.0,1.0,1.0,0.0,0.0,1.0,0.0,0.0,0.0,0.0,0.0,33.0,1.0,14762220.0,280152581.0,14808269.0,23636973.0,619882983.0,881.0,2691961510.0,0.0,1.0,1.0,0.0,1.0,0.0,0.0,1.0,1.0,1.0,1.0,2.0,1.0,0.0,0.0,0.0,2.0,0.0,0.0,1.0,1.0,3.0,50.0,50.0,1.0,0.0,0.0,0.0,0.0,0.0,0.0,0.0,0.0,0.0,0.0,2.0,2.0,0.0,1.0,1.0,0.0,1.0,0.0,0.0,0.0,0.0,0.0,1.0,0.0,0.0,1.0,0.0,0.0,0.0,1.0,11.0,0.0,0.0,0.0,0.0,0.0,12.0,0.0,0.0,0.0,0.0,0.0,0.0,0.0,0.0,0.0,1.0,1.0,0.0,0.0,0.0,0.0,1.0,1.0,1.0,0.0,0.0,0.0,0.0,0.0,0.0,1.0,1.0,0.0,0.0,0.0,0.0,0.0,1.0,1.0,0.0,1352110923.0,637.0,637.0,1365.0,1365.0,1400.0,0.0,90.0,21983.0,22027.0,21993.0,61.0,0.0,0.0,0.0,83.0,0.0,0.0,31.0,35.0,34.0,9.0,29.0,20985824.0,0.0,1690812352.0,24715555104.0,188543488.0,0.0,0.0,881.0,0.0,0.0,1044.0,68.0,1262.0
469,0.0,1.0,0.0,0.0,1.0,960000.0,1.0,1122000000.0,1.0,800000000.0,0.14374613761900001,4344.0,761.0,1371.0,40375.0,42500.0,42500.0,77.0,25.0,64.0,896.0,5000.0,0.0,25.0,1000000.0,950000.0,1.0,0.0,0.0,10.0,0.0,0.0,0.0,100.0,20087273.0,580918729.0,563266360.0,0.0,0.0,0.0,0.0,0.0,1.0,1.0,1.0,1.0,1.0,0.0,0.0,1.0,0.0,0.0,0.0,0.0,0.0,30.0,1.0,14604224.0,263695929.0,14511833.0,21022266.0,588259547.0,586.0,2502818603.0,0.0,1.0,1.0,0.0,1.0,0.0,0.0,1.0,1.0,1.0,1.0,2.0,1.0,0.0,0.0,0.0,2.0,0.0,0.0,1.0,1.0,3.0,50.0,50.0,1.0,0.0,0.0,0.0,0.0,0.0,0.0,0.0,0.0,0.0,0.0,2.0,2.0,0.0,1.0,1.0,0.0,1.0,0.0,0.0,0.0,0.0,0.0,1.0,0.0,0.0,1.0,0.0,0.0,0.0,1.0,10.0,0.0,0.0,0.0,0.0,0.0,11.0,0.0,0.0,0.0,0.0,0.0,0.0,0.0,0.0,0.0,1.0,1.0,0.0,0.0,0.0,0.0,1.0,1.0,1.0,0.0,0.0,0.0,0.0,0.0,0.0,1.0,1.0,0.0,0.0,0.0,0.0,0.0,1.0,1.0,0.0,1331732780.0,526.0,526.0,1310.0,1310.0,1342.0,0.0,57.0,20581.0,21532.0,21505.0,61.0,0.0,0.0,0.0,56.0,0.0,0.0,25.0,28.0,27.0,7.0,23.0,14000736.0,0.0,1585211488.0,18171323488.0,82518720.0,0.0,0.0,586.0,0.0,0.0,715.0,54.0,896.0
470,0.0,1.0,0.0,0.0,1.0,960000.0,1.0,1122000000.0,1.0,800000000.0,0.136523962021,4382.0,685.0,1295.0,40750.0,42500.0,42500.0,97.0,25.0,64.0,896.0,5000.0,0.0,25.0,1000000.0,950000.0,1.0,1.0,0.0,10.0,0.0,0.0,0.0,100.0,18649306.0,558210870.0,547531448.0,0.0,0.0,0.0,0.0,0.0,1.0,1.0,1.0,1.0,1.0,0.0,0.0,1.0,0.0,0.0,0.0,0.0,0.0,34.0,1.0,14583499.0,255868591.0,14486509.0,18224030.0,566461373.0,439.0,2455902564.0,0.0,1.0,1.0,0.0,1.0,0.0,0.0,1.0,1.0,1.0,1.0,2.0,1.0,0.0,0.0,0.0,2.0,0.0,0.0,1.0,1.0,3.0,50.0,50.0,1.0,0.0,0.0,0.0,0.0,0.0,0.0,0.0,0.0,0.0,0.0,2.0,2.0,0.0,1.0,1.0,0.0,1.0,0.0,0.0,0.0,0.0,0.0,1.0,0.0,0.0,1.0,0.0,0.0,0.0,1.0,11.0,0.0,0.0,0.0,0.0,0.0,12.0,0.0,0.0,0.0,0.0,0.0,0.0,0.0,0.0,0.0,1.0,1.0,0.0,0.0,0.0,0.0,1.0,1.0,1.0,0.0,0.0,0.0,0.0,0.0,0.0,1.0,1.0,0.0,0.0,0.0,0.0,0.0,1.0,1.0,0.0,1334239901.0,514.0,514.0,1174.0,1174.0,1200.0,0.0,42.0,18158.0,20914.0,20894.0,95.0,0.0,0.0,0.0,34.0,0.0,0.0,19.0,21.0,20.0,7.0,17.0,13938688.0,0.0,1466730528.0,29606992480.0,82249280.0,0.0,0.0,439.0,0.0,0.0,555.0,40.0,750.0
471,0.0,1.0,0.0,0.0,1.0,960000.0,1.0,1122000000.0,1.0,800000000.0,0.145981788635,9375.0,1599.0,2666.0,41750.0,42000.0,42500.0,97.0,25.0,64.0,896.0,5000.0,0.0,25.0,1000000.0,950000.0,1.0,1.0,0.0,10.0,0.0,0.0,0.0,100.0,23580925.0,591631875.0,582233283.0,0.0,0.0,0.0,0.0,0.0,1.0,1.0,1.0,1.0,1.0,0.0,0.0,1.0,0.0,0.0,0.0,0.0,0.0,34.0,1.0,15589037.0,260022642.0,15050552.0,23523593.0,606472402.0,652.0,2660780859.0,0.0,1.0,1.0,0.0,1.0,0.0,0.0,1.0,1.0,1.0,1.0,2.0,1.0,0.0,0.0,0.0,2.0,0.0,0.0,1.0,1.0,3.0,50.0,50.0,1.0,0.0,0.0,0.0,0.0,0.0,0.0,0.0,0.0,0.0,0.0,2.0,2.0,0.0,1.0,1.0,0.0,1.0,0.0,0.0,0.0,0.0,0.0,1.0,0.0,0.0,1.0,0.0,0.0,0.0,1.0,10.0,0.0,0.0,0.0,0.0,0.0,11.0,0.0,0.0,0.0,0.0,0.0,0.0,0.0,0.0,0.0,1.0,1.0,0.0,0.0,0.0,0.0,1.0,1.0,1.0,0.0,0.0,0.0,0.0,0.0,0.0,1.0,1.0,0.0,0.0,0.0,0.0,0.0,1.0,1.0,0.0,1346739992.0,532.0,532.0,1306.0,1306.0,1336.0,0.0,68.0,21308.0,21879.0,21845.0,127.0,0.0,0.0,0.0,75.0,0.0,0.0,31.0,35.0,34.0,12.0,29.0,331846080.0,0.0,1681425408.0,18019090912.0,157146400.0,0.0,0.0,652.0,0.0,0.0,879.0,68.0,1115.0
472,0.0,1.0,0.0,0.0,1.0,960000.0,1.0,1122000000.0,1.0,800000000.0,0.1478099823,9222.0,1447.0,2742.0,40250.0,42500.0,43000.0,97.0,25.0,64.0,896.0,5000.0,0.0,25.0,1000000.0,950000.0,1.0,1.0,0.0,10.0,0.0,0.0,0.0,100.0,20269667.0,594948856.0,578052830.0,0.0,0.0,0.0,0.0,0.0,1.0,1.0,1.0,1.0,1.0,0.0,0.0,1.0,0.0,0.0,0.0,0.0,0.0,35.0,1.0,14874301.0,262844753.0,14566075.0,21489486.0,599726243.0,722.0,2541260942.0,0.0,1.0,1.0,0.0,1.0,0.0,0.0,1.0,1.0,1.0,1.0,2.0,1.0,0.0,0.0,0.0,2.0,0.0,0.0,1.0,1.0,3.0,50.0,50.0,1.0,0.0,0.0,0.0,0.0,0.0,0.0,0.0,0.0,0.0,0.0,2.0,2.0,0.0,1.0,1.0,0.0,1.0,0.0,0.0,0.0,0.0,0.0,1.0,0.0,0.0,1.0,0.0,0.0,0.0,1.0,11.0,0.0,0.0,0.0,0.0,0.0,12.0,0.0,0.0,0.0,0.0,0.0,0.0,0.0,0.0,0.0,1.0,1.0,0.0,0.0,0.0,0.0,1.0,1.0,1.0,0.0,0.0,0.0,0.0,0.0,0.0,1.0,1.0,0.0,0.0,0.0,0.0,0.0,1.0,1.0,0.0,1328847654.0,507.0,507.0,1232.0,1232.0,1271.0,0.0,61.0,20557.0,21584.0,21557.0,40.0,0.0,0.0,0.0,59.0,0.0,0.0,25.0,28.0,27.0,5.0,23.0,321304352.0,1633504.0,1570713760.0,153454057792.0,94764672.0,0.0,0.0,722.0,0.0,0.0,871.0,54.0,954.0
473,0.0,1.0,0.0,0.0,1.0,960000.0,1.0,1122000000.0,1.0,800000000.0,0.138670921326,9222.0,1523.0,2590.0,40750.0,42250.0,42500.0,99.0,25.0,64.0,896.0,5000.0,0.0,25.0,1000000.0,950000.0,1.0,0.0,0.0,10.0,0.0,0.0,0.0,500.0,22261163.0,577004522.0,575136143.0,0.0,0.0,0.0,0.0,0.0,1.0,1.0,1.0,1.0,1.0,0.0,0.0,1.0,0.0,0.0,0.0,0.0,0.0,31.0,1.0,15263417.0,276255161.0,14831595.0,21909791.0,605640447.0,679.0,2569594117.0,0.0,1.0,1.0,0.0,1.0,0.0,0.0,1.0,1.0,1.0,1.0,2.0,1.0,0.0,0.0,0.0,2.0,0.0,0.0,1.0,1.0,3.0,50.0,50.0,1.0,0.0,0.0,0.0,0.0,0.0,0.0,0.0,0.0,0.0,0.0,2.0,2.0,0.0,1.0,1.0,0.0,1.0,0.0,0.0,0.0,0.0,0.0,1.0,0.0,0.0,1.0,0.0,0.0,0.0,1.0,11.0,0.0,0.0,0.0,0.0,0.0,12.0,0.0,0.0,0.0,0.0,0.0,0.0,0.0,0.0,0.0,1.0,1.0,0.0,0.0,0.0,0.0,1.0,1.0,1.0,0.0,0.0,0.0,0.0,0.0,0.0,1.0,1.0,0.0,0.0,0.0,0.0,0.0,1.0,1.0,0.0,1365831545.0,582.0,582.0,1412.0,1412.0,1448.0,0.0,75.0,21794.0,21894.0,21860.0,146.0,0.0,0.0,0.0,67.0,0.0,0.0,31.0,35.0,34.0,8.0,29.0,118202176.0,0.0,1685732128.0,327718038464.0,134349024.0,0.0,0.0,679.0,0.0,0.0,931.0,68.0,1169.0
474,0.0,1.0,0.0,0.0,1.0,960000.0,1.0,1122000000.0,1.0,800000000.0,0.147129058838,9374.0,1523.0,2590.0,40750.0,42250.0,42500.0,99.0,25.0,64.0,896.0,5000.0,0.0,25.0,1000000.0,950000.0,1.0,0.0,0.0,10.0,0.0,0.0,0.0,500.0,22028447.0,584677956.0,579161281.0,0.0,0.0,0.0,0.0,0.0,1.0,1.0,1.0,1.0,1.0,0.0,0.0,1.0,0.0,0.0,0.0,0.0,0.0,32.0,1.0,14927638.0,270885637.0,14887285.0,21711642.0,607098922.0,697.0,2602658020.0,0.0,1.0,1.0,0.0,1.0,0.0,0.0,1.0,1.0,1.0,1.0,2.0,1.0,0.0,0.0,0.0,2.0,0.0,0.0,1.0,1.0,3.0,50.0,50.0,1.0,0.0,0.0,0.0,0.0,0.0,0.0,0.0,0.0,0.0,0.0,2.0,2.0,0.0,1.0,1.0,0.0,1.0,0.0,0.0,0.0,0.0,0.0,1.0,0.0,0.0,1.0,0.0,0.0,0.0,1.0,10.0,0.0,0.0,0.0,0.0,0.0,11.0,0.0,0.0,0.0,0.0,0.0,0.0,0.0,0.0,0.0,1.0,1.0,0.0,0.0,0.0,0.0,1.0,1.0,1.0,0.0,0.0,0.0,0.0,0.0,0.0,1.0,1.0,0.0,0.0,0.0,0.0,0.0,1.0,1.0,0.0,1353196771.0,562.0,562.0,1400.0,1400.0,1438.0,0.0,79.0,21985.0,21880.0,21846.0,81.0,0.0,0.0,0.0,67.0,0.0,0.0,31.0,35.0,34.0,10.0,29.0,134682336.0,0.0,1688957728.0,21118704384.0,153671328.0,0.0,0.0,697.0,0.0,0.0,885.0,68.0,1083.0
475,0.0,1.0,0.0,0.0,1.0,960000.0,1.0,1122000000.0,1.0,800000000.0,0.142832994461,4344.0,761.0,1371.0,40750.0,43000.0,42500.0,99.0,25.0,64.0,896.0,5000.0,0.0,25.0,1000000.0,950000.0,1.0,0.0,0.0,10.0,0.0,0.0,0.0,500.0,18272419.0,582459794.0,560854992.0,0.0,0.0,0.0,0.0,0.0,1.0,1.0,1.0,1.0,1.0,0.0,0.0,1.0,0.0,0.0,0.0,0.0,0.0,31.0,1.0,14340434.0,253497344.0,14124478.0,18633759.0,582344192.0,451.0,2417063853.0,0.0,1.0,1.0,0.0,1.0,0.0,0.0,1.0,1.0,1.0,1.0,2.0,1.0,0.0,0.0,0.0,2.0,0.0,0.0,1.0,1.0,3.0,50.0,50.0,1.0,0.0,0.0,0.0,0.0,0.0,0.0,0.0,0.0,0.0,0.0,2.0,2.0,0.0,1.0,1.0,0.0,1.0,0.0,0.0,0.0,0.0,0.0,1.0,0.0,0.0,1.0,0.0,0.0,0.0,1.0,10.0,0.0,0.0,0.0,0.0,0.0,11.0,0.0,0.0,0.0,0.0,0.0,0.0,0.0,0.0,0.0,1.0,1.0,0.0,0.0,0.0,0.0,1.0,1.0,1.0,0.0,0.0,0.0,0.0,0.0,0.0,1.0,1.0,0.0,0.0,0.0,0.0,0.0,1.0,1.0,0.0,1277601005.0,436.0,436.0,1276.0,1276.0,1315.0,0.0,40.0,18354.0,20943.0,20923.0,78.0,0.0,0.0,0.0,36.0,0.0,0.0,19.0,21.0,20.0,6.0,17.0,115502976.0,0.0,1523716800.0,20850622464.0,99861664.0,0.0,0.0,451.0,0.0,0.0,555.0,40.0,712.0
476,0.0,1.0,0.0,0.0,1.0,960000.0,1.0,1122000000.0,1.0,800000000.0,0.135646104813,9375.0,1676.0,2590.0,40500.0,42500.0,42500.0,89.0,25.0,64.0,896.0,5000.0,0.0,25.0,1000000.0,950000.0,1.0,1.0,0.0,10.0,0.0,0.0,0.0,500.0,20579687.0,572726459.0,560455888.0,0.0,0.0,0.0,0.0,0.0,1.0,1.0,1.0,1.0,1.0,0.0,0.0,1.0,0.0,0.0,0.0,0.0,0.0,34.0,1.0,14732807.0,262537572.0,14666464.0,19140168.0,587263340.0,557.0,2557863232.0,0.0,1.0,1.0,0.0,1.0,0.0,0.0,1.0,1.0,1.0,1.0,2.0,1.0,0.0,0.0,0.0,2.0,0.0,0.0,1.0,1.0,3.0,50.0,50.0,1.0,0.0,0.0,0.0,0.0,0.0,0.0,0.0,0.0,0.0,0.0,2.0,2.0,0.0,1.0,1.0,0.0,1.0,0.0,0.0,0.0,0.0,0.0,1.0,0.0,0.0,1.0,0.0,0.0,0.0,1.0,10.0,0.0,0.0,0.0,0.0,0.0,11.0,0.0,0.0,0.0,0.0,0.0,0.0,0.0,0.0,0.0,1.0,1.0,0.0,0.0,0.0,0.0,1.0,1.0,1.0,0.0,0.0,0.0,0.0,0.0,0.0,1.0,1.0,0.0,0.0,0.0,0.0,0.0,1.0,1.0,0.0,1316494412.0,516.0,516.0,1305.0,1305.0,1331.0,0.0,53.0,20251.0,21474.0,21447.0,25.0,0.0,0.0,0.0,50.0,0.0,0.0,25.0,28.0,27.0,6.0,23.0,213866240.0,0.0,1572087872.0,18417866304.0,87410304.0,0.0,0.0,557.0,0.0,0.0,661.0,54.0,870.0
477,0.0,1.0,0.0,0.0,1.0,960000.0,1.0,1122000000.0,1.0,800000000.0,0.14373493194599998,9412.0,1524.0,2742.0,41750.0,42250.0,42500.0,89.0,25.0,64.0,896.0,5000.0,0.0,25.0,1000000.0,950000.0,1.0,1.0,0.0,10.0,0.0,0.0,0.0,500.0,23837548.0,604119745.0,588760782.0,0.0,0.0,0.0,0.0,0.0,1.0,1.0,1.0,1.0,1.0,0.0,0.0,1.0,0.0,0.0,0.0,0.0,0.0,32.0,1.0,15528541.0,275619699.0,14657342.0,24242891.0,611534225.0,736.0,2552233146.0,0.0,1.0,1.0,0.0,1.0,0.0,0.0,1.0,1.0,1.0,1.0,2.0,1.0,0.0,0.0,0.0,2.0,0.0,0.0,1.0,1.0,3.0,50.0,50.0,1.0,0.0,0.0,0.0,0.0,0.0,0.0,0.0,0.0,0.0,0.0,2.0,2.0,0.0,1.0,1.0,0.0,1.0,0.0,0.0,0.0,0.0,0.0,1.0,0.0,0.0,1.0,0.0,0.0,0.0,1.0,10.0,0.0,0.0,0.0,0.0,0.0,11.0,0.0,0.0,0.0,0.0,0.0,0.0,0.0,0.0,0.0,1.0,1.0,0.0,0.0,0.0,0.0,1.0,1.0,1.0,0.0,0.0,0.0,0.0,0.0,0.0,1.0,1.0,0.0,0.0,0.0,0.0,0.0,1.0,1.0,0.0,1333169187.0,569.0,569.0,1367.0,1367.0,1404.0,0.0,85.0,21784.0,21974.0,21940.0,59.0,0.0,0.0,0.0,79.0,0.0,0.0,31.0,35.0,34.0,10.0,29.0,115120640.0,0.0,1671168640.0,22107914880.0,157970368.0,0.0,0.0,736.0,0.0,0.0,926.0,68.0,1147.0
478,0.0,1.0,0.0,0.0,1.0,960000.0,1.0,1122000000.0,1.0,800000000.0,0.143019199371,9337.0,1523.0,2590.0,42000.0,42500.0,42500.0,89.0,25.0,64.0,896.0,5000.0,0.0,25.0,1000000.0,950000.0,1.0,1.0,0.0,10.0,0.0,0.0,0.0,500.0,21228164.0,578634403.0,567577076.0,0.0,0.0,0.0,0.0,0.0,1.0,1.0,1.0,1.0,1.0,0.0,0.0,1.0,0.0,0.0,0.0,0.0,0.0,30.0,1.0,14704003.0,265471007.0,14185274.0,20809535.0,589992160.0,636.0,2510843357.0,0.0,1.0,1.0,0.0,1.0,0.0,0.0,1.0,1.0,1.0,1.0,2.0,1.0,0.0,0.0,0.0,2.0,0.0,0.0,1.0,1.0,3.0,50.0,50.0,1.0,0.0,0.0,0.0,0.0,0.0,0.0,0.0,0.0,0.0,0.0,2.0,2.0,0.0,1.0,1.0,0.0,1.0,0.0,0.0,0.0,0.0,0.0,1.0,0.0,0.0,1.0,0.0,0.0,0.0,1.0,10.0,0.0,0.0,0.0,0.0,0.0,11.0,0.0,0.0,0.0,0.0,0.0,0.0,0.0,0.0,0.0,1.0,1.0,0.0,0.0,0.0,0.0,1.0,1.0,1.0,0.0,0.0,0.0,0.0,0.0,0.0,1.0,1.0,0.0,0.0,0.0,0.0,0.0,1.0,1.0,0.0,1328467820.0,555.0,555.0,1284.0,1284.0,1318.0,0.0,62.0,20177.0,21416.0,21389.0,74.0,0.0,0.0,0.0,58.0,0.0,0.0,25.0,28.0,27.0,8.0,23.0,321714176.0,0.0,1602296512.0,25821281312.0,148016576.0,0.0,0.0,636.0,0.0,0.0,762.0,54.0,912.0
479,0.0,1.0,0.0,0.0,1.0,960000.0,1.0,1122000000.0,1.0,800000000.0,0.134639978409,4382.0,761.0,1371.0,40000.0,43000.0,42500.0,89.0,25.0,64.0,896.0,5000.0,0.0,25.0,1000000.0,950000.0,1.0,0.0,0.0,10.0,0.0,0.0,100.0,100.0,18646531.0,552033942.0,548058331.0,0.0,0.0,0.0,0.0,0.0,1.0,1.0,1.0,1.0,1.0,0.0,0.0,1.0,0.0,0.0,0.0,0.0,0.0,34.0,1.0,14280735.0,250827975.0,14179337.0,18016046.0,578287612.0,440.0,2433848098.0,0.0,1.0,1.0,0.0,1.0,0.0,0.0,1.0,1.0,1.0,1.0,2.0,1.0,0.0,0.0,0.0,2.0,0.0,0.0,1.0,1.0,3.0,50.0,50.0,1.0,0.0,0.0,0.0,0.0,0.0,0.0,0.0,0.0,0.0,0.0,2.0,2.0,0.0,1.0,1.0,0.0,1.0,0.0,0.0,0.0,0.0,0.0,1.0,0.0,0.0,1.0,0.0,0.0,0.0,1.0,10.0,0.0,0.0,0.0,0.0,0.0,11.0,0.0,0.0,0.0,0.0,0.0,0.0,0.0,0.0,0.0,1.0,1.0,0.0,0.0,0.0,0.0,1.0,1.0,1.0,0.0,0.0,0.0,0.0,0.0,0.0,1.0,1.0,0.0,0.0,0.0,0.0,0.0,1.0,1.0,0.0,1298647253.0,496.0,496.0,1174.0,1174.0,1197.0,0.0,40.0,18337.0,20943.0,20923.0,66.0,0.0,0.0,0.0,38.0,0.0,0.0,19.0,21.0,20.0,4.0,17.0,11304512.0,0.0,1465393504.0,11804278144.0,55684992.0,0.0,0.0,440.0,0.0,0.0,515.0,40.0,726.0
480,0.0,1.0,0.0,0.0,1.0,960000.0,1.0,1122000000.0,1.0,800000000.0,0.150181055069,9260.0,1524.0,2514.0,40625.0,42000.0,42500.0,89.0,25.0,64.0,896.0,5000.0,0.0,25.0,1000000.0,950000.0,1.0,0.0,0.0,10.0,0.0,0.0,100.0,100.0,22170473.0,587173621.0,581446577.0,0.0,0.0,0.0,0.0,0.0,1.0,1.0,1.0,1.0,1.0,0.0,0.0,1.0,0.0,0.0,0.0,0.0,0.0,32.0,1.0,14826010.0,265251119.0,14469307.0,22105020.0,602436217.0,640.0,2548721552.0,0.0,1.0,1.0,0.0,1.0,0.0,0.0,1.0,1.0,1.0,1.0,2.0,1.0,0.0,0.0,0.0,2.0,0.0,0.0,1.0,1.0,3.0,50.0,50.0,1.0,0.0,0.0,0.0,0.0,0.0,0.0,0.0,0.0,0.0,0.0,2.0,2.0,0.0,1.0,1.0,0.0,1.0,0.0,0.0,0.0,0.0,0.0,1.0,0.0,0.0,1.0,0.0,0.0,0.0,1.0,10.0,0.0,0.0,0.0,0.0,0.0,11.0,0.0,0.0,0.0,0.0,0.0,0.0,0.0,0.0,0.0,1.0,1.0,0.0,0.0,0.0,0.0,1.0,1.0,1.0,0.0,0.0,0.0,0.0,0.0,0.0,1.0,1.0,0.0,0.0,0.0,0.0,0.0,1.0,1.0,0.0,1346859284.0,489.0,489.0,1402.0,1402.0,1433.0,0.0,87.0,21960.0,21854.0,21820.0,86.0,0.0,0.0,0.0,72.0,0.0,0.0,31.0,35.0,34.0,8.0,29.0,118975712.0,0.0,1660450208.0,27903083488.0,155636928.0,0.0,0.0,640.0,0.0,0.0,804.0,68.0,971.0
481,0.0,1.0,0.0,0.0,1.0,960000.0,1.0,1122000000.0,1.0,800000000.0,0.144061088562,9984.0,1675.0,2590.0,40750.0,42500.0,42500.0,89.0,25.0,64.0,896.0,5000.0,0.0,25.0,1000000.0,950000.0,1.0,0.0,0.0,10.0,0.0,0.0,100.0,100.0,21185566.0,581973681.0,572160808.0,0.0,0.0,0.0,0.0,0.0,1.0,1.0,1.0,1.0,1.0,0.0,0.0,1.0,0.0,0.0,0.0,0.0,0.0,34.0,1.0,15082354.0,262304098.0,14399698.0,20486310.0,590605218.0,647.0,2520540009.0,0.0,1.0,1.0,0.0,1.0,0.0,0.0,1.0,1.0,1.0,1.0,2.0,1.0,0.0,0.0,0.0,2.0,0.0,0.0,1.0,1.0,3.0,50.0,50.0,1.0,0.0,0.0,0.0,0.0,0.0,0.0,0.0,0.0,0.0,0.0,2.0,2.0,0.0,1.0,1.0,0.0,1.0,0.0,0.0,0.0,0.0,0.0,1.0,0.0,0.0,1.0,0.0,0.0,0.0,1.0,10.0,0.0,0.0,0.0,0.0,0.0,11.0,0.0,0.0,0.0,0.0,0.0,0.0,0.0,0.0,0.0,1.0,1.0,0.0,0.0,0.0,0.0,1.0,1.0,1.0,0.0,0.0,0.0,0.0,0.0,0.0,1.0,1.0,0.0,0.0,0.0,0.0,0.0,1.0,1.0,0.0,1322450478.0,559.0,559.0,1214.0,1214.0,1246.0,0.0,58.0,20131.0,21306.0,21279.0,87.0,0.0,0.0,0.0,47.0,0.0,0.0,25.0,28.0,27.0,9.0,23.0,21829888.0,0.0,1583420544.0,21432472544.0,146683456.0,0.0,0.0,647.0,0.0,0.0,761.0,54.0,930.0
482,0.0,1.0,0.0,0.0,1.0,960000.0,1.0,1122000000.0,1.0,800000000.0,0.138077974319,4382.0,838.0,1295.0,42500.0,42500.0,42500.0,97.0,25.0,64.0,896.0,5000.0,0.0,25.0,1000000.0,950000.0,1.0,1.0,0.0,10.0,0.0,0.0,100.0,100.0,18807872.0,567827088.0,563980020.0,0.0,0.0,0.0,0.0,0.0,1.0,1.0,1.0,1.0,1.0,0.0,0.0,1.0,0.0,0.0,0.0,0.0,0.0,31.0,1.0,14706005.0,255806279.0,14246493.0,19169504.0,587893241.0,504.0,2457732419.0,0.0,1.0,1.0,0.0,1.0,0.0,0.0,1.0,1.0,1.0,1.0,2.0,1.0,0.0,0.0,0.0,2.0,0.0,0.0,1.0,1.0,3.0,50.0,50.0,1.0,0.0,0.0,0.0,0.0,0.0,0.0,0.0,0.0,0.0,0.0,2.0,2.0,0.0,1.0,1.0,0.0,1.0,0.0,0.0,0.0,0.0,0.0,1.0,0.0,0.0,1.0,0.0,0.0,0.0,1.0,10.0,0.0,0.0,0.0,0.0,0.0,11.0,0.0,0.0,0.0,0.0,0.0,0.0,0.0,0.0,0.0,1.0,1.0,0.0,0.0,0.0,0.0,1.0,1.0,1.0,0.0,0.0,0.0,0.0,0.0,0.0,1.0,1.0,0.0,0.0,0.0,0.0,0.0,1.0,1.0,0.0,1294858793.0,540.0,540.0,1249.0,1249.0,1276.0,0.0,37.0,18272.0,20962.0,20942.0,38.0,0.0,0.0,0.0,34.0,0.0,0.0,19.0,21.0,20.0,6.0,17.0,18952512.0,0.0,1475843712.0,24863664736.0,108739360.0,0.0,0.0,504.0,0.0,0.0,563.0,40.0,742.0
483,0.0,1.0,0.0,0.0,1.0,960000.0,1.0,1122000000.0,1.0,800000000.0,0.14630508422900002,4344.0,686.0,1295.0,40000.0,42500.0,42500.0,97.0,25.0,64.0,896.0,5000.0,0.0,25.0,1000000.0,950000.0,1.0,1.0,0.0,10.0,0.0,0.0,100.0,100.0,18846097.0,553616976.0,548033201.0,0.0,0.0,0.0,0.0,0.0,1.0,1.0,1.0,1.0,1.0,0.0,0.0,1.0,0.0,0.0,0.0,0.0,0.0,32.0,1.0,14821595.0,264400714.0,14570973.0,18197615.0,579251761.0,452.0,2444749021.0,0.0,1.0,1.0,0.0,1.0,0.0,0.0,1.0,1.0,1.0,1.0,2.0,1.0,0.0,0.0,0.0,2.0,0.0,0.0,1.0,1.0,3.0,50.0,50.0,1.0,0.0,0.0,0.0,0.0,0.0,0.0,0.0,0.0,0.0,0.0,2.0,2.0,0.0,1.0,1.0,0.0,1.0,0.0,0.0,0.0,0.0,0.0,1.0,0.0,0.0,1.0,0.0,0.0,0.0,1.0,10.0,0.0,0.0,0.0,0.0,0.0,11.0,0.0,0.0,0.0,0.0,0.0,0.0,0.0,0.0,0.0,1.0,1.0,0.0,0.0,0.0,0.0,1.0,1.0,1.0,0.0,0.0,0.0,0.0,0.0,0.0,1.0,1.0,0.0,0.0,0.0,0.0,0.0,1.0,1.0,0.0,1341601771.0,439.0,439.0,1201.0,1201.0,1227.0,0.0,47.0,18337.0,20950.0,20930.0,27.0,0.0,0.0,0.0,44.0,0.0,0.0,19.0,21.0,20.0,5.0,17.0,102088256.0,0.0,1537501664.0,19867145408.0,75467712.0,0.0,0.0,452.0,0.0,0.0,538.0,40.0,699.0
484,0.0,1.0,0.0,0.0,1.0,960000.0,1.0,1122000000.0,1.0,800000000.0,0.145473957062,9108.0,1447.0,2514.0,41625.0,42000.0,42500.0,97.0,25.0,64.0,896.0,5000.0,0.0,25.0,1000000.0,950000.0,1.0,1.0,0.0,10.0,0.0,0.0,100.0,100.0,24104161.0,598237755.0,597347712.0,0.0,0.0,0.0,0.0,0.0,1.0,1.0,1.0,1.0,1.0,0.0,0.0,1.0,0.0,0.0,0.0,0.0,0.0,35.0,1.0,15217138.0,279566759.0,14602626.0,22824603.0,596389304.0,786.0,2578642990.0,0.0,1.0,1.0,0.0,1.0,0.0,0.0,1.0,1.0,1.0,1.0,2.0,1.0,0.0,0.0,0.0,2.0,0.0,0.0,1.0,1.0,3.0,50.0,50.0,1.0,0.0,0.0,0.0,0.0,0.0,0.0,0.0,0.0,0.0,0.0,2.0,2.0,0.0,1.0,1.0,0.0,1.0,0.0,0.0,0.0,0.0,0.0,1.0,0.0,0.0,1.0,0.0,0.0,0.0,1.0,11.0,0.0,0.0,0.0,0.0,0.0,12.0,0.0,0.0,0.0,0.0,0.0,0.0,0.0,0.0,0.0,1.0,1.0,0.0,0.0,0.0,0.0,1.0,1.0,1.0,0.0,0.0,0.0,0.0,0.0,0.0,1.0,1.0,0.0,0.0,0.0,0.0,0.0,1.0,1.0,0.0,1344844885.0,627.0,627.0,1332.0,1332.0,1369.0,0.0,76.0,21794.0,21806.0,21772.0,54.0,0.0,0.0,0.0,71.0,0.0,0.0,31.0,35.0,34.0,9.0,29.0,18051744.0,0.0,1700131712.0,36427380864.0,162171200.0,0.0,0.0,786.0,0.0,0.0,930.0,68.0,1107.0
485,0.0,1.0,0.0,0.0,1.0,960000.0,1.0,1122000000.0,1.0,800000000.0,0.139321088791,4382.0,838.0,1295.0,40000.0,42500.0,42500.0,73.0,25.0,64.0,896.0,5000.0,0.0,25.0,1000000.0,950000.0,1.0,0.0,0.0,10.0,0.0,0.0,100.0,500.0,17710204.0,577348453.0,570338354.0,0.0,0.0,0.0,0.0,0.0,1.0,1.0,1.0,1.0,1.0,0.0,0.0,1.0,0.0,0.0,0.0,0.0,0.0,29.0,1.0,14496051.0,254367983.0,14253468.0,19086862.0,590396821.0,449.0,2451618404.0,0.0,1.0,1.0,0.0,1.0,0.0,0.0,1.0,1.0,1.0,1.0,2.0,1.0,0.0,0.0,0.0,2.0,0.0,0.0,1.0,1.0,3.0,50.0,50.0,1.0,0.0,0.0,0.0,0.0,0.0,0.0,0.0,0.0,0.0,0.0,2.0,2.0,0.0,1.0,1.0,0.0,1.0,0.0,0.0,0.0,0.0,0.0,1.0,0.0,0.0,1.0,0.0,0.0,0.0,1.0,11.0,0.0,0.0,0.0,0.0,0.0,12.0,0.0,0.0,0.0,0.0,0.0,0.0,0.0,0.0,0.0,1.0,1.0,0.0,0.0,0.0,0.0,1.0,1.0,1.0,0.0,0.0,0.0,0.0,0.0,0.0,1.0,1.0,0.0,0.0,0.0,0.0,0.0,1.0,1.0,0.0,1300456918.0,501.0,501.0,1216.0,1216.0,1243.0,0.0,36.0,18353.0,20981.0,20961.0,41.0,0.0,0.0,0.0,53.0,0.0,0.0,19.0,21.0,20.0,5.0,17.0,20031040.0,0.0,1525280640.0,19599892768.0,79526240.0,0.0,0.0,449.0,0.0,0.0,570.0,40.0,762.0
486,0.0,1.0,0.0,0.0,1.0,960000.0,1.0,1122000000.0,1.0,800000000.0,0.14843082427999998,9298.0,1523.0,2742.0,41500.0,42250.0,42500.0,73.0,25.0,64.0,896.0,5000.0,0.0,25.0,1000000.0,950000.0,1.0,0.0,0.0,10.0,0.0,0.0,100.0,500.0,21965318.0,607364857.0,584072974.0,0.0,0.0,0.0,0.0,0.0,1.0,1.0,1.0,1.0,1.0,0.0,0.0,1.0,0.0,0.0,0.0,0.0,0.0,34.0,1.0,15016036.0,273083031.0,14712346.0,23267047.0,624927174.0,755.0,2651343243.0,0.0,1.0,1.0,0.0,1.0,0.0,0.0,1.0,1.0,1.0,1.0,2.0,1.0,0.0,0.0,0.0,2.0,0.0,0.0,1.0,1.0,3.0,50.0,50.0,1.0,0.0,0.0,0.0,0.0,0.0,0.0,0.0,0.0,0.0,0.0,2.0,2.0,0.0,1.0,1.0,0.0,1.0,0.0,0.0,0.0,0.0,0.0,1.0,0.0,0.0,1.0,0.0,0.0,0.0,1.0,11.0,0.0,0.0,0.0,0.0,0.0,12.0,0.0,0.0,0.0,0.0,0.0,0.0,0.0,0.0,0.0,1.0,1.0,0.0,0.0,0.0,0.0,1.0,1.0,1.0,0.0,0.0,0.0,0.0,0.0,0.0,1.0,1.0,0.0,0.0,0.0,0.0,0.0,1.0,1.0,0.0,1374165567.0,561.0,561.0,1315.0,1315.0,1352.0,0.0,78.0,21510.0,21921.0,21887.0,58.0,0.0,0.0,0.0,82.0,0.0,0.0,31.0,35.0,34.0,10.0,29.0,228412448.0,0.0,1705513728.0,30439822048.0,161324928.0,0.0,0.0,755.0,0.0,0.0,936.0,68.0,1098.0
487,0.0,1.0,0.0,0.0,1.0,960000.0,1.0,1122000000.0,1.0,800000000.0,0.144119024277,4420.0,761.0,1371.0,40000.0,42500.0,42500.0,73.0,25.0,64.0,896.0,5000.0,0.0,25.0,1000000.0,950000.0,1.0,0.0,0.0,10.0,0.0,0.0,100.0,500.0,17539389.0,556831197.0,549723820.0,0.0,0.0,0.0,0.0,0.0,1.0,1.0,1.0,1.0,1.0,0.0,0.0,1.0,0.0,0.0,0.0,0.0,0.0,34.0,1.0,14587771.0,261136254.0,14306838.0,17894457.0,576297509.0,461.0,2479422115.0,0.0,1.0,1.0,0.0,1.0,0.0,0.0,1.0,1.0,1.0,1.0,2.0,1.0,0.0,0.0,0.0,2.0,0.0,0.0,1.0,1.0,3.0,50.0,50.0,1.0,0.0,0.0,0.0,0.0,0.0,0.0,0.0,0.0,0.0,0.0,2.0,2.0,0.0,1.0,1.0,0.0,1.0,0.0,0.0,0.0,0.0,0.0,1.0,0.0,0.0,1.0,0.0,0.0,0.0,1.0,10.0,0.0,0.0,0.0,0.0,0.0,11.0,0.0,0.0,0.0,0.0,0.0,0.0,0.0,0.0,0.0,1.0,1.0,0.0,0.0,0.0,0.0,1.0,1.0,1.0,0.0,0.0,0.0,0.0,0.0,0.0,1.0,1.0,0.0,0.0,0.0,0.0,0.0,1.0,1.0,0.0,1298732380.0,471.0,471.0,1147.0,1147.0,1177.0,0.0,36.0,18326.0,20882.0,20862.0,21.0,0.0,0.0,0.0,37.0,0.0,0.0,19.0,21.0,20.0,4.0,17.0,13285696.0,0.0,1482523520.0,15045890144.0,99529888.0,0.0,0.0,461.0,0.0,0.0,510.0,40.0,650.0
488,0.0,1.0,0.0,0.0,1.0,960000.0,1.0,1122000000.0,1.0,800000000.0,0.1407558918,9260.0,1523.0,2666.0,41500.0,42500.0,43000.0,81.0,25.0,64.0,896.0,5000.0,0.0,25.0,1000000.0,950000.0,1.0,1.0,0.0,10.0,0.0,0.0,100.0,500.0,20523842.0,573820715.0,556517817.0,0.0,0.0,0.0,0.0,0.0,1.0,1.0,1.0,1.0,1.0,0.0,0.0,1.0,0.0,0.0,0.0,0.0,0.0,34.0,1.0,14671059.0,263310557.0,14620584.0,19995696.0,595665083.0,461.0,2545964288.0,0.0,1.0,1.0,0.0,1.0,0.0,0.0,1.0,1.0,1.0,1.0,2.0,1.0,0.0,0.0,0.0,2.0,0.0,0.0,1.0,1.0,3.0,50.0,50.0,1.0,0.0,0.0,0.0,0.0,0.0,0.0,0.0,0.0,0.0,0.0,2.0,2.0,0.0,1.0,1.0,0.0,1.0,0.0,0.0,0.0,0.0,0.0,1.0,0.0,0.0,1.0,0.0,0.0,0.0,1.0,10.0,0.0,0.0,0.0,0.0,0.0,11.0,0.0,0.0,0.0,0.0,0.0,0.0,0.0,0.0,0.0,1.0,1.0,0.0,0.0,0.0,0.0,1.0,1.0,1.0,0.0,0.0,0.0,0.0,0.0,0.0,1.0,1.0,0.0,0.0,0.0,0.0,0.0,1.0,1.0,0.0,1342128919.0,488.0,488.0,1205.0,1205.0,1234.0,0.0,61.0,20243.0,21324.0,21297.0,34.0,0.0,0.0,0.0,64.0,0.0,0.0,25.0,28.0,27.0,11.0,23.0,19773216.0,0.0,1544356384.0,29172599904.0,164376800.0,0.0,0.0,461.0,0.0,0.0,561.0,54.0,719.0
489,0.0,1.0,0.0,0.0,1.0,960000.0,1.0,1122000000.0,1.0,800000000.0,0.147711038589,4420.0,686.0,1371.0,40750.0,42500.0,42500.0,81.0,25.0,64.0,896.0,5000.0,0.0,25.0,1000000.0,950000.0,1.0,1.0,0.0,10.0,0.0,0.0,100.0,500.0,17375412.0,562677019.0,553084259.0,0.0,0.0,0.0,0.0,0.0,1.0,1.0,1.0,1.0,1.0,0.0,0.0,1.0,0.0,0.0,0.0,0.0,0.0,34.0,1.0,14680006.0,260981496.0,14340743.0,17594797.0,579863585.0,406.0,2482344687.0,0.0,1.0,1.0,0.0,1.0,0.0,0.0,1.0,1.0,1.0,1.0,2.0,1.0,0.0,0.0,0.0,2.0,0.0,0.0,1.0,1.0,3.0,50.0,50.0,1.0,0.0,0.0,0.0,0.0,0.0,0.0,0.0,0.0,0.0,0.0,2.0,2.0,0.0,1.0,1.0,0.0,1.0,0.0,0.0,0.0,0.0,0.0,1.0,0.0,0.0,1.0,0.0,0.0,0.0,1.0,10.0,0.0,0.0,0.0,0.0,0.0,11.0,0.0,0.0,0.0,0.0,0.0,0.0,0.0,0.0,0.0,1.0,1.0,0.0,0.0,0.0,0.0,1.0,1.0,1.0,0.0,0.0,0.0,0.0,0.0,0.0,1.0,1.0,0.0,0.0,0.0,0.0,0.0,1.0,1.0,0.0,1307606304.0,475.0,475.0,1197.0,1197.0,1225.0,0.0,45.0,18295.0,20839.0,20819.0,63.0,0.0,0.0,0.0,47.0,0.0,0.0,19.0,21.0,20.0,6.0,17.0,9400544.0,0.0,1466631360.0,14877110336.0,71703296.0,0.0,0.0,406.0,0.0,0.0,511.0,40.0,647.0
490,0.0,1.0,0.0,0.0,1.0,960000.0,1.0,1122000000.0,1.0,800000000.0,0.143660068512,9374.0,1523.0,2742.0,41625.0,42000.0,42500.0,81.0,25.0,64.0,896.0,5000.0,0.0,25.0,1000000.0,950000.0,1.0,1.0,0.0,10.0,0.0,0.0,100.0,500.0,22530383.0,600946725.0,573485982.0,0.0,0.0,0.0,0.0,0.0,1.0,1.0,1.0,1.0,1.0,0.0,0.0,1.0,0.0,0.0,0.0,0.0,0.0,30.0,1.0,14823253.0,265887766.0,14482793.0,23200418.0,611527068.0,612.0,2554174690.0,0.0,1.0,1.0,0.0,1.0,0.0,0.0,1.0,1.0,1.0,1.0,2.0,1.0,0.0,0.0,0.0,2.0,0.0,0.0,1.0,1.0,3.0,50.0,50.0,1.0,0.0,0.0,0.0,0.0,0.0,0.0,0.0,0.0,0.0,0.0,2.0,2.0,0.0,1.0,1.0,0.0,1.0,0.0,0.0,0.0,0.0,0.0,1.0,0.0,0.0,1.0,0.0,0.0,0.0,1.0,10.0,0.0,0.0,0.0,0.0,0.0,11.0,0.0,0.0,0.0,0.0,0.0,0.0,0.0,0.0,0.0,1.0,1.0,0.0,0.0,0.0,0.0,1.0,1.0,1.0,0.0,0.0,0.0,0.0,0.0,0.0,1.0,1.0,0.0,0.0,0.0,0.0,0.0,1.0,1.0,0.0,1317208068.0,532.0,532.0,1350.0,1350.0,1387.0,0.0,89.0,21339.0,21760.0,21726.0,131.0,0.0,0.0,0.0,80.0,0.0,0.0,31.0,35.0,34.0,9.0,29.0,117137824.0,0.0,1658966624.0,33003399200.0,131588512.0,0.0,0.0,612.0,0.0,0.0,793.0,68.0,999.0
491,0.0,1.0,0.0,1.0,0.0,652800.0,1.0,497250000.0,1.0,204000000.0,0.430223941803,15287.0,1599.0,4876.0,40500.0,41333.3333333,42500.0,77.0,25.0,64.0,896.0,5000.0,0.0,25.0,1000000.0,950000.0,1.0,0.0,0.0,10.0,0.0,0.0,0.0,100.0,30376336.0,716867969.0,678332337.0,0.0,0.0,0.0,0.0,0.0,1.0,1.0,1.0,1.0,1.0,0.0,0.0,1.0,0.0,0.0,0.0,0.0,0.0,27.0,1.0,17752739.0,287309671.0,17788283.0,31267647.0,739169885.0,1260.0,5438283203.0,0.0,1.0,1.0,0.0,1.0,0.0,0.0,1.0,1.0,1.0,1.0,2.0,1.0,0.0,0.0,0.0,2.0,0.0,0.0,1.0,1.0,3.0,50.0,50.0,1.0,0.0,0.0,0.0,0.0,0.0,0.0,0.0,0.0,0.0,0.0,2.0,2.0,0.0,1.0,1.0,0.0,1.0,0.0,0.0,0.0,0.0,0.0,1.0,0.0,0.0,1.0,0.0,0.0,0.0,1.0,10.0,0.0,0.0,0.0,0.0,0.0,11.0,0.0,0.0,0.0,0.0,0.0,0.0,0.0,0.0,0.0,1.0,1.0,0.0,0.0,0.0,0.0,1.0,1.0,1.0,0.0,0.0,0.0,0.0,0.0,0.0,1.0,1.0,0.0,0.0,0.0,0.0,0.0,1.0,1.0,0.0,1476896689.0,1173.0,1173.0,2525.0,2525.0,2570.0,0.0,134.0,25594.0,23408.0,23354.0,55.0,0.0,0.0,0.0,141.0,0.0,0.0,49.0,55.0,54.0,22.0,47.0,173090496.0,0.0,3641891872.0,36130865568.0,572406016.0,0.0,0.0,1260.0,0.0,0.0,1527.0,108.0,1833.0
492,0.0,1.0,0.0,1.0,0.0,652800.0,1.0,497250000.0,1.0,204000000.0,0.428574085236,11208.0,1370.0,3581.0,40625.0,41500.0,42500.0,77.0,25.0,64.0,896.0,5000.0,0.0,25.0,1000000.0,950000.0,1.0,0.0,0.0,10.0,0.0,0.0,0.0,100.0,25598183.0,680181787.0,662160540.0,0.0,0.0,0.0,0.0,0.0,1.0,1.0,1.0,1.0,1.0,0.0,0.0,1.0,0.0,0.0,0.0,0.0,0.0,33.0,1.0,17624345.0,292085147.0,17495756.0,27882312.0,683211177.0,1156.0,5041143430.0,0.0,1.0,1.0,0.0,1.0,0.0,0.0,1.0,1.0,1.0,1.0,2.0,1.0,0.0,0.0,0.0,2.0,0.0,0.0,1.0,1.0,3.0,50.0,50.0,1.0,0.0,0.0,0.0,0.0,0.0,0.0,0.0,0.0,0.0,0.0,2.0,2.0,0.0,1.0,1.0,0.0,1.0,0.0,0.0,0.0,0.0,0.0,1.0,0.0,0.0,1.0,0.0,0.0,0.0,1.0,11.0,0.0,0.0,0.0,0.0,0.0,12.0,0.0,0.0,0.0,0.0,0.0,0.0,0.0,0.0,0.0,1.0,1.0,0.0,0.0,0.0,0.0,1.0,1.0,1.0,0.0,0.0,0.0,0.0,0.0,0.0,1.0,1.0,0.0,0.0,0.0,0.0,0.0,1.0,1.0,0.0,1415569942.0,1064.0,1064.0,2299.0,2299.0,2332.0,0.0,112.0,23735.0,22561.0,22520.0,54.0,0.0,0.0,0.0,120.0,0.0,0.0,37.0,42.0,41.0,14.0,35.0,654705408.0,0.0,3398654432.0,69515689152.0,581924512.0,0.0,0.0,1156.0,0.0,0.0,1335.0,82.0,1635.0
493,0.0,1.0,0.0,1.0,0.0,652800.0,1.0,497250000.0,1.0,204000000.0,0.426259994507,7167.0,913.0,2362.0,40625.0,41500.0,42500.0,77.0,25.0,64.0,896.0,5000.0,0.0,25.0,1000000.0,950000.0,1.0,0.0,0.0,10.0,0.0,0.0,0.0,100.0,25257172.0,669679747.0,653115000.0,0.0,0.0,0.0,0.0,0.0,1.0,1.0,1.0,1.0,1.0,0.0,0.0,1.0,0.0,0.0,0.0,0.0,0.0,29.0,1.0,17323250.0,275874755.0,17354009.0,24187467.0,683249434.0,1082.0,5070569002.0,0.0,1.0,1.0,0.0,1.0,0.0,0.0,1.0,1.0,1.0,1.0,2.0,1.0,0.0,0.0,0.0,2.0,0.0,0.0,1.0,1.0,3.0,50.0,50.0,1.0,0.0,0.0,0.0,0.0,0.0,0.0,0.0,0.0,0.0,0.0,2.0,2.0,0.0,1.0,1.0,0.0,1.0,0.0,0.0,0.0,0.0,0.0,1.0,0.0,0.0,1.0,0.0,0.0,0.0,1.0,10.0,0.0,0.0,0.0,0.0,0.0,11.0,0.0,0.0,0.0,0.0,0.0,0.0,0.0,0.0,0.0,1.0,1.0,0.0,0.0,0.0,0.0,1.0,1.0,1.0,0.0,0.0,0.0,0.0,0.0,0.0,1.0,1.0,0.0,0.0,0.0,0.0,0.0,1.0,1.0,0.0,1407958492.0,1277.0,1277.0,2236.0,2236.0,2266.0,0.0,84.0,21792.0,22117.0,22083.0,30.0,0.0,0.0,0.0,101.0,0.0,0.0,31.0,35.0,34.0,18.0,29.0,160681152.0,0.0,3197123840.0,26549779200.0,373198848.0,0.0,0.0,1082.0,0.0,0.0,1255.0,68.0,1659.0
494,0.0,1.0,0.0,1.0,0.0,652800.0,1.0,497250000.0,1.0,204000000.0,0.437449932098,11094.0,1218.0,3505.0,40666.6666667,41333.3333333,42500.0,98.0,25.0,64.0,896.0,5000.0,0.0,25.0,1000000.0,950000.0,1.0,1.0,0.0,10.0,0.0,0.0,0.0,100.0,27741334.0,683048734.0,654875139.0,0.0,0.0,0.0,0.0,0.0,1.0,1.0,1.0,1.0,1.0,0.0,0.0,1.0,0.0,0.0,0.0,0.0,0.0,32.0,1.0,18170888.0,285046972.0,18002457.0,28329223.0,704125071.0,1165.0,5223759944.0,0.0,1.0,1.0,0.0,1.0,0.0,0.0,1.0,1.0,1.0,1.0,2.0,1.0,0.0,0.0,0.0,2.0,0.0,0.0,1.0,1.0,3.0,50.0,50.0,1.0,0.0,0.0,0.0,0.0,0.0,0.0,0.0,0.0,0.0,0.0,2.0,2.0,0.0,1.0,1.0,0.0,1.0,0.0,0.0,0.0,0.0,0.0,1.0,0.0,0.0,1.0,0.0,0.0,0.0,1.0,11.0,0.0,0.0,0.0,0.0,0.0,12.0,0.0,0.0,0.0,0.0,0.0,0.0,0.0,0.0,0.0,1.0,1.0,0.0,0.0,0.0,0.0,1.0,1.0,1.0,0.0,0.0,0.0,0.0,0.0,0.0,1.0,1.0,0.0,0.0,0.0,0.0,0.0,1.0,1.0,0.0,1454504729.0,1181.0,1181.0,2433.0,2433.0,2466.0,0.0,151.0,24363.0,22940.0,22893.0,78.0,0.0,0.0,0.0,165.0,0.0,0.0,43.0,48.0,47.0,15.0,41.0,444733664.0,555456.0,3593717888.0,44387024928.0,537649824.0,0.0,0.0,1165.0,0.0,0.0,1458.0,94.0,1676.0
495,0.0,1.0,0.0,1.0,0.0,652800.0,1.0,497250000.0,1.0,204000000.0,0.428852796555,11285.0,1370.0,3657.0,40687.5,41250.0,42375.0,98.0,25.0,64.0,896.0,5000.0,0.0,25.0,1000000.0,950000.0,1.0,1.0,0.0,10.0,0.0,0.0,0.0,100.0,29782351.0,707203189.0,679775276.0,0.0,0.0,0.0,0.0,0.0,1.0,1.0,1.0,1.0,1.0,0.0,0.0,1.0,0.0,0.0,0.0,0.0,0.0,35.0,1.0,17655579.0,295917969.0,17778141.0,31276884.0,728573377.0,1158.0,5440370557.0,0.0,1.0,1.0,0.0,1.0,0.0,0.0,1.0,1.0,1.0,1.0,2.0,1.0,0.0,0.0,0.0,2.0,0.0,0.0,1.0,1.0,3.0,50.0,50.0,1.0,0.0,0.0,0.0,0.0,0.0,0.0,0.0,0.0,0.0,0.0,2.0,2.0,0.0,1.0,1.0,0.0,1.0,0.0,0.0,0.0,0.0,0.0,1.0,0.0,0.0,1.0,0.0,0.0,0.0,1.0,10.0,0.0,0.0,0.0,0.0,0.0,11.0,0.0,0.0,0.0,0.0,0.0,0.0,0.0,0.0,0.0,1.0,1.0,0.0,0.0,0.0,0.0,1.0,1.0,1.0,0.0,0.0,0.0,0.0,0.0,0.0,1.0,1.0,0.0,0.0,0.0,0.0,0.0,1.0,1.0,0.0,1502045741.0,1193.0,1193.0,2425.0,2425.0,2464.0,0.0,143.0,25589.0,23317.0,23263.0,68.0,0.0,0.0,0.0,168.0,0.0,0.0,49.0,55.0,54.0,14.0,47.0,172124480.0,503488.0,3635506240.0,42390191776.0,533007296.0,0.0,0.0,1158.0,0.0,0.0,1425.0,108.0,1752.0
496,0.0,1.0,0.0,1.0,0.0,652800.0,1.0,497250000.0,1.0,204000000.0,0.42803287506099996,14524.0,1599.0,4266.0,40375.0,41500.0,42500.0,98.0,25.0,64.0,896.0,5000.0,0.0,25.0,1000000.0,950000.0,1.0,1.0,0.0,10.0,0.0,0.0,0.0,100.0,28850113.0,689485077.0,663937634.0,0.0,0.0,0.0,0.0,0.0,1.0,1.0,1.0,1.0,1.0,0.0,0.0,1.0,0.0,0.0,0.0,0.0,0.0,33.0,1.0,17855837.0,281344990.0,17668243.0,28722888.0,707310356.0,1229.0,5229261791.0,0.0,1.0,1.0,0.0,1.0,0.0,0.0,1.0,1.0,1.0,1.0,2.0,1.0,0.0,0.0,0.0,2.0,0.0,0.0,1.0,1.0,3.0,50.0,50.0,1.0,0.0,0.0,0.0,0.0,0.0,0.0,0.0,0.0,0.0,0.0,2.0,2.0,0.0,1.0,1.0,0.0,1.0,0.0,0.0,0.0,0.0,0.0,1.0,0.0,0.0,1.0,0.0,0.0,0.0,1.0,11.0,0.0,0.0,0.0,0.0,0.0,12.0,0.0,0.0,0.0,0.0,0.0,0.0,0.0,0.0,0.0,1.0,1.0,0.0,0.0,0.0,0.0,1.0,1.0,1.0,0.0,0.0,0.0,0.0,0.0,0.0,1.0,1.0,0.0,0.0,0.0,0.0,0.0,1.0,1.0,0.0,1462240543.0,1217.0,1217.0,2499.0,2499.0,2534.0,0.0,128.0,24291.0,22953.0,22906.0,60.0,0.0,0.0,0.0,136.0,0.0,0.0,43.0,48.0,47.0,13.0,41.0,148363040.0,0.0,3543454080.0,55332027968.0,500628864.0,0.0,0.0,1229.0,0.0,0.0,1415.0,94.0,1803.0
497,0.0,1.0,0.0,1.0,0.0,652800.0,1.0,497250000.0,1.0,204000000.0,0.453635931015,7319.0,990.0,2438.0,40625.0,41500.0,42500.0,99.0,25.0,64.0,896.0,5000.0,0.0,25.0,1000000.0,950000.0,1.0,0.0,0.0,10.0,0.0,0.0,0.0,500.0,23182859.0,665071101.0,651061104.0,0.0,0.0,0.0,0.0,0.0,1.0,1.0,1.0,1.0,1.0,0.0,0.0,1.0,0.0,0.0,0.0,0.0,0.0,33.0,1.0,17237890.0,277714571.0,16957692.0,25556041.0,678420004.0,892.0,5158015833.0,0.0,1.0,1.0,0.0,1.0,0.0,0.0,1.0,1.0,1.0,1.0,2.0,1.0,0.0,0.0,0.0,2.0,0.0,0.0,1.0,1.0,3.0,50.0,50.0,1.0,0.0,0.0,0.0,0.0,0.0,0.0,0.0,0.0,0.0,0.0,2.0,2.0,0.0,1.0,1.0,0.0,1.0,0.0,0.0,0.0,0.0,0.0,1.0,0.0,0.0,1.0,0.0,0.0,0.0,1.0,11.0,0.0,0.0,0.0,0.0,0.0,12.0,0.0,0.0,0.0,0.0,0.0,0.0,0.0,0.0,0.0,1.0,1.0,0.0,0.0,0.0,0.0,1.0,1.0,1.0,0.0,0.0,0.0,0.0,0.0,0.0,1.0,1.0,0.0,0.0,0.0,0.0,0.0,1.0,1.0,0.0,1366448638.0,956.0,956.0,2215.0,2215.0,2242.0,0.0,91.0,21192.0,22176.0,22142.0,37.0,0.0,0.0,0.0,83.0,0.0,0.0,31.0,35.0,34.0,12.0,29.0,434229120.0,0.0,3155277568.0,29180834432.0,520142048.0,0.0,0.0,892.0,0.0,0.0,1119.0,68.0,1367.0
498,0.0,1.0,0.0,1.0,0.0,652800.0,1.0,497250000.0,1.0,204000000.0,0.42064118385300003,11094.0,1218.0,3429.0,40625.0,41500.0,42500.0,99.0,25.0,64.0,896.0,5000.0,0.0,25.0,1000000.0,950000.0,1.0,0.0,0.0,10.0,0.0,0.0,0.0,500.0,26901772.0,690105073.0,660212051.0,0.0,0.0,0.0,0.0,0.0,1.0,1.0,1.0,1.0,1.0,0.0,0.0,1.0,0.0,0.0,0.0,0.0,0.0,30.0,1.0,17521195.0,283602005.0,17337842.0,27719045.0,706288198.0,1186.0,5155389234.0,0.0,1.0,1.0,0.0,1.0,0.0,0.0,1.0,1.0,1.0,1.0,2.0,1.0,0.0,0.0,0.0,2.0,0.0,0.0,1.0,1.0,3.0,50.0,50.0,1.0,0.0,0.0,0.0,0.0,0.0,0.0,0.0,0.0,0.0,0.0,2.0,2.0,0.0,1.0,1.0,0.0,1.0,0.0,0.0,0.0,0.0,0.0,1.0,0.0,0.0,1.0,0.0,0.0,0.0,1.0,11.0,0.0,0.0,0.0,0.0,0.0,12.0,0.0,0.0,0.0,0.0,0.0,0.0,0.0,0.0,0.0,1.0,1.0,0.0,0.0,0.0,0.0,1.0,1.0,1.0,0.0,0.0,0.0,0.0,0.0,0.0,1.0,1.0,0.0,0.0,0.0,0.0,0.0,1.0,1.0,0.0,1438698192.0,1083.0,1083.0,2383.0,2383.0,2421.0,0.0,111.0,23364.0,22570.0,22529.0,36.0,0.0,0.0,0.0,105.0,0.0,0.0,37.0,42.0,41.0,15.0,35.0,152586592.0,0.0,3344309152.0,59458522848.0,481173056.0,0.0,0.0,1186.0,0.0,0.0,1372.0,82.0,1651.0
499,0.0,1.0,0.0,1.0,0.0,652800.0,1.0,497250000.0,1.0,204000000.0,0.41838097572300004,14220.0,1675.0,3961.0,40500.0,41250.0,42250.0,99.0,25.0,64.0,896.0,5000.0,0.0,25.0,1000000.0,950000.0,1.0,0.0,0.0,10.0,0.0,0.0,0.0,500.0,27908094.0,690536592.0,674340478.0,0.0,0.0,0.0,0.0,0.0,1.0,1.0,1.0,1.0,1.0,0.0,0.0,1.0,0.0,0.0,0.0,0.0,0.0,32.0,1.0,18570781.0,290573504.0,18558375.0,28849627.0,714056777.0,1342.0,5459421999.0,0.0,1.0,1.0,0.0,1.0,0.0,0.0,1.0,1.0,1.0,1.0,2.0,1.0,0.0,0.0,0.0,2.0,0.0,0.0,1.0,1.0,3.0,50.0,50.0,1.0,0.0,0.0,0.0,0.0,0.0,0.0,0.0,0.0,0.0,0.0,2.0,2.0,0.0,1.0,1.0,0.0,1.0,0.0,0.0,0.0,0.0,0.0,1.0,0.0,0.0,1.0,0.0,0.0,0.0,1.0,10.0,0.0,0.0,0.0,0.0,0.0,11.0,0.0,0.0,0.0,0.0,0.0,0.0,0.0,0.0,0.0,1.0,1.0,0.0,0.0,0.0,0.0,1.0,1.0,1.0,0.0,0.0,0.0,0.0,0.0,0.0,1.0,1.0,0.0,0.0,0.0,0.0,0.0,1.0,1.0,0.0,1446094389.0,1238.0,1238.0,2404.0,2404.0,2444.0,0.0,115.0,24826.0,23033.0,22986.0,59.0,0.0,0.0,0.0,119.0,0.0,0.0,43.0,48.0,47.0,14.0,41.0,154968736.0,231232.0,3618116928.0,101900061568.0,639188128.0,0.0,0.0,1342.0,0.0,0.0,1613.0,94.0,1874.0
500,0.0,1.0,0.0,1.0,0.0,652800.0,1.0,497250000.0,1.0,204000000.0,0.426026821136,11094.0,1294.0,3277.0,40375.0,41250.0,42500.0,88.0,25.0,64.0,896.0,5000.0,0.0,25.0,1000000.0,950000.0,1.0,1.0,0.0,10.0,0.0,0.0,0.0,500.0,25292819.0,695839595.0,660143594.0,0.0,0.0,0.0,0.0,0.0,1.0,1.0,1.0,1.0,1.0,0.0,0.0,1.0,0.0,0.0,0.0,0.0,0.0,33.0,1.0,17150716.0,279982652.0,17197630.0,28060496.0,724118796.0,1162.0,4979606990.0,0.0,1.0,1.0,0.0,1.0,0.0,0.0,1.0,1.0,1.0,1.0,2.0,1.0,0.0,0.0,0.0,2.0,0.0,0.0,1.0,1.0,3.0,50.0,50.0,1.0,0.0,0.0,0.0,0.0,0.0,0.0,0.0,0.0,0.0,0.0,2.0,2.0,0.0,1.0,1.0,0.0,1.0,0.0,0.0,0.0,0.0,0.0,1.0,0.0,0.0,1.0,0.0,0.0,0.0,1.0,11.0,0.0,0.0,0.0,0.0,0.0,12.0,0.0,0.0,0.0,0.0,0.0,0.0,0.0,0.0,0.0,1.0,1.0,0.0,0.0,0.0,0.0,1.0,1.0,1.0,0.0,0.0,0.0,0.0,0.0,0.0,1.0,1.0,0.0,0.0,0.0,0.0,0.0,1.0,1.0,0.0,1445667808.0,1135.0,1135.0,2336.0,2336.0,2364.0,0.0,111.0,23840.0,22681.0,22640.0,70.0,0.0,0.0,0.0,127.0,0.0,0.0,37.0,42.0,41.0,12.0,35.0,133121792.0,0.0,3427855488.0,33979807872.0,603359200.0,0.0,0.0,1162.0,0.0,0.0,1390.0,82.0,1799.0
501,0.0,1.0,0.0,1.0,0.0,652800.0,1.0,497250000.0,1.0,204000000.0,0.434560060501,11437.0,1294.0,3733.0,40500.0,41000.0,42500.0,88.0,25.0,64.0,896.0,5000.0,0.0,25.0,1000000.0,950000.0,1.0,1.0,0.0,10.0,0.0,0.0,0.0,500.0,28815700.0,707170563.0,667687257.0,0.0,0.0,0.0,0.0,0.0,1.0,1.0,1.0,1.0,1.0,0.0,0.0,1.0,0.0,0.0,0.0,0.0,0.0,34.0,1.0,17902533.0,286841458.0,17884631.0,29516269.0,719897367.0,1124.0,5442532676.0,0.0,1.0,1.0,0.0,1.0,0.0,0.0,1.0,1.0,1.0,1.0,2.0,1.0,0.0,0.0,0.0,2.0,0.0,0.0,1.0,1.0,3.0,50.0,50.0,1.0,0.0,0.0,0.0,0.0,0.0,0.0,0.0,0.0,0.0,0.0,2.0,2.0,0.0,1.0,1.0,0.0,1.0,0.0,0.0,0.0,0.0,0.0,1.0,0.0,0.0,1.0,0.0,0.0,0.0,1.0,10.0,0.0,0.0,0.0,0.0,0.0,11.0,0.0,0.0,0.0,0.0,0.0,0.0,0.0,0.0,0.0,1.0,1.0,0.0,0.0,0.0,0.0,1.0,1.0,1.0,0.0,0.0,0.0,0.0,0.0,0.0,1.0,1.0,0.0,0.0,0.0,0.0,0.0,1.0,1.0,0.0,1464883852.0,1075.0,1075.0,2401.0,2401.0,2434.0,0.0,157.0,25260.0,23183.0,23135.0,53.0,0.0,0.0,0.0,159.0,0.0,0.0,43.0,49.0,48.0,14.0,41.0,684291296.0,0.0,3540842592.0,51110800640.0,622457344.0,0.0,0.0,1124.0,0.0,0.0,1444.0,96.0,1790.0
502,0.0,1.0,0.0,1.0,0.0,652800.0,1.0,497250000.0,1.0,204000000.0,0.430146932602,10751.0,1218.0,3200.0,40375.0,41000.0,42250.0,88.0,25.0,64.0,896.0,5000.0,0.0,25.0,1000000.0,950000.0,1.0,1.0,0.0,10.0,0.0,0.0,0.0,500.0,27462449.0,682234991.0,660034865.0,0.0,0.0,0.0,0.0,0.0,1.0,1.0,1.0,1.0,1.0,0.0,0.0,1.0,0.0,0.0,0.0,0.0,0.0,26.0,1.0,17377776.0,288795120.0,17167654.0,28470306.0,693289607.0,1075.0,4980563764.0,0.0,1.0,1.0,0.0,1.0,0.0,0.0,1.0,1.0,1.0,1.0,2.0,1.0,0.0,0.0,0.0,2.0,0.0,0.0,1.0,1.0,3.0,50.0,50.0,1.0,0.0,0.0,0.0,0.0,0.0,0.0,0.0,0.0,0.0,0.0,2.0,2.0,0.0,1.0,1.0,0.0,1.0,0.0,0.0,0.0,0.0,0.0,1.0,0.0,0.0,1.0,0.0,0.0,0.0,1.0,11.0,0.0,0.0,0.0,0.0,0.0,12.0,0.0,0.0,0.0,0.0,0.0,0.0,0.0,0.0,0.0,1.0,1.0,0.0,0.0,0.0,0.0,1.0,1.0,1.0,0.0,0.0,0.0,0.0,0.0,0.0,1.0,1.0,0.0,0.0,0.0,0.0,0.0,1.0,1.0,0.0,1391254459.0,1071.0,1071.0,2304.0,2304.0,2346.0,0.0,108.0,23948.0,22689.0,22648.0,64.0,0.0,0.0,0.0,124.0,0.0,0.0,37.0,42.0,41.0,16.0,35.0,156908352.0,0.0,3456145088.0,49817571392.0,561645248.0,0.0,0.0,1075.0,0.0,0.0,1323.0,82.0,1609.0
503,0.0,1.0,0.0,1.0,0.0,652800.0,1.0,497250000.0,1.0,204000000.0,0.44626402854900005,17194.0,1903.0,4343.0,40500.0,41250.0,42500.0,95.0,25.0,64.0,896.0,5000.0,0.0,25.0,1000000.0,950000.0,1.0,0.0,0.0,10.0,0.0,0.0,100.0,100.0,30607300.0,704565204.0,685002857.0,0.0,0.0,0.0,0.0,0.0,1.0,1.0,1.0,1.0,1.0,0.0,0.0,1.0,0.0,0.0,0.0,0.0,0.0,32.0,1.0,18351558.0,300227525.0,18245245.0,31682959.0,727719826.0,1521.0,5309731720.0,0.0,1.0,1.0,0.0,1.0,0.0,0.0,1.0,1.0,1.0,1.0,2.0,1.0,0.0,0.0,0.0,2.0,0.0,0.0,1.0,1.0,3.0,50.0,50.0,1.0,0.0,0.0,0.0,0.0,0.0,0.0,0.0,0.0,0.0,0.0,2.0,2.0,0.0,1.0,1.0,0.0,1.0,0.0,0.0,0.0,0.0,0.0,1.0,0.0,0.0,1.0,0.0,0.0,0.0,1.0,10.0,0.0,0.0,0.0,0.0,0.0,11.0,0.0,0.0,0.0,0.0,0.0,0.0,0.0,0.0,0.0,1.0,1.0,0.0,0.0,0.0,0.0,1.0,1.0,1.0,0.0,0.0,0.0,0.0,0.0,0.0,1.0,1.0,0.0,0.0,0.0,0.0,0.0,1.0,1.0,0.0,1481752508.0,1419.0,1419.0,2570.0,2570.0,2608.0,0.0,117.0,25759.0,23514.0,23461.0,129.0,0.0,0.0,0.0,142.0,0.0,0.0,49.0,54.0,53.0,20.0,47.0,572376256.0,0.0,3898514432.0,61837271744.0,692075840.0,0.0,0.0,1521.0,0.0,0.0,1798.0,106.0,2104.0
504,0.0,1.0,0.0,1.0,0.0,652800.0,1.0,497250000.0,1.0,204000000.0,0.440010070801,18413.0,1980.0,5563.0,40333.3333333,40833.3333333,42166.6666667,95.0,25.0,64.0,896.0,5000.0,0.0,25.0,1000000.0,950000.0,1.0,0.0,0.0,10.0,0.0,0.0,100.0,100.0,31619638.0,724394820.0,696409407.0,0.0,0.0,0.0,0.0,0.0,1.0,1.0,1.0,1.0,1.0,0.0,0.0,1.0,0.0,0.0,0.0,0.0,0.0,32.0,1.0,18106296.0,290058412.0,18277780.0,32512524.0,738999394.0,1174.0,5516418687.0,0.0,1.0,1.0,0.0,1.0,0.0,0.0,1.0,1.0,1.0,1.0,2.0,1.0,0.0,0.0,0.0,2.0,0.0,0.0,1.0,1.0,3.0,50.0,50.0,1.0,0.0,0.0,0.0,0.0,0.0,0.0,0.0,0.0,0.0,0.0,2.0,2.0,0.0,1.0,1.0,0.0,1.0,0.0,0.0,0.0,0.0,0.0,1.0,0.0,0.0,1.0,0.0,0.0,0.0,1.0,11.0,0.0,0.0,0.0,0.0,0.0,12.0,0.0,0.0,0.0,0.0,0.0,0.0,0.0,0.0,0.0,1.0,1.0,0.0,0.0,0.0,0.0,1.0,1.0,1.0,0.0,0.0,0.0,0.0,0.0,0.0,1.0,1.0,0.0,0.0,0.0,0.0,0.0,1.0,1.0,0.0,1504964780.0,1180.0,1180.0,2488.0,2488.0,2534.0,0.0,148.0,27152.0,23699.0,23638.0,73.0,0.0,0.0,0.0,160.0,0.0,0.0,55.0,62.0,61.0,18.0,53.0,288235424.0,0.0,3783586592.0,52179731360.0,564264416.0,0.0,0.0,1174.0,0.0,0.0,1447.0,122.0,1810.0
505,0.0,1.0,0.0,1.0,0.0,652800.0,1.0,497250000.0,1.0,204000000.0,0.42761588096600006,7244.0,837.0,2362.0,40500.0,41000.0,42500.0,95.0,25.0,64.0,896.0,5000.0,0.0,25.0,1000000.0,950000.0,1.0,0.0,0.0,10.0,0.0,0.0,100.0,100.0,23867528.0,677543017.0,646465852.0,0.0,0.0,0.0,0.0,0.0,1.0,1.0,1.0,1.0,1.0,0.0,0.0,1.0,0.0,0.0,0.0,0.0,0.0,29.0,1.0,17588646.0,276937366.0,17388302.0,25635798.0,698323774.0,927.0,5155529253.0,0.0,1.0,1.0,0.0,1.0,0.0,0.0,1.0,1.0,1.0,1.0,2.0,1.0,0.0,0.0,0.0,2.0,0.0,0.0,1.0,1.0,3.0,50.0,50.0,1.0,0.0,0.0,0.0,0.0,0.0,0.0,0.0,0.0,0.0,0.0,2.0,2.0,0.0,1.0,1.0,0.0,1.0,0.0,0.0,0.0,0.0,0.0,1.0,0.0,0.0,1.0,0.0,0.0,0.0,1.0,10.0,0.0,0.0,0.0,0.0,0.0,11.0,0.0,0.0,0.0,0.0,0.0,0.0,0.0,0.0,0.0,1.0,1.0,0.0,0.0,0.0,0.0,1.0,1.0,1.0,0.0,0.0,0.0,0.0,0.0,0.0,1.0,1.0,0.0,0.0,0.0,0.0,0.0,1.0,1.0,0.0,1405720067.0,1051.0,1051.0,2243.0,2243.0,2278.0,0.0,103.0,21283.0,21999.0,21965.0,47.0,0.0,0.0,0.0,116.0,0.0,0.0,31.0,35.0,34.0,11.0,29.0,34554656.0,0.0,3306257184.0,39406123872.0,320347040.0,0.0,0.0,927.0,0.0,0.0,1075.0,68.0,1343.0
506,0.0,1.0,0.0,1.0,0.0,652800.0,1.0,497250000.0,1.0,204000000.0,0.434875011444,11323.0,1294.0,3657.0,40416.6666667,41000.0,42333.3333333,87.0,25.0,64.0,896.0,5000.0,0.0,25.0,1000000.0,950000.0,1.0,1.0,0.0,10.0,0.0,0.0,100.0,100.0,29136946.0,684646621.0,672446365.0,0.0,0.0,0.0,0.0,0.0,1.0,1.0,1.0,1.0,1.0,0.0,0.0,1.0,0.0,0.0,0.0,0.0,0.0,32.0,1.0,18296175.0,290308202.0,18316161.0,28890615.0,724076578.0,1166.0,5353226716.0,0.0,1.0,1.0,0.0,1.0,0.0,0.0,1.0,1.0,1.0,1.0,2.0,1.0,0.0,0.0,0.0,2.0,0.0,0.0,1.0,1.0,3.0,50.0,50.0,1.0,0.0,0.0,0.0,0.0,0.0,0.0,0.0,0.0,0.0,0.0,2.0,2.0,0.0,1.0,1.0,0.0,1.0,0.0,0.0,0.0,0.0,0.0,1.0,0.0,0.0,1.0,0.0,0.0,0.0,1.0,11.0,0.0,0.0,0.0,0.0,0.0,12.0,0.0,0.0,0.0,0.0,0.0,0.0,0.0,0.0,0.0,1.0,1.0,0.0,0.0,0.0,0.0,1.0,1.0,1.0,0.0,0.0,0.0,0.0,0.0,0.0,1.0,1.0,0.0,0.0,0.0,0.0,0.0,1.0,1.0,0.0,1470839790.0,1143.0,1143.0,2395.0,2395.0,2445.0,0.0,120.0,25203.0,23120.0,23072.0,74.0,0.0,0.0,0.0,146.0,0.0,0.0,43.0,49.0,48.0,20.0,41.0,144662752.0,0.0,3534929312.0,60232780768.0,555657152.0,0.0,0.0,1166.0,0.0,0.0,1407.0,96.0,1881.0
507,0.0,1.0,0.0,1.0,0.0,652800.0,1.0,497250000.0,1.0,204000000.0,0.42234992980999997,11170.0,1294.0,3429.0,40416.6666667,41000.0,42166.6666667,87.0,25.0,64.0,896.0,5000.0,0.0,25.0,1000000.0,950000.0,1.0,1.0,0.0,10.0,0.0,0.0,100.0,100.0,29499212.0,690330627.0,665094625.0,0.0,0.0,0.0,0.0,0.0,1.0,1.0,1.0,1.0,1.0,0.0,0.0,1.0,0.0,0.0,0.0,0.0,0.0,35.0,1.0,17344485.0,279475810.0,17605346.0,29357840.0,722094104.0,1151.0,5312589719.0,0.0,1.0,1.0,0.0,1.0,0.0,0.0,1.0,1.0,1.0,1.0,2.0,1.0,0.0,0.0,0.0,2.0,0.0,0.0,1.0,1.0,3.0,50.0,50.0,1.0,0.0,0.0,0.0,0.0,0.0,0.0,0.0,0.0,0.0,0.0,2.0,2.0,0.0,1.0,1.0,0.0,1.0,0.0,0.0,0.0,0.0,0.0,1.0,0.0,0.0,1.0,0.0,0.0,0.0,1.0,10.0,0.0,0.0,0.0,0.0,0.0,11.0,0.0,0.0,0.0,0.0,0.0,0.0,0.0,0.0,0.0,1.0,1.0,0.0,0.0,0.0,0.0,1.0,1.0,1.0,0.0,0.0,0.0,0.0,0.0,0.0,1.0,1.0,0.0,0.0,0.0,0.0,0.0,1.0,1.0,0.0,1461265805.0,1159.0,1159.0,2409.0,2409.0,2441.0,0.0,111.0,24674.0,23037.0,22989.0,62.0,0.0,0.0,0.0,118.0,0.0,0.0,43.0,49.0,48.0,17.0,41.0,261649536.0,0.0,3500695360.0,48324928832.0,490929120.0,0.0,0.0,1151.0,0.0,0.0,1367.0,96.0,1795.0
508,0.0,1.0,0.0,1.0,0.0,652800.0,1.0,497250000.0,1.0,204000000.0,0.42654299736,11284.0,1294.0,3581.0,40250.0,41250.0,42000.0,87.0,25.0,64.0,896.0,5000.0,0.0,25.0,1000000.0,950000.0,1.0,1.0,0.0,10.0,0.0,0.0,100.0,100.0,27894534.0,704802761.0,684828540.0,0.0,0.0,0.0,0.0,0.0,1.0,1.0,1.0,1.0,1.0,0.0,0.0,1.0,0.0,0.0,0.0,0.0,0.0,32.0,1.0,17403118.0,285288352.0,17252012.0,28233450.0,697691853.0,1158.0,5254765006.0,0.0,1.0,1.0,0.0,1.0,0.0,0.0,1.0,1.0,1.0,1.0,2.0,1.0,0.0,0.0,0.0,2.0,0.0,0.0,1.0,1.0,3.0,50.0,50.0,1.0,0.0,0.0,0.0,0.0,0.0,0.0,0.0,0.0,0.0,0.0,2.0,2.0,0.0,1.0,1.0,0.0,1.0,0.0,0.0,0.0,0.0,0.0,1.0,0.0,0.0,1.0,0.0,0.0,0.0,1.0,10.0,0.0,0.0,0.0,0.0,0.0,11.0,0.0,0.0,0.0,0.0,0.0,0.0,0.0,0.0,0.0,1.0,1.0,0.0,0.0,0.0,0.0,1.0,1.0,1.0,0.0,0.0,0.0,0.0,0.0,0.0,1.0,1.0,0.0,0.0,0.0,0.0,0.0,1.0,1.0,0.0,1405189504.0,1235.0,1235.0,2429.0,2429.0,2452.0,0.0,94.0,23608.0,22648.0,22607.0,88.0,0.0,0.0,0.0,122.0,0.0,0.0,37.0,42.0,41.0,9.0,35.0,542476192.0,0.0,3565833280.0,53449661280.0,364949280.0,0.0,0.0,1158.0,0.0,0.0,1397.0,82.0,1812.0
509,0.0,1.0,0.0,1.0,0.0,652800.0,1.0,497250000.0,1.0,204000000.0,0.43893718719499997,7129.0,913.0,2209.0,40125.0,41000.0,42250.0,100.0,25.0,64.0,896.0,5000.0,0.0,25.0,1000000.0,950000.0,1.0,0.0,0.0,10.0,0.0,0.0,100.0,500.0,23983716.0,658284115.0,620988269.0,0.0,0.0,0.0,0.0,0.0,1.0,1.0,1.0,1.0,1.0,0.0,0.0,1.0,0.0,0.0,0.0,0.0,0.0,30.0,1.0,17021361.0,266176888.0,16829654.0,24854889.0,684985861.0,973.0,4771138945.0,0.0,1.0,1.0,0.0,1.0,0.0,0.0,1.0,1.0,1.0,1.0,2.0,1.0,0.0,0.0,0.0,2.0,0.0,0.0,1.0,1.0,3.0,50.0,50.0,1.0,0.0,0.0,0.0,0.0,0.0,0.0,0.0,0.0,0.0,0.0,2.0,2.0,0.0,1.0,1.0,0.0,1.0,0.0,0.0,0.0,0.0,0.0,1.0,0.0,0.0,1.0,0.0,0.0,0.0,1.0,10.0,0.0,0.0,0.0,0.0,0.0,11.0,0.0,0.0,0.0,0.0,0.0,0.0,0.0,0.0,0.0,1.0,1.0,0.0,0.0,0.0,0.0,1.0,1.0,1.0,0.0,0.0,0.0,0.0,0.0,0.0,1.0,1.0,0.0,0.0,0.0,0.0,0.0,1.0,1.0,0.0,1426801122.0,1088.0,1088.0,2044.0,2044.0,2079.0,0.0,81.0,21701.0,22074.0,22040.0,41.0,0.0,0.0,0.0,102.0,0.0,0.0,31.0,35.0,34.0,11.0,29.0,272481728.0,0.0,3214575616.0,44188489760.0,468779520.0,0.0,0.0,973.0,0.0,0.0,1188.0,68.0,1528.0
510,0.0,1.0,0.0,1.0,0.0,652800.0,1.0,497250000.0,1.0,204000000.0,0.431725025177,11247.0,1294.0,3581.0,40312.5,40875.0,42000.0,100.0,25.0,64.0,896.0,5000.0,0.0,25.0,1000000.0,950000.0,1.0,0.0,0.0,10.0,0.0,0.0,100.0,500.0,30222809.0,703336520.0,677347875.0,0.0,0.0,0.0,0.0,0.0,1.0,1.0,1.0,1.0,1.0,0.0,0.0,1.0,0.0,0.0,0.0,0.0,0.0,30.0,1.0,17846783.0,283044198.0,18085883.0,31841106.0,716724898.0,1223.0,5261937074.0,0.0,1.0,1.0,0.0,1.0,0.0,0.0,1.0,1.0,1.0,1.0,2.0,1.0,0.0,0.0,0.0,2.0,0.0,0.0,1.0,1.0,3.0,50.0,50.0,1.0,0.0,0.0,0.0,0.0,0.0,0.0,0.0,0.0,0.0,0.0,2.0,2.0,0.0,1.0,1.0,0.0,1.0,0.0,0.0,0.0,0.0,0.0,1.0,0.0,0.0,1.0,0.0,0.0,0.0,1.0,10.0,0.0,0.0,0.0,0.0,0.0,11.0,0.0,0.0,0.0,0.0,0.0,0.0,0.0,0.0,0.0,1.0,1.0,0.0,0.0,0.0,0.0,1.0,1.0,1.0,0.0,0.0,0.0,0.0,0.0,0.0,1.0,1.0,0.0,0.0,0.0,0.0,0.0,1.0,1.0,0.0,1484195217.0,1143.0,1143.0,2482.0,2482.0,2525.0,0.0,144.0,25544.0,23317.0,23263.0,80.0,0.0,0.0,0.0,160.0,0.0,0.0,49.0,55.0,54.0,24.0,47.0,568978784.0,657600.0,3691186976.0,50683769824.0,577121088.0,0.0,0.0,1223.0,0.0,0.0,1492.0,108.0,1856.0
511,0.0,1.0,0.0,1.0,0.0,652800.0,1.0,497250000.0,1.0,204000000.0,0.435875177383,11437.0,1218.0,3429.0,40125.0,41000.0,42000.0,100.0,25.0,64.0,896.0,5000.0,0.0,25.0,1000000.0,950000.0,1.0,0.0,0.0,10.0,0.0,0.0,100.0,500.0,27638812.0,684534563.0,671611427.0,0.0,0.0,0.0,0.0,0.0,1.0,1.0,1.0,1.0,1.0,0.0,0.0,1.0,0.0,0.0,0.0,0.0,0.0,28.0,1.0,18259822.0,297427310.0,17940794.0,27437152.0,690169452.0,1189.0,5253805064.0,0.0,1.0,1.0,0.0,1.0,0.0,0.0,1.0,1.0,1.0,1.0,2.0,1.0,0.0,0.0,0.0,2.0,0.0,0.0,1.0,1.0,3.0,50.0,50.0,1.0,0.0,0.0,0.0,0.0,0.0,0.0,0.0,0.0,0.0,0.0,2.0,2.0,0.0,1.0,1.0,0.0,1.0,0.0,0.0,0.0,0.0,0.0,1.0,0.0,0.0,1.0,0.0,0.0,0.0,1.0,10.0,0.0,0.0,0.0,0.0,0.0,11.0,0.0,0.0,0.0,0.0,0.0,0.0,0.0,0.0,0.0,1.0,1.0,0.0,0.0,0.0,0.0,1.0,1.0,1.0,0.0,0.0,0.0,0.0,0.0,0.0,1.0,1.0,0.0,0.0,0.0,0.0,0.0,1.0,1.0,0.0,1397577001.0,1094.0,1094.0,2367.0,2367.0,2403.0,0.0,110.0,23390.0,22761.0,22720.0,35.0,0.0,0.0,0.0,127.0,0.0,0.0,37.0,42.0,41.0,17.0,35.0,239055584.0,0.0,3454582816.0,34973886368.0,448893600.0,0.0,0.0,1189.0,0.0,0.0,1434.0,82.0,1663.0
512,0.0,1.0,0.0,1.0,0.0,652800.0,1.0,497250000.0,1.0,204000000.0,0.433546066284,11323.0,1294.0,3733.0,40333.3333333,40833.3333333,42000.0,94.0,25.0,64.0,896.0,5000.0,0.0,25.0,1000000.0,950000.0,1.0,1.0,0.0,10.0,0.0,0.0,100.0,500.0,27922594.0,698890878.0,661378046.0,0.0,0.0,0.0,0.0,0.0,1.0,1.0,1.0,1.0,1.0,0.0,0.0,1.0,0.0,0.0,0.0,0.0,0.0,30.0,1.0,18217988.0,284613204.0,18353763.0,28814479.0,733033248.0,1136.0,5431129825.0,0.0,1.0,1.0,0.0,1.0,0.0,0.0,1.0,1.0,1.0,1.0,2.0,1.0,0.0,0.0,0.0,2.0,0.0,0.0,1.0,1.0,3.0,50.0,50.0,1.0,0.0,0.0,0.0,0.0,0.0,0.0,0.0,0.0,0.0,0.0,2.0,2.0,0.0,1.0,1.0,0.0,1.0,0.0,0.0,0.0,0.0,0.0,1.0,0.0,0.0,1.0,0.0,0.0,0.0,1.0,11.0,0.0,0.0,0.0,0.0,0.0,12.0,0.0,0.0,0.0,0.0,0.0,0.0,0.0,0.0,0.0,1.0,1.0,0.0,0.0,0.0,0.0,1.0,1.0,1.0,0.0,0.0,0.0,0.0,0.0,0.0,1.0,1.0,0.0,0.0,0.0,0.0,0.0,1.0,1.0,0.0,1465281818.0,959.0,959.0,2314.0,2314.0,2353.0,0.0,117.0,24536.0,22933.0,22887.0,58.0,0.0,0.0,0.0,118.0,0.0,0.0,43.0,47.0,46.0,22.0,41.0,305799328.0,0.0,3385265664.0,36436119264.0,508058816.0,0.0,0.0,1136.0,0.0,0.0,1353.0,92.0,1578.0
513,0.0,1.0,0.0,1.0,0.0,652800.0,1.0,497250000.0,1.0,204000000.0,0.43963384628300006,17612.0,1905.0,4800.0,40333.3333333,41000.0,42000.0,94.0,25.0,64.0,896.0,5000.0,0.0,25.0,1000000.0,950000.0,1.0,1.0,0.0,10.0,0.0,0.0,100.0,500.0,32595129.0,718755520.0,669404139.0,0.0,0.0,0.0,0.0,0.0,1.0,1.0,1.0,1.0,1.0,0.0,0.0,1.0,0.0,0.0,0.0,0.0,0.0,32.0,1.0,17689026.0,287690127.0,17899981.0,32824866.0,736003044.0,1226.0,5336419160.0,0.0,1.0,1.0,0.0,1.0,0.0,0.0,1.0,1.0,1.0,1.0,2.0,1.0,0.0,0.0,0.0,2.0,0.0,0.0,1.0,1.0,3.0,50.0,50.0,1.0,0.0,0.0,0.0,0.0,0.0,0.0,0.0,0.0,0.0,0.0,2.0,2.0,0.0,1.0,1.0,0.0,1.0,0.0,0.0,0.0,0.0,0.0,1.0,0.0,0.0,1.0,0.0,0.0,0.0,1.0,11.0,0.0,0.0,0.0,0.0,0.0,12.0,0.0,0.0,0.0,0.0,0.0,0.0,0.0,0.0,0.0,1.0,1.0,0.0,0.0,0.0,0.0,1.0,1.0,1.0,0.0,0.0,0.0,0.0,0.0,0.0,1.0,1.0,0.0,0.0,0.0,0.0,0.0,1.0,1.0,0.0,1507962250.0,1276.0,1276.0,2699.0,2699.0,2745.0,0.0,134.0,26466.0,23623.0,23564.0,94.0,0.0,0.0,0.0,160.0,0.0,0.0,55.0,60.0,59.0,22.0,53.0,477839392.0,0.0,3844607776.0,76865938656.0,656407104.0,0.0,0.0,1226.0,0.0,0.0,1545.0,118.0,1880.0
514,0.0,1.0,0.0,1.0,0.0,652800.0,1.0,497250000.0,1.0,204000000.0,0.431234121323,11056.0,1294.0,3353.0,40250.0,41000.0,42000.0,94.0,25.0,64.0,896.0,5000.0,0.0,25.0,1000000.0,950000.0,1.0,1.0,0.0,10.0,0.0,0.0,100.0,500.0,26723337.0,679549778.0,656934783.0,0.0,0.0,0.0,0.0,0.0,1.0,1.0,1.0,1.0,1.0,0.0,0.0,1.0,0.0,0.0,0.0,0.0,0.0,35.0,1.0,17434192.0,290152278.0,17471400.0,27246500.0,704327260.0,1269.0,5169830343.0,0.0,1.0,1.0,0.0,1.0,0.0,0.0,1.0,1.0,1.0,1.0,2.0,1.0,0.0,0.0,0.0,2.0,0.0,0.0,1.0,1.0,3.0,50.0,50.0,1.0,0.0,0.0,0.0,0.0,0.0,0.0,0.0,0.0,0.0,0.0,2.0,2.0,0.0,1.0,1.0,0.0,1.0,0.0,0.0,0.0,0.0,0.0,1.0,0.0,0.0,1.0,0.0,0.0,0.0,1.0,11.0,0.0,0.0,0.0,0.0,0.0,12.0,0.0,0.0,0.0,0.0,0.0,0.0,0.0,0.0,0.0,1.0,1.0,0.0,0.0,0.0,0.0,1.0,1.0,1.0,0.0,0.0,0.0,0.0,0.0,0.0,1.0,1.0,0.0,0.0,0.0,0.0,0.0,1.0,1.0,0.0,1439518748.0,1116.0,1116.0,2263.0,2263.0,2292.0,0.0,106.0,23556.0,22705.0,22664.0,74.0,0.0,0.0,0.0,119.0,0.0,0.0,37.0,42.0,41.0,12.0,35.0,148362528.0,0.0,3342316128.0,33548163424.0,508076064.0,0.0,0.0,1269.0,0.0,0.0,1527.0,82.0,1713.0
515,0.0,1.0,0.0,1.0,0.0,806400.0,1.0,408000000.0,1.0,665600000.0,0.25287103653,12882.0,1447.0,4116.0,40416.6666667,41000.0,42000.0,97.0,25.0,64.0,896.0,5000.0,0.0,25.0,1000000.0,950000.0,1.0,0.0,0.0,10.0,0.0,0.0,0.0,100.0,25451820.0,648356133.0,628536890.0,0.0,0.0,0.0,0.0,0.0,1.0,1.0,1.0,1.0,1.0,0.0,0.0,1.0,0.0,0.0,0.0,0.0,0.0,32.0,1.0,15298589.0,281262221.0,15267045.0,28236441.0,671838877.0,1037.0,2970585321.0,0.0,1.0,1.0,0.0,1.0,0.0,0.0,1.0,1.0,1.0,1.0,2.0,1.0,0.0,0.0,0.0,2.0,0.0,0.0,1.0,1.0,3.0,50.0,50.0,1.0,0.0,0.0,0.0,0.0,0.0,0.0,0.0,0.0,0.0,0.0,2.0,2.0,0.0,1.0,1.0,0.0,1.0,0.0,0.0,0.0,0.0,0.0,1.0,0.0,0.0,1.0,0.0,0.0,0.0,1.0,10.0,0.0,0.0,0.0,0.0,0.0,11.0,0.0,0.0,0.0,0.0,0.0,0.0,0.0,0.0,0.0,1.0,1.0,0.0,0.0,0.0,0.0,1.0,1.0,1.0,0.0,0.0,0.0,0.0,0.0,0.0,1.0,1.0,0.0,0.0,0.0,0.0,0.0,1.0,1.0,0.0,1401212896.0,620.0,620.0,1589.0,1589.0,1635.0,0.0,122.0,24658.0,22977.0,22929.0,70.0,0.0,0.0,0.0,110.0,0.0,0.0,43.0,49.0,48.0,11.0,41.0,226131296.0,0.0,1962040576.0,22402223360.0,304517600.0,0.0,0.0,1037.0,0.0,0.0,1261.0,96.0,1502.0
516,0.0,1.0,0.0,1.0,0.0,806400.0,1.0,408000000.0,1.0,665600000.0,0.239042043686,12691.0,1447.0,3810.0,40250.0,41250.0,42000.0,97.0,25.0,64.0,896.0,5000.0,0.0,25.0,1000000.0,950000.0,1.0,0.0,0.0,10.0,0.0,0.0,0.0,100.0,25230167.0,625334465.0,616920839.0,0.0,0.0,0.0,0.0,0.0,1.0,1.0,1.0,1.0,1.0,0.0,0.0,1.0,0.0,0.0,0.0,0.0,0.0,32.0,1.0,15405890.0,271661176.0,15060715.0,25095377.0,636438698.0,910.0,2846746243.0,0.0,1.0,1.0,0.0,1.0,0.0,0.0,1.0,1.0,1.0,1.0,2.0,1.0,0.0,0.0,0.0,2.0,0.0,0.0,1.0,1.0,3.0,50.0,50.0,1.0,0.0,0.0,0.0,0.0,0.0,0.0,0.0,0.0,0.0,0.0,2.0,2.0,0.0,1.0,1.0,0.0,1.0,0.0,0.0,0.0,0.0,0.0,1.0,0.0,0.0,1.0,0.0,0.0,0.0,1.0,10.0,0.0,0.0,0.0,0.0,0.0,11.0,0.0,0.0,0.0,0.0,0.0,0.0,0.0,0.0,0.0,1.0,1.0,0.0,0.0,0.0,0.0,1.0,1.0,1.0,0.0,0.0,0.0,0.0,0.0,0.0,1.0,1.0,0.0,0.0,0.0,0.0,0.0,1.0,1.0,0.0,1380909375.0,656.0,656.0,1458.0,1458.0,1499.0,0.0,113.0,23469.0,22457.0,22416.0,133.0,0.0,0.0,0.0,109.0,0.0,0.0,37.0,42.0,41.0,13.0,35.0,221711072.0,169280.0,1852766912.0,30733589216.0,213170976.0,0.0,0.0,910.0,0.0,0.0,1193.0,82.0,1411.0
517,0.0,1.0,0.0,1.0,0.0,806400.0,1.0,408000000.0,1.0,665600000.0,0.240124940872,12882.0,1447.0,4039.0,40125.0,41250.0,42000.0,97.0,25.0,64.0,896.0,5000.0,0.0,25.0,1000000.0,950000.0,1.0,0.0,0.0,10.0,0.0,0.0,0.0,100.0,25640802.0,612728339.0,614690046.0,0.0,0.0,0.0,0.0,0.0,1.0,1.0,1.0,1.0,1.0,0.0,0.0,1.0,0.0,0.0,0.0,0.0,0.0,30.0,1.0,15341102.0,281469821.0,15131164.0,25727018.0,614373628.0,769.0,2791037299.0,0.0,1.0,1.0,0.0,1.0,0.0,0.0,1.0,1.0,1.0,1.0,2.0,1.0,0.0,0.0,0.0,2.0,0.0,0.0,1.0,1.0,3.0,50.0,50.0,1.0,0.0,0.0,0.0,0.0,0.0,0.0,0.0,0.0,0.0,0.0,2.0,2.0,0.0,1.0,1.0,0.0,1.0,0.0,0.0,0.0,0.0,0.0,1.0,0.0,0.0,1.0,0.0,0.0,0.0,1.0,11.0,0.0,0.0,0.0,0.0,0.0,12.0,0.0,0.0,0.0,0.0,0.0,0.0,0.0,0.0,0.0,1.0,1.0,0.0,0.0,0.0,0.0,1.0,1.0,1.0,0.0,0.0,0.0,0.0,0.0,0.0,1.0,1.0,0.0,0.0,0.0,0.0,0.0,1.0,1.0,0.0,1368968713.0,649.0,649.0,1472.0,1472.0,1503.0,0.0,83.0,22920.0,22390.0,22349.0,53.0,0.0,0.0,0.0,89.0,0.0,0.0,37.0,42.0,41.0,8.0,35.0,226520544.0,0.0,1863593184.0,35993986528.0,236641184.0,0.0,0.0,769.0,0.0,0.0,952.0,82.0,1230.0
518,0.0,1.0,0.0,1.0,0.0,806400.0,1.0,408000000.0,1.0,665600000.0,0.242366075516,8309.0,837.0,2514.0,40500.0,41250.0,42000.0,84.0,25.0,64.0,896.0,5000.0,0.0,25.0,1000000.0,950000.0,1.0,1.0,0.0,10.0,0.0,0.0,0.0,100.0,23498589.0,604571568.0,586703350.0,0.0,0.0,0.0,0.0,0.0,1.0,1.0,1.0,1.0,1.0,0.0,0.0,1.0,0.0,0.0,0.0,0.0,0.0,31.0,1.0,15209509.0,263737702.0,14900509.0,23209078.0,615995127.0,814.0,2692582583.0,0.0,1.0,1.0,0.0,1.0,0.0,0.0,1.0,1.0,1.0,1.0,2.0,1.0,0.0,0.0,0.0,2.0,0.0,0.0,1.0,1.0,3.0,50.0,50.0,1.0,0.0,0.0,0.0,0.0,0.0,0.0,0.0,0.0,0.0,0.0,2.0,2.0,0.0,1.0,1.0,0.0,1.0,0.0,0.0,0.0,0.0,0.0,1.0,0.0,0.0,1.0,0.0,0.0,0.0,1.0,10.0,0.0,0.0,0.0,0.0,0.0,11.0,0.0,0.0,0.0,0.0,0.0,0.0,0.0,0.0,0.0,1.0,1.0,0.0,0.0,0.0,0.0,1.0,1.0,1.0,0.0,0.0,0.0,0.0,0.0,0.0,1.0,1.0,0.0,0.0,0.0,0.0,0.0,1.0,1.0,0.0,1387086455.0,655.0,655.0,1442.0,1442.0,1477.0,0.0,81.0,22276.0,22063.0,22029.0,64.0,0.0,0.0,0.0,73.0,0.0,0.0,31.0,35.0,34.0,8.0,29.0,112992640.0,0.0,1842917728.0,22300207968.0,238499680.0,0.0,0.0,814.0,0.0,0.0,991.0,68.0,1214.0
519,0.0,1.0,0.0,1.0,0.0,806400.0,1.0,408000000.0,1.0,665600000.0,0.239514112473,8309.0,837.0,2514.0,40250.0,41500.0,42250.0,84.0,25.0,64.0,896.0,5000.0,0.0,25.0,1000000.0,950000.0,1.0,1.0,0.0,10.0,0.0,0.0,0.0,100.0,23135845.0,594710803.0,588191794.0,0.0,0.0,0.0,0.0,0.0,1.0,1.0,1.0,1.0,1.0,0.0,0.0,1.0,0.0,0.0,0.0,0.0,0.0,34.0,1.0,15007787.0,265803043.0,15115726.0,22491183.0,615416855.0,664.0,2737018054.0,0.0,1.0,1.0,0.0,1.0,0.0,0.0,1.0,1.0,1.0,1.0,2.0,1.0,0.0,0.0,0.0,2.0,0.0,0.0,1.0,1.0,3.0,50.0,50.0,1.0,0.0,0.0,0.0,0.0,0.0,0.0,0.0,0.0,0.0,0.0,2.0,2.0,0.0,1.0,1.0,0.0,1.0,0.0,0.0,0.0,0.0,0.0,1.0,0.0,0.0,1.0,0.0,0.0,0.0,1.0,10.0,0.0,0.0,0.0,0.0,0.0,11.0,0.0,0.0,0.0,0.0,0.0,0.0,0.0,0.0,0.0,1.0,1.0,0.0,0.0,0.0,0.0,1.0,1.0,1.0,0.0,0.0,0.0,0.0,0.0,0.0,1.0,1.0,0.0,0.0,0.0,0.0,0.0,1.0,1.0,0.0,1386499541.0,603.0,603.0,1400.0,1400.0,1439.0,0.0,78.0,21630.0,21735.0,21701.0,97.0,0.0,0.0,0.0,64.0,0.0,0.0,31.0,35.0,34.0,4.0,29.0,128788512.0,0.0,1742116192.0,18748006336.0,175018688.0,0.0,0.0,664.0,0.0,0.0,843.0,68.0,1062.0
520,0.0,1.0,0.0,1.0,0.0,806400.0,1.0,408000000.0,1.0,665600000.0,0.24931287765500001,8385.0,990.0,2438.0,40250.0,41250.0,42000.0,84.0,25.0,64.0,896.0,5000.0,0.0,25.0,1000000.0,950000.0,1.0,1.0,0.0,10.0,0.0,0.0,0.0,100.0,22768281.0,619599374.0,600986173.0,0.0,0.0,0.0,0.0,0.0,1.0,1.0,1.0,1.0,1.0,0.0,0.0,1.0,0.0,0.0,0.0,0.0,0.0,35.0,1.0,15612836.0,276428278.0,14811506.0,22961456.0,613420009.0,663.0,2727343786.0,0.0,1.0,1.0,0.0,1.0,0.0,0.0,1.0,1.0,1.0,1.0,2.0,1.0,0.0,0.0,0.0,2.0,0.0,0.0,1.0,1.0,3.0,50.0,50.0,1.0,0.0,0.0,0.0,0.0,0.0,0.0,0.0,0.0,0.0,0.0,2.0,2.0,0.0,1.0,1.0,0.0,1.0,0.0,0.0,0.0,0.0,0.0,1.0,0.0,0.0,1.0,0.0,0.0,0.0,1.0,11.0,0.0,0.0,0.0,0.0,0.0,12.0,0.0,0.0,0.0,0.0,0.0,0.0,0.0,0.0,0.0,1.0,1.0,0.0,0.0,0.0,0.0,1.0,1.0,1.0,0.0,0.0,0.0,0.0,0.0,0.0,1.0,1.0,0.0,0.0,0.0,0.0,0.0,1.0,1.0,0.0,1341015811.0,587.0,587.0,1338.0,1338.0,1376.0,0.0,71.0,21695.0,21856.0,21822.0,69.0,0.0,0.0,0.0,60.0,0.0,0.0,31.0,35.0,34.0,10.0,29.0,32469024.0,0.0,1796981600.0,14987262144.0,217493408.0,0.0,0.0,663.0,0.0,0.0,793.0,68.0,1004.0
521,0.0,1.0,0.0,1.0,0.0,806400.0,1.0,408000000.0,1.0,665600000.0,0.24157500266999998,12729.0,1447.0,3733.0,40125.0,41250.0,42000.0,84.0,25.0,64.0,896.0,5000.0,0.0,25.0,1000000.0,950000.0,1.0,0.0,0.0,10.0,0.0,0.0,0.0,500.0,24716636.0,617122693.0,595533252.0,0.0,0.0,0.0,0.0,0.0,1.0,1.0,1.0,1.0,1.0,0.0,0.0,1.0,0.0,0.0,0.0,0.0,0.0,34.0,1.0,15383678.0,263938465.0,15094511.0,25458522.0,632772159.0,822.0,2826254573.0,0.0,1.0,1.0,0.0,1.0,0.0,0.0,1.0,1.0,1.0,1.0,2.0,1.0,0.0,0.0,0.0,2.0,0.0,0.0,1.0,1.0,3.0,50.0,50.0,1.0,0.0,0.0,0.0,0.0,0.0,0.0,0.0,0.0,0.0,0.0,2.0,2.0,0.0,1.0,1.0,0.0,1.0,0.0,0.0,0.0,0.0,0.0,1.0,0.0,0.0,1.0,0.0,0.0,0.0,1.0,10.0,0.0,0.0,0.0,0.0,0.0,11.0,0.0,0.0,0.0,0.0,0.0,0.0,0.0,0.0,0.0,1.0,1.0,0.0,0.0,0.0,0.0,1.0,1.0,1.0,0.0,0.0,0.0,0.0,0.0,0.0,1.0,1.0,0.0,0.0,0.0,0.0,0.0,1.0,1.0,0.0,1366280728.0,676.0,676.0,1362.0,1362.0,1399.0,0.0,101.0,23021.0,22443.0,22402.0,117.0,0.0,0.0,0.0,82.0,0.0,0.0,37.0,42.0,41.0,11.0,35.0,132457248.0,0.0,1840161760.0,18981799008.0,296045184.0,0.0,0.0,822.0,0.0,0.0,1066.0,82.0,1418.0
522,0.0,1.0,0.0,1.0,0.0,806400.0,1.0,408000000.0,1.0,665600000.0,0.239116191864,12844.0,1447.0,4039.0,40125.0,41250.0,42500.0,84.0,25.0,64.0,896.0,5000.0,0.0,25.0,1000000.0,950000.0,1.0,0.0,0.0,10.0,0.0,0.0,0.0,500.0,25972777.0,619609324.0,606888686.0,0.0,0.0,0.0,0.0,0.0,1.0,1.0,1.0,1.0,1.0,0.0,0.0,1.0,0.0,0.0,0.0,0.0,0.0,33.0,1.0,15173505.0,271792302.0,14898039.0,27284296.0,628003572.0,826.0,2768744663.0,0.0,1.0,1.0,0.0,1.0,0.0,0.0,1.0,1.0,1.0,1.0,2.0,1.0,0.0,0.0,0.0,2.0,0.0,0.0,1.0,1.0,3.0,50.0,50.0,1.0,0.0,0.0,0.0,0.0,0.0,0.0,0.0,0.0,0.0,0.0,2.0,2.0,0.0,1.0,1.0,0.0,1.0,0.0,0.0,0.0,0.0,0.0,1.0,0.0,0.0,1.0,0.0,0.0,0.0,1.0,11.0,0.0,0.0,0.0,0.0,0.0,12.0,0.0,0.0,0.0,0.0,0.0,0.0,0.0,0.0,0.0,1.0,1.0,0.0,0.0,0.0,0.0,1.0,1.0,1.0,0.0,0.0,0.0,0.0,0.0,0.0,1.0,1.0,0.0,0.0,0.0,0.0,0.0,1.0,1.0,0.0,1390957577.0,595.0,595.0,1416.0,1416.0,1455.0,0.0,98.0,23176.0,22393.0,22352.0,54.0,0.0,0.0,0.0,97.0,0.0,0.0,37.0,42.0,41.0,14.0,35.0,238323936.0,0.0,1832309056.0,30501427136.0,242944512.0,0.0,0.0,826.0,0.0,0.0,987.0,82.0,1192.0
523,0.0,1.0,0.0,1.0,0.0,806400.0,1.0,408000000.0,1.0,665600000.0,0.242208003998,12541.0,1370.0,3657.0,40250.0,41250.0,42500.0,84.0,25.0,64.0,896.0,5000.0,0.0,25.0,1000000.0,950000.0,1.0,0.0,0.0,10.0,0.0,0.0,0.0,500.0,25183602.0,607349470.0,605187475.0,0.0,0.0,0.0,0.0,0.0,1.0,1.0,1.0,1.0,1.0,0.0,0.0,1.0,0.0,0.0,0.0,0.0,0.0,30.0,1.0,14823764.0,261120969.0,14896269.0,25723788.0,611905116.0,812.0,2757831082.0,0.0,1.0,1.0,0.0,1.0,0.0,0.0,1.0,1.0,1.0,1.0,2.0,1.0,0.0,0.0,0.0,2.0,0.0,0.0,1.0,1.0,3.0,50.0,50.0,1.0,0.0,0.0,0.0,0.0,0.0,0.0,0.0,0.0,0.0,0.0,2.0,2.0,0.0,1.0,1.0,0.0,1.0,0.0,0.0,0.0,0.0,0.0,1.0,0.0,0.0,1.0,0.0,0.0,0.0,1.0,10.0,0.0,0.0,0.0,0.0,0.0,11.0,0.0,0.0,0.0,0.0,0.0,0.0,0.0,0.0,0.0,1.0,1.0,0.0,0.0,0.0,0.0,1.0,1.0,1.0,0.0,0.0,0.0,0.0,0.0,0.0,1.0,1.0,0.0,0.0,0.0,0.0,0.0,1.0,1.0,0.0,1367956277.0,626.0,626.0,1454.0,1454.0,1493.0,0.0,86.0,22754.0,22264.0,22223.0,146.0,0.0,0.0,0.0,87.0,0.0,0.0,37.0,42.0,41.0,11.0,35.0,129235200.0,0.0,1863480960.0,40565420672.0,281411808.0,0.0,0.0,812.0,0.0,0.0,1033.0,82.0,1191.0
524,0.0,1.0,0.0,1.0,0.0,806400.0,1.0,408000000.0,1.0,665600000.0,0.24642586708099998,12844.0,1447.0,4039.0,40250.0,41250.0,42000.0,94.0,25.0,64.0,896.0,5000.0,0.0,25.0,1000000.0,950000.0,1.0,1.0,0.0,10.0,0.0,0.0,0.0,500.0,24535056.0,616312041.0,595163324.0,0.0,0.0,0.0,0.0,0.0,1.0,1.0,1.0,1.0,1.0,0.0,0.0,1.0,0.0,0.0,0.0,0.0,0.0,34.0,1.0,15366884.0,272703003.0,15062821.0,25404381.0,630207908.0,888.0,2842313311.0,0.0,1.0,1.0,0.0,1.0,0.0,0.0,1.0,1.0,1.0,1.0,2.0,1.0,0.0,0.0,0.0,2.0,0.0,0.0,1.0,1.0,3.0,50.0,50.0,1.0,0.0,0.0,0.0,0.0,0.0,0.0,0.0,0.0,0.0,0.0,2.0,2.0,0.0,1.0,1.0,0.0,1.0,0.0,0.0,0.0,0.0,0.0,1.0,0.0,0.0,1.0,0.0,0.0,0.0,1.0,11.0,0.0,0.0,0.0,0.0,0.0,12.0,0.0,0.0,0.0,0.0,0.0,0.0,0.0,0.0,0.0,1.0,1.0,0.0,0.0,0.0,0.0,1.0,1.0,1.0,0.0,0.0,0.0,0.0,0.0,0.0,1.0,1.0,0.0,0.0,0.0,0.0,0.0,1.0,1.0,0.0,1355123559.0,692.0,692.0,1342.0,1342.0,1379.0,0.0,102.0,22923.0,22346.0,22305.0,78.0,0.0,0.0,0.0,85.0,0.0,0.0,37.0,42.0,41.0,7.0,35.0,118972736.0,0.0,1828384608.0,20670427136.0,230129600.0,0.0,0.0,888.0,0.0,0.0,1068.0,82.0,1347.0
525,0.0,1.0,0.0,1.0,0.0,806400.0,1.0,408000000.0,1.0,665600000.0,0.24219512939500001,8233.0,914.0,2362.0,40250.0,41000.0,42000.0,94.0,25.0,64.0,896.0,5000.0,0.0,25.0,1000000.0,950000.0,1.0,1.0,0.0,10.0,0.0,0.0,0.0,500.0,23165703.0,596944715.0,595378590.0,0.0,0.0,0.0,0.0,0.0,1.0,1.0,1.0,1.0,1.0,0.0,0.0,1.0,0.0,0.0,0.0,0.0,0.0,32.0,1.0,15244893.0,280591708.0,15235106.0,24421362.0,617641066.0,706.0,2715455919.0,0.0,1.0,1.0,0.0,1.0,0.0,0.0,1.0,1.0,1.0,1.0,2.0,1.0,0.0,0.0,0.0,2.0,0.0,0.0,1.0,1.0,3.0,50.0,50.0,1.0,0.0,0.0,0.0,0.0,0.0,0.0,0.0,0.0,0.0,0.0,2.0,2.0,0.0,1.0,1.0,0.0,1.0,0.0,0.0,0.0,0.0,0.0,1.0,0.0,0.0,1.0,0.0,0.0,0.0,1.0,10.0,0.0,0.0,0.0,0.0,0.0,11.0,0.0,0.0,0.0,0.0,0.0,0.0,0.0,0.0,0.0,1.0,1.0,0.0,0.0,0.0,0.0,1.0,1.0,1.0,0.0,0.0,0.0,0.0,0.0,0.0,1.0,1.0,0.0,0.0,0.0,0.0,0.0,1.0,1.0,0.0,1345977624.0,611.0,611.0,1426.0,1426.0,1464.0,0.0,81.0,21946.0,21877.0,21843.0,59.0,0.0,0.0,0.0,90.0,0.0,0.0,31.0,35.0,34.0,5.0,29.0,230774528.0,0.0,1877716032.0,26482108384.0,249588320.0,0.0,0.0,706.0,0.0,0.0,875.0,68.0,1021.0
526,0.0,1.0,0.0,1.0,0.0,806400.0,1.0,408000000.0,1.0,665600000.0,0.240831136703,12427.0,1523.0,3429.0,40250.0,41000.0,42000.0,94.0,25.0,64.0,896.0,5000.0,0.0,25.0,1000000.0,950000.0,1.0,1.0,0.0,10.0,0.0,0.0,0.0,500.0,25359954.0,616632844.0,603639079.0,0.0,0.0,0.0,0.0,0.0,1.0,1.0,1.0,1.0,1.0,0.0,0.0,1.0,0.0,0.0,0.0,0.0,0.0,32.0,1.0,15574122.0,272711648.0,15537077.0,24933367.0,635792872.0,960.0,2764266386.0,0.0,1.0,1.0,0.0,1.0,0.0,0.0,1.0,1.0,1.0,1.0,2.0,1.0,0.0,0.0,0.0,2.0,0.0,0.0,1.0,1.0,3.0,50.0,50.0,1.0,0.0,0.0,0.0,0.0,0.0,0.0,0.0,0.0,0.0,0.0,2.0,2.0,0.0,1.0,1.0,0.0,1.0,0.0,0.0,0.0,0.0,0.0,1.0,0.0,0.0,1.0,0.0,0.0,0.0,1.0,10.0,0.0,0.0,0.0,0.0,0.0,11.0,0.0,0.0,0.0,0.0,0.0,0.0,0.0,0.0,0.0,1.0,1.0,0.0,0.0,0.0,0.0,1.0,1.0,1.0,0.0,0.0,0.0,0.0,0.0,0.0,1.0,1.0,0.0,0.0,0.0,0.0,0.0,1.0,1.0,0.0,1428570033.0,680.0,680.0,1559.0,1559.0,1596.0,0.0,100.0,23814.0,22574.0,22533.0,96.0,0.0,0.0,0.0,110.0,0.0,0.0,37.0,42.0,41.0,9.0,35.0,122076480.0,0.0,1956305632.0,30457327392.0,222530688.0,0.0,0.0,960.0,0.0,0.0,1212.0,82.0,1500.0
527,0.0,1.0,0.0,1.0,0.0,806400.0,1.0,408000000.0,1.0,665600000.0,0.241848945618,8309.0,990.0,2438.0,40250.0,40750.0,42000.0,96.0,25.0,64.0,896.0,5000.0,0.0,25.0,1000000.0,950000.0,1.0,0.0,0.0,10.0,0.0,0.0,100.0,100.0,24526336.0,612448489.0,591110790.0,0.0,0.0,0.0,0.0,0.0,1.0,1.0,1.0,1.0,1.0,0.0,0.0,1.0,0.0,0.0,0.0,0.0,0.0,30.0,1.0,14832717.0,280172063.0,14683955.0,24067929.0,614762793.0,762.0,2629752937.0,0.0,1.0,1.0,0.0,1.0,0.0,0.0,1.0,1.0,1.0,1.0,2.0,1.0,0.0,0.0,0.0,2.0,0.0,0.0,1.0,1.0,3.0,50.0,50.0,1.0,0.0,0.0,0.0,0.0,0.0,0.0,0.0,0.0,0.0,0.0,2.0,2.0,0.0,1.0,1.0,0.0,1.0,0.0,0.0,0.0,0.0,0.0,1.0,0.0,0.0,1.0,0.0,0.0,0.0,1.0,10.0,0.0,0.0,0.0,0.0,0.0,11.0,0.0,0.0,0.0,0.0,0.0,0.0,0.0,0.0,0.0,1.0,1.0,0.0,0.0,0.0,0.0,1.0,1.0,1.0,0.0,0.0,0.0,0.0,0.0,0.0,1.0,1.0,0.0,0.0,0.0,0.0,0.0,1.0,1.0,0.0,1355186939.0,673.0,673.0,1433.0,1433.0,1469.0,0.0,82.0,21653.0,22000.0,21966.0,100.0,0.0,0.0,0.0,87.0,0.0,0.0,31.0,35.0,34.0,8.0,29.0,340938048.0,0.0,1888813984.0,29088551456.0,236703680.0,0.0,0.0,762.0,0.0,0.0,962.0,68.0,1193.0
528,0.0,1.0,0.0,1.0,0.0,806400.0,1.0,408000000.0,1.0,665600000.0,0.240488052368,8309.0,914.0,2591.0,40375.0,41250.0,42000.0,96.0,25.0,64.0,896.0,5000.0,0.0,25.0,1000000.0,950000.0,1.0,0.0,0.0,10.0,0.0,0.0,100.0,100.0,22630376.0,608404870.0,573602140.0,0.0,0.0,0.0,0.0,0.0,1.0,1.0,1.0,1.0,1.0,0.0,0.0,1.0,0.0,0.0,0.0,0.0,0.0,33.0,1.0,15267615.0,266634797.0,14870233.0,23846653.0,621310493.0,896.0,2656036792.0,0.0,1.0,1.0,0.0,1.0,0.0,0.0,1.0,1.0,1.0,1.0,2.0,1.0,0.0,0.0,0.0,2.0,0.0,0.0,1.0,1.0,3.0,50.0,50.0,1.0,0.0,0.0,0.0,0.0,0.0,0.0,0.0,0.0,0.0,0.0,2.0,2.0,0.0,1.0,1.0,0.0,1.0,0.0,0.0,0.0,0.0,0.0,1.0,0.0,0.0,1.0,0.0,0.0,0.0,1.0,11.0,0.0,0.0,0.0,0.0,0.0,12.0,0.0,0.0,0.0,0.0,0.0,0.0,0.0,0.0,0.0,1.0,1.0,0.0,0.0,0.0,0.0,1.0,1.0,1.0,0.0,0.0,0.0,0.0,0.0,0.0,1.0,1.0,0.0,0.0,0.0,0.0,0.0,1.0,1.0,0.0,1335256427.0,761.0,761.0,1421.0,1421.0,1451.0,0.0,86.0,21909.0,21945.0,21911.0,57.0,0.0,0.0,0.0,78.0,0.0,0.0,31.0,35.0,34.0,11.0,29.0,12499872.0,0.0,1813444448.0,30982979424.0,205143648.0,0.0,0.0,896.0,0.0,0.0,1054.0,68.0,1270.0
529,0.0,1.0,0.0,1.0,0.0,806400.0,1.0,408000000.0,1.0,665600000.0,0.24233913421599998,8309.0,990.0,2438.0,40000.0,41000.0,42000.0,96.0,25.0,64.0,896.0,5000.0,0.0,25.0,1000000.0,950000.0,1.0,0.0,0.0,10.0,0.0,0.0,100.0,100.0,23564569.0,601428154.0,588898147.0,0.0,0.0,0.0,0.0,0.0,1.0,1.0,1.0,1.0,1.0,0.0,0.0,1.0,0.0,0.0,0.0,0.0,0.0,34.0,1.0,15530748.0,277627447.0,15139786.0,23592720.0,622624681.0,841.0,2707341807.0,0.0,1.0,1.0,0.0,1.0,0.0,0.0,1.0,1.0,1.0,1.0,2.0,1.0,0.0,0.0,0.0,2.0,0.0,0.0,1.0,1.0,3.0,50.0,50.0,1.0,0.0,0.0,0.0,0.0,0.0,0.0,0.0,0.0,0.0,0.0,2.0,2.0,0.0,1.0,1.0,0.0,1.0,0.0,0.0,0.0,0.0,0.0,1.0,0.0,0.0,1.0,0.0,0.0,0.0,1.0,10.0,0.0,0.0,0.0,0.0,0.0,11.0,0.0,0.0,0.0,0.0,0.0,0.0,0.0,0.0,0.0,1.0,1.0,0.0,0.0,0.0,0.0,1.0,1.0,1.0,0.0,0.0,0.0,0.0,0.0,0.0,1.0,1.0,0.0,0.0,0.0,0.0,0.0,1.0,1.0,0.0,1359131980.0,658.0,658.0,1451.0,1451.0,1482.0,0.0,89.0,21731.0,21870.0,21836.0,66.0,0.0,0.0,0.0,86.0,0.0,0.0,31.0,35.0,34.0,8.0,29.0,233714912.0,0.0,1801272064.0,31512806336.0,257878752.0,0.0,0.0,841.0,0.0,0.0,1022.0,68.0,1200.0
530,0.0,1.0,0.0,1.0,0.0,806400.0,1.0,408000000.0,1.0,665600000.0,0.240615844727,8347.0,990.0,2438.0,40250.0,41000.0,42000.0,94.0,25.0,64.0,896.0,5000.0,0.0,25.0,1000000.0,950000.0,1.0,1.0,0.0,10.0,0.0,0.0,100.0,100.0,23191144.0,598423843.0,592022434.0,0.0,0.0,0.0,0.0,0.0,1.0,1.0,1.0,1.0,1.0,0.0,0.0,1.0,0.0,0.0,0.0,0.0,0.0,32.0,1.0,15019316.0,270976765.0,14808099.0,23679449.0,608675899.0,704.0,2674181546.0,0.0,1.0,1.0,0.0,1.0,0.0,0.0,1.0,1.0,1.0,1.0,2.0,1.0,0.0,0.0,0.0,2.0,0.0,0.0,1.0,1.0,3.0,50.0,50.0,1.0,0.0,0.0,0.0,0.0,0.0,0.0,0.0,0.0,0.0,0.0,2.0,2.0,0.0,1.0,1.0,0.0,1.0,0.0,0.0,0.0,0.0,0.0,1.0,0.0,0.0,1.0,0.0,0.0,0.0,1.0,11.0,0.0,0.0,0.0,0.0,0.0,12.0,0.0,0.0,0.0,0.0,0.0,0.0,0.0,0.0,0.0,1.0,1.0,0.0,0.0,0.0,0.0,1.0,1.0,1.0,0.0,0.0,0.0,0.0,0.0,0.0,1.0,1.0,0.0,0.0,0.0,0.0,0.0,1.0,1.0,0.0,1337629985.0,584.0,584.0,1415.0,1415.0,1443.0,0.0,86.0,21721.0,21921.0,21887.0,38.0,0.0,0.0,0.0,78.0,0.0,0.0,31.0,35.0,34.0,16.0,29.0,332045888.0,0.0,1807017024.0,19753307936.0,151114624.0,0.0,0.0,704.0,0.0,0.0,828.0,68.0,951.0
531,0.0,1.0,0.0,1.0,0.0,806400.0,1.0,408000000.0,1.0,665600000.0,0.239407062531,8309.0,837.0,2591.0,40000.0,41000.0,42000.0,94.0,25.0,64.0,896.0,5000.0,0.0,25.0,1000000.0,950000.0,1.0,1.0,0.0,10.0,0.0,0.0,100.0,100.0,23044423.0,609153843.0,586432317.0,0.0,0.0,0.0,0.0,0.0,1.0,1.0,1.0,1.0,1.0,0.0,0.0,1.0,0.0,0.0,0.0,0.0,0.0,34.0,1.0,14923268.0,265576221.0,14510381.0,22879855.0,605404178.0,788.0,2687614846.0,0.0,1.0,1.0,0.0,1.0,0.0,0.0,1.0,1.0,1.0,1.0,2.0,1.0,0.0,0.0,0.0,2.0,0.0,0.0,1.0,1.0,3.0,50.0,50.0,1.0,0.0,0.0,0.0,0.0,0.0,0.0,0.0,0.0,0.0,0.0,2.0,2.0,0.0,1.0,1.0,0.0,1.0,0.0,0.0,0.0,0.0,0.0,1.0,0.0,0.0,1.0,0.0,0.0,0.0,1.0,10.0,0.0,0.0,0.0,0.0,0.0,11.0,0.0,0.0,0.0,0.0,0.0,0.0,0.0,0.0,0.0,1.0,1.0,0.0,0.0,0.0,0.0,1.0,1.0,1.0,0.0,0.0,0.0,0.0,0.0,0.0,1.0,1.0,0.0,0.0,0.0,0.0,0.0,1.0,1.0,0.0,1344463987.0,696.0,696.0,1368.0,1368.0,1398.0,0.0,83.0,21815.0,21867.0,21833.0,37.0,0.0,0.0,0.0,82.0,0.0,0.0,31.0,35.0,34.0,5.0,29.0,223286144.0,0.0,1762455744.0,23488439040.0,207809568.0,0.0,0.0,788.0,0.0,0.0,905.0,68.0,1236.0
532,0.0,1.0,0.0,1.0,0.0,806400.0,1.0,408000000.0,1.0,665600000.0,0.242108106613,8385.0,914.0,2667.0,40250.0,41000.0,42000.0,94.0,25.0,64.0,896.0,5000.0,0.0,25.0,1000000.0,950000.0,1.0,1.0,0.0,10.0,0.0,0.0,100.0,100.0,22481967.0,603016450.0,590832531.0,0.0,0.0,0.0,0.0,0.0,1.0,1.0,1.0,1.0,1.0,0.0,0.0,1.0,0.0,0.0,0.0,0.0,0.0,32.0,1.0,14906949.0,264015337.0,15004190.0,23893374.0,628018903.0,712.0,2773748730.0,0.0,1.0,1.0,0.0,1.0,0.0,0.0,1.0,1.0,1.0,1.0,2.0,1.0,0.0,0.0,0.0,2.0,0.0,0.0,1.0,1.0,3.0,50.0,50.0,1.0,0.0,0.0,0.0,0.0,0.0,0.0,0.0,0.0,0.0,0.0,2.0,2.0,0.0,1.0,1.0,0.0,1.0,0.0,0.0,0.0,0.0,0.0,1.0,0.0,0.0,1.0,0.0,0.0,0.0,1.0,11.0,0.0,0.0,0.0,0.0,0.0,12.0,0.0,0.0,0.0,0.0,0.0,0.0,0.0,0.0,0.0,1.0,1.0,0.0,0.0,0.0,0.0,1.0,1.0,1.0,0.0,0.0,0.0,0.0,0.0,0.0,1.0,1.0,0.0,0.0,0.0,0.0,0.0,1.0,1.0,0.0,1382730567.0,600.0,600.0,1347.0,1347.0,1382.0,0.0,87.0,20791.0,21843.0,21809.0,56.0,0.0,0.0,0.0,74.0,0.0,0.0,31.0,35.0,34.0,7.0,29.0,248736704.0,0.0,1740941408.0,30575662528.0,178402208.0,0.0,0.0,712.0,0.0,0.0,861.0,68.0,999.0
533,0.0,1.0,0.0,1.0,0.0,806400.0,1.0,408000000.0,1.0,665600000.0,0.242073059082,8500.0,914.0,2591.0,40166.6666667,41000.0,42000.0,99.0,25.0,64.0,896.0,5000.0,0.0,25.0,1000000.0,950000.0,1.0,0.0,0.0,10.0,0.0,0.0,100.0,500.0,26209703.0,609058665.0,612456108.0,0.0,0.0,0.0,0.0,0.0,1.0,1.0,1.0,1.0,1.0,0.0,0.0,1.0,0.0,0.0,0.0,0.0,0.0,34.0,1.0,14925774.0,285472257.0,14926150.0,24853208.0,622267748.0,875.0,2803602649.0,0.0,1.0,1.0,0.0,1.0,0.0,0.0,1.0,1.0,1.0,1.0,2.0,1.0,0.0,0.0,0.0,2.0,0.0,0.0,1.0,1.0,3.0,50.0,50.0,1.0,0.0,0.0,0.0,0.0,0.0,0.0,0.0,0.0,0.0,0.0,2.0,2.0,0.0,1.0,1.0,0.0,1.0,0.0,0.0,0.0,0.0,0.0,1.0,0.0,0.0,1.0,0.0,0.0,0.0,1.0,10.0,0.0,0.0,0.0,0.0,0.0,11.0,0.0,0.0,0.0,0.0,0.0,0.0,0.0,0.0,0.0,1.0,1.0,0.0,0.0,0.0,0.0,1.0,1.0,1.0,0.0,0.0,0.0,0.0,0.0,0.0,1.0,1.0,0.0,0.0,0.0,0.0,0.0,1.0,1.0,0.0,1377678418.0,629.0,629.0,1456.0,1456.0,1492.0,0.0,91.0,22916.0,22408.0,22367.0,49.0,0.0,0.0,0.0,96.0,0.0,0.0,37.0,42.0,41.0,11.0,35.0,217693280.0,0.0,1817478208.0,21987023040.0,210920416.0,0.0,0.0,875.0,0.0,0.0,1066.0,82.0,1282.0
534,0.0,1.0,0.0,1.0,0.0,806400.0,1.0,408000000.0,1.0,665600000.0,0.241131067276,13110.0,1370.0,4039.0,40125.0,41500.0,42000.0,99.0,25.0,64.0,896.0,5000.0,0.0,25.0,1000000.0,950000.0,1.0,0.0,0.0,10.0,0.0,0.0,100.0,500.0,25236332.0,630438651.0,612710732.0,0.0,0.0,0.0,0.0,0.0,1.0,1.0,1.0,1.0,1.0,0.0,0.0,1.0,0.0,0.0,0.0,0.0,0.0,32.0,1.0,15707338.0,277421736.0,15545683.0,26487767.0,648982266.0,919.0,2956604145.0,0.0,1.0,1.0,0.0,1.0,0.0,0.0,1.0,1.0,1.0,1.0,2.0,1.0,0.0,0.0,0.0,2.0,0.0,0.0,1.0,1.0,3.0,50.0,50.0,1.0,0.0,0.0,0.0,0.0,0.0,0.0,0.0,0.0,0.0,0.0,2.0,2.0,0.0,1.0,1.0,0.0,1.0,0.0,0.0,0.0,0.0,0.0,1.0,0.0,0.0,1.0,0.0,0.0,0.0,1.0,10.0,0.0,0.0,0.0,0.0,0.0,11.0,0.0,0.0,0.0,0.0,0.0,0.0,0.0,0.0,0.0,1.0,1.0,0.0,0.0,0.0,0.0,1.0,1.0,1.0,0.0,0.0,0.0,0.0,0.0,0.0,1.0,1.0,0.0,0.0,0.0,0.0,0.0,1.0,1.0,0.0,1384455991.0,733.0,733.0,1567.0,1567.0,1612.0,0.0,106.0,23123.0,22489.0,22448.0,81.0,0.0,0.0,0.0,110.0,0.0,0.0,37.0,42.0,41.0,10.0,35.0,242605408.0,0.0,1997345248.0,27274763904.0,301339200.0,0.0,0.0,919.0,0.0,0.0,1097.0,82.0,1383.0
535,0.0,1.0,0.0,1.0,0.0,806400.0,1.0,408000000.0,1.0,665600000.0,0.24380612373399999,12844.0,1447.0,3962.0,40250.0,41000.0,42250.0,99.0,25.0,64.0,896.0,5000.0,0.0,25.0,1000000.0,950000.0,1.0,0.0,0.0,10.0,0.0,0.0,100.0,500.0,26476883.0,624622412.0,619149188.0,0.0,0.0,0.0,0.0,0.0,1.0,1.0,1.0,1.0,1.0,0.0,0.0,1.0,0.0,0.0,0.0,0.0,0.0,34.0,1.0,15764140.0,275525068.0,15449798.0,26335131.0,624645383.0,920.0,2834207418.0,0.0,1.0,1.0,0.0,1.0,0.0,0.0,1.0,1.0,1.0,1.0,2.0,1.0,0.0,0.0,0.0,2.0,0.0,0.0,1.0,1.0,3.0,50.0,50.0,1.0,0.0,0.0,0.0,0.0,0.0,0.0,0.0,0.0,0.0,0.0,2.0,2.0,0.0,1.0,1.0,0.0,1.0,0.0,0.0,0.0,0.0,0.0,1.0,0.0,0.0,1.0,0.0,0.0,0.0,1.0,10.0,0.0,0.0,0.0,0.0,0.0,11.0,0.0,0.0,0.0,0.0,0.0,0.0,0.0,0.0,0.0,1.0,1.0,0.0,0.0,0.0,0.0,1.0,1.0,1.0,0.0,0.0,0.0,0.0,0.0,0.0,1.0,1.0,0.0,0.0,0.0,0.0,0.0,1.0,1.0,0.0,1350927840.0,676.0,676.0,1433.0,1433.0,1473.0,0.0,88.0,23184.0,22451.0,22410.0,130.0,0.0,0.0,0.0,88.0,0.0,0.0,37.0,42.0,41.0,16.0,35.0,19446848.0,0.0,1836222816.0,138074884352.0,289026752.0,0.0,0.0,920.0,0.0,0.0,1140.0,82.0,1358.0
536,0.0,1.0,0.0,1.0,0.0,806400.0,1.0,408000000.0,1.0,665600000.0,0.241777896881,8385.0,990.0,2362.0,40250.0,40750.0,42000.0,74.0,25.0,64.0,896.0,5000.0,0.0,25.0,1000000.0,950000.0,1.0,1.0,0.0,10.0,0.0,0.0,100.0,500.0,24101120.0,593893590.0,592905215.0,0.0,0.0,0.0,0.0,0.0,1.0,1.0,1.0,1.0,1.0,0.0,0.0,1.0,0.0,0.0,0.0,0.0,0.0,34.0,1.0,15264358.0,283115765.0,15344418.0,22423147.0,606613619.0,664.0,2718075343.0,0.0,1.0,1.0,0.0,1.0,0.0,0.0,1.0,1.0,1.0,1.0,2.0,1.0,0.0,0.0,0.0,2.0,0.0,0.0,1.0,1.0,3.0,50.0,50.0,1.0,0.0,0.0,0.0,0.0,0.0,0.0,0.0,0.0,0.0,0.0,2.0,2.0,0.0,1.0,1.0,0.0,1.0,0.0,0.0,0.0,0.0,0.0,1.0,0.0,0.0,1.0,0.0,0.0,0.0,1.0,10.0,0.0,0.0,0.0,0.0,0.0,11.0,0.0,0.0,0.0,0.0,0.0,0.0,0.0,0.0,0.0,1.0,1.0,0.0,0.0,0.0,0.0,1.0,1.0,1.0,0.0,0.0,0.0,0.0,0.0,0.0,1.0,1.0,0.0,0.0,0.0,0.0,0.0,1.0,1.0,0.0,1338510918.0,538.0,538.0,1452.0,1452.0,1494.0,0.0,75.0,21504.0,21829.0,21795.0,46.0,0.0,0.0,0.0,63.0,0.0,0.0,31.0,35.0,34.0,10.0,29.0,269304416.0,0.0,1797414048.0,17615609536.0,222450048.0,0.0,0.0,664.0,0.0,0.0,774.0,68.0,921.0
537,0.0,1.0,0.0,1.0,0.0,806400.0,1.0,408000000.0,1.0,665600000.0,0.23936510086100002,13034.0,1447.0,4420.0,40166.6666667,41166.6666667,42166.6666667,74.0,25.0,64.0,896.0,5000.0,0.0,25.0,1000000.0,950000.0,1.0,1.0,0.0,10.0,0.0,0.0,100.0,500.0,28803445.0,625749964.0,638804237.0,0.0,0.0,0.0,0.0,0.0,1.0,1.0,1.0,1.0,1.0,0.0,0.0,1.0,0.0,0.0,0.0,0.0,0.0,31.0,1.0,16417625.0,294628939.0,16407637.0,26097598.0,645130954.0,906.0,3053060736.0,0.0,1.0,1.0,0.0,1.0,0.0,0.0,1.0,1.0,1.0,1.0,2.0,1.0,0.0,0.0,0.0,2.0,0.0,0.0,1.0,1.0,3.0,50.0,50.0,1.0,0.0,0.0,0.0,0.0,0.0,0.0,0.0,0.0,0.0,0.0,2.0,2.0,0.0,1.0,1.0,0.0,1.0,0.0,0.0,0.0,0.0,0.0,1.0,0.0,0.0,1.0,0.0,0.0,0.0,1.0,11.0,0.0,0.0,0.0,0.0,0.0,12.0,0.0,0.0,0.0,0.0,0.0,0.0,0.0,0.0,0.0,1.0,1.0,0.0,0.0,0.0,0.0,1.0,1.0,1.0,0.0,0.0,0.0,0.0,0.0,0.0,1.0,1.0,0.0,0.0,0.0,0.0,0.0,1.0,1.0,0.0,1395117849.0,581.0,581.0,1543.0,1543.0,1585.0,0.0,116.0,23910.0,22868.0,22820.0,56.0,0.0,0.0,0.0,97.0,0.0,0.0,43.0,49.0,48.0,14.0,41.0,233946944.0,0.0,1859988288.0,21524984480.0,238689632.0,0.0,0.0,906.0,0.0,0.0,1092.0,96.0,1327.0
538,0.0,1.0,0.0,1.0,0.0,806400.0,1.0,408000000.0,1.0,665600000.0,0.24040198326099999,8347.0,914.0,2514.0,40000.0,41250.0,42000.0,74.0,25.0,64.0,896.0,5000.0,0.0,25.0,1000000.0,950000.0,1.0,1.0,0.0,10.0,0.0,0.0,100.0,500.0,23082286.0,593843318.0,591765882.0,0.0,0.0,0.0,0.0,0.0,1.0,1.0,1.0,1.0,1.0,0.0,0.0,1.0,0.0,0.0,0.0,0.0,0.0,30.0,1.0,14855711.0,271937215.0,14998760.0,22854837.0,619324282.0,682.0,2708527108.0,0.0,1.0,1.0,0.0,1.0,0.0,0.0,1.0,1.0,1.0,1.0,2.0,1.0,0.0,0.0,0.0,2.0,0.0,0.0,1.0,1.0,3.0,50.0,50.0,1.0,0.0,0.0,0.0,0.0,0.0,0.0,0.0,0.0,0.0,0.0,2.0,2.0,0.0,1.0,1.0,0.0,1.0,0.0,0.0,0.0,0.0,0.0,1.0,0.0,0.0,1.0,0.0,0.0,0.0,1.0,10.0,0.0,0.0,0.0,0.0,0.0,11.0,0.0,0.0,0.0,0.0,0.0,0.0,0.0,0.0,0.0,1.0,1.0,0.0,0.0,0.0,0.0,1.0,1.0,1.0,0.0,0.0,0.0,0.0,0.0,0.0,1.0,1.0,0.0,0.0,0.0,0.0,0.0,1.0,1.0,0.0,1368819443.0,574.0,574.0,1425.0,1425.0,1465.0,0.0,86.0,21410.0,21947.0,21913.0,60.0,0.0,0.0,0.0,78.0,0.0,0.0,31.0,35.0,34.0,8.0,29.0,119984832.0,0.0,1801586912.0,23659180800.0,134042144.0,0.0,0.0,682.0,0.0,0.0,818.0,68.0,1026.0
539,0.0,1.0,0.0,1.0,0.0,499200.0,1.0,854250000.0,1.0,102000000.0,0.870264053345,17498.0,1978.0,5410.0,40107.1428571,40642.8571429,42000.0,100.0,25.0,64.0,896.0,5000.0,0.0,25.0,1000000.0,950000.0,1.0,0.0,0.0,10.0,0.0,0.0,0.0,100.0,42155992.0,901822536.0,823041480.0,0.0,0.0,0.0,0.0,0.0,1.0,1.0,1.0,1.0,1.0,0.0,0.0,1.0,0.0,0.0,0.0,0.0,0.0,34.0,1.0,24666086.0,327305031.0,25295910.0,43775633.0,916286287.0,2259.0,11923835038.0,0.0,1.0,1.0,0.0,1.0,0.0,0.0,1.0,1.0,1.0,1.0,2.0,1.0,0.0,0.0,0.0,2.0,0.0,0.0,1.0,1.0,3.0,50.0,50.0,1.0,0.0,0.0,0.0,0.0,0.0,0.0,0.0,0.0,0.0,0.0,2.0,2.0,0.0,1.0,1.0,0.0,1.0,0.0,0.0,0.0,0.0,0.0,1.0,0.0,0.0,1.0,0.0,0.0,0.0,1.0,11.0,0.0,0.0,0.0,0.0,0.0,12.0,0.0,0.0,0.0,0.0,0.0,0.0,0.0,0.0,0.0,1.0,1.0,0.0,0.0,0.0,0.0,1.0,1.0,1.0,0.0,0.0,0.0,0.0,0.0,0.0,1.0,1.0,0.0,0.0,0.0,0.0,0.0,1.0,1.0,0.0,1702637950.0,2814.0,2814.0,5048.0,5048.0,5098.0,0.0,285.0,32223.0,25686.0,25602.0,90.0,0.0,0.0,0.0,300.0,0.0,0.0,79.0,85.0,84.0,30.0,77.0,770555040.0,0.0,8320956608.0,101714539712.0,1368086048.0,0.0,0.0,2259.0,0.0,0.0,2761.0,168.0,3366.0
540,0.0,1.0,0.0,1.0,0.0,499200.0,1.0,854250000.0,1.0,102000000.0,0.8771970272059999,23711.0,2665.0,6706.0,40000.0,41000.0,42000.0,100.0,25.0,64.0,896.0,5000.0,0.0,25.0,1000000.0,950000.0,1.0,0.0,0.0,10.0,0.0,0.0,0.0,100.0,37987541.0,840980857.0,792094467.0,0.0,0.0,0.0,0.0,0.0,1.0,1.0,1.0,1.0,1.0,0.0,0.0,1.0,0.0,0.0,0.0,0.0,0.0,35.0,1.0,24081748.0,314173269.0,24393112.0,39968749.0,865368287.0,1860.0,11359927750.0,0.0,1.0,1.0,0.0,1.0,0.0,0.0,1.0,1.0,1.0,1.0,2.0,1.0,0.0,0.0,0.0,2.0,0.0,0.0,1.0,1.0,3.0,50.0,50.0,1.0,0.0,0.0,0.0,0.0,0.0,0.0,0.0,0.0,0.0,0.0,2.0,2.0,0.0,1.0,1.0,0.0,1.0,0.0,0.0,0.0,0.0,0.0,1.0,0.0,0.0,1.0,0.0,0.0,0.0,1.0,11.0,0.0,0.0,0.0,0.0,0.0,12.0,0.0,0.0,0.0,0.0,0.0,0.0,0.0,0.0,0.0,1.0,1.0,0.0,0.0,0.0,0.0,1.0,1.0,1.0,0.0,0.0,0.0,0.0,0.0,0.0,1.0,1.0,0.0,0.0,0.0,0.0,0.0,1.0,1.0,0.0,1620660070.0,2325.0,2325.0,4545.0,4545.0,4590.0,0.0,221.0,29116.0,24773.0,24701.0,122.0,0.0,0.0,0.0,280.0,0.0,0.0,67.0,73.0,72.0,25.0,65.0,1015906496.0,0.0,7891119296.0,122698454592.0,1354919232.0,0.0,0.0,1860.0,0.0,0.0,2267.0,144.0,2818.0
541,0.0,1.0,0.0,1.0,0.0,499200.0,1.0,854250000.0,1.0,102000000.0,0.8492498397830001,11017.0,1447.0,3505.0,39812.5,40750.0,42000.0,100.0,25.0,64.0,896.0,5000.0,0.0,25.0,1000000.0,950000.0,1.0,0.0,0.0,10.0,0.0,0.0,0.0,100.0,29894880.0,789058009.0,713584726.0,0.0,0.0,0.0,0.0,0.0,1.0,1.0,1.0,1.0,1.0,0.0,0.0,1.0,0.0,0.0,0.0,0.0,0.0,30.0,1.0,22393403.0,287376450.0,22444626.0,33563674.0,815588042.0,1438.0,10285883824.0,0.0,1.0,1.0,0.0,1.0,0.0,0.0,1.0,1.0,1.0,1.0,2.0,1.0,0.0,0.0,0.0,2.0,0.0,0.0,1.0,1.0,3.0,50.0,50.0,1.0,0.0,0.0,0.0,0.0,0.0,0.0,0.0,0.0,0.0,0.0,2.0,2.0,0.0,1.0,1.0,0.0,1.0,0.0,0.0,0.0,0.0,0.0,1.0,0.0,0.0,1.0,0.0,0.0,0.0,1.0,11.0,0.0,0.0,0.0,0.0,0.0,12.0,0.0,0.0,0.0,0.0,0.0,0.0,0.0,0.0,0.0,1.0,1.0,0.0,0.0,0.0,0.0,1.0,1.0,1.0,0.0,0.0,0.0,0.0,0.0,0.0,1.0,1.0,0.0,0.0,0.0,0.0,0.0,1.0,1.0,0.0,1560919890.0,2135.0,2135.0,4274.0,4274.0,4321.0,0.0,205.0,26243.0,23528.0,23475.0,71.0,0.0,0.0,0.0,234.0,0.0,0.0,49.0,54.0,53.0,24.0,47.0,928944768.0,0.0,6980377056.0,80278565216.0,1031806272.0,0.0,0.0,1438.0,0.0,0.0,1840.0,106.0,2286.0
542,0.0,1.0,0.0,1.0,0.0,499200.0,1.0,854250000.0,1.0,102000000.0,0.840812921524,17231.0,1981.0,5183.0,40250.0,40833.3333333,42000.0,95.0,25.0,64.0,896.0,5000.0,0.0,25.0,1000000.0,950000.0,1.0,1.0,0.0,10.0,0.0,0.0,0.0,100.0,33593092.0,808251214.0,748208496.0,0.0,0.0,0.0,0.0,0.0,1.0,1.0,1.0,1.0,1.0,0.0,0.0,1.0,0.0,0.0,0.0,0.0,0.0,32.0,1.0,22763889.0,293783549.0,22946641.0,35073671.0,828835966.0,1652.0,10811081595.0,0.0,1.0,1.0,0.0,1.0,0.0,0.0,1.0,1.0,1.0,1.0,2.0,1.0,0.0,0.0,0.0,2.0,0.0,0.0,1.0,1.0,3.0,50.0,50.0,1.0,0.0,0.0,0.0,0.0,0.0,0.0,0.0,0.0,0.0,0.0,2.0,2.0,0.0,1.0,1.0,0.0,1.0,0.0,0.0,0.0,0.0,0.0,1.0,0.0,0.0,1.0,0.0,0.0,0.0,1.0,11.0,0.0,0.0,0.0,0.0,0.0,12.0,0.0,0.0,0.0,0.0,0.0,0.0,0.0,0.0,0.0,1.0,1.0,0.0,0.0,0.0,0.0,1.0,1.0,1.0,0.0,0.0,0.0,0.0,0.0,0.0,1.0,1.0,0.0,0.0,0.0,0.0,0.0,1.0,1.0,0.0,1578885344.0,2065.0,2065.0,4438.0,4438.0,4487.0,0.0,219.0,27341.0,24147.0,24088.0,79.0,0.0,0.0,0.0,250.0,0.0,0.0,55.0,60.0,59.0,21.0,53.0,717246016.0,2985312.0,7192471232.0,124458301632.0,1234199680.0,0.0,0.0,1652.0,0.0,0.0,2114.0,118.0,2643.0
543,0.0,1.0,0.0,1.0,0.0,499200.0,1.0,854250000.0,1.0,102000000.0,0.885100126266,13839.0,1676.0,3963.0,40062.5,40625.0,41875.0,95.0,25.0,64.0,896.0,5000.0,0.0,25.0,1000000.0,950000.0,1.0,1.0,0.0,10.0,0.0,0.0,0.0,100.0,36830657.0,830058782.0,751364523.0,0.0,0.0,0.0,0.0,0.0,1.0,1.0,1.0,1.0,1.0,0.0,0.0,1.0,0.0,0.0,0.0,0.0,0.0,37.0,1.0,22824149.0,311876515.0,23479588.0,37406440.0,856016143.0,2429.0,11226084363.0,0.0,1.0,1.0,0.0,1.0,0.0,0.0,1.0,1.0,1.0,1.0,2.0,1.0,0.0,0.0,0.0,2.0,0.0,0.0,1.0,1.0,3.0,50.0,50.0,1.0,0.0,0.0,0.0,0.0,0.0,0.0,0.0,0.0,0.0,0.0,2.0,2.0,0.0,1.0,1.0,0.0,1.0,0.0,0.0,0.0,0.0,0.0,1.0,0.0,0.0,1.0,0.0,0.0,0.0,1.0,11.0,0.0,0.0,0.0,0.0,0.0,12.0,0.0,0.0,0.0,0.0,0.0,0.0,0.0,0.0,0.0,1.0,1.0,0.0,0.0,0.0,0.0,1.0,1.0,1.0,0.0,0.0,0.0,0.0,0.0,0.0,1.0,1.0,0.0,0.0,0.0,0.0,0.0,1.0,1.0,0.0,1638462319.0,3191.0,3191.0,4724.0,4724.0,4759.0,0.0,196.0,27596.0,24030.0,23971.0,99.0,0.0,0.0,0.0,260.0,0.0,0.0,55.0,60.0,59.0,29.0,53.0,1163555840.0,0.0,8036279616.0,99235140192.0,1237366272.0,0.0,0.0,2429.0,0.0,0.0,2910.0,118.0,3525.0
544,0.0,1.0,0.0,1.0,0.0,499200.0,1.0,854250000.0,1.0,102000000.0,0.910369873047,10522.0,1294.0,3353.0,39916.6666667,40666.6666667,41833.3333333,95.0,25.0,64.0,896.0,5000.0,0.0,25.0,1000000.0,950000.0,1.0,1.0,0.0,10.0,0.0,0.0,0.0,100.0,31826266.0,802330359.0,734292325.0,0.0,0.0,0.0,0.0,0.0,1.0,1.0,1.0,1.0,1.0,0.0,0.0,1.0,0.0,0.0,0.0,0.0,0.0,44.0,1.0,21741602.0,290651813.0,22086862.0,33591311.0,816952853.0,2154.0,10455365243.0,0.0,1.0,1.0,0.0,1.0,0.0,0.0,1.0,1.0,1.0,1.0,2.0,1.0,0.0,0.0,0.0,2.0,0.0,0.0,1.0,1.0,3.0,50.0,50.0,1.0,0.0,0.0,0.0,0.0,0.0,0.0,0.0,0.0,0.0,0.0,2.0,2.0,0.0,1.0,1.0,0.0,1.0,0.0,0.0,0.0,0.0,0.0,1.0,0.0,0.0,1.0,0.0,0.0,0.0,1.0,11.0,0.0,0.0,0.0,0.0,0.0,12.0,0.0,0.0,0.0,0.0,0.0,0.0,0.0,0.0,0.0,1.0,1.0,0.0,0.0,0.0,0.0,1.0,1.0,1.0,0.0,0.0,0.0,0.0,0.0,0.0,1.0,1.0,0.0,0.0,0.0,0.0,0.0,1.0,1.0,0.0,1559593034.0,2694.0,2694.0,4033.0,4033.0,4064.0,0.0,153.0,25442.0,23401.0,23354.0,56.0,0.0,0.0,0.0,208.0,0.0,0.0,43.0,48.0,47.0,23.0,41.0,657035520.0,0.0,6962622560.0,95681445792.0,1301196800.0,0.0,0.0,2154.0,0.0,0.0,2505.0,94.0,3048.0
545,0.0,1.0,0.0,1.0,0.0,499200.0,1.0,854250000.0,1.0,102000000.0,0.8214259147640001,10751.0,1371.0,3505.0,40000.0,40666.6666667,41833.3333333,71.0,25.0,64.0,896.0,5000.0,0.0,25.0,1000000.0,950000.0,1.0,0.0,0.0,10.0,0.0,0.0,0.0,500.0,29596721.0,782814764.0,719950288.0,0.0,0.0,0.0,0.0,0.0,1.0,1.0,1.0,1.0,1.0,0.0,0.0,1.0,0.0,0.0,0.0,0.0,0.0,32.0,1.0,22507994.0,286465721.0,22803148.0,30186409.0,805194629.0,1449.0,10622005008.0,0.0,1.0,1.0,0.0,1.0,0.0,0.0,1.0,1.0,1.0,1.0,2.0,1.0,0.0,0.0,0.0,2.0,0.0,0.0,1.0,1.0,3.0,50.0,50.0,1.0,0.0,0.0,0.0,0.0,0.0,0.0,0.0,0.0,0.0,0.0,2.0,2.0,0.0,1.0,1.0,0.0,1.0,0.0,0.0,0.0,0.0,0.0,1.0,0.0,0.0,1.0,0.0,0.0,0.0,1.0,11.0,0.0,0.0,0.0,0.0,0.0,12.0,0.0,0.0,0.0,0.0,0.0,0.0,0.0,0.0,0.0,1.0,1.0,0.0,0.0,0.0,0.0,1.0,1.0,1.0,0.0,0.0,0.0,0.0,0.0,0.0,1.0,1.0,0.0,0.0,0.0,0.0,0.0,1.0,1.0,0.0,1532777200.0,1995.0,1995.0,4142.0,4142.0,4176.0,0.0,180.0,24946.0,23155.0,23110.0,69.0,0.0,0.0,0.0,217.0,0.0,0.0,43.0,46.0,45.0,21.0,41.0,629912224.0,0.0,6782975904.0,67922870240.0,1052367360.0,0.0,0.0,1449.0,0.0,0.0,1810.0,90.0,2091.0
546,0.0,1.0,0.0,1.0,0.0,499200.0,1.0,854250000.0,1.0,102000000.0,0.837826013565,14487.0,1598.0,4724.0,39700.0,40600.0,41700.0,71.0,25.0,64.0,896.0,5000.0,0.0,25.0,1000000.0,950000.0,1.0,0.0,0.0,10.0,0.0,0.0,0.0,500.0,35327150.0,824752167.0,775727148.0,0.0,0.0,0.0,0.0,0.0,1.0,1.0,1.0,1.0,1.0,0.0,0.0,1.0,0.0,0.0,0.0,0.0,0.0,36.0,1.0,23113173.0,316245488.0,23380442.0,35448116.0,865117294.0,1614.0,11362669538.0,0.0,1.0,1.0,0.0,1.0,0.0,0.0,1.0,1.0,1.0,1.0,2.0,1.0,0.0,0.0,0.0,2.0,0.0,0.0,1.0,1.0,3.0,50.0,50.0,1.0,0.0,0.0,0.0,0.0,0.0,0.0,0.0,0.0,0.0,0.0,2.0,2.0,0.0,1.0,1.0,0.0,1.0,0.0,0.0,0.0,0.0,0.0,1.0,0.0,0.0,1.0,0.0,0.0,0.0,1.0,11.0,0.0,0.0,0.0,0.0,0.0,12.0,0.0,0.0,0.0,0.0,0.0,0.0,0.0,0.0,0.0,1.0,1.0,0.0,0.0,0.0,0.0,1.0,1.0,1.0,0.0,0.0,0.0,0.0,0.0,0.0,1.0,1.0,0.0,0.0,0.0,0.0,0.0,1.0,1.0,0.0,1633564933.0,2227.0,2227.0,4403.0,4403.0,4452.0,0.0,218.0,29220.0,24391.0,24326.0,93.0,0.0,0.0,0.0,238.0,0.0,0.0,61.0,66.0,65.0,31.0,59.0,821011520.0,358336.0,7612084800.0,114551750112.0,1263114784.0,0.0,0.0,1614.0,0.0,0.0,2069.0,130.0,2581.0
547,0.0,1.0,0.0,1.0,0.0,499200.0,1.0,854250000.0,1.0,102000000.0,0.891578912735,17385.0,1980.0,5030.0,40166.6666667,40666.6666667,41500.0,71.0,25.0,64.0,896.0,5000.0,0.0,25.0,1000000.0,950000.0,1.0,0.0,0.0,10.0,0.0,0.0,0.0,500.0,32959541.0,812316807.0,752728219.0,0.0,0.0,0.0,0.0,0.0,1.0,1.0,1.0,1.0,1.0,0.0,0.0,1.0,0.0,0.0,0.0,0.0,0.0,36.0,1.0,22139668.0,306114755.0,22982756.0,35708273.0,831188544.0,1611.0,10608472741.0,0.0,1.0,1.0,0.0,1.0,0.0,0.0,1.0,1.0,1.0,1.0,2.0,1.0,0.0,0.0,0.0,2.0,0.0,0.0,1.0,1.0,3.0,50.0,50.0,1.0,0.0,0.0,0.0,0.0,0.0,0.0,0.0,0.0,0.0,0.0,2.0,2.0,0.0,1.0,1.0,0.0,1.0,0.0,0.0,0.0,0.0,0.0,1.0,0.0,0.0,1.0,0.0,0.0,0.0,1.0,11.0,0.0,0.0,0.0,0.0,0.0,12.0,0.0,0.0,0.0,0.0,0.0,0.0,0.0,0.0,0.0,1.0,1.0,0.0,0.0,0.0,0.0,1.0,1.0,1.0,0.0,0.0,0.0,0.0,0.0,0.0,1.0,1.0,0.0,0.0,0.0,0.0,0.0,1.0,1.0,0.0,1585446655.0,2168.0,2168.0,4339.0,4339.0,4375.0,0.0,209.0,26846.0,23939.0,23881.0,95.0,0.0,0.0,0.0,242.0,0.0,0.0,55.0,59.0,58.0,27.0,53.0,1025767968.0,0.0,7333844448.0,81732664288.0,1082739936.0,0.0,0.0,1611.0,0.0,0.0,2036.0,116.0,2416.0
548,0.0,1.0,0.0,1.0,0.0,499200.0,1.0,854250000.0,1.0,102000000.0,0.840444087982,10751.0,1447.0,3429.0,39916.6666667,40666.6666667,41833.3333333,96.0,25.0,64.0,896.0,5000.0,0.0,25.0,1000000.0,950000.0,1.0,1.0,0.0,10.0,0.0,0.0,0.0,500.0,30162143.0,796573140.0,744006964.0,0.0,0.0,0.0,0.0,0.0,1.0,1.0,1.0,1.0,1.0,0.0,0.0,1.0,0.0,0.0,0.0,0.0,0.0,35.0,1.0,21738934.0,305726224.0,22266833.0,31295089.0,818233887.0,1855.0,10697790238.0,0.0,1.0,1.0,0.0,1.0,0.0,0.0,1.0,1.0,1.0,1.0,2.0,1.0,0.0,0.0,0.0,2.0,0.0,0.0,1.0,1.0,3.0,50.0,50.0,1.0,0.0,0.0,0.0,0.0,0.0,0.0,0.0,0.0,0.0,0.0,2.0,2.0,0.0,1.0,1.0,0.0,1.0,0.0,0.0,0.0,0.0,0.0,1.0,0.0,0.0,1.0,0.0,0.0,0.0,1.0,11.0,0.0,0.0,0.0,0.0,0.0,12.0,0.0,0.0,0.0,0.0,0.0,0.0,0.0,0.0,0.0,1.0,1.0,0.0,0.0,0.0,0.0,1.0,1.0,1.0,0.0,0.0,0.0,0.0,0.0,0.0,1.0,1.0,0.0,0.0,0.0,0.0,0.0,1.0,1.0,0.0,1536377390.0,2524.0,2524.0,4056.0,4056.0,4101.0,0.0,171.0,24819.0,23226.0,23180.0,75.0,0.0,0.0,0.0,185.0,0.0,0.0,43.0,47.0,46.0,18.0,41.0,561070528.0,0.0,7019095840.0,74435542560.0,1110124864.0,0.0,0.0,1855.0,0.0,0.0,2181.0,92.0,2701.0
549,0.0,1.0,0.0,1.0,0.0,499200.0,1.0,854250000.0,1.0,102000000.0,0.86817407608,10789.0,1371.0,3505.0,39833.3333333,40500.0,41833.3333333,96.0,25.0,64.0,896.0,5000.0,0.0,25.0,1000000.0,950000.0,1.0,1.0,0.0,10.0,0.0,0.0,0.0,500.0,28696248.0,775017550.0,718869242.0,0.0,0.0,0.0,0.0,0.0,1.0,1.0,1.0,1.0,1.0,0.0,0.0,1.0,0.0,0.0,0.0,0.0,0.0,32.0,1.0,22133296.0,289748019.0,22581081.0,31516053.0,805797126.0,1273.0,10473550190.0,0.0,1.0,1.0,0.0,1.0,0.0,0.0,1.0,1.0,1.0,1.0,2.0,1.0,0.0,0.0,0.0,2.0,0.0,0.0,1.0,1.0,3.0,50.0,50.0,1.0,0.0,0.0,0.0,0.0,0.0,0.0,0.0,0.0,0.0,0.0,2.0,2.0,0.0,1.0,1.0,0.0,1.0,0.0,0.0,0.0,0.0,0.0,1.0,0.0,0.0,1.0,0.0,0.0,0.0,1.0,11.0,0.0,0.0,0.0,0.0,0.0,12.0,0.0,0.0,0.0,0.0,0.0,0.0,0.0,0.0,0.0,1.0,1.0,0.0,0.0,0.0,0.0,1.0,1.0,1.0,0.0,0.0,0.0,0.0,0.0,0.0,1.0,1.0,0.0,0.0,0.0,0.0,0.0,1.0,1.0,0.0,1535167991.0,1859.0,1859.0,3782.0,3782.0,3826.0,0.0,188.0,24947.0,23139.0,23093.0,57.0,0.0,0.0,0.0,190.0,0.0,0.0,43.0,47.0,46.0,19.0,41.0,441499840.0,0.0,6725248320.0,104006006656.0,967373056.0,0.0,0.0,1273.0,0.0,0.0,1627.0,92.0,1964.0
550,0.0,1.0,0.0,1.0,0.0,499200.0,1.0,854250000.0,1.0,102000000.0,0.8592500686650001,20548.0,2360.0,5792.0,39833.3333333,40500.0,41666.6666667,96.0,25.0,64.0,896.0,5000.0,0.0,25.0,1000000.0,950000.0,1.0,1.0,0.0,10.0,0.0,0.0,0.0,500.0,35757641.0,845739502.0,776110658.0,0.0,0.0,0.0,0.0,0.0,1.0,1.0,1.0,1.0,1.0,0.0,0.0,1.0,0.0,0.0,0.0,0.0,0.0,32.0,1.0,22264950.0,318262545.0,22488532.0,37829341.0,855648227.0,1943.0,11430998308.0,0.0,1.0,1.0,0.0,1.0,0.0,0.0,1.0,1.0,1.0,1.0,2.0,1.0,0.0,0.0,0.0,2.0,0.0,0.0,1.0,1.0,3.0,50.0,50.0,1.0,0.0,0.0,0.0,0.0,0.0,0.0,0.0,0.0,0.0,0.0,2.0,2.0,0.0,1.0,1.0,0.0,1.0,0.0,0.0,0.0,0.0,0.0,1.0,0.0,0.0,1.0,0.0,0.0,0.0,1.0,11.0,0.0,0.0,0.0,0.0,0.0,12.0,0.0,0.0,0.0,0.0,0.0,0.0,0.0,0.0,0.0,1.0,1.0,0.0,0.0,0.0,0.0,1.0,1.0,1.0,0.0,0.0,0.0,0.0,0.0,0.0,1.0,1.0,0.0,0.0,0.0,0.0,0.0,1.0,1.0,0.0,1626502544.0,2642.0,2642.0,4874.0,4874.0,4906.0,0.0,176.0,28767.0,24503.0,24438.0,144.0,0.0,0.0,0.0,244.0,0.0,0.0,61.0,66.0,65.0,27.0,59.0,1169524672.0,0.0,8234703328.0,134072056256.0,1128733728.0,0.0,0.0,1943.0,0.0,0.0,2498.0,130.0,3065.0
551,0.0,1.0,0.0,1.0,0.0,499200.0,1.0,854250000.0,1.0,102000000.0,0.8858919143680001,10560.0,1218.0,3429.0,39916.6666667,40500.0,41666.6666667,90.0,25.0,64.0,896.0,5000.0,0.0,25.0,1000000.0,950000.0,1.0,0.0,0.0,10.0,0.0,0.0,100.0,100.0,31539892.0,797346375.0,730150148.0,0.0,0.0,0.0,0.0,0.0,1.0,1.0,1.0,1.0,1.0,0.0,0.0,1.0,0.0,0.0,0.0,0.0,0.0,32.0,1.0,20025340.0,300740638.0,20800481.0,31783542.0,817095821.0,1946.0,9902239375.0,0.0,1.0,1.0,0.0,1.0,0.0,0.0,1.0,1.0,1.0,1.0,2.0,1.0,0.0,0.0,0.0,2.0,0.0,0.0,1.0,1.0,3.0,50.0,50.0,1.0,0.0,0.0,0.0,0.0,0.0,0.0,0.0,0.0,0.0,0.0,2.0,2.0,0.0,1.0,1.0,0.0,1.0,0.0,0.0,0.0,0.0,0.0,1.0,0.0,0.0,1.0,0.0,0.0,0.0,1.0,11.0,0.0,0.0,0.0,0.0,0.0,12.0,0.0,0.0,0.0,0.0,0.0,0.0,0.0,0.0,0.0,1.0,1.0,0.0,0.0,0.0,0.0,1.0,1.0,1.0,0.0,0.0,0.0,0.0,0.0,0.0,1.0,1.0,0.0,0.0,0.0,0.0,0.0,1.0,1.0,0.0,1603040913.0,2578.0,2578.0,4084.0,4084.0,4121.0,0.0,140.0,24622.0,23317.0,23271.0,71.0,0.0,0.0,0.0,220.0,0.0,0.0,43.0,47.0,46.0,18.0,41.0,678325472.0,0.0,6860949984.0,94018015264.0,979502080.0,0.0,0.0,1946.0,0.0,0.0,2407.0,92.0,2864.0
552,0.0,1.0,0.0,1.0,0.0,499200.0,1.0,854250000.0,1.0,102000000.0,0.865568161011,13724.0,1522.0,4038.0,39625.0,40250.0,41625.0,90.0,25.0,64.0,896.0,5000.0,0.0,25.0,1000000.0,950000.0,1.0,0.0,0.0,10.0,0.0,0.0,100.0,100.0,34130211.0,810422300.0,758591655.0,0.0,0.0,0.0,0.0,0.0,1.0,1.0,1.0,1.0,1.0,0.0,0.0,1.0,0.0,0.0,0.0,0.0,0.0,32.0,1.0,21638532.0,318208087.0,21888406.0,34995853.0,825848784.0,1927.0,10312083548.0,0.0,1.0,1.0,0.0,1.0,0.0,0.0,1.0,1.0,1.0,1.0,2.0,1.0,0.0,0.0,0.0,2.0,0.0,0.0,1.0,1.0,3.0,50.0,50.0,1.0,0.0,0.0,0.0,0.0,0.0,0.0,0.0,0.0,0.0,0.0,2.0,2.0,0.0,1.0,1.0,0.0,1.0,0.0,0.0,0.0,0.0,0.0,1.0,0.0,0.0,1.0,0.0,0.0,0.0,1.0,11.0,0.0,0.0,0.0,0.0,0.0,12.0,0.0,0.0,0.0,0.0,0.0,0.0,0.0,0.0,0.0,1.0,1.0,0.0,0.0,0.0,0.0,1.0,1.0,1.0,0.0,0.0,0.0,0.0,0.0,0.0,1.0,1.0,0.0,0.0,0.0,0.0,0.0,1.0,1.0,0.0,1599006489.0,2554.0,2554.0,4352.0,4352.0,4388.0,0.0,222.0,28435.0,24219.0,24160.0,116.0,0.0,0.0,0.0,295.0,0.0,0.0,55.0,60.0,59.0,24.0,53.0,1042359200.0,0.0,7574009152.0,109865824576.0,1193836032.0,0.0,0.0,1927.0,0.0,0.0,2526.0,118.0,3148.0
553,0.0,1.0,0.0,1.0,0.0,499200.0,1.0,854250000.0,1.0,102000000.0,0.8519508838650001,10446.0,1294.0,3201.0,39750.0,40375.0,41500.0,90.0,25.0,64.0,896.0,5000.0,0.0,25.0,1000000.0,950000.0,1.0,0.0,0.0,10.0,0.0,0.0,100.0,100.0,32975241.0,798946006.0,710821589.0,0.0,0.0,0.0,0.0,0.0,1.0,1.0,1.0,1.0,1.0,0.0,0.0,1.0,0.0,0.0,0.0,0.0,0.0,35.0,1.0,21246658.0,286302107.0,21706935.0,35772592.0,802864455.0,1635.0,10241231729.0,0.0,1.0,1.0,0.0,1.0,0.0,0.0,1.0,1.0,1.0,1.0,2.0,1.0,0.0,0.0,0.0,2.0,0.0,0.0,1.0,1.0,3.0,50.0,50.0,1.0,0.0,0.0,0.0,0.0,0.0,0.0,0.0,0.0,0.0,0.0,2.0,2.0,0.0,1.0,1.0,0.0,1.0,0.0,0.0,0.0,0.0,0.0,1.0,0.0,0.0,1.0,0.0,0.0,0.0,1.0,11.0,0.0,0.0,0.0,0.0,0.0,12.0,0.0,0.0,0.0,0.0,0.0,0.0,0.0,0.0,0.0,1.0,1.0,0.0,0.0,0.0,0.0,1.0,1.0,1.0,0.0,0.0,0.0,0.0,0.0,0.0,1.0,1.0,0.0,0.0,0.0,0.0,0.0,1.0,1.0,0.0,1550195157.0,2204.0,2204.0,4139.0,4139.0,4174.0,0.0,148.0,26155.0,23720.0,23666.0,149.0,0.0,0.0,0.0,215.0,0.0,0.0,49.0,55.0,54.0,22.0,47.0,552911104.0,0.0,7265508864.0,133387860064.0,1224936256.0,0.0,0.0,1635.0,0.0,0.0,2030.0,108.0,2652.0
554,0.0,1.0,0.0,1.0,0.0,499200.0,1.0,854250000.0,1.0,102000000.0,0.847088098526,14220.0,1751.0,4496.0,40000.0,40333.3333333,41500.0,86.0,25.0,64.0,896.0,5000.0,0.0,25.0,1000000.0,950000.0,1.0,1.0,0.0,10.0,0.0,0.0,100.0,100.0,31615419.0,790454443.0,730875835.0,0.0,0.0,0.0,0.0,0.0,1.0,1.0,1.0,1.0,1.0,0.0,0.0,1.0,0.0,0.0,0.0,0.0,0.0,32.0,1.0,22889764.0,295699406.0,23651021.0,33462234.0,829882475.0,1546.0,10620736855.0,0.0,1.0,1.0,0.0,1.0,0.0,0.0,1.0,1.0,1.0,1.0,2.0,1.0,0.0,0.0,0.0,2.0,0.0,0.0,1.0,1.0,3.0,50.0,50.0,1.0,0.0,0.0,0.0,0.0,0.0,0.0,0.0,0.0,0.0,0.0,2.0,2.0,0.0,1.0,1.0,0.0,1.0,0.0,0.0,0.0,0.0,0.0,1.0,0.0,0.0,1.0,0.0,0.0,0.0,1.0,11.0,0.0,0.0,0.0,0.0,0.0,12.0,0.0,0.0,0.0,0.0,0.0,0.0,0.0,0.0,0.0,1.0,1.0,0.0,0.0,0.0,0.0,1.0,1.0,1.0,0.0,0.0,0.0,0.0,0.0,0.0,1.0,1.0,0.0,0.0,0.0,0.0,0.0,1.0,1.0,0.0,1582373091.0,2133.0,2133.0,4415.0,4415.0,4460.0,0.0,212.0,26562.0,23664.0,23611.0,82.0,0.0,0.0,0.0,244.0,0.0,0.0,49.0,54.0,53.0,15.0,47.0,864872896.0,0.0,7129514208.0,104347831008.0,1171360512.0,0.0,0.0,1546.0,0.0,0.0,1965.0,106.0,2390.0
555,0.0,1.0,0.0,1.0,0.0,499200.0,1.0,854250000.0,1.0,102000000.0,0.8530519008640001,23861.0,2284.0,6628.0,39833.3333333,40500.0,41500.0,86.0,25.0,64.0,896.0,5000.0,0.0,25.0,1000000.0,950000.0,1.0,1.0,0.0,10.0,0.0,0.0,100.0,100.0,36228559.0,835134310.0,766659828.0,0.0,0.0,0.0,0.0,0.0,1.0,1.0,1.0,1.0,1.0,0.0,0.0,1.0,0.0,0.0,0.0,0.0,0.0,34.0,1.0,24331437.0,305282981.0,24505896.0,36649074.0,854655661.0,1549.0,11191522427.0,0.0,1.0,1.0,0.0,1.0,0.0,0.0,1.0,1.0,1.0,1.0,2.0,1.0,0.0,0.0,0.0,2.0,0.0,0.0,1.0,1.0,3.0,50.0,50.0,1.0,0.0,0.0,0.0,0.0,0.0,0.0,0.0,0.0,0.0,0.0,2.0,2.0,0.0,1.0,1.0,0.0,1.0,0.0,0.0,0.0,0.0,0.0,1.0,0.0,0.0,1.0,0.0,0.0,0.0,1.0,11.0,0.0,0.0,0.0,0.0,0.0,12.0,0.0,0.0,0.0,0.0,0.0,0.0,0.0,0.0,0.0,1.0,1.0,0.0,0.0,0.0,0.0,1.0,1.0,1.0,0.0,0.0,0.0,0.0,0.0,0.0,1.0,1.0,0.0,0.0,0.0,0.0,0.0,1.0,1.0,0.0,1611367656.0,2183.0,2183.0,4588.0,4588.0,4622.0,0.0,212.0,29037.0,24482.0,24417.0,79.0,0.0,0.0,0.0,225.0,0.0,0.0,61.0,66.0,65.0,25.0,59.0,742476192.0,710752.0,7479295392.0,94321168288.0,1193943840.0,0.0,0.0,1549.0,0.0,0.0,1978.0,130.0,2599.0
556,0.0,1.0,0.0,1.0,0.0,499200.0,1.0,854250000.0,1.0,102000000.0,0.8770611286159999,10713.0,1294.0,3505.0,39750.0,40500.0,41500.0,86.0,25.0,64.0,896.0,5000.0,0.0,25.0,1000000.0,950000.0,1.0,1.0,0.0,10.0,0.0,0.0,100.0,100.0,28974854.0,768964173.0,712583932.0,0.0,0.0,0.0,0.0,0.0,1.0,1.0,1.0,1.0,1.0,0.0,0.0,1.0,0.0,0.0,0.0,0.0,0.0,33.0,1.0,21780700.0,287607326.0,22047035.0,29641819.0,787892481.0,1213.0,10261093323.0,0.0,1.0,1.0,0.0,1.0,0.0,0.0,1.0,1.0,1.0,1.0,2.0,1.0,0.0,0.0,0.0,2.0,0.0,0.0,1.0,1.0,3.0,50.0,50.0,1.0,0.0,0.0,0.0,0.0,0.0,0.0,0.0,0.0,0.0,0.0,2.0,2.0,0.0,1.0,1.0,0.0,1.0,0.0,0.0,0.0,0.0,0.0,1.0,0.0,0.0,1.0,0.0,0.0,0.0,1.0,11.0,0.0,0.0,0.0,0.0,0.0,12.0,0.0,0.0,0.0,0.0,0.0,0.0,0.0,0.0,0.0,1.0,1.0,0.0,0.0,0.0,0.0,1.0,1.0,1.0,0.0,0.0,0.0,0.0,0.0,0.0,1.0,1.0,0.0,0.0,0.0,0.0,0.0,1.0,1.0,0.0,1521850978.0,1862.0,1862.0,4090.0,4090.0,4117.0,0.0,166.0,24977.0,23123.0,23076.0,62.0,0.0,0.0,0.0,178.0,0.0,0.0,43.0,48.0,47.0,19.0,41.0,553314944.0,3301120.0,6693525664.0,73743976256.0,931730880.0,0.0,0.0,1213.0,0.0,0.0,1533.0,94.0,1967.0
557,0.0,1.0,0.0,1.0,0.0,499200.0,1.0,854250000.0,1.0,102000000.0,0.8638172149660001,10560.0,1218.0,3277.0,39500.0,40333.3333333,41500.0,74.0,25.0,64.0,896.0,5000.0,0.0,25.0,1000000.0,950000.0,1.0,0.0,0.0,10.0,0.0,0.0,100.0,500.0,31097406.0,796325864.0,722716707.0,0.0,0.0,0.0,0.0,0.0,1.0,1.0,1.0,1.0,1.0,0.0,0.0,1.0,0.0,0.0,0.0,0.0,0.0,33.0,1.0,22446034.0,290765224.0,22639265.0,32630897.0,815797806.0,1578.0,10386753027.0,0.0,1.0,1.0,0.0,1.0,0.0,0.0,1.0,1.0,1.0,1.0,2.0,1.0,0.0,0.0,0.0,2.0,0.0,0.0,1.0,1.0,3.0,50.0,50.0,1.0,0.0,0.0,0.0,0.0,0.0,0.0,0.0,0.0,0.0,0.0,2.0,2.0,0.0,1.0,1.0,0.0,1.0,0.0,0.0,0.0,0.0,0.0,1.0,0.0,0.0,1.0,0.0,0.0,0.0,1.0,11.0,0.0,0.0,0.0,0.0,0.0,12.0,0.0,0.0,0.0,0.0,0.0,0.0,0.0,0.0,0.0,1.0,1.0,0.0,0.0,0.0,0.0,1.0,1.0,1.0,0.0,0.0,0.0,0.0,0.0,0.0,1.0,1.0,0.0,0.0,0.0,0.0,0.0,1.0,1.0,0.0,1561503299.0,2114.0,2114.0,4344.0,4344.0,4380.0,0.0,192.0,25720.0,23331.0,23285.0,66.0,0.0,0.0,0.0,220.0,0.0,0.0,43.0,47.0,46.0,24.0,41.0,793088512.0,0.0,6986019296.0,87544907040.0,1293277600.0,0.0,0.0,1578.0,0.0,0.0,1995.0,92.0,2356.0
558,0.0,1.0,0.0,1.0,0.0,499200.0,1.0,854250000.0,1.0,102000000.0,0.8742189407350001,10674.0,1446.0,3277.0,39666.6666667,40500.0,41500.0,74.0,25.0,64.0,896.0,5000.0,0.0,25.0,1000000.0,950000.0,1.0,0.0,0.0,10.0,0.0,0.0,100.0,500.0,30096462.0,789363929.0,718406360.0,0.0,0.0,0.0,0.0,0.0,1.0,1.0,1.0,1.0,1.0,0.0,0.0,1.0,0.0,0.0,0.0,0.0,0.0,34.0,1.0,21667699.0,288456380.0,22021723.0,29232692.0,801404611.0,1519.0,10183710604.0,0.0,1.0,1.0,0.0,1.0,0.0,0.0,1.0,1.0,1.0,1.0,2.0,1.0,0.0,0.0,0.0,2.0,0.0,0.0,1.0,1.0,3.0,50.0,50.0,1.0,0.0,0.0,0.0,0.0,0.0,0.0,0.0,0.0,0.0,0.0,2.0,2.0,0.0,1.0,1.0,0.0,1.0,0.0,0.0,0.0,0.0,0.0,1.0,0.0,0.0,1.0,0.0,0.0,0.0,1.0,11.0,0.0,0.0,0.0,0.0,0.0,12.0,0.0,0.0,0.0,0.0,0.0,0.0,0.0,0.0,0.0,1.0,1.0,0.0,0.0,0.0,0.0,1.0,1.0,1.0,0.0,0.0,0.0,0.0,0.0,0.0,1.0,1.0,0.0,0.0,0.0,0.0,0.0,1.0,1.0,0.0,1520984938.0,2244.0,2244.0,4063.0,4063.0,4092.0,0.0,175.0,24558.0,23173.0,23127.0,51.0,0.0,0.0,0.0,194.0,0.0,0.0,43.0,47.0,46.0,19.0,41.0,643463616.0,0.0,6792368064.0,84390160128.0,987323648.0,0.0,0.0,1519.0,0.0,0.0,1853.0,92.0,2332.0
559,0.0,1.0,0.0,1.0,0.0,499200.0,1.0,854250000.0,1.0,102000000.0,0.866839885712,10561.0,1295.0,3200.0,39916.6666667,40333.3333333,41500.0,74.0,25.0,64.0,896.0,5000.0,0.0,25.0,1000000.0,950000.0,1.0,0.0,0.0,10.0,0.0,0.0,100.0,500.0,32035217.0,791750309.0,732879366.0,0.0,0.0,0.0,0.0,0.0,1.0,1.0,1.0,1.0,1.0,0.0,0.0,1.0,0.0,0.0,0.0,0.0,0.0,33.0,1.0,22863208.0,298994924.0,22906020.0,31922549.0,804414982.0,2355.0,10177501264.0,0.0,1.0,1.0,0.0,1.0,0.0,0.0,1.0,1.0,1.0,1.0,2.0,1.0,0.0,0.0,0.0,2.0,0.0,0.0,1.0,1.0,3.0,50.0,50.0,1.0,0.0,0.0,0.0,0.0,0.0,0.0,0.0,0.0,0.0,0.0,2.0,2.0,0.0,1.0,1.0,0.0,1.0,0.0,0.0,0.0,0.0,0.0,1.0,0.0,0.0,1.0,0.0,0.0,0.0,1.0,11.0,0.0,0.0,0.0,0.0,0.0,12.0,0.0,0.0,0.0,0.0,0.0,0.0,0.0,0.0,0.0,1.0,1.0,0.0,0.0,0.0,0.0,1.0,1.0,1.0,0.0,0.0,0.0,0.0,0.0,0.0,1.0,1.0,0.0,0.0,0.0,0.0,0.0,1.0,1.0,0.0,1571113701.0,2928.0,2928.0,4145.0,4145.0,4182.0,0.0,149.0,24908.0,23468.0,23422.0,59.0,0.0,0.0,0.0,186.0,0.0,0.0,43.0,47.0,46.0,22.0,41.0,841675328.0,0.0,6872364288.0,88617312480.0,1138447488.0,0.0,0.0,2355.0,0.0,0.0,2761.0,92.0,3292.0
560,0.0,1.0,0.0,1.0,0.0,499200.0,1.0,854250000.0,1.0,102000000.0,0.883619070053,10675.0,1218.0,3201.0,39500.0,40375.0,41500.0,76.0,25.0,64.0,896.0,5000.0,0.0,25.0,1000000.0,950000.0,1.0,1.0,0.0,10.0,0.0,0.0,100.0,500.0,34443831.0,793904215.0,743625970.0,0.0,0.0,0.0,0.0,0.0,1.0,1.0,1.0,1.0,1.0,0.0,0.0,1.0,0.0,0.0,0.0,0.0,0.0,35.0,1.0,22166279.0,296335635.0,23350890.0,34295738.0,828760058.0,1992.0,10475948710.0,0.0,1.0,1.0,0.0,1.0,0.0,0.0,1.0,1.0,1.0,1.0,2.0,1.0,0.0,0.0,0.0,2.0,0.0,0.0,1.0,1.0,3.0,50.0,50.0,1.0,0.0,0.0,0.0,0.0,0.0,0.0,0.0,0.0,0.0,0.0,2.0,2.0,0.0,1.0,1.0,0.0,1.0,0.0,0.0,0.0,0.0,0.0,1.0,0.0,0.0,1.0,0.0,0.0,0.0,1.0,11.0,0.0,0.0,0.0,0.0,0.0,12.0,0.0,0.0,0.0,0.0,0.0,0.0,0.0,0.0,0.0,1.0,1.0,0.0,0.0,0.0,0.0,1.0,1.0,1.0,0.0,0.0,0.0,0.0,0.0,0.0,1.0,1.0,0.0,0.0,0.0,0.0,0.0,1.0,1.0,0.0,1600843937.0,2664.0,2664.0,4422.0,4422.0,4454.0,0.0,187.0,26280.0,23677.0,23624.0,81.0,0.0,0.0,0.0,244.0,0.0,0.0,49.0,54.0,53.0,25.0,47.0,675879648.0,0.0,7179505152.0,101824440896.0,1200684512.0,0.0,0.0,1992.0,0.0,0.0,2552.0,106.0,2946.0
561,0.0,1.0,0.0,1.0,0.0,499200.0,1.0,854250000.0,1.0,102000000.0,0.846608877182,15591.0,1674.0,4420.0,39625.0,40375.0,41625.0,76.0,25.0,64.0,896.0,5000.0,0.0,25.0,1000000.0,950000.0,1.0,1.0,0.0,10.0,0.0,0.0,100.0,500.0,35199914.0,830958137.0,751522019.0,0.0,0.0,0.0,0.0,0.0,1.0,1.0,1.0,1.0,1.0,0.0,0.0,1.0,0.0,0.0,0.0,0.0,0.0,32.0,1.0,23449543.0,291676615.0,24175960.0,35071147.0,847848062.0,1653.0,11202150222.0,0.0,1.0,1.0,0.0,1.0,0.0,0.0,1.0,1.0,1.0,1.0,2.0,1.0,0.0,0.0,0.0,2.0,0.0,0.0,1.0,1.0,3.0,50.0,50.0,1.0,0.0,0.0,0.0,0.0,0.0,0.0,0.0,0.0,0.0,0.0,2.0,2.0,0.0,1.0,1.0,0.0,1.0,0.0,0.0,0.0,0.0,0.0,1.0,0.0,0.0,1.0,0.0,0.0,0.0,1.0,11.0,0.0,0.0,0.0,0.0,0.0,12.0,0.0,0.0,0.0,0.0,0.0,0.0,0.0,0.0,0.0,1.0,1.0,0.0,0.0,0.0,0.0,1.0,1.0,1.0,0.0,0.0,0.0,0.0,0.0,0.0,1.0,1.0,0.0,0.0,0.0,0.0,0.0,1.0,1.0,0.0,1585660994.0,2190.0,2190.0,4391.0,4391.0,4427.0,0.0,210.0,27597.0,24025.0,23966.0,122.0,0.0,0.0,0.0,219.0,0.0,0.0,55.0,60.0,59.0,26.0,53.0,676371328.0,273568.0,7345693440.0,83121794464.0,1733480480.0,0.0,0.0,1653.0,0.0,0.0,1988.0,118.0,2398.0
562,0.0,1.0,0.0,1.0,0.0,499200.0,1.0,854250000.0,1.0,102000000.0,0.8900310993189999,19937.0,2209.0,5410.0,40000.0,40333.3333333,41500.0,76.0,25.0,64.0,896.0,5000.0,0.0,25.0,1000000.0,950000.0,1.0,1.0,0.0,10.0,0.0,0.0,100.0,500.0,34830434.0,815064933.0,753869791.0,0.0,0.0,0.0,0.0,0.0,1.0,1.0,1.0,1.0,1.0,0.0,0.0,1.0,0.0,0.0,0.0,0.0,0.0,35.0,1.0,22144395.0,303525918.0,23068788.0,39050503.0,835910837.0,1882.0,10845813259.0,0.0,1.0,1.0,0.0,1.0,0.0,0.0,1.0,1.0,1.0,1.0,2.0,1.0,0.0,0.0,0.0,2.0,0.0,0.0,1.0,1.0,3.0,50.0,50.0,1.0,0.0,0.0,0.0,0.0,0.0,0.0,0.0,0.0,0.0,0.0,2.0,2.0,0.0,1.0,1.0,0.0,1.0,0.0,0.0,0.0,0.0,0.0,1.0,0.0,0.0,1.0,0.0,0.0,0.0,1.0,11.0,0.0,0.0,0.0,0.0,0.0,12.0,0.0,0.0,0.0,0.0,0.0,0.0,0.0,0.0,0.0,1.0,1.0,0.0,0.0,0.0,0.0,1.0,1.0,1.0,0.0,0.0,0.0,0.0,0.0,0.0,1.0,1.0,0.0,0.0,0.0,0.0,0.0,1.0,1.0,0.0,1601505239.0,2374.0,2374.0,4907.0,4907.0,4949.0,0.0,231.0,28693.0,24585.0,24520.0,137.0,0.0,0.0,0.0,282.0,0.0,0.0,61.0,66.0,65.0,29.0,59.0,1003488768.0,0.0,7826120544.0,107101827296.0,1148405632.0,0.0,0.0,1882.0,0.0,0.0,2486.0,130.0,2897.0
563,0.0,1.0,0.0,1.0,1.0,1267200.0,1.0,1300500000.0,1.0,68000000.0,1.67740917206,15209.0,3276.0,4114.0,39937.5,40625.0,41500.0,97.0,25.0,64.0,896.0,5000.0,0.0,25.0,1000000.0,950000.0,1.0,0.0,0.0,10.0,0.0,0.0,0.0,100.0,39402989.0,860303444.0,789592671.0,0.0,0.0,0.0,0.0,0.0,1.0,1.0,1.0,1.0,1.0,0.0,0.0,1.0,0.0,0.0,0.0,0.0,0.0,35.0,1.0,26973968.0,308047631.0,27100050.0,38568812.0,882012943.0,1724.0,18791745856.0,0.0,1.0,1.0,0.0,1.0,0.0,0.0,1.0,1.0,1.0,1.0,2.0,1.0,0.0,0.0,0.0,2.0,0.0,0.0,1.0,1.0,3.0,50.0,50.0,1.0,0.0,0.0,0.0,0.0,0.0,0.0,0.0,0.0,0.0,0.0,2.0,2.0,0.0,1.0,1.0,0.0,1.0,0.0,0.0,0.0,0.0,0.0,1.0,0.0,0.0,1.0,0.0,0.0,0.0,1.0,11.0,0.0,0.0,0.0,0.0,0.0,12.0,0.0,0.0,0.0,0.0,0.0,0.0,0.0,0.0,0.0,1.0,1.0,0.0,0.0,0.0,0.0,1.0,1.0,1.0,0.0,0.0,0.0,0.0,0.0,0.0,1.0,1.0,0.0,0.0,0.0,0.0,0.0,1.0,1.0,0.0,1685316938.0,3704.0,3704.0,7073.0,7073.0,7092.0,0.0,266.0,28810.0,24480.0,24419.0,135.0,0.0,0.0,0.0,426.0,0.0,0.0,55.0,62.0,61.0,23.0,53.0,1464173888.0,0.0,12464081344.0,157102045216.0,1334993920.0,0.0,0.0,1724.0,0.0,0.0,2535.0,122.0,3270.0
564,0.0,1.0,0.0,1.0,1.0,1267200.0,1.0,1300500000.0,1.0,68000000.0,1.60405492783,15363.0,2971.0,4267.0,39750.0,40750.0,41625.0,97.0,25.0,64.0,896.0,5000.0,0.0,25.0,1000000.0,950000.0,1.0,0.0,0.0,10.0,0.0,0.0,0.0,100.0,38679737.0,842284492.0,765690072.0,0.0,0.0,0.0,0.0,0.0,1.0,1.0,1.0,1.0,1.0,0.0,0.0,1.0,0.0,0.0,0.0,0.0,0.0,31.0,1.0,25939207.0,303466329.0,26709768.0,38848480.0,855499595.0,1720.0,17352531624.0,0.0,1.0,1.0,0.0,1.0,0.0,0.0,1.0,1.0,1.0,1.0,2.0,1.0,0.0,0.0,0.0,2.0,0.0,0.0,1.0,1.0,3.0,50.0,50.0,1.0,0.0,0.0,0.0,0.0,0.0,0.0,0.0,0.0,0.0,0.0,2.0,2.0,0.0,1.0,1.0,0.0,1.0,0.0,0.0,0.0,0.0,0.0,1.0,0.0,0.0,1.0,0.0,0.0,0.0,1.0,11.0,0.0,0.0,0.0,0.0,0.0,12.0,0.0,0.0,0.0,0.0,0.0,0.0,0.0,0.0,0.0,1.0,1.0,0.0,0.0,0.0,0.0,1.0,1.0,1.0,0.0,0.0,0.0,0.0,0.0,0.0,1.0,1.0,0.0,0.0,0.0,0.0,0.0,1.0,1.0,0.0,1659445206.0,3344.0,3344.0,6476.0,6476.0,6512.0,0.0,219.0,27750.0,24220.0,24161.0,150.0,0.0,0.0,0.0,392.0,0.0,0.0,55.0,60.0,59.0,24.0,53.0,1745999424.0,0.0,11500181440.0,151254939072.0,1327299488.0,0.0,0.0,1720.0,0.0,0.0,2329.0,118.0,3037.0
565,0.0,1.0,0.0,1.0,1.0,1267200.0,1.0,1300500000.0,1.0,68000000.0,1.61581587791,16046.0,3351.0,4572.0,39900.0,40300.0,41500.0,97.0,25.0,64.0,896.0,5000.0,0.0,25.0,1000000.0,950000.0,1.0,0.0,0.0,10.0,0.0,0.0,0.0,100.0,39590873.0,869177578.0,767540399.0,0.0,0.0,0.0,0.0,0.0,1.0,1.0,1.0,1.0,1.0,0.0,0.0,1.0,0.0,0.0,0.0,0.0,0.0,32.0,1.0,25910016.0,312623440.0,26945992.0,40376083.0,895935839.0,1899.0,17929103913.0,0.0,1.0,1.0,0.0,1.0,0.0,0.0,1.0,1.0,1.0,1.0,2.0,1.0,0.0,0.0,0.0,2.0,0.0,0.0,1.0,1.0,3.0,50.0,50.0,1.0,0.0,0.0,0.0,0.0,0.0,0.0,0.0,0.0,0.0,0.0,2.0,2.0,0.0,1.0,1.0,0.0,1.0,0.0,0.0,0.0,0.0,0.0,1.0,0.0,0.0,1.0,0.0,0.0,0.0,1.0,11.0,0.0,0.0,0.0,0.0,0.0,12.0,0.0,0.0,0.0,0.0,0.0,0.0,0.0,0.0,0.0,1.0,1.0,0.0,0.0,0.0,0.0,1.0,1.0,1.0,0.0,0.0,0.0,0.0,0.0,0.0,1.0,1.0,0.0,0.0,0.0,0.0,0.0,1.0,1.0,0.0,1736853775.0,3437.0,3437.0,6767.0,6767.0,6800.0,0.0,259.0,29355.0,24765.0,24699.0,160.0,0.0,0.0,0.0,428.0,0.0,0.0,61.0,67.0,66.0,27.0,59.0,1492637856.0,0.0,11859208000.0,136863517344.0,1240315808.0,0.0,0.0,1899.0,0.0,0.0,2754.0,132.0,3304.0
566,0.0,1.0,0.0,1.0,1.0,1267200.0,1.0,1300500000.0,1.0,68000000.0,1.6196501255000002,15702.0,3427.0,4496.0,40062.5,40500.0,41875.0,79.0,25.0,64.0,896.0,5000.0,0.0,25.0,1000000.0,950000.0,1.0,1.0,0.0,10.0,0.0,0.0,0.0,100.0,38010942.0,870593654.0,764179015.0,0.0,0.0,0.0,0.0,0.0,1.0,1.0,1.0,1.0,1.0,0.0,0.0,1.0,0.0,0.0,0.0,0.0,0.0,32.0,1.0,28350843.0,311519795.0,28511758.0,39793195.0,898042811.0,1708.0,17684811421.0,0.0,1.0,1.0,0.0,1.0,0.0,0.0,1.0,1.0,1.0,1.0,2.0,1.0,0.0,0.0,0.0,2.0,0.0,0.0,1.0,1.0,3.0,50.0,50.0,1.0,0.0,0.0,0.0,0.0,0.0,0.0,0.0,0.0,0.0,0.0,2.0,2.0,0.0,1.0,1.0,0.0,1.0,0.0,0.0,0.0,0.0,0.0,1.0,0.0,0.0,1.0,0.0,0.0,0.0,1.0,11.0,0.0,0.0,0.0,0.0,0.0,12.0,0.0,0.0,0.0,0.0,0.0,0.0,0.0,0.0,0.0,1.0,1.0,0.0,0.0,0.0,0.0,1.0,1.0,1.0,0.0,0.0,0.0,0.0,0.0,0.0,1.0,1.0,0.0,0.0,0.0,0.0,0.0,1.0,1.0,0.0,1742999077.0,3441.0,3441.0,6820.0,6820.0,6857.0,0.0,254.0,27645.0,24371.0,24312.0,155.0,0.0,0.0,0.0,407.0,0.0,0.0,55.0,60.0,59.0,21.0,53.0,1220439232.0,0.0,11595836416.0,152465874656.0,1212643104.0,0.0,0.0,1708.0,0.0,0.0,2372.0,118.0,3198.0
567,0.0,1.0,0.0,1.0,1.0,1267200.0,1.0,1300500000.0,1.0,68000000.0,1.5959980487799998,21537.0,4114.0,5715.0,39833.3333333,40833.3333333,41666.6666667,79.0,25.0,64.0,896.0,5000.0,0.0,25.0,1000000.0,950000.0,1.0,1.0,0.0,10.0,0.0,0.0,0.0,100.0,40719229.0,850893800.0,775359048.0,0.0,0.0,0.0,0.0,0.0,1.0,1.0,1.0,1.0,1.0,0.0,0.0,1.0,0.0,0.0,0.0,0.0,0.0,33.0,1.0,27179666.0,314345917.0,28331128.0,41433008.0,870844350.0,1761.0,17792019121.0,0.0,1.0,1.0,0.0,1.0,0.0,0.0,1.0,1.0,1.0,1.0,2.0,1.0,0.0,0.0,0.0,2.0,0.0,0.0,1.0,1.0,3.0,50.0,50.0,1.0,0.0,0.0,0.0,0.0,0.0,0.0,0.0,0.0,0.0,0.0,2.0,2.0,0.0,1.0,1.0,0.0,1.0,0.0,0.0,0.0,0.0,0.0,1.0,0.0,0.0,1.0,0.0,0.0,0.0,1.0,11.0,0.0,0.0,0.0,0.0,0.0,12.0,0.0,0.0,0.0,0.0,0.0,0.0,0.0,0.0,0.0,1.0,1.0,0.0,0.0,0.0,0.0,1.0,1.0,1.0,0.0,0.0,0.0,0.0,0.0,0.0,1.0,1.0,0.0,0.0,0.0,0.0,0.0,1.0,1.0,0.0,1682518887.0,3495.0,3495.0,6906.0,6906.0,6929.0,0.0,227.0,28949.0,24503.0,24438.0,165.0,0.0,0.0,0.0,434.0,0.0,0.0,61.0,66.0,65.0,24.0,59.0,1719302176.0,3981312.0,11979253472.0,177406649024.0,1151919264.0,0.0,0.0,1761.0,0.0,0.0,2391.0,130.0,3100.0
568,0.0,1.0,0.0,1.0,1.0,1267200.0,1.0,1300500000.0,1.0,68000000.0,1.6980578899399998,17305.0,2589.0,4875.0,39937.5,40625.0,41625.0,79.0,25.0,64.0,896.0,5000.0,0.0,25.0,1000000.0,950000.0,1.0,1.0,0.0,10.0,0.0,0.0,0.0,100.0,38171596.0,909348288.0,809382405.0,0.0,0.0,0.0,0.0,0.0,1.0,1.0,1.0,1.0,1.0,0.0,0.0,1.0,0.0,0.0,0.0,0.0,0.0,31.0,1.0,27150827.0,317049906.0,27993280.0,41964195.0,938364461.0,3172.0,19075653413.0,0.0,1.0,1.0,0.0,1.0,0.0,0.0,1.0,1.0,1.0,1.0,2.0,1.0,0.0,0.0,0.0,2.0,0.0,0.0,1.0,1.0,3.0,50.0,50.0,1.0,0.0,0.0,0.0,0.0,0.0,0.0,0.0,0.0,0.0,0.0,2.0,2.0,0.0,1.0,1.0,0.0,1.0,0.0,0.0,0.0,0.0,0.0,1.0,0.0,0.0,1.0,0.0,0.0,0.0,1.0,11.0,0.0,0.0,0.0,0.0,0.0,12.0,0.0,0.0,0.0,0.0,0.0,0.0,0.0,0.0,0.0,1.0,1.0,0.0,0.0,0.0,0.0,1.0,1.0,1.0,0.0,0.0,0.0,0.0,0.0,0.0,1.0,1.0,0.0,0.0,0.0,0.0,0.0,1.0,1.0,0.0,1757073332.0,4926.0,4926.0,6938.0,6938.0,6967.0,0.0,253.0,28429.0,24115.0,24055.0,126.0,0.0,0.0,0.0,380.0,0.0,0.0,55.0,61.0,60.0,28.0,53.0,1223874016.0,0.0,12299542016.0,223889131936.0,2623825472.0,0.0,0.0,3172.0,0.0,0.0,3721.0,120.0,4302.0
569,0.0,1.0,0.0,1.0,1.0,1267200.0,1.0,1300500000.0,1.0,68000000.0,1.6714808940900001,21343.0,3808.0,5409.0,39800.0,40700.0,41500.0,78.0,25.0,64.0,896.0,5000.0,0.0,25.0,1000000.0,950000.0,1.0,0.0,0.0,10.0,0.0,0.0,0.0,500.0,40113959.0,887787552.0,796162688.0,0.0,0.0,0.0,0.0,0.0,1.0,1.0,1.0,1.0,1.0,0.0,0.0,1.0,0.0,0.0,0.0,0.0,0.0,33.0,1.0,25780134.0,328006703.0,26969693.0,43779482.0,921516889.0,1889.0,18713188101.0,0.0,1.0,1.0,0.0,1.0,0.0,0.0,1.0,1.0,1.0,1.0,2.0,1.0,0.0,0.0,0.0,2.0,0.0,0.0,1.0,1.0,3.0,50.0,50.0,1.0,0.0,0.0,0.0,0.0,0.0,0.0,0.0,0.0,0.0,0.0,2.0,2.0,0.0,1.0,1.0,0.0,1.0,0.0,0.0,0.0,0.0,0.0,1.0,0.0,0.0,1.0,0.0,0.0,0.0,1.0,11.0,0.0,0.0,0.0,0.0,0.0,12.0,0.0,0.0,0.0,0.0,0.0,0.0,0.0,0.0,0.0,1.0,1.0,0.0,0.0,0.0,0.0,1.0,1.0,1.0,0.0,0.0,0.0,0.0,0.0,0.0,1.0,1.0,0.0,0.0,0.0,0.0,0.0,1.0,1.0,0.0,1758728368.0,3739.0,3739.0,6963.0,6963.0,6982.0,0.0,258.0,30425.0,25053.0,24981.0,159.0,0.0,0.0,0.0,423.0,0.0,0.0,67.0,73.0,72.0,27.0,65.0,1637802592.0,0.0,12508301984.0,168011917280.0,1344438016.0,0.0,0.0,1889.0,0.0,0.0,2664.0,144.0,3385.0
570,0.0,1.0,0.0,1.0,1.0,1267200.0,1.0,1300500000.0,1.0,68000000.0,1.61552906036,15437.0,3428.0,4420.0,40062.5,40625.0,41500.0,78.0,25.0,64.0,896.0,5000.0,0.0,25.0,1000000.0,950000.0,1.0,0.0,0.0,10.0,0.0,0.0,0.0,500.0,37497700.0,881817834.0,770975602.0,0.0,0.0,0.0,0.0,0.0,1.0,1.0,1.0,1.0,1.0,0.0,0.0,1.0,0.0,0.0,0.0,0.0,0.0,29.0,1.0,27260615.0,298355040.0,28332973.0,40402730.0,899176094.0,1731.0,18492002663.0,0.0,1.0,1.0,0.0,1.0,0.0,0.0,1.0,1.0,1.0,1.0,2.0,1.0,0.0,0.0,0.0,2.0,0.0,0.0,1.0,1.0,3.0,50.0,50.0,1.0,0.0,0.0,0.0,0.0,0.0,0.0,0.0,0.0,0.0,0.0,2.0,2.0,0.0,1.0,1.0,0.0,1.0,0.0,0.0,0.0,0.0,0.0,1.0,0.0,0.0,1.0,0.0,0.0,0.0,1.0,11.0,0.0,0.0,0.0,0.0,0.0,12.0,0.0,0.0,0.0,0.0,0.0,0.0,0.0,0.0,0.0,1.0,1.0,0.0,0.0,0.0,0.0,1.0,1.0,1.0,0.0,0.0,0.0,0.0,0.0,0.0,1.0,1.0,0.0,0.0,0.0,0.0,0.0,1.0,1.0,0.0,1720789063.0,3509.0,3509.0,6672.0,6672.0,6695.0,0.0,236.0,28046.0,24244.0,24185.0,138.0,0.0,0.0,0.0,384.0,0.0,0.0,55.0,60.0,59.0,21.0,53.0,1208674560.0,0.0,12045953376.0,265224154720.0,1304007616.0,0.0,0.0,1731.0,0.0,0.0,2439.0,118.0,3137.0
571,0.0,1.0,0.0,1.0,1.0,1267200.0,1.0,1300500000.0,1.0,68000000.0,1.6173310279799997,19289.0,3656.0,5335.0,39900.0,40700.0,41600.0,78.0,25.0,64.0,896.0,5000.0,0.0,25.0,1000000.0,950000.0,1.0,0.0,0.0,10.0,0.0,0.0,0.0,500.0,41001326.0,906737559.0,803811578.0,0.0,0.0,0.0,0.0,0.0,1.0,1.0,1.0,1.0,1.0,0.0,0.0,1.0,0.0,0.0,0.0,0.0,0.0,32.0,1.0,29208840.0,322829735.0,29421021.0,43140325.0,918146018.0,1850.0,19750188346.0,0.0,1.0,1.0,0.0,1.0,0.0,0.0,1.0,1.0,1.0,1.0,2.0,1.0,0.0,0.0,0.0,2.0,0.0,0.0,1.0,1.0,3.0,50.0,50.0,1.0,0.0,0.0,0.0,0.0,0.0,0.0,0.0,0.0,0.0,0.0,2.0,2.0,0.0,1.0,1.0,0.0,1.0,0.0,0.0,0.0,0.0,0.0,1.0,0.0,0.0,1.0,0.0,0.0,0.0,1.0,11.0,0.0,0.0,0.0,0.0,0.0,12.0,0.0,0.0,0.0,0.0,0.0,0.0,0.0,0.0,0.0,1.0,1.0,0.0,0.0,0.0,0.0,1.0,1.0,1.0,0.0,0.0,0.0,0.0,0.0,0.0,1.0,1.0,0.0,0.0,0.0,0.0,0.0,1.0,1.0,0.0,1765145789.0,3778.0,3778.0,7549.0,7549.0,7583.0,0.0,295.0,30653.0,25128.0,25056.0,142.0,0.0,0.0,0.0,438.0,0.0,0.0,67.0,73.0,72.0,31.0,65.0,1739417280.0,0.0,13097735104.0,160855960512.0,1305789184.0,0.0,0.0,1850.0,0.0,0.0,2663.0,144.0,3296.0
572,0.0,1.0,0.0,1.0,1.0,1267200.0,1.0,1300500000.0,1.0,68000000.0,1.6145639419600002,15134.0,3200.0,4420.0,40062.5,40625.0,41875.0,94.0,25.0,64.0,896.0,5000.0,0.0,25.0,1000000.0,950000.0,1.0,1.0,0.0,10.0,0.0,0.0,0.0,500.0,38939228.0,875034658.0,793816128.0,0.0,0.0,0.0,0.0,0.0,1.0,1.0,1.0,1.0,1.0,0.0,0.0,1.0,0.0,0.0,0.0,0.0,0.0,33.0,1.0,27851183.0,329282296.0,27023480.0,38987465.0,902336402.0,1832.0,18280684974.0,0.0,1.0,1.0,0.0,1.0,0.0,0.0,1.0,1.0,1.0,1.0,2.0,1.0,0.0,0.0,0.0,2.0,0.0,0.0,1.0,1.0,3.0,50.0,50.0,1.0,0.0,0.0,0.0,0.0,0.0,0.0,0.0,0.0,0.0,0.0,2.0,2.0,0.0,1.0,1.0,0.0,1.0,0.0,0.0,0.0,0.0,0.0,1.0,0.0,0.0,1.0,0.0,0.0,0.0,1.0,11.0,0.0,0.0,0.0,0.0,0.0,12.0,0.0,0.0,0.0,0.0,0.0,0.0,0.0,0.0,0.0,1.0,1.0,0.0,0.0,0.0,0.0,1.0,1.0,1.0,0.0,0.0,0.0,0.0,0.0,0.0,1.0,1.0,0.0,0.0,0.0,0.0,0.0,1.0,1.0,0.0,1724330454.0,3425.0,3425.0,6646.0,6646.0,6677.0,0.0,270.0,28647.0,24333.0,24274.0,110.0,0.0,0.0,0.0,417.0,0.0,0.0,55.0,60.0,59.0,25.0,53.0,1835107264.0,0.0,11898113088.0,143993688832.0,1231786784.0,0.0,0.0,1832.0,0.0,0.0,2640.0,118.0,3103.0
573,0.0,1.0,0.0,1.0,1.0,1267200.0,1.0,1300500000.0,1.0,68000000.0,1.71620106697,15817.0,3352.0,4648.0,40000.0,40750.0,41750.0,94.0,25.0,64.0,896.0,5000.0,0.0,25.0,1000000.0,950000.0,1.0,1.0,0.0,10.0,0.0,0.0,0.0,500.0,38586220.0,874992701.0,784987166.0,0.0,0.0,0.0,0.0,0.0,1.0,1.0,1.0,1.0,1.0,0.0,0.0,1.0,0.0,0.0,0.0,0.0,0.0,35.0,1.0,27045787.0,320392247.0,27764223.0,38782094.0,869638033.0,1875.0,17819965449.0,0.0,1.0,1.0,0.0,1.0,0.0,0.0,1.0,1.0,1.0,1.0,2.0,1.0,0.0,0.0,0.0,2.0,0.0,0.0,1.0,1.0,3.0,50.0,50.0,1.0,0.0,0.0,0.0,0.0,0.0,0.0,0.0,0.0,0.0,0.0,2.0,2.0,0.0,1.0,1.0,0.0,1.0,0.0,0.0,0.0,0.0,0.0,1.0,0.0,0.0,1.0,0.0,0.0,0.0,1.0,11.0,0.0,0.0,0.0,0.0,0.0,12.0,0.0,0.0,0.0,0.0,0.0,0.0,0.0,0.0,0.0,1.0,1.0,0.0,0.0,0.0,0.0,1.0,1.0,1.0,0.0,0.0,0.0,0.0,0.0,0.0,1.0,1.0,0.0,0.0,0.0,0.0,0.0,1.0,1.0,0.0,1662804656.0,3529.0,3529.0,6532.0,6532.0,6564.0,0.0,247.0,27547.0,24290.0,24230.0,108.0,0.0,0.0,0.0,413.0,0.0,0.0,55.0,61.0,60.0,24.0,53.0,1361314592.0,0.0,11653795328.0,142920671392.0,1313378528.0,0.0,0.0,1875.0,0.0,0.0,2596.0,120.0,3185.0
574,0.0,1.0,0.0,1.0,1.0,1267200.0,1.0,1300500000.0,1.0,68000000.0,1.61462116241,21804.0,3427.0,6096.0,39800.0,40600.0,41800.0,94.0,25.0,64.0,896.0,5000.0,0.0,25.0,1000000.0,950000.0,1.0,1.0,0.0,10.0,0.0,0.0,0.0,500.0,42165857.0,928597692.0,831225231.0,0.0,0.0,0.0,0.0,0.0,1.0,1.0,1.0,1.0,1.0,0.0,0.0,1.0,0.0,0.0,0.0,0.0,0.0,34.0,1.0,28716602.0,333156095.0,29992396.0,48080002.0,944819210.0,2036.0,19903950208.0,0.0,1.0,1.0,0.0,1.0,0.0,0.0,1.0,1.0,1.0,1.0,2.0,1.0,0.0,0.0,0.0,2.0,0.0,0.0,1.0,1.0,3.0,50.0,50.0,1.0,0.0,0.0,0.0,0.0,0.0,0.0,0.0,0.0,0.0,0.0,2.0,2.0,0.0,1.0,1.0,0.0,1.0,0.0,0.0,0.0,0.0,0.0,1.0,0.0,0.0,1.0,0.0,0.0,0.0,1.0,11.0,0.0,0.0,0.0,0.0,0.0,12.0,0.0,0.0,0.0,0.0,0.0,0.0,0.0,0.0,0.0,1.0,1.0,0.0,0.0,0.0,0.0,1.0,1.0,1.0,0.0,0.0,0.0,0.0,0.0,0.0,1.0,1.0,0.0,0.0,0.0,0.0,0.0,1.0,1.0,0.0,1766324966.0,3860.0,3860.0,7539.0,7539.0,7585.0,0.0,302.0,31421.0,25583.0,25505.0,159.0,0.0,0.0,0.0,480.0,0.0,0.0,73.0,79.0,78.0,39.0,71.0,1529349024.0,0.0,13360094080.0,201256519936.0,1511607392.0,0.0,0.0,2036.0,0.0,0.0,2818.0,156.0,3624.0
575,0.0,1.0,0.0,1.0,1.0,1267200.0,1.0,1300500000.0,1.0,68000000.0,1.60613703728,15781.0,3429.0,4496.0,39875.0,40500.0,41500.0,85.0,25.0,64.0,896.0,5000.0,0.0,25.0,1000000.0,950000.0,1.0,0.0,0.0,10.0,0.0,0.0,100.0,100.0,36651141.0,859342991.0,768360745.0,0.0,0.0,0.0,0.0,0.0,1.0,1.0,1.0,1.0,1.0,0.0,0.0,1.0,0.0,0.0,0.0,0.0,0.0,33.0,1.0,26245195.0,300240212.0,27467884.0,37775657.0,893130227.0,1768.0,18546216725.0,0.0,1.0,1.0,0.0,1.0,0.0,0.0,1.0,1.0,1.0,1.0,2.0,1.0,0.0,0.0,0.0,2.0,0.0,0.0,1.0,1.0,3.0,50.0,50.0,1.0,0.0,0.0,0.0,0.0,0.0,0.0,0.0,0.0,0.0,0.0,2.0,2.0,0.0,1.0,1.0,0.0,1.0,0.0,0.0,0.0,0.0,0.0,1.0,0.0,0.0,1.0,0.0,0.0,0.0,1.0,11.0,0.0,0.0,0.0,0.0,0.0,12.0,0.0,0.0,0.0,0.0,0.0,0.0,0.0,0.0,0.0,1.0,1.0,0.0,0.0,0.0,0.0,1.0,1.0,1.0,0.0,0.0,0.0,0.0,0.0,0.0,1.0,1.0,0.0,0.0,0.0,0.0,0.0,1.0,1.0,0.0,1722203872.0,3523.0,3523.0,6738.0,6738.0,6771.0,0.0,205.0,27840.0,24186.0,24127.0,154.0,0.0,0.0,0.0,360.0,0.0,0.0,55.0,60.0,59.0,25.0,53.0,1546973984.0,0.0,11994870688.0,148271326624.0,1167136544.0,0.0,0.0,1768.0,0.0,0.0,2318.0,118.0,3074.0
576,0.0,1.0,0.0,1.0,1.0,1267200.0,1.0,1300500000.0,1.0,68000000.0,1.54291701317,22984.0,4571.0,6325.0,40083.3333333,40500.0,41833.3333333,85.0,25.0,64.0,896.0,5000.0,0.0,25.0,1000000.0,950000.0,1.0,0.0,0.0,10.0,0.0,0.0,100.0,100.0,37924291.0,866390139.0,783273063.0,0.0,0.0,0.0,0.0,0.0,1.0,1.0,1.0,1.0,1.0,0.0,0.0,1.0,0.0,0.0,0.0,0.0,0.0,35.0,1.0,26117161.0,311809867.0,26945926.0,40254371.0,884561295.0,1773.0,17482711474.0,0.0,1.0,1.0,0.0,1.0,0.0,0.0,1.0,1.0,1.0,1.0,2.0,1.0,0.0,0.0,0.0,2.0,0.0,0.0,1.0,1.0,3.0,50.0,50.0,1.0,0.0,0.0,0.0,0.0,0.0,0.0,0.0,0.0,0.0,0.0,2.0,2.0,0.0,1.0,1.0,0.0,1.0,0.0,0.0,0.0,0.0,0.0,1.0,0.0,0.0,1.0,0.0,0.0,0.0,1.0,11.0,0.0,0.0,0.0,0.0,0.0,12.0,0.0,0.0,0.0,0.0,0.0,0.0,0.0,0.0,0.0,1.0,1.0,0.0,0.0,0.0,0.0,1.0,1.0,1.0,0.0,0.0,0.0,0.0,0.0,0.0,1.0,1.0,0.0,0.0,0.0,0.0,0.0,1.0,1.0,0.0,1681461874.0,3405.0,3405.0,6482.0,6482.0,6504.0,0.0,225.0,28460.0,24616.0,24551.0,133.0,0.0,0.0,0.0,388.0,0.0,0.0,61.0,66.0,65.0,23.0,59.0,1405280544.0,0.0,11494723776.0,133642489568.0,921403200.0,0.0,0.0,1773.0,0.0,0.0,2421.0,130.0,3129.0
577,0.0,1.0,0.0,1.0,1.0,1267200.0,1.0,1300500000.0,1.0,68000000.0,1.6105399131799998,11284.0,2514.0,3505.0,39833.3333333,40666.6666667,41666.6666667,85.0,25.0,64.0,896.0,5000.0,0.0,25.0,1000000.0,950000.0,1.0,0.0,0.0,10.0,0.0,0.0,100.0,100.0,34941794.0,837780537.0,758342765.0,0.0,0.0,0.0,0.0,0.0,1.0,1.0,1.0,1.0,1.0,0.0,0.0,1.0,0.0,0.0,0.0,0.0,0.0,33.0,1.0,23526431.0,297667244.0,24076777.0,37059330.0,849263118.0,1919.0,16936058427.0,0.0,1.0,1.0,0.0,1.0,0.0,0.0,1.0,1.0,1.0,1.0,2.0,1.0,0.0,0.0,0.0,2.0,0.0,0.0,1.0,1.0,3.0,50.0,50.0,1.0,0.0,0.0,0.0,0.0,0.0,0.0,0.0,0.0,0.0,0.0,2.0,2.0,0.0,1.0,1.0,0.0,1.0,0.0,0.0,0.0,0.0,0.0,1.0,0.0,0.0,1.0,0.0,0.0,0.0,1.0,11.0,0.0,0.0,0.0,0.0,0.0,12.0,0.0,0.0,0.0,0.0,0.0,0.0,0.0,0.0,0.0,1.0,1.0,0.0,0.0,0.0,0.0,1.0,1.0,1.0,0.0,0.0,0.0,0.0,0.0,0.0,1.0,1.0,0.0,0.0,0.0,0.0,0.0,1.0,1.0,0.0,1620582144.0,3589.0,3589.0,6232.0,6232.0,6254.0,0.0,181.0,24559.0,23458.0,23411.0,89.0,0.0,0.0,0.0,343.0,0.0,0.0,43.0,48.0,47.0,22.0,41.0,1175359264.0,1231744.0,10980721248.0,114501121888.0,1189839168.0,0.0,0.0,1919.0,0.0,0.0,2535.0,94.0,3186.0
578,0.0,1.0,0.0,1.0,1.0,1267200.0,1.0,1300500000.0,1.0,68000000.0,1.59146380424,15474.0,3199.0,4343.0,39687.5,40625.0,41625.0,71.0,25.0,64.0,896.0,5000.0,0.0,25.0,1000000.0,950000.0,1.0,1.0,0.0,10.0,0.0,0.0,100.0,100.0,38523896.0,868460458.0,788056380.0,0.0,0.0,0.0,0.0,0.0,1.0,1.0,1.0,1.0,1.0,0.0,0.0,1.0,0.0,0.0,0.0,0.0,0.0,32.0,1.0,26273074.0,314411449.0,27682651.0,39669215.0,891657045.0,1784.0,17662693833.0,0.0,1.0,1.0,0.0,1.0,0.0,0.0,1.0,1.0,1.0,1.0,2.0,1.0,0.0,0.0,0.0,2.0,0.0,0.0,1.0,1.0,3.0,50.0,50.0,1.0,0.0,0.0,0.0,0.0,0.0,0.0,0.0,0.0,0.0,0.0,2.0,2.0,0.0,1.0,1.0,0.0,1.0,0.0,0.0,0.0,0.0,0.0,1.0,0.0,0.0,1.0,0.0,0.0,0.0,1.0,11.0,0.0,0.0,0.0,0.0,0.0,12.0,0.0,0.0,0.0,0.0,0.0,0.0,0.0,0.0,0.0,1.0,1.0,0.0,0.0,0.0,0.0,1.0,1.0,1.0,0.0,0.0,0.0,0.0,0.0,0.0,1.0,1.0,0.0,0.0,0.0,0.0,0.0,1.0,1.0,0.0,1703446353.0,3323.0,3323.0,6525.0,6525.0,6558.0,0.0,217.0,28001.0,24377.0,24317.0,178.0,0.0,0.0,0.0,393.0,0.0,0.0,55.0,61.0,60.0,20.0,53.0,1133332960.0,0.0,11622151744.0,189101116704.0,1174544128.0,0.0,0.0,1784.0,0.0,0.0,2481.0,120.0,3123.0
579,0.0,1.0,0.0,1.0,1.0,1267200.0,1.0,1300500000.0,1.0,68000000.0,1.60777783394,19174.0,3809.0,5183.0,40125.0,40750.0,41500.0,71.0,25.0,64.0,896.0,5000.0,0.0,25.0,1000000.0,950000.0,1.0,1.0,0.0,10.0,0.0,0.0,100.0,100.0,39300936.0,873779048.0,779020084.0,0.0,0.0,0.0,0.0,0.0,1.0,1.0,1.0,1.0,1.0,0.0,0.0,1.0,0.0,0.0,0.0,0.0,0.0,35.0,1.0,26007375.0,313616768.0,27646151.0,42697840.0,883439637.0,1926.0,18101567025.0,0.0,1.0,1.0,0.0,1.0,0.0,0.0,1.0,1.0,1.0,1.0,2.0,1.0,0.0,0.0,0.0,2.0,0.0,0.0,1.0,1.0,3.0,50.0,50.0,1.0,0.0,0.0,0.0,0.0,0.0,0.0,0.0,0.0,0.0,0.0,2.0,2.0,0.0,1.0,1.0,0.0,1.0,0.0,0.0,0.0,0.0,0.0,1.0,0.0,0.0,1.0,0.0,0.0,0.0,1.0,11.0,0.0,0.0,0.0,0.0,0.0,12.0,0.0,0.0,0.0,0.0,0.0,0.0,0.0,0.0,0.0,1.0,1.0,0.0,0.0,0.0,0.0,1.0,1.0,1.0,0.0,0.0,0.0,0.0,0.0,0.0,1.0,1.0,0.0,0.0,0.0,0.0,0.0,1.0,1.0,0.0,1713186517.0,3602.0,3602.0,6762.0,6762.0,6786.0,0.0,240.0,29252.0,24702.0,24637.0,174.0,0.0,0.0,0.0,424.0,0.0,0.0,61.0,66.0,65.0,24.0,59.0,1256176768.0,0.0,12042837024.0,143100812192.0,1287211936.0,0.0,0.0,1926.0,0.0,0.0,2615.0,130.0,3386.0
580,0.0,1.0,0.0,1.0,1.0,1267200.0,1.0,1300500000.0,1.0,68000000.0,1.61708402634,24854.0,4189.0,7163.0,39700.0,40300.0,41500.0,71.0,25.0,64.0,896.0,5000.0,0.0,25.0,1000000.0,950000.0,1.0,1.0,0.0,10.0,0.0,0.0,100.0,100.0,47370309.0,925605706.0,824953412.0,0.0,0.0,0.0,0.0,0.0,1.0,1.0,1.0,1.0,1.0,0.0,0.0,1.0,0.0,0.0,0.0,0.0,0.0,32.0,1.0,32216086.0,337270926.0,33300808.0,49147335.0,949230032.0,2271.0,20324871593.0,0.0,1.0,1.0,0.0,1.0,0.0,0.0,1.0,1.0,1.0,1.0,2.0,1.0,0.0,0.0,0.0,2.0,0.0,0.0,1.0,1.0,3.0,50.0,50.0,1.0,0.0,0.0,0.0,0.0,0.0,0.0,0.0,0.0,0.0,0.0,2.0,2.0,0.0,1.0,1.0,0.0,1.0,0.0,0.0,0.0,0.0,0.0,1.0,0.0,0.0,1.0,0.0,0.0,0.0,1.0,11.0,0.0,0.0,0.0,0.0,0.0,12.0,0.0,0.0,0.0,0.0,0.0,0.0,0.0,0.0,0.0,1.0,1.0,0.0,0.0,0.0,0.0,1.0,1.0,1.0,0.0,0.0,0.0,0.0,0.0,0.0,1.0,1.0,0.0,0.0,0.0,0.0,0.0,1.0,1.0,0.0,1821198737.0,4137.0,4137.0,7747.0,7747.0,7775.0,0.0,315.0,32518.0,25863.0,25778.0,201.0,0.0,0.0,0.0,558.0,0.0,0.0,79.0,86.0,85.0,41.0,77.0,1558757632.0,0.0,13800402496.0,204744421312.0,1543985024.0,0.0,0.0,2271.0,0.0,0.0,3164.0,170.0,3775.0
581,0.0,1.0,0.0,1.0,1.0,1267200.0,1.0,1300500000.0,1.0,68000000.0,1.65545392036,25158.0,3959.0,6400.0,40125.0,40875.0,41625.0,71.0,25.0,64.0,896.0,5000.0,0.0,25.0,1000000.0,950000.0,1.0,0.0,0.0,10.0,0.0,0.0,100.0,500.0,40405170.0,875765034.0,789953867.0,0.0,0.0,0.0,0.0,0.0,1.0,1.0,1.0,1.0,1.0,0.0,0.0,1.0,0.0,0.0,0.0,0.0,0.0,35.0,1.0,30054520.0,322718042.0,31000805.0,42781272.0,885839142.0,1815.0,18948275162.0,0.0,1.0,1.0,0.0,1.0,0.0,0.0,1.0,1.0,1.0,1.0,2.0,1.0,0.0,0.0,0.0,2.0,0.0,0.0,1.0,1.0,3.0,50.0,50.0,1.0,0.0,0.0,0.0,0.0,0.0,0.0,0.0,0.0,0.0,0.0,2.0,2.0,0.0,1.0,1.0,0.0,1.0,0.0,0.0,0.0,0.0,0.0,1.0,0.0,0.0,1.0,0.0,0.0,0.0,1.0,11.0,0.0,0.0,0.0,0.0,0.0,12.0,0.0,0.0,0.0,0.0,0.0,0.0,0.0,0.0,0.0,1.0,1.0,0.0,0.0,0.0,0.0,1.0,1.0,1.0,0.0,0.0,0.0,0.0,0.0,0.0,1.0,1.0,0.0,0.0,0.0,0.0,0.0,1.0,1.0,0.0,1717763350.0,3735.0,3735.0,7311.0,7311.0,7339.0,0.0,266.0,30501.0,25037.0,24965.0,143.0,0.0,0.0,0.0,433.0,0.0,0.0,67.0,73.0,72.0,32.0,65.0,1356860672.0,0.0,12659365856.0,172919914880.0,1279492672.0,0.0,0.0,1815.0,0.0,0.0,2472.0,144.0,3343.0
582,0.0,1.0,0.0,1.0,1.0,1267200.0,1.0,1300500000.0,1.0,68000000.0,1.6081929206799999,15741.0,3123.0,4571.0,39650.0,40400.0,41600.0,71.0,25.0,64.0,896.0,5000.0,0.0,25.0,1000000.0,950000.0,1.0,0.0,0.0,10.0,0.0,0.0,100.0,500.0,41596616.0,894558452.0,822783012.0,0.0,0.0,0.0,0.0,0.0,1.0,1.0,1.0,1.0,1.0,0.0,0.0,1.0,0.0,0.0,0.0,0.0,0.0,35.0,1.0,27932729.0,336077104.0,28557456.0,41698362.0,902152906.0,1931.0,19134121097.0,0.0,1.0,1.0,0.0,1.0,0.0,0.0,1.0,1.0,1.0,1.0,2.0,1.0,0.0,0.0,0.0,2.0,0.0,0.0,1.0,1.0,3.0,50.0,50.0,1.0,0.0,0.0,0.0,0.0,0.0,0.0,0.0,0.0,0.0,0.0,2.0,2.0,0.0,1.0,1.0,0.0,1.0,0.0,0.0,0.0,0.0,0.0,1.0,0.0,0.0,1.0,0.0,0.0,0.0,1.0,11.0,0.0,0.0,0.0,0.0,0.0,12.0,0.0,0.0,0.0,0.0,0.0,0.0,0.0,0.0,0.0,1.0,1.0,0.0,0.0,0.0,0.0,1.0,1.0,1.0,0.0,0.0,0.0,0.0,0.0,0.0,1.0,1.0,0.0,0.0,0.0,0.0,0.0,1.0,1.0,0.0,1707017497.0,3779.0,3779.0,7249.0,7249.0,7274.0,0.0,280.0,29981.0,25044.0,24978.0,153.0,0.0,0.0,0.0,481.0,0.0,0.0,61.0,67.0,66.0,26.0,59.0,1216505248.0,4338208.0,12740063104.0,198601353248.0,1148195008.0,0.0,0.0,1931.0,0.0,0.0,2711.0,132.0,3576.0
583,0.0,1.0,0.0,1.0,1.0,1267200.0,1.0,1300500000.0,1.0,68000000.0,1.63875699043,19249.0,3656.0,5639.0,39850.0,40600.0,41500.0,71.0,25.0,64.0,896.0,5000.0,0.0,25.0,1000000.0,950000.0,1.0,0.0,0.0,10.0,0.0,0.0,100.0,500.0,40682033.0,910236752.0,789135365.0,0.0,0.0,0.0,0.0,0.0,1.0,1.0,1.0,1.0,1.0,0.0,0.0,1.0,0.0,0.0,0.0,0.0,0.0,32.0,1.0,29027362.0,324208595.0,30320082.0,45168723.0,920282339.0,1942.0,19504591106.0,0.0,1.0,1.0,0.0,1.0,0.0,0.0,1.0,1.0,1.0,1.0,2.0,1.0,0.0,0.0,0.0,2.0,0.0,0.0,1.0,1.0,3.0,50.0,50.0,1.0,0.0,0.0,0.0,0.0,0.0,0.0,0.0,0.0,0.0,0.0,2.0,2.0,0.0,1.0,1.0,0.0,1.0,0.0,0.0,0.0,0.0,0.0,1.0,0.0,0.0,1.0,0.0,0.0,0.0,1.0,11.0,0.0,0.0,0.0,0.0,0.0,12.0,0.0,0.0,0.0,0.0,0.0,0.0,0.0,0.0,0.0,1.0,1.0,0.0,0.0,0.0,0.0,1.0,1.0,1.0,0.0,0.0,0.0,0.0,0.0,0.0,1.0,1.0,0.0,0.0,0.0,0.0,0.0,1.0,1.0,0.0,1741081030.0,3839.0,3839.0,7338.0,7338.0,7371.0,0.0,288.0,30553.0,25157.0,25085.0,141.0,0.0,0.0,0.0,488.0,0.0,0.0,67.0,73.0,72.0,31.0,65.0,1674469216.0,0.0,12817000704.0,149929533600.0,1342214016.0,0.0,0.0,1942.0,0.0,0.0,2746.0,144.0,3530.0
584,0.0,1.0,0.0,1.0,1.0,1267200.0,1.0,1300500000.0,1.0,68000000.0,1.58300185204,19515.0,3885.0,5487.0,40062.5,40500.0,41875.0,99.0,25.0,64.0,896.0,5000.0,0.0,25.0,1000000.0,950000.0,1.0,1.0,0.0,10.0,0.0,0.0,100.0,500.0,38921212.0,880194232.0,803159624.0,0.0,0.0,0.0,0.0,0.0,1.0,1.0,1.0,1.0,1.0,0.0,0.0,1.0,0.0,0.0,0.0,0.0,0.0,36.0,1.0,30176591.0,317857300.0,30427628.0,43145387.0,917296901.0,1907.0,18466794332.0,0.0,1.0,1.0,0.0,1.0,0.0,0.0,1.0,1.0,1.0,1.0,2.0,1.0,0.0,0.0,0.0,2.0,0.0,0.0,1.0,1.0,3.0,50.0,50.0,1.0,0.0,0.0,0.0,0.0,0.0,0.0,0.0,0.0,0.0,0.0,2.0,2.0,0.0,1.0,1.0,0.0,1.0,0.0,0.0,0.0,0.0,0.0,1.0,0.0,0.0,1.0,0.0,0.0,0.0,1.0,11.0,0.0,0.0,0.0,0.0,0.0,12.0,0.0,0.0,0.0,0.0,0.0,0.0,0.0,0.0,0.0,1.0,1.0,0.0,0.0,0.0,0.0,1.0,1.0,1.0,0.0,0.0,0.0,0.0,0.0,0.0,1.0,1.0,0.0,0.0,0.0,0.0,0.0,1.0,1.0,0.0,1778630271.0,3557.0,3557.0,6859.0,6859.0,6887.0,0.0,282.0,29863.0,24818.0,24752.0,129.0,0.0,0.0,0.0,454.0,0.0,0.0,61.0,67.0,66.0,31.0,59.0,1044505664.0,4060800.0,12105096224.0,162374204000.0,1258707168.0,0.0,0.0,1907.0,0.0,0.0,2678.0,132.0,3452.0
585,0.0,1.0,0.0,1.0,1.0,1267200.0,1.0,1300500000.0,1.0,68000000.0,1.68879103661,18981.0,3656.0,5562.0,39714.2857143,40357.1428571,41714.2857143,99.0,25.0,64.0,896.0,5000.0,0.0,25.0,1000000.0,950000.0,1.0,1.0,0.0,10.0,0.0,0.0,100.0,500.0,47002728.0,934762636.0,845442713.0,0.0,0.0,0.0,0.0,0.0,1.0,1.0,1.0,1.0,1.0,0.0,0.0,1.0,0.0,0.0,0.0,0.0,0.0,34.0,1.0,30319933.0,356406724.0,31725094.0,50026060.0,961110690.0,2392.0,19956164323.0,0.0,1.0,1.0,0.0,1.0,0.0,0.0,1.0,1.0,1.0,1.0,2.0,1.0,0.0,0.0,0.0,2.0,0.0,0.0,1.0,1.0,3.0,50.0,50.0,1.0,0.0,0.0,0.0,0.0,0.0,0.0,0.0,0.0,0.0,0.0,2.0,2.0,0.0,1.0,1.0,0.0,1.0,0.0,0.0,0.0,0.0,0.0,1.0,0.0,0.0,1.0,0.0,0.0,0.0,1.0,11.0,0.0,0.0,0.0,0.0,0.0,12.0,0.0,0.0,0.0,0.0,0.0,0.0,0.0,0.0,0.0,1.0,1.0,0.0,0.0,0.0,0.0,1.0,1.0,1.0,0.0,0.0,0.0,0.0,0.0,0.0,1.0,1.0,0.0,0.0,0.0,0.0,0.0,1.0,1.0,0.0,1827749878.0,4083.0,4083.0,7642.0,7642.0,7677.0,0.0,309.0,33973.0,26252.0,26168.0,211.0,0.0,0.0,0.0,561.0,0.0,0.0,79.0,85.0,84.0,37.0,77.0,1901186944.0,0.0,13532564608.0,213266213696.0,1507505728.0,0.0,0.0,2392.0,0.0,0.0,3366.0,168.0,4173.0
586,0.0,1.0,0.0,1.0,1.0,1267200.0,1.0,1300500000.0,1.0,68000000.0,1.5969390869100002,14714.0,3047.0,3886.0,39791.6666667,40416.6666667,41500.0,99.0,25.0,64.0,896.0,5000.0,0.0,25.0,1000000.0,950000.0,1.0,1.0,0.0,10.0,0.0,0.0,100.0,500.0,40977636.0,906783965.0,806576194.0,0.0,0.0,0.0,0.0,0.0,1.0,1.0,1.0,1.0,1.0,0.0,0.0,1.0,0.0,0.0,0.0,0.0,0.0,35.0,1.0,25788991.0,319788922.0,26401201.0,42275708.0,895815185.0,2108.0,18547621500.0,0.0,1.0,1.0,0.0,1.0,0.0,0.0,1.0,1.0,1.0,1.0,2.0,1.0,0.0,0.0,0.0,2.0,0.0,0.0,1.0,1.0,3.0,50.0,50.0,1.0,0.0,0.0,0.0,0.0,0.0,0.0,0.0,0.0,0.0,0.0,2.0,2.0,0.0,1.0,1.0,0.0,1.0,0.0,0.0,0.0,0.0,0.0,1.0,0.0,0.0,1.0,0.0,0.0,0.0,1.0,11.0,0.0,0.0,0.0,0.0,0.0,12.0,0.0,0.0,0.0,0.0,0.0,0.0,0.0,0.0,0.0,1.0,1.0,0.0,0.0,0.0,0.0,1.0,1.0,1.0,0.0,0.0,0.0,0.0,0.0,0.0,1.0,1.0,0.0,0.0,0.0,0.0,0.0,1.0,1.0,0.0,1702968483.0,3939.0,3939.0,7181.0,7181.0,7202.0,0.0,257.0,30510.0,25070.0,24998.0,209.0,0.0,0.0,0.0,442.0,0.0,0.0,67.0,73.0,72.0,28.0,65.0,1847649376.0,0.0,12538134272.0,145547899232.0,1295882624.0,0.0,0.0,2108.0,0.0,0.0,2926.0,144.0,3564.0
587,0.0,1.0,0.0,1.0,0.0,345600.0,1.0,675750000.0,1.0,1866000000.0,0.136723995209,5602.0,609.0,1295.0,39750.0,41000.0,42000.0,78.0,25.0,64.0,896.0,5000.0,0.0,25.0,1000000.0,950000.0,1.0,0.0,0.0,10.0,0.0,0.0,0.0,100.0,18332289.0,581116834.0,562224880.0,0.0,0.0,0.0,0.0,0.0,1.0,1.0,1.0,1.0,1.0,0.0,0.0,1.0,0.0,0.0,0.0,0.0,0.0,32.0,1.0,14640997.0,254923561.0,14412489.0,17945379.0,583090660.0,616.0,2286993281.0,0.0,1.0,1.0,0.0,1.0,0.0,0.0,1.0,1.0,1.0,1.0,2.0,1.0,0.0,0.0,0.0,2.0,0.0,0.0,1.0,1.0,3.0,50.0,50.0,1.0,0.0,0.0,0.0,0.0,0.0,0.0,0.0,0.0,0.0,0.0,2.0,2.0,0.0,1.0,1.0,0.0,1.0,0.0,0.0,0.0,0.0,0.0,1.0,0.0,0.0,1.0,0.0,0.0,0.0,1.0,10.0,0.0,0.0,0.0,0.0,0.0,11.0,0.0,0.0,0.0,0.0,0.0,0.0,0.0,0.0,0.0,1.0,1.0,0.0,0.0,0.0,0.0,1.0,1.0,1.0,0.0,0.0,0.0,0.0,0.0,0.0,1.0,1.0,0.0,0.0,0.0,0.0,0.0,1.0,1.0,0.0,1281468521.0,440.0,440.0,1137.0,1137.0,1170.0,0.0,44.0,19083.0,21025.0,21005.0,45.0,0.0,0.0,0.0,33.0,0.0,0.0,19.0,21.0,20.0,5.0,17.0,213766240.0,0.0,1397103904.0,11550395904.0,138584032.0,0.0,0.0,616.0,0.0,0.0,725.0,40.0,838.0
588,0.0,1.0,0.0,1.0,0.0,345600.0,1.0,675750000.0,1.0,1866000000.0,0.15551900863600002,5602.0,533.0,1219.0,40750.0,41500.0,42000.0,78.0,25.0,64.0,896.0,5000.0,0.0,25.0,1000000.0,950000.0,1.0,0.0,0.0,10.0,0.0,0.0,0.0,100.0,17137179.0,568914156.0,562718078.0,0.0,0.0,0.0,0.0,0.0,1.0,1.0,1.0,1.0,1.0,0.0,0.0,1.0,0.0,0.0,0.0,0.0,0.0,30.0,1.0,14859986.0,258932373.0,14576771.0,18487896.0,572730870.0,447.0,2294389026.0,0.0,1.0,1.0,0.0,1.0,0.0,0.0,1.0,1.0,1.0,1.0,2.0,1.0,0.0,0.0,0.0,2.0,0.0,0.0,1.0,1.0,3.0,50.0,50.0,1.0,0.0,0.0,0.0,0.0,0.0,0.0,0.0,0.0,0.0,0.0,2.0,2.0,0.0,1.0,1.0,0.0,1.0,0.0,0.0,0.0,0.0,0.0,1.0,0.0,0.0,1.0,0.0,0.0,0.0,1.0,10.0,0.0,0.0,0.0,0.0,0.0,11.0,0.0,0.0,0.0,0.0,0.0,0.0,0.0,0.0,0.0,1.0,1.0,0.0,0.0,0.0,0.0,1.0,1.0,1.0,0.0,0.0,0.0,0.0,0.0,0.0,1.0,1.0,0.0,0.0,0.0,0.0,0.0,1.0,1.0,0.0,1273729844.0,374.0,374.0,1175.0,1175.0,1206.0,0.0,37.0,18404.0,20863.0,20843.0,60.0,0.0,0.0,0.0,22.0,0.0,0.0,19.0,21.0,20.0,6.0,17.0,19545920.0,0.0,1369913184.0,10022424160.0,103453376.0,0.0,0.0,447.0,0.0,0.0,535.0,40.0,621.0
589,0.0,1.0,0.0,1.0,0.0,345600.0,1.0,675750000.0,1.0,1866000000.0,0.137845993042,5678.0,609.0,1219.0,40000.0,42000.0,42000.0,78.0,25.0,64.0,896.0,5000.0,0.0,25.0,1000000.0,950000.0,1.0,0.0,0.0,10.0,0.0,0.0,0.0,100.0,16930928.0,567338530.0,550666798.0,0.0,0.0,0.0,0.0,0.0,1.0,1.0,1.0,1.0,1.0,0.0,0.0,1.0,0.0,0.0,0.0,0.0,0.0,29.0,1.0,14860990.0,252938612.0,15008807.0,18177615.0,572452932.0,485.0,2325722098.0,0.0,1.0,1.0,0.0,1.0,0.0,0.0,1.0,1.0,1.0,1.0,2.0,1.0,0.0,0.0,0.0,2.0,0.0,0.0,1.0,1.0,3.0,50.0,50.0,1.0,0.0,0.0,0.0,0.0,0.0,0.0,0.0,0.0,0.0,0.0,2.0,2.0,0.0,1.0,1.0,0.0,1.0,0.0,0.0,0.0,0.0,0.0,1.0,0.0,0.0,1.0,0.0,0.0,0.0,1.0,10.0,0.0,0.0,0.0,0.0,0.0,11.0,0.0,0.0,0.0,0.0,0.0,0.0,0.0,0.0,0.0,1.0,1.0,0.0,0.0,0.0,0.0,1.0,1.0,1.0,0.0,0.0,0.0,0.0,0.0,0.0,1.0,1.0,0.0,0.0,0.0,0.0,0.0,1.0,1.0,0.0,1294837064.0,424.0,424.0,1082.0,1082.0,1118.0,0.0,43.0,18765.0,20960.0,20940.0,68.0,0.0,0.0,0.0,37.0,0.0,0.0,19.0,21.0,20.0,3.0,17.0,114072608.0,0.0,1445010688.0,10005441536.0,105008608.0,0.0,0.0,485.0,0.0,0.0,621.0,40.0,724.0
590,0.0,1.0,0.0,1.0,0.0,345600.0,1.0,675750000.0,1.0,1866000000.0,0.136396169662,5678.0,609.0,1295.0,40000.0,42000.0,42500.0,87.0,25.0,64.0,896.0,5000.0,0.0,25.0,1000000.0,950000.0,1.0,1.0,0.0,10.0,0.0,0.0,0.0,100.0,17512695.0,556089633.0,546964802.0,0.0,0.0,0.0,0.0,0.0,1.0,1.0,1.0,1.0,1.0,0.0,0.0,1.0,0.0,0.0,0.0,0.0,0.0,35.0,1.0,14524219.0,255251850.0,14631596.0,17697297.0,581344350.0,489.0,2290184545.0,0.0,1.0,1.0,0.0,1.0,0.0,0.0,1.0,1.0,1.0,1.0,2.0,1.0,0.0,0.0,0.0,2.0,0.0,0.0,1.0,1.0,3.0,50.0,50.0,1.0,0.0,0.0,0.0,0.0,0.0,0.0,0.0,0.0,0.0,0.0,2.0,2.0,0.0,1.0,1.0,0.0,1.0,0.0,0.0,0.0,0.0,0.0,1.0,0.0,0.0,1.0,0.0,0.0,0.0,1.0,11.0,0.0,0.0,0.0,0.0,0.0,12.0,0.0,0.0,0.0,0.0,0.0,0.0,0.0,0.0,0.0,1.0,1.0,0.0,0.0,0.0,0.0,1.0,1.0,1.0,0.0,0.0,0.0,0.0,0.0,0.0,1.0,1.0,0.0,0.0,0.0,0.0,0.0,1.0,1.0,0.0,1328518713.0,382.0,382.0,1047.0,1047.0,1079.0,0.0,41.0,18988.0,20967.0,20947.0,35.0,0.0,0.0,0.0,36.0,0.0,0.0,19.0,21.0,20.0,3.0,17.0,114350144.0,154560.0,1358789056.0,6538316704.0,119536640.0,0.0,0.0,489.0,0.0,0.0,563.0,40.0,672.0
591,0.0,1.0,0.0,1.0,0.0,345600.0,1.0,675750000.0,1.0,1866000000.0,0.13337206840500002,5716.0,609.0,1295.0,41250.0,42000.0,42500.0,87.0,25.0,64.0,896.0,5000.0,0.0,25.0,1000000.0,950000.0,1.0,1.0,0.0,10.0,0.0,0.0,0.0,100.0,17844199.0,566225238.0,539194362.0,0.0,0.0,0.0,0.0,0.0,1.0,1.0,1.0,1.0,1.0,0.0,0.0,1.0,0.0,0.0,0.0,0.0,0.0,28.0,1.0,14727756.0,247683707.0,14729700.0,18402146.0,586213417.0,565.0,2300798419.0,0.0,1.0,1.0,0.0,1.0,0.0,0.0,1.0,1.0,1.0,1.0,2.0,1.0,0.0,0.0,0.0,2.0,0.0,0.0,1.0,1.0,3.0,50.0,50.0,1.0,0.0,0.0,0.0,0.0,0.0,0.0,0.0,0.0,0.0,0.0,2.0,2.0,0.0,1.0,1.0,0.0,1.0,0.0,0.0,0.0,0.0,0.0,1.0,0.0,0.0,1.0,0.0,0.0,0.0,1.0,11.0,0.0,0.0,0.0,0.0,0.0,12.0,0.0,0.0,0.0,0.0,0.0,0.0,0.0,0.0,0.0,1.0,1.0,0.0,0.0,0.0,0.0,1.0,1.0,1.0,0.0,0.0,0.0,0.0,0.0,0.0,1.0,1.0,0.0,0.0,0.0,0.0,0.0,1.0,1.0,0.0,1321839277.0,435.0,435.0,1176.0,1176.0,1206.0,0.0,41.0,18863.0,21190.0,21170.0,45.0,0.0,0.0,0.0,39.0,0.0,0.0,19.0,21.0,20.0,5.0,17.0,210818496.0,0.0,1421610240.0,14184475712.0,108720704.0,0.0,0.0,565.0,0.0,0.0,668.0,40.0,854.0
592,0.0,1.0,0.0,1.0,0.0,345600.0,1.0,675750000.0,1.0,1866000000.0,0.14309000968900001,5716.0,533.0,1295.0,41000.0,41500.0,42500.0,87.0,25.0,64.0,896.0,5000.0,0.0,25.0,1000000.0,950000.0,1.0,1.0,0.0,10.0,0.0,0.0,0.0,100.0,18640583.0,553543495.0,542071575.0,0.0,0.0,0.0,0.0,0.0,1.0,1.0,1.0,1.0,1.0,0.0,0.0,1.0,0.0,0.0,0.0,0.0,0.0,30.0,1.0,14909751.0,256540430.0,14928955.0,18350279.0,576505681.0,499.0,2293937836.0,0.0,1.0,1.0,0.0,1.0,0.0,0.0,1.0,1.0,1.0,1.0,2.0,1.0,0.0,0.0,0.0,2.0,0.0,0.0,1.0,1.0,3.0,50.0,50.0,1.0,0.0,0.0,0.0,0.0,0.0,0.0,0.0,0.0,0.0,0.0,2.0,2.0,0.0,1.0,1.0,0.0,1.0,0.0,0.0,0.0,0.0,0.0,1.0,0.0,0.0,1.0,0.0,0.0,0.0,1.0,10.0,0.0,0.0,0.0,0.0,0.0,11.0,0.0,0.0,0.0,0.0,0.0,0.0,0.0,0.0,0.0,1.0,1.0,0.0,0.0,0.0,0.0,1.0,1.0,1.0,0.0,0.0,0.0,0.0,0.0,0.0,1.0,1.0,0.0,0.0,0.0,0.0,0.0,1.0,1.0,0.0,1322735770.0,376.0,376.0,1183.0,1183.0,1220.0,0.0,51.0,19036.0,21063.0,21043.0,25.0,0.0,0.0,0.0,35.0,0.0,0.0,19.0,21.0,20.0,6.0,17.0,7707136.0,1052384.0,1342977824.0,11245275520.0,87941440.0,0.0,0.0,499.0,0.0,0.0,581.0,40.0,688.0
593,0.0,1.0,0.0,1.0,0.0,345600.0,1.0,675750000.0,1.0,1866000000.0,0.141170978546,11621.0,1066.0,2514.0,40375.0,41500.0,42500.0,80.0,25.0,64.0,896.0,5000.0,0.0,25.0,1000000.0,950000.0,1.0,0.0,0.0,10.0,0.0,0.0,0.0,500.0,22558762.0,586949065.0,580163822.0,0.0,0.0,0.0,0.0,0.0,1.0,1.0,1.0,1.0,1.0,0.0,0.0,1.0,0.0,0.0,0.0,0.0,0.0,32.0,1.0,15363103.0,268678942.0,15340894.0,22459207.0,597524851.0,775.0,2427089027.0,0.0,1.0,1.0,0.0,1.0,0.0,0.0,1.0,1.0,1.0,1.0,2.0,1.0,0.0,0.0,0.0,2.0,0.0,0.0,1.0,1.0,3.0,50.0,50.0,1.0,0.0,0.0,0.0,0.0,0.0,0.0,0.0,0.0,0.0,0.0,2.0,2.0,0.0,1.0,1.0,0.0,1.0,0.0,0.0,0.0,0.0,0.0,1.0,0.0,0.0,1.0,0.0,0.0,0.0,1.0,10.0,0.0,0.0,0.0,0.0,0.0,11.0,0.0,0.0,0.0,0.0,0.0,0.0,0.0,0.0,0.0,1.0,1.0,0.0,0.0,0.0,0.0,1.0,1.0,1.0,0.0,0.0,0.0,0.0,0.0,0.0,1.0,1.0,0.0,0.0,0.0,0.0,0.0,1.0,1.0,0.0,1358215545.0,526.0,526.0,1261.0,1261.0,1300.0,0.0,80.0,22211.0,22062.0,22028.0,138.0,0.0,0.0,0.0,63.0,0.0,0.0,31.0,35.0,34.0,8.0,29.0,114032000.0,0.0,1591256256.0,16137030496.0,210294496.0,0.0,0.0,775.0,0.0,0.0,992.0,68.0,1228.0
594,0.0,1.0,0.0,1.0,0.0,345600.0,1.0,675750000.0,1.0,1866000000.0,0.147771120071,11733.0,1066.0,2666.0,40625.0,41500.0,42500.0,80.0,25.0,64.0,896.0,5000.0,0.0,25.0,1000000.0,950000.0,1.0,0.0,0.0,10.0,0.0,0.0,0.0,500.0,22088794.0,602604250.0,593293276.0,0.0,0.0,0.0,0.0,0.0,1.0,1.0,1.0,1.0,1.0,0.0,0.0,1.0,0.0,0.0,0.0,0.0,0.0,33.0,1.0,14604629.0,261962775.0,14485892.0,23689163.0,607347685.0,781.0,2406115827.0,0.0,1.0,1.0,0.0,1.0,0.0,0.0,1.0,1.0,1.0,1.0,2.0,1.0,0.0,0.0,0.0,2.0,0.0,0.0,1.0,1.0,3.0,50.0,50.0,1.0,0.0,0.0,0.0,0.0,0.0,0.0,0.0,0.0,0.0,0.0,2.0,2.0,0.0,1.0,1.0,0.0,1.0,0.0,0.0,0.0,0.0,0.0,1.0,0.0,0.0,1.0,0.0,0.0,0.0,1.0,11.0,0.0,0.0,0.0,0.0,0.0,12.0,0.0,0.0,0.0,0.0,0.0,0.0,0.0,0.0,0.0,1.0,1.0,0.0,0.0,0.0,0.0,1.0,1.0,1.0,0.0,0.0,0.0,0.0,0.0,0.0,1.0,1.0,0.0,0.0,0.0,0.0,0.0,1.0,1.0,0.0,1302859109.0,492.0,492.0,1275.0,1275.0,1309.0,0.0,85.0,22109.0,21959.0,21925.0,39.0,0.0,0.0,0.0,71.0,0.0,0.0,31.0,35.0,34.0,7.0,29.0,113375488.0,0.0,1634397376.0,13015158208.0,191510912.0,0.0,0.0,781.0,0.0,0.0,931.0,68.0,1038.0
595,0.0,1.0,0.0,1.0,0.0,345600.0,1.0,675750000.0,1.0,1866000000.0,0.136412143707,5716.0,533.0,1295.0,40750.0,42000.0,42500.0,80.0,25.0,64.0,896.0,5000.0,0.0,25.0,1000000.0,950000.0,1.0,0.0,0.0,10.0,0.0,0.0,0.0,500.0,18290500.0,571142129.0,557201958.0,0.0,0.0,0.0,0.0,0.0,1.0,1.0,1.0,1.0,1.0,0.0,0.0,1.0,0.0,0.0,0.0,0.0,0.0,27.0,1.0,14536971.0,257731061.0,14584069.0,18133456.0,576115037.0,555.0,2286565653.0,0.0,1.0,1.0,0.0,1.0,0.0,0.0,1.0,1.0,1.0,1.0,2.0,1.0,0.0,0.0,0.0,2.0,0.0,0.0,1.0,1.0,3.0,50.0,50.0,1.0,0.0,0.0,0.0,0.0,0.0,0.0,0.0,0.0,0.0,0.0,2.0,2.0,0.0,1.0,1.0,0.0,1.0,0.0,0.0,0.0,0.0,0.0,1.0,0.0,0.0,1.0,0.0,0.0,0.0,1.0,10.0,0.0,0.0,0.0,0.0,0.0,11.0,0.0,0.0,0.0,0.0,0.0,0.0,0.0,0.0,0.0,1.0,1.0,0.0,0.0,0.0,0.0,1.0,1.0,1.0,0.0,0.0,0.0,0.0,0.0,0.0,1.0,1.0,0.0,0.0,0.0,0.0,0.0,1.0,1.0,0.0,1294680351.0,419.0,419.0,1158.0,1158.0,1197.0,0.0,46.0,18840.0,21042.0,21022.0,89.0,0.0,0.0,0.0,39.0,0.0,0.0,19.0,21.0,20.0,9.0,17.0,115689600.0,0.0,1429948544.0,18705526656.0,94007520.0,0.0,0.0,555.0,0.0,0.0,721.0,40.0,826.0
596,0.0,1.0,0.0,1.0,0.0,345600.0,1.0,675750000.0,1.0,1866000000.0,0.138282060623,5716.0,533.0,1295.0,41500.0,42000.0,42500.0,92.0,25.0,64.0,896.0,5000.0,0.0,25.0,1000000.0,950000.0,1.0,1.0,0.0,10.0,0.0,0.0,0.0,500.0,18546819.0,568745167.0,550186550.0,0.0,0.0,0.0,0.0,0.0,1.0,1.0,1.0,1.0,1.0,0.0,0.0,1.0,0.0,0.0,0.0,0.0,0.0,33.0,1.0,14759767.0,257265033.0,14713981.0,19386431.0,572497043.0,487.0,2285739256.0,0.0,1.0,1.0,0.0,1.0,0.0,0.0,1.0,1.0,1.0,1.0,2.0,1.0,0.0,0.0,0.0,2.0,0.0,0.0,1.0,1.0,3.0,50.0,50.0,1.0,0.0,0.0,0.0,0.0,0.0,0.0,0.0,0.0,0.0,0.0,2.0,2.0,0.0,1.0,1.0,0.0,1.0,0.0,0.0,0.0,0.0,0.0,1.0,0.0,0.0,1.0,0.0,0.0,0.0,1.0,10.0,0.0,0.0,0.0,0.0,0.0,11.0,0.0,0.0,0.0,0.0,0.0,0.0,0.0,0.0,0.0,1.0,1.0,0.0,0.0,0.0,0.0,1.0,1.0,1.0,0.0,0.0,0.0,0.0,0.0,0.0,1.0,1.0,0.0,0.0,0.0,0.0,0.0,1.0,1.0,0.0,1270293805.0,386.0,386.0,1187.0,1187.0,1216.0,0.0,52.0,18989.0,21125.0,21105.0,26.0,0.0,0.0,0.0,39.0,0.0,0.0,19.0,21.0,20.0,8.0,17.0,108708352.0,0.0,1386604576.0,8437539552.0,125814496.0,0.0,0.0,487.0,0.0,0.0,548.0,40.0,700.0
597,0.0,1.0,0.0,1.0,0.0,345600.0,1.0,675750000.0,1.0,1866000000.0,0.137294054031,6057.0,533.0,1294.0,41250.0,42000.0,42500.0,92.0,25.0,64.0,896.0,5000.0,0.0,25.0,1000000.0,950000.0,1.0,1.0,0.0,10.0,0.0,0.0,0.0,500.0,17773123.0,565652366.0,548966752.0,0.0,0.0,0.0,0.0,0.0,1.0,1.0,1.0,1.0,1.0,0.0,0.0,1.0,0.0,0.0,0.0,0.0,0.0,34.0,1.0,15012161.0,253995510.0,14447190.0,18778386.0,577055538.0,449.0,2248930808.0,0.0,1.0,1.0,0.0,1.0,0.0,0.0,1.0,1.0,1.0,1.0,2.0,1.0,0.0,0.0,0.0,2.0,0.0,0.0,1.0,1.0,3.0,50.0,50.0,1.0,0.0,0.0,0.0,0.0,0.0,0.0,0.0,0.0,0.0,0.0,2.0,2.0,0.0,1.0,1.0,0.0,1.0,0.0,0.0,0.0,0.0,0.0,1.0,0.0,0.0,1.0,0.0,0.0,0.0,1.0,10.0,0.0,0.0,0.0,0.0,0.0,11.0,0.0,0.0,0.0,0.0,0.0,0.0,0.0,0.0,0.0,1.0,1.0,0.0,0.0,0.0,0.0,1.0,1.0,1.0,0.0,0.0,0.0,0.0,0.0,0.0,1.0,1.0,0.0,0.0,0.0,0.0,0.0,1.0,1.0,0.0,1266609837.0,395.0,395.0,1132.0,1132.0,1162.0,0.0,40.0,19024.0,21018.0,20998.0,48.0,0.0,0.0,0.0,25.0,0.0,0.0,19.0,21.0,20.0,4.0,17.0,33664160.0,0.0,1352687840.0,12358261344.0,142839808.0,0.0,0.0,449.0,0.0,0.0,509.0,40.0,658.0
598,0.0,1.0,0.0,1.0,0.0,345600.0,1.0,675750000.0,1.0,1866000000.0,0.141403913498,5678.0,533.0,1295.0,40500.0,42000.0,42500.0,92.0,25.0,64.0,896.0,5000.0,0.0,25.0,1000000.0,950000.0,1.0,1.0,0.0,10.0,0.0,0.0,0.0,500.0,17650506.0,562913972.0,558416796.0,0.0,0.0,0.0,0.0,0.0,1.0,1.0,1.0,1.0,1.0,0.0,0.0,1.0,0.0,0.0,0.0,0.0,0.0,34.0,1.0,15019493.0,261654249.0,14892252.0,18350532.0,566542866.0,465.0,2298964477.0,0.0,1.0,1.0,0.0,1.0,0.0,0.0,1.0,1.0,1.0,1.0,2.0,1.0,0.0,0.0,0.0,2.0,0.0,0.0,1.0,1.0,3.0,50.0,50.0,1.0,0.0,0.0,0.0,0.0,0.0,0.0,0.0,0.0,0.0,0.0,2.0,2.0,0.0,1.0,1.0,0.0,1.0,0.0,0.0,0.0,0.0,0.0,1.0,0.0,0.0,1.0,0.0,0.0,0.0,1.0,11.0,0.0,0.0,0.0,0.0,0.0,12.0,0.0,0.0,0.0,0.0,0.0,0.0,0.0,0.0,0.0,1.0,1.0,0.0,0.0,0.0,0.0,1.0,1.0,1.0,0.0,0.0,0.0,0.0,0.0,0.0,1.0,1.0,0.0,0.0,0.0,0.0,0.0,1.0,1.0,0.0,1282059369.0,426.0,426.0,1196.0,1196.0,1222.0,0.0,50.0,19084.0,21040.0,21020.0,39.0,0.0,0.0,0.0,35.0,0.0,0.0,19.0,21.0,20.0,6.0,17.0,113057824.0,1528448.0,1449333984.0,17032246144.0,105546784.0,0.0,0.0,465.0,0.0,0.0,537.0,40.0,684.0
599,0.0,1.0,0.0,1.0,0.0,345600.0,1.0,675750000.0,1.0,1866000000.0,0.156162023544,5450.0,457.0,1295.0,41750.0,42500.0,43000.0,91.0,25.0,64.0,896.0,5000.0,0.0,25.0,1000000.0,950000.0,1.0,0.0,0.0,10.0,0.0,0.0,100.0,100.0,18395886.0,568498552.0,553673919.0,0.0,0.0,0.0,0.0,0.0,1.0,1.0,1.0,1.0,1.0,0.0,0.0,1.0,0.0,0.0,0.0,0.0,0.0,29.0,1.0,14317731.0,255197291.0,14272690.0,17705232.0,572113144.0,529.0,2222488764.0,0.0,1.0,1.0,0.0,1.0,0.0,0.0,1.0,1.0,1.0,1.0,2.0,1.0,0.0,0.0,0.0,2.0,0.0,0.0,1.0,1.0,3.0,50.0,50.0,1.0,0.0,0.0,0.0,0.0,0.0,0.0,0.0,0.0,0.0,0.0,2.0,2.0,0.0,1.0,1.0,0.0,1.0,0.0,0.0,0.0,0.0,0.0,1.0,0.0,0.0,1.0,0.0,0.0,0.0,1.0,10.0,0.0,0.0,0.0,0.0,0.0,11.0,0.0,0.0,0.0,0.0,0.0,0.0,0.0,0.0,0.0,1.0,1.0,0.0,0.0,0.0,0.0,1.0,1.0,1.0,0.0,0.0,0.0,0.0,0.0,0.0,1.0,1.0,0.0,0.0,0.0,0.0,0.0,1.0,1.0,0.0,1250567557.0,444.0,444.0,1166.0,1166.0,1199.0,0.0,39.0,18425.0,20904.0,20884.0,34.0,0.0,0.0,0.0,28.0,0.0,0.0,19.0,21.0,20.0,7.0,17.0,107896704.0,0.0,1454001664.0,14605413632.0,99270656.0,0.0,0.0,529.0,0.0,0.0,618.0,40.0,746.0
600,0.0,1.0,0.0,1.0,0.0,345600.0,1.0,675750000.0,1.0,1866000000.0,0.138929843903,5640.0,609.0,1219.0,40250.0,42000.0,42500.0,91.0,25.0,64.0,896.0,5000.0,0.0,25.0,1000000.0,950000.0,1.0,0.0,0.0,10.0,0.0,0.0,100.0,100.0,18528263.0,567503239.0,549721805.0,0.0,0.0,0.0,0.0,0.0,1.0,1.0,1.0,1.0,1.0,0.0,0.0,1.0,0.0,0.0,0.0,0.0,0.0,31.0,1.0,14486443.0,245038946.0,14488233.0,17114285.0,575858576.0,493.0,2293363286.0,0.0,1.0,1.0,0.0,1.0,0.0,0.0,1.0,1.0,1.0,1.0,2.0,1.0,0.0,0.0,0.0,2.0,0.0,0.0,1.0,1.0,3.0,50.0,50.0,1.0,0.0,0.0,0.0,0.0,0.0,0.0,0.0,0.0,0.0,0.0,2.0,2.0,0.0,1.0,1.0,0.0,1.0,0.0,0.0,0.0,0.0,0.0,1.0,0.0,0.0,1.0,0.0,0.0,0.0,1.0,10.0,0.0,0.0,0.0,0.0,0.0,11.0,0.0,0.0,0.0,0.0,0.0,0.0,0.0,0.0,0.0,1.0,1.0,0.0,0.0,0.0,0.0,1.0,1.0,1.0,0.0,0.0,0.0,0.0,0.0,0.0,1.0,1.0,0.0,0.0,0.0,0.0,0.0,1.0,1.0,0.0,1324570234.0,387.0,387.0,1070.0,1070.0,1102.0,0.0,40.0,19026.0,21041.0,21021.0,72.0,0.0,0.0,0.0,39.0,0.0,0.0,19.0,21.0,20.0,7.0,17.0,22417760.0,0.0,1395318560.0,8688904032.0,188112640.0,0.0,0.0,493.0,0.0,0.0,611.0,40.0,701.0
601,0.0,1.0,0.0,1.0,0.0,345600.0,1.0,675750000.0,1.0,1866000000.0,0.156345129013,11468.0,1066.0,2361.0,40750.0,42000.0,42500.0,91.0,25.0,64.0,896.0,5000.0,0.0,25.0,1000000.0,950000.0,1.0,0.0,0.0,10.0,0.0,0.0,100.0,100.0,20168609.0,593264702.0,561173997.0,0.0,0.0,0.0,0.0,0.0,1.0,1.0,1.0,1.0,1.0,0.0,0.0,1.0,0.0,0.0,0.0,0.0,0.0,34.0,1.0,14623974.0,266578007.0,14381109.0,22089175.0,602740484.0,657.0,2294361051.0,0.0,1.0,1.0,0.0,1.0,0.0,0.0,1.0,1.0,1.0,1.0,2.0,1.0,0.0,0.0,0.0,2.0,0.0,0.0,1.0,1.0,3.0,50.0,50.0,1.0,0.0,0.0,0.0,0.0,0.0,0.0,0.0,0.0,0.0,0.0,2.0,2.0,0.0,1.0,1.0,0.0,1.0,0.0,0.0,0.0,0.0,0.0,1.0,0.0,0.0,1.0,0.0,0.0,0.0,1.0,11.0,0.0,0.0,0.0,0.0,0.0,12.0,0.0,0.0,0.0,0.0,0.0,0.0,0.0,0.0,0.0,1.0,1.0,0.0,0.0,0.0,0.0,1.0,1.0,1.0,0.0,0.0,0.0,0.0,0.0,0.0,1.0,1.0,0.0,0.0,0.0,0.0,0.0,1.0,1.0,0.0,1320019756.0,456.0,456.0,1270.0,1270.0,1302.0,0.0,65.0,20554.0,21600.0,21573.0,64.0,0.0,0.0,0.0,51.0,0.0,0.0,25.0,28.0,27.0,6.0,23.0,19235968.0,2030528.0,1624031200.0,29817954816.0,150835712.0,0.0,0.0,657.0,0.0,0.0,768.0,54.0,951.0
602,0.0,1.0,0.0,1.0,0.0,345600.0,1.0,675750000.0,1.0,1866000000.0,0.155426979065,5564.0,533.0,1219.0,40750.0,42000.0,42500.0,83.0,25.0,64.0,896.0,5000.0,0.0,25.0,1000000.0,950000.0,1.0,1.0,0.0,10.0,0.0,0.0,100.0,100.0,18742719.0,570752969.0,554459137.0,0.0,0.0,0.0,0.0,0.0,1.0,1.0,1.0,1.0,1.0,0.0,0.0,1.0,0.0,0.0,0.0,0.0,0.0,30.0,1.0,14660437.0,256766613.0,14582182.0,18870308.0,572385821.0,594.0,2306807151.0,0.0,1.0,1.0,0.0,1.0,0.0,0.0,1.0,1.0,1.0,1.0,2.0,1.0,0.0,0.0,0.0,2.0,0.0,0.0,1.0,1.0,3.0,50.0,50.0,1.0,0.0,0.0,0.0,0.0,0.0,0.0,0.0,0.0,0.0,0.0,2.0,2.0,0.0,1.0,1.0,0.0,1.0,0.0,0.0,0.0,0.0,0.0,1.0,0.0,0.0,1.0,0.0,0.0,0.0,1.0,10.0,0.0,0.0,0.0,0.0,0.0,11.0,0.0,0.0,0.0,0.0,0.0,0.0,0.0,0.0,0.0,1.0,1.0,0.0,0.0,0.0,0.0,1.0,1.0,1.0,0.0,0.0,0.0,0.0,0.0,0.0,1.0,1.0,0.0,0.0,0.0,0.0,0.0,1.0,1.0,0.0,1306270110.0,471.0,471.0,1177.0,1177.0,1212.0,0.0,45.0,19222.0,21310.0,21290.0,124.0,0.0,0.0,0.0,38.0,0.0,0.0,19.0,21.0,20.0,7.0,17.0,110214112.0,0.0,1513443904.0,13116699936.0,160505568.0,0.0,0.0,594.0,0.0,0.0,760.0,40.0,916.0
603,0.0,1.0,0.0,1.0,0.0,345600.0,1.0,675750000.0,1.0,1866000000.0,0.137386083603,5716.0,609.0,1142.0,41750.0,42000.0,43000.0,83.0,25.0,64.0,896.0,5000.0,0.0,25.0,1000000.0,950000.0,1.0,1.0,0.0,10.0,0.0,0.0,100.0,100.0,17852280.0,571141032.0,569276773.0,0.0,0.0,0.0,0.0,0.0,1.0,1.0,1.0,1.0,1.0,0.0,0.0,1.0,0.0,0.0,0.0,0.0,0.0,30.0,1.0,14178303.0,258091287.0,13926544.0,18607159.0,565453334.0,549.0,2213070231.0,0.0,1.0,1.0,0.0,1.0,0.0,0.0,1.0,1.0,1.0,1.0,2.0,1.0,0.0,0.0,0.0,2.0,0.0,0.0,1.0,1.0,3.0,50.0,50.0,1.0,0.0,0.0,0.0,0.0,0.0,0.0,0.0,0.0,0.0,0.0,2.0,2.0,0.0,1.0,1.0,0.0,1.0,0.0,0.0,0.0,0.0,0.0,1.0,0.0,0.0,1.0,0.0,0.0,0.0,1.0,10.0,0.0,0.0,0.0,0.0,0.0,11.0,0.0,0.0,0.0,0.0,0.0,0.0,0.0,0.0,0.0,1.0,1.0,0.0,0.0,0.0,0.0,1.0,1.0,1.0,0.0,0.0,0.0,0.0,0.0,0.0,1.0,1.0,0.0,0.0,0.0,0.0,0.0,1.0,1.0,0.0,1244630595.0,469.0,469.0,1167.0,1167.0,1194.0,0.0,46.0,18672.0,21060.0,21040.0,42.0,0.0,0.0,0.0,41.0,0.0,0.0,19.0,21.0,20.0,5.0,17.0,22625632.0,0.0,1546375520.0,23174801632.0,158732256.0,0.0,0.0,549.0,0.0,0.0,665.0,40.0,851.0
604,0.0,1.0,0.0,1.0,0.0,345600.0,1.0,675750000.0,1.0,1866000000.0,0.13910007476800001,5716.0,609.0,1295.0,41750.0,42500.0,42500.0,83.0,25.0,64.0,896.0,5000.0,0.0,25.0,1000000.0,950000.0,1.0,1.0,0.0,10.0,0.0,0.0,100.0,100.0,18520742.0,563456651.0,553733721.0,0.0,0.0,0.0,0.0,0.0,1.0,1.0,1.0,1.0,1.0,0.0,0.0,1.0,0.0,0.0,0.0,0.0,0.0,33.0,1.0,14450621.0,258005285.0,14533148.0,18157510.0,575178112.0,458.0,2281082442.0,0.0,1.0,1.0,0.0,1.0,0.0,0.0,1.0,1.0,1.0,1.0,2.0,1.0,0.0,0.0,0.0,2.0,0.0,0.0,1.0,1.0,3.0,50.0,50.0,1.0,0.0,0.0,0.0,0.0,0.0,0.0,0.0,0.0,0.0,0.0,2.0,2.0,0.0,1.0,1.0,0.0,1.0,0.0,0.0,0.0,0.0,0.0,1.0,0.0,0.0,1.0,0.0,0.0,0.0,1.0,11.0,0.0,0.0,0.0,0.0,0.0,12.0,0.0,0.0,0.0,0.0,0.0,0.0,0.0,0.0,0.0,1.0,1.0,0.0,0.0,0.0,0.0,1.0,1.0,1.0,0.0,0.0,0.0,0.0,0.0,0.0,1.0,1.0,0.0,0.0,0.0,0.0,0.0,1.0,1.0,0.0,1300177816.0,464.0,464.0,1222.0,1222.0,1250.0,0.0,46.0,18869.0,20901.0,20881.0,41.0,0.0,0.0,0.0,44.0,0.0,0.0,19.0,21.0,20.0,2.0,17.0,15567552.0,1776032.0,1479215552.0,15350496288.0,123771584.0,0.0,0.0,458.0,0.0,0.0,502.0,40.0,649.0
605,0.0,1.0,0.0,1.0,0.0,345600.0,1.0,675750000.0,1.0,1866000000.0,0.140235900879,5678.0,609.0,1295.0,41000.0,42500.0,43000.0,83.0,25.0,64.0,896.0,5000.0,0.0,25.0,1000000.0,950000.0,1.0,0.0,0.0,10.0,0.0,0.0,100.0,500.0,19018019.0,563965363.0,550821045.0,0.0,0.0,0.0,0.0,0.0,1.0,1.0,1.0,1.0,1.0,0.0,0.0,1.0,0.0,0.0,0.0,0.0,0.0,35.0,1.0,15211735.0,258675354.0,14799981.0,18206535.0,591350725.0,540.0,2308580640.0,0.0,1.0,1.0,0.0,1.0,0.0,0.0,1.0,1.0,1.0,1.0,2.0,1.0,0.0,0.0,0.0,2.0,0.0,0.0,1.0,1.0,3.0,50.0,50.0,1.0,0.0,0.0,0.0,0.0,0.0,0.0,0.0,0.0,0.0,0.0,2.0,2.0,0.0,1.0,1.0,0.0,1.0,0.0,0.0,0.0,0.0,0.0,1.0,0.0,0.0,1.0,0.0,0.0,0.0,1.0,11.0,0.0,0.0,0.0,0.0,0.0,12.0,0.0,0.0,0.0,0.0,0.0,0.0,0.0,0.0,0.0,1.0,1.0,0.0,0.0,0.0,0.0,1.0,1.0,1.0,0.0,0.0,0.0,0.0,0.0,0.0,1.0,1.0,0.0,0.0,0.0,0.0,0.0,1.0,1.0,0.0,1311292453.0,413.0,413.0,1184.0,1184.0,1211.0,0.0,45.0,18976.0,21148.0,21128.0,40.0,0.0,0.0,0.0,43.0,0.0,0.0,19.0,21.0,20.0,6.0,17.0,211032928.0,0.0,1407535392.0,13162534016.0,194225056.0,0.0,0.0,540.0,0.0,0.0,622.0,40.0,728.0
606,0.0,1.0,0.0,1.0,0.0,345600.0,1.0,675750000.0,1.0,1866000000.0,0.13744091987600002,6209.0,609.0,1370.0,42000.0,42000.0,43000.0,83.0,25.0,64.0,896.0,5000.0,0.0,25.0,1000000.0,950000.0,1.0,0.0,0.0,10.0,0.0,0.0,100.0,500.0,21767635.0,578542173.0,570620204.0,0.0,0.0,0.0,0.0,0.0,1.0,1.0,1.0,1.0,1.0,0.0,0.0,1.0,0.0,0.0,0.0,0.0,0.0,33.0,1.0,15012117.0,266664090.0,14741571.0,22264345.0,594288775.0,613.0,2349552240.0,0.0,1.0,1.0,0.0,1.0,0.0,0.0,1.0,1.0,1.0,1.0,2.0,1.0,0.0,0.0,0.0,2.0,0.0,0.0,1.0,1.0,3.0,50.0,50.0,1.0,0.0,0.0,0.0,0.0,0.0,0.0,0.0,0.0,0.0,0.0,2.0,2.0,0.0,1.0,1.0,0.0,1.0,0.0,0.0,0.0,0.0,0.0,1.0,0.0,0.0,1.0,0.0,0.0,0.0,1.0,11.0,0.0,0.0,0.0,0.0,0.0,12.0,0.0,0.0,0.0,0.0,0.0,0.0,0.0,0.0,0.0,1.0,1.0,0.0,0.0,0.0,0.0,1.0,1.0,1.0,0.0,0.0,0.0,0.0,0.0,0.0,1.0,1.0,0.0,0.0,0.0,0.0,0.0,1.0,1.0,0.0,1315933572.0,440.0,440.0,1201.0,1201.0,1233.0,0.0,75.0,21537.0,21905.0,21872.0,58.0,0.0,0.0,0.0,54.0,0.0,0.0,31.0,34.0,33.0,7.0,29.0,13357536.0,0.0,1567810880.0,13331138112.0,166403872.0,0.0,0.0,613.0,0.0,0.0,755.0,66.0,920.0
607,0.0,1.0,0.0,1.0,0.0,345600.0,1.0,675750000.0,1.0,1866000000.0,0.135988950729,6209.0,609.0,1294.0,41000.0,42500.0,43000.0,83.0,25.0,64.0,896.0,5000.0,0.0,25.0,1000000.0,950000.0,1.0,0.0,0.0,10.0,0.0,0.0,100.0,500.0,18458396.0,560697196.0,551332381.0,0.0,0.0,0.0,0.0,0.0,1.0,1.0,1.0,1.0,1.0,0.0,0.0,1.0,0.0,0.0,0.0,0.0,0.0,31.0,1.0,15100705.0,259774758.0,14408257.0,19355691.0,575423941.0,532.0,2233421913.0,0.0,1.0,1.0,0.0,1.0,0.0,0.0,1.0,1.0,1.0,1.0,2.0,1.0,0.0,0.0,0.0,2.0,0.0,0.0,1.0,1.0,3.0,50.0,50.0,1.0,0.0,0.0,0.0,0.0,0.0,0.0,0.0,0.0,0.0,0.0,2.0,2.0,0.0,1.0,1.0,0.0,1.0,0.0,0.0,0.0,0.0,0.0,1.0,0.0,0.0,1.0,0.0,0.0,0.0,1.0,10.0,0.0,0.0,0.0,0.0,0.0,11.0,0.0,0.0,0.0,0.0,0.0,0.0,0.0,0.0,0.0,1.0,1.0,0.0,0.0,0.0,0.0,1.0,1.0,1.0,0.0,0.0,0.0,0.0,0.0,0.0,1.0,1.0,0.0,0.0,0.0,0.0,0.0,1.0,1.0,0.0,1289032354.0,385.0,385.0,1179.0,1179.0,1208.0,0.0,58.0,18708.0,21171.0,21151.0,26.0,0.0,0.0,0.0,30.0,0.0,0.0,19.0,21.0,20.0,7.0,17.0,111782784.0,0.0,1402498592.0,17267287456.0,145387328.0,0.0,0.0,532.0,0.0,0.0,589.0,40.0,680.0
608,0.0,1.0,0.0,1.0,0.0,345600.0,1.0,675750000.0,1.0,1866000000.0,0.13745999336200002,6057.0,609.0,1370.0,41000.0,42500.0,43000.0,86.0,25.0,64.0,896.0,5000.0,0.0,25.0,1000000.0,950000.0,1.0,1.0,0.0,10.0,0.0,0.0,100.0,500.0,16734720.0,558490319.0,550138394.0,0.0,0.0,0.0,0.0,0.0,1.0,1.0,1.0,1.0,1.0,0.0,0.0,1.0,0.0,0.0,0.0,0.0,0.0,32.0,1.0,14699610.0,272558592.0,14171201.0,18748686.0,571565140.0,431.0,2253136677.0,0.0,1.0,1.0,0.0,1.0,0.0,0.0,1.0,1.0,1.0,1.0,2.0,1.0,0.0,0.0,0.0,2.0,0.0,0.0,1.0,1.0,3.0,50.0,50.0,1.0,0.0,0.0,0.0,0.0,0.0,0.0,0.0,0.0,0.0,0.0,2.0,2.0,0.0,1.0,1.0,0.0,1.0,0.0,0.0,0.0,0.0,0.0,1.0,0.0,0.0,1.0,0.0,0.0,0.0,1.0,10.0,0.0,0.0,0.0,0.0,0.0,11.0,0.0,0.0,0.0,0.0,0.0,0.0,0.0,0.0,0.0,1.0,1.0,0.0,0.0,0.0,0.0,1.0,1.0,1.0,0.0,0.0,0.0,0.0,0.0,0.0,1.0,1.0,0.0,0.0,0.0,0.0,0.0,1.0,1.0,0.0,1306043900.0,397.0,397.0,1150.0,1150.0,1172.0,0.0,30.0,18119.0,21067.0,21047.0,88.0,0.0,0.0,0.0,27.0,0.0,0.0,19.0,21.0,20.0,5.0,17.0,117714688.0,1877376.0,1363130304.0,11084294560.0,99916064.0,0.0,0.0,431.0,0.0,0.0,547.0,40.0,758.0
609,0.0,1.0,0.0,1.0,0.0,345600.0,1.0,675750000.0,1.0,1866000000.0,0.141088962555,5716.0,609.0,1295.0,42250.0,42500.0,43000.0,86.0,25.0,64.0,896.0,5000.0,0.0,25.0,1000000.0,950000.0,1.0,1.0,0.0,10.0,0.0,0.0,100.0,500.0,19167237.0,566609460.0,543175418.0,0.0,0.0,0.0,0.0,0.0,1.0,1.0,1.0,1.0,1.0,0.0,0.0,1.0,0.0,0.0,0.0,0.0,0.0,32.0,1.0,14552841.0,250988398.0,14529949.0,18490726.0,582189685.0,507.0,2253579441.0,0.0,1.0,1.0,0.0,1.0,0.0,0.0,1.0,1.0,1.0,1.0,2.0,1.0,0.0,0.0,0.0,2.0,0.0,0.0,1.0,1.0,3.0,50.0,50.0,1.0,0.0,0.0,0.0,0.0,0.0,0.0,0.0,0.0,0.0,0.0,2.0,2.0,0.0,1.0,1.0,0.0,1.0,0.0,0.0,0.0,0.0,0.0,1.0,0.0,0.0,1.0,0.0,0.0,0.0,1.0,11.0,0.0,0.0,0.0,0.0,0.0,12.0,0.0,0.0,0.0,0.0,0.0,0.0,0.0,0.0,0.0,1.0,1.0,0.0,0.0,0.0,0.0,1.0,1.0,1.0,0.0,0.0,0.0,0.0,0.0,0.0,1.0,1.0,0.0,0.0,0.0,0.0,0.0,1.0,1.0,0.0,1319900367.0,458.0,458.0,1063.0,1063.0,1092.0,0.0,43.0,18972.0,21046.0,21026.0,13.0,0.0,0.0,0.0,29.0,0.0,0.0,19.0,21.0,20.0,6.0,17.0,7510496.0,0.0,1403156032.0,18591599456.0,137460160.0,0.0,0.0,507.0,0.0,0.0,568.0,40.0,691.0
610,0.0,1.0,0.0,1.0,0.0,345600.0,1.0,675750000.0,1.0,1866000000.0,0.137535810471,5828.0,609.0,1295.0,41250.0,42500.0,43500.0,86.0,25.0,64.0,896.0,5000.0,0.0,25.0,1000000.0,950000.0,1.0,1.0,0.0,10.0,0.0,0.0,100.0,500.0,16999617.0,559494192.0,550177651.0,0.0,0.0,0.0,0.0,0.0,1.0,1.0,1.0,1.0,1.0,0.0,0.0,1.0,0.0,0.0,0.0,0.0,0.0,30.0,1.0,14369973.0,259840424.0,14188708.0,17392884.0,580850866.0,504.0,2263603186.0,0.0,1.0,1.0,0.0,1.0,0.0,0.0,1.0,1.0,1.0,1.0,2.0,1.0,0.0,0.0,0.0,2.0,0.0,0.0,1.0,1.0,3.0,50.0,50.0,1.0,0.0,0.0,0.0,0.0,0.0,0.0,0.0,0.0,0.0,0.0,2.0,2.0,0.0,1.0,1.0,0.0,1.0,0.0,0.0,0.0,0.0,0.0,1.0,0.0,0.0,1.0,0.0,0.0,0.0,1.0,11.0,0.0,0.0,0.0,0.0,0.0,12.0,0.0,0.0,0.0,0.0,0.0,0.0,0.0,0.0,0.0,1.0,1.0,0.0,0.0,0.0,0.0,1.0,1.0,1.0,0.0,0.0,0.0,0.0,0.0,0.0,1.0,1.0,0.0,0.0,0.0,0.0,0.0,1.0,1.0,0.0,1306841805.0,398.0,398.0,1168.0,1168.0,1200.0,0.0,34.0,18983.0,20995.0,20975.0,51.0,0.0,0.0,0.0,32.0,0.0,0.0,19.0,21.0,20.0,4.0,17.0,34100960.0,0.0,1440243648.0,11568364384.0,120809920.0,0.0,0.0,504.0,0.0,0.0,602.0,40.0,731.0
611,0.0,1.0,1.0,0.0,0.0,652800.0,1.0,943500000.0,1.0,800000000.0,0.14687204361,9224.0,1294.0,2742.0,41250.0,42250.0,43000.0,83.0,25.0,64.0,896.0,5000.0,0.0,25.0,1000000.0,950000.0,1.0,0.0,0.0,10.0,0.0,0.0,0.0,100.0,21276895.0,603153045.0,584401229.0,0.0,0.0,0.0,0.0,0.0,1.0,1.0,1.0,1.0,1.0,0.0,0.0,1.0,0.0,0.0,0.0,0.0,0.0,30.0,1.0,14620488.0,268035557.0,14887293.0,22596685.0,630006295.0,710.0,2732864575.0,0.0,1.0,1.0,0.0,1.0,0.0,0.0,1.0,1.0,1.0,1.0,2.0,1.0,0.0,0.0,0.0,2.0,0.0,0.0,1.0,1.0,3.0,50.0,50.0,1.0,0.0,0.0,0.0,0.0,0.0,0.0,0.0,0.0,0.0,0.0,2.0,2.0,0.0,1.0,1.0,0.0,1.0,0.0,0.0,0.0,0.0,0.0,1.0,0.0,0.0,1.0,0.0,0.0,0.0,1.0,10.0,0.0,0.0,0.0,0.0,0.0,11.0,0.0,0.0,0.0,0.0,0.0,0.0,0.0,0.0,0.0,1.0,1.0,0.0,0.0,0.0,0.0,1.0,1.0,1.0,0.0,0.0,0.0,0.0,0.0,0.0,1.0,1.0,0.0,0.0,0.0,0.0,0.0,1.0,1.0,0.0,1369457557.0,498.0,498.0,1392.0,1392.0,1427.0,0.0,94.0,21817.0,22027.0,21993.0,47.0,0.0,0.0,0.0,79.0,0.0,0.0,31.0,35.0,34.0,5.0,29.0,21776768.0,0.0,1665893216.0,17653257312.0,138757440.0,0.0,0.0,710.0,0.0,0.0,842.0,68.0,1024.0
612,0.0,1.0,1.0,0.0,0.0,652800.0,1.0,943500000.0,1.0,800000000.0,0.1498939991,9033.0,1371.0,2514.0,40250.0,42500.0,42500.0,83.0,25.0,64.0,896.0,5000.0,0.0,25.0,1000000.0,950000.0,1.0,0.0,0.0,10.0,0.0,0.0,0.0,100.0,19684681.0,577741906.0,562277406.0,0.0,0.0,0.0,0.0,0.0,1.0,1.0,1.0,1.0,1.0,0.0,0.0,1.0,0.0,0.0,0.0,0.0,0.0,31.0,1.0,15093042.0,263602745.0,14595403.0,20775839.0,590458213.0,608.0,2537041866.0,0.0,1.0,1.0,0.0,1.0,0.0,0.0,1.0,1.0,1.0,1.0,2.0,1.0,0.0,0.0,0.0,2.0,0.0,0.0,1.0,1.0,3.0,50.0,50.0,1.0,0.0,0.0,0.0,0.0,0.0,0.0,0.0,0.0,0.0,0.0,2.0,2.0,0.0,1.0,1.0,0.0,1.0,0.0,0.0,0.0,0.0,0.0,1.0,0.0,0.0,1.0,0.0,0.0,0.0,1.0,10.0,0.0,0.0,0.0,0.0,0.0,11.0,0.0,0.0,0.0,0.0,0.0,0.0,0.0,0.0,0.0,1.0,1.0,0.0,0.0,0.0,0.0,1.0,1.0,1.0,0.0,0.0,0.0,0.0,0.0,0.0,1.0,1.0,0.0,0.0,0.0,0.0,0.0,1.0,1.0,0.0,1297087803.0,484.0,484.0,1243.0,1243.0,1272.0,0.0,68.0,20551.0,21493.0,21466.0,36.0,0.0,0.0,0.0,60.0,0.0,0.0,25.0,28.0,27.0,9.0,23.0,212470944.0,0.0,1616658784.0,21167421504.0,158876640.0,0.0,0.0,608.0,0.0,0.0,732.0,54.0,779.0
613,0.0,1.0,1.0,0.0,0.0,652800.0,1.0,943500000.0,1.0,800000000.0,0.14574480056800002,8995.0,1219.0,2514.0,41375.0,42000.0,42500.0,83.0,25.0,64.0,896.0,5000.0,0.0,25.0,1000000.0,950000.0,1.0,0.0,0.0,10.0,0.0,0.0,0.0,100.0,21994032.0,606822111.0,578917809.0,0.0,0.0,0.0,0.0,0.0,1.0,1.0,1.0,1.0,1.0,0.0,0.0,1.0,0.0,0.0,0.0,0.0,0.0,34.0,1.0,14917068.0,259081186.0,14388894.0,22984345.0,605222778.0,689.0,2584687228.0,0.0,1.0,1.0,0.0,1.0,0.0,0.0,1.0,1.0,1.0,1.0,2.0,1.0,0.0,0.0,0.0,2.0,0.0,0.0,1.0,1.0,3.0,50.0,50.0,1.0,0.0,0.0,0.0,0.0,0.0,0.0,0.0,0.0,0.0,0.0,2.0,2.0,0.0,1.0,1.0,0.0,1.0,0.0,0.0,0.0,0.0,0.0,1.0,0.0,0.0,1.0,0.0,0.0,0.0,1.0,10.0,0.0,0.0,0.0,0.0,0.0,11.0,0.0,0.0,0.0,0.0,0.0,0.0,0.0,0.0,0.0,1.0,1.0,0.0,0.0,0.0,0.0,1.0,1.0,1.0,0.0,0.0,0.0,0.0,0.0,0.0,1.0,1.0,0.0,0.0,0.0,0.0,0.0,1.0,1.0,0.0,1327473078.0,513.0,513.0,1322.0,1322.0,1359.0,0.0,83.0,21661.0,21928.0,21894.0,52.0,0.0,0.0,0.0,70.0,0.0,0.0,31.0,35.0,34.0,7.0,29.0,221169376.0,0.0,1690421280.0,19302993888.0,186165184.0,0.0,0.0,689.0,0.0,0.0,824.0,68.0,1109.0
614,0.0,1.0,1.0,0.0,0.0,652800.0,1.0,943500000.0,1.0,800000000.0,0.146614074707,4270.0,609.0,1295.0,40000.0,42500.0,42500.0,79.0,25.0,64.0,896.0,5000.0,0.0,25.0,1000000.0,950000.0,1.0,1.0,0.0,10.0,0.0,0.0,0.0,100.0,17342315.0,582557045.0,556773662.0,0.0,0.0,0.0,0.0,0.0,1.0,1.0,1.0,1.0,1.0,0.0,0.0,1.0,0.0,0.0,0.0,0.0,0.0,30.0,1.0,14608901.0,253532531.0,14762641.0,19404334.0,593867060.0,447.0,2533018023.0,0.0,1.0,1.0,0.0,1.0,0.0,0.0,1.0,1.0,1.0,1.0,2.0,1.0,0.0,0.0,0.0,2.0,0.0,0.0,1.0,1.0,3.0,50.0,50.0,1.0,0.0,0.0,0.0,0.0,0.0,0.0,0.0,0.0,0.0,0.0,2.0,2.0,0.0,1.0,1.0,0.0,1.0,0.0,0.0,0.0,0.0,0.0,1.0,0.0,0.0,1.0,0.0,0.0,0.0,1.0,11.0,0.0,0.0,0.0,0.0,0.0,12.0,0.0,0.0,0.0,0.0,0.0,0.0,0.0,0.0,0.0,1.0,1.0,0.0,0.0,0.0,0.0,1.0,1.0,1.0,0.0,0.0,0.0,0.0,0.0,0.0,1.0,1.0,0.0,0.0,0.0,0.0,0.0,1.0,1.0,0.0,1306344447.0,419.0,419.0,1213.0,1213.0,1240.0,0.0,40.0,18439.0,20975.0,20955.0,96.0,0.0,0.0,0.0,37.0,0.0,0.0,19.0,21.0,20.0,4.0,17.0,12303200.0,1689952.0,1526402112.0,11067906560.0,75482176.0,0.0,0.0,447.0,0.0,0.0,576.0,40.0,699.0
615,0.0,1.0,1.0,0.0,0.0,652800.0,1.0,943500000.0,1.0,800000000.0,0.150992870331,9034.0,1294.0,2667.0,40750.0,42000.0,42500.0,79.0,25.0,64.0,896.0,5000.0,0.0,25.0,1000000.0,950000.0,1.0,1.0,0.0,10.0,0.0,0.0,0.0,100.0,20683907.0,595735071.0,570847411.0,0.0,0.0,0.0,0.0,0.0,1.0,1.0,1.0,1.0,1.0,0.0,0.0,1.0,0.0,0.0,0.0,0.0,0.0,30.0,1.0,14883975.0,261743792.0,14770643.0,20915655.0,601487850.0,633.0,2536519806.0,0.0,1.0,1.0,0.0,1.0,0.0,0.0,1.0,1.0,1.0,1.0,2.0,1.0,0.0,0.0,0.0,2.0,0.0,0.0,1.0,1.0,3.0,50.0,50.0,1.0,0.0,0.0,0.0,0.0,0.0,0.0,0.0,0.0,0.0,0.0,2.0,2.0,0.0,1.0,1.0,0.0,1.0,0.0,0.0,0.0,0.0,0.0,1.0,0.0,0.0,1.0,0.0,0.0,0.0,1.0,11.0,0.0,0.0,0.0,0.0,0.0,12.0,0.0,0.0,0.0,0.0,0.0,0.0,0.0,0.0,0.0,1.0,1.0,0.0,0.0,0.0,0.0,1.0,1.0,1.0,0.0,0.0,0.0,0.0,0.0,0.0,1.0,1.0,0.0,0.0,0.0,0.0,0.0,1.0,1.0,0.0,1328573358.0,513.0,513.0,1311.0,1311.0,1343.0,0.0,67.0,20973.0,21582.0,21555.0,53.0,0.0,0.0,0.0,71.0,0.0,0.0,25.0,28.0,27.0,9.0,23.0,13248736.0,0.0,1664230848.0,21630350880.0,140229536.0,0.0,0.0,633.0,0.0,0.0,750.0,54.0,907.0
616,0.0,1.0,1.0,0.0,0.0,652800.0,1.0,943500000.0,1.0,800000000.0,0.146064996719,9110.0,1294.0,2590.0,40750.0,41833.3333333,42500.0,79.0,25.0,64.0,896.0,5000.0,0.0,25.0,1000000.0,950000.0,1.0,1.0,0.0,10.0,0.0,0.0,0.0,100.0,24354174.0,600783924.0,596863468.0,0.0,0.0,0.0,0.0,0.0,1.0,1.0,1.0,1.0,1.0,0.0,0.0,1.0,0.0,0.0,0.0,0.0,0.0,32.0,1.0,15683402.0,274579932.0,15535020.0,23250797.0,620051841.0,733.0,2690020956.0,0.0,1.0,1.0,0.0,1.0,0.0,0.0,1.0,1.0,1.0,1.0,2.0,1.0,0.0,0.0,0.0,2.0,0.0,0.0,1.0,1.0,3.0,50.0,50.0,1.0,0.0,0.0,0.0,0.0,0.0,0.0,0.0,0.0,0.0,0.0,2.0,2.0,0.0,1.0,1.0,0.0,1.0,0.0,0.0,0.0,0.0,0.0,1.0,0.0,0.0,1.0,0.0,0.0,0.0,1.0,10.0,0.0,0.0,0.0,0.0,0.0,11.0,0.0,0.0,0.0,0.0,0.0,0.0,0.0,0.0,0.0,1.0,1.0,0.0,0.0,0.0,0.0,1.0,1.0,1.0,0.0,0.0,0.0,0.0,0.0,0.0,1.0,1.0,0.0,0.0,0.0,0.0,0.0,1.0,1.0,0.0,1369629854.0,555.0,555.0,1454.0,1454.0,1495.0,0.0,90.0,22787.0,22294.0,22254.0,54.0,0.0,0.0,0.0,70.0,0.0,0.0,37.0,41.0,40.0,4.0,35.0,118741920.0,0.0,1799879072.0,18162738496.0,169686464.0,0.0,0.0,733.0,0.0,0.0,855.0,80.0,1012.0
617,0.0,1.0,1.0,0.0,0.0,652800.0,1.0,943500000.0,1.0,800000000.0,0.147623062134,9110.0,1218.0,2667.0,40750.0,42500.0,42500.0,85.0,25.0,64.0,896.0,5000.0,0.0,25.0,1000000.0,950000.0,1.0,0.0,0.0,10.0,0.0,0.0,0.0,500.0,20281960.0,588033386.0,572513521.0,0.0,0.0,0.0,0.0,0.0,1.0,1.0,1.0,1.0,1.0,0.0,0.0,1.0,0.0,0.0,0.0,0.0,0.0,39.0,1.0,15019991.0,254320966.0,14938869.0,21481409.0,595450459.0,627.0,2587968967.0,0.0,1.0,1.0,0.0,1.0,0.0,0.0,1.0,1.0,1.0,1.0,2.0,1.0,0.0,0.0,0.0,2.0,0.0,0.0,1.0,1.0,3.0,50.0,50.0,1.0,0.0,0.0,0.0,0.0,0.0,0.0,0.0,0.0,0.0,0.0,2.0,2.0,0.0,1.0,1.0,0.0,1.0,0.0,0.0,0.0,0.0,0.0,1.0,0.0,0.0,1.0,0.0,0.0,0.0,1.0,15.0,0.0,0.0,0.0,0.0,0.0,16.0,0.0,0.0,0.0,0.0,0.0,0.0,0.0,0.0,0.0,1.0,1.0,0.0,0.0,0.0,0.0,1.0,1.0,1.0,0.0,0.0,0.0,0.0,0.0,0.0,1.0,1.0,0.0,0.0,0.0,0.0,0.0,1.0,1.0,0.0,1326332917.0,496.0,496.0,1270.0,1270.0,1303.0,0.0,56.0,20269.0,21556.0,21529.0,47.0,0.0,0.0,0.0,49.0,0.0,0.0,25.0,28.0,27.0,6.0,23.0,114084928.0,0.0,1618581792.0,9707111264.0,140462400.0,0.0,0.0,627.0,0.0,0.0,739.0,54.0,928.0
618,0.0,1.0,1.0,0.0,0.0,652800.0,1.0,943500000.0,1.0,800000000.0,0.1533639431,4308.0,609.0,1219.0,40750.0,42500.0,42500.0,85.0,25.0,64.0,896.0,5000.0,0.0,25.0,1000000.0,950000.0,1.0,0.0,0.0,10.0,0.0,0.0,0.0,500.0,17895890.0,566205893.0,565762439.0,0.0,0.0,0.0,0.0,0.0,1.0,1.0,1.0,1.0,1.0,0.0,0.0,1.0,0.0,0.0,0.0,0.0,0.0,31.0,1.0,14541383.0,254390949.0,14551330.0,18846162.0,598487493.0,486.0,2474171248.0,0.0,1.0,1.0,0.0,1.0,0.0,0.0,1.0,1.0,1.0,1.0,2.0,1.0,0.0,0.0,0.0,2.0,0.0,0.0,1.0,1.0,3.0,50.0,50.0,1.0,0.0,0.0,0.0,0.0,0.0,0.0,0.0,0.0,0.0,0.0,2.0,2.0,0.0,1.0,1.0,0.0,1.0,0.0,0.0,0.0,0.0,0.0,1.0,0.0,0.0,1.0,0.0,0.0,0.0,1.0,10.0,0.0,0.0,0.0,0.0,0.0,11.0,0.0,0.0,0.0,0.0,0.0,0.0,0.0,0.0,0.0,1.0,1.0,0.0,0.0,0.0,0.0,1.0,1.0,1.0,0.0,0.0,0.0,0.0,0.0,0.0,1.0,1.0,0.0,0.0,0.0,0.0,0.0,1.0,1.0,0.0,1327897892.0,521.0,521.0,1302.0,1302.0,1338.0,0.0,47.0,18545.0,20939.0,20919.0,28.0,0.0,0.0,0.0,51.0,0.0,0.0,19.0,21.0,20.0,5.0,17.0,116462816.0,0.0,1581546336.0,14688383904.0,77445536.0,0.0,0.0,486.0,0.0,0.0,584.0,40.0,747.0
619,0.0,1.0,1.0,0.0,0.0,652800.0,1.0,943500000.0,1.0,800000000.0,0.14829111099199999,4344.0,686.0,1295.0,40500.0,42500.0,42500.0,85.0,25.0,64.0,896.0,5000.0,0.0,25.0,1000000.0,950000.0,1.0,0.0,0.0,10.0,0.0,0.0,0.0,500.0,18736873.0,576387597.0,550313937.0,0.0,0.0,0.0,0.0,0.0,1.0,1.0,1.0,1.0,1.0,0.0,0.0,1.0,0.0,0.0,0.0,0.0,0.0,29.0,1.0,14583425.0,256925857.0,14328022.0,19757321.0,589073327.0,538.0,2419497829.0,0.0,1.0,1.0,0.0,1.0,0.0,0.0,1.0,1.0,1.0,1.0,2.0,1.0,0.0,0.0,0.0,2.0,0.0,0.0,1.0,1.0,3.0,50.0,50.0,1.0,0.0,0.0,0.0,0.0,0.0,0.0,0.0,0.0,0.0,0.0,2.0,2.0,0.0,1.0,1.0,0.0,1.0,0.0,0.0,0.0,0.0,0.0,1.0,0.0,0.0,1.0,0.0,0.0,0.0,1.0,11.0,0.0,0.0,0.0,0.0,0.0,12.0,0.0,0.0,0.0,0.0,0.0,0.0,0.0,0.0,0.0,1.0,1.0,0.0,0.0,0.0,0.0,1.0,1.0,1.0,0.0,0.0,0.0,0.0,0.0,0.0,1.0,1.0,0.0,0.0,0.0,0.0,0.0,1.0,1.0,0.0,1292963867.0,467.0,467.0,1204.0,1204.0,1234.0,0.0,47.0,18552.0,21022.0,21002.0,33.0,0.0,0.0,0.0,45.0,0.0,0.0,19.0,21.0,20.0,6.0,17.0,10440864.0,0.0,1593140032.0,18417500672.0,147003552.0,0.0,0.0,538.0,0.0,0.0,602.0,40.0,746.0
620,0.0,1.0,1.0,0.0,0.0,652800.0,1.0,943500000.0,1.0,800000000.0,0.14730501174900001,4308.0,609.0,1372.0,40750.0,42500.0,42500.0,100.0,25.0,64.0,896.0,5000.0,0.0,25.0,1000000.0,950000.0,1.0,1.0,0.0,10.0,0.0,0.0,0.0,500.0,18504704.0,585409020.0,555102754.0,0.0,0.0,0.0,0.0,0.0,1.0,1.0,1.0,1.0,1.0,0.0,0.0,1.0,0.0,0.0,0.0,0.0,0.0,31.0,1.0,14549030.0,249912469.0,14607767.0,17807196.0,584990460.0,496.0,2484101197.0,0.0,1.0,1.0,0.0,1.0,0.0,0.0,1.0,1.0,1.0,1.0,2.0,1.0,0.0,0.0,0.0,2.0,0.0,0.0,1.0,1.0,3.0,50.0,50.0,1.0,0.0,0.0,0.0,0.0,0.0,0.0,0.0,0.0,0.0,0.0,2.0,2.0,0.0,1.0,1.0,0.0,1.0,0.0,0.0,0.0,0.0,0.0,1.0,0.0,0.0,1.0,0.0,0.0,0.0,1.0,11.0,0.0,0.0,0.0,0.0,0.0,12.0,0.0,0.0,0.0,0.0,0.0,0.0,0.0,0.0,0.0,1.0,1.0,0.0,0.0,0.0,0.0,1.0,1.0,1.0,0.0,0.0,0.0,0.0,0.0,0.0,1.0,1.0,0.0,0.0,0.0,0.0,0.0,1.0,1.0,0.0,1298871553.0,445.0,445.0,1196.0,1196.0,1225.0,0.0,41.0,18293.0,21034.0,21014.0,42.0,0.0,0.0,0.0,44.0,0.0,0.0,19.0,21.0,20.0,3.0,17.0,113176352.0,0.0,1537221888.0,30266963008.0,80368224.0,0.0,0.0,496.0,0.0,0.0,586.0,40.0,708.0
621,0.0,1.0,1.0,0.0,0.0,652800.0,1.0,943500000.0,1.0,800000000.0,0.149852991104,9184.0,1295.0,2743.0,41125.0,41750.0,42500.0,100.0,25.0,64.0,896.0,5000.0,0.0,25.0,1000000.0,950000.0,1.0,1.0,0.0,10.0,0.0,0.0,0.0,500.0,21986879.0,605052790.0,590048481.0,0.0,0.0,0.0,0.0,0.0,1.0,1.0,1.0,1.0,1.0,0.0,0.0,1.0,0.0,0.0,0.0,0.0,0.0,33.0,1.0,15221393.0,266228053.0,15034600.0,22180942.0,610403847.0,806.0,2662750212.0,0.0,1.0,1.0,0.0,1.0,0.0,0.0,1.0,1.0,1.0,1.0,2.0,1.0,0.0,0.0,0.0,2.0,0.0,0.0,1.0,1.0,3.0,50.0,50.0,1.0,0.0,0.0,0.0,0.0,0.0,0.0,0.0,0.0,0.0,0.0,2.0,2.0,0.0,1.0,1.0,0.0,1.0,0.0,0.0,0.0,0.0,0.0,1.0,0.0,0.0,1.0,0.0,0.0,0.0,1.0,10.0,0.0,0.0,0.0,0.0,0.0,11.0,0.0,0.0,0.0,0.0,0.0,0.0,0.0,0.0,0.0,1.0,1.0,0.0,0.0,0.0,0.0,1.0,1.0,1.0,0.0,0.0,0.0,0.0,0.0,0.0,1.0,1.0,0.0,0.0,0.0,0.0,0.0,1.0,1.0,0.0,1343313297.0,586.0,586.0,1277.0,1277.0,1313.0,0.0,77.0,21658.0,21859.0,21825.0,71.0,0.0,0.0,0.0,67.0,0.0,0.0,31.0,35.0,34.0,7.0,29.0,309045504.0,399296.0,1691488096.0,18658745792.0,213155680.0,0.0,0.0,806.0,0.0,0.0,909.0,68.0,1217.0
622,0.0,1.0,1.0,0.0,0.0,652800.0,1.0,943500000.0,1.0,800000000.0,0.155474185944,8804.0,1219.0,2438.0,40750.0,42500.0,42500.0,100.0,25.0,64.0,896.0,5000.0,0.0,25.0,1000000.0,950000.0,1.0,1.0,0.0,10.0,0.0,0.0,0.0,500.0,20669767.0,588000573.0,576400626.0,0.0,0.0,0.0,0.0,0.0,1.0,1.0,1.0,1.0,1.0,0.0,0.0,1.0,0.0,0.0,0.0,0.0,0.0,32.0,1.0,14869157.0,257866938.0,14512534.0,21363267.0,605743568.0,692.0,2479259138.0,0.0,1.0,1.0,0.0,1.0,0.0,0.0,1.0,1.0,1.0,1.0,2.0,1.0,0.0,0.0,0.0,2.0,0.0,0.0,1.0,1.0,3.0,50.0,50.0,1.0,0.0,0.0,0.0,0.0,0.0,0.0,0.0,0.0,0.0,0.0,2.0,2.0,0.0,1.0,1.0,0.0,1.0,0.0,0.0,0.0,0.0,0.0,1.0,0.0,0.0,1.0,0.0,0.0,0.0,1.0,11.0,0.0,0.0,0.0,0.0,0.0,12.0,0.0,0.0,0.0,0.0,0.0,0.0,0.0,0.0,0.0,1.0,1.0,0.0,0.0,0.0,0.0,1.0,1.0,1.0,0.0,0.0,0.0,0.0,0.0,0.0,1.0,1.0,0.0,0.0,0.0,0.0,0.0,1.0,1.0,0.0,1326370988.0,637.0,637.0,1379.0,1379.0,1409.0,0.0,64.0,20274.0,21467.0,21440.0,102.0,0.0,0.0,0.0,77.0,0.0,0.0,25.0,28.0,27.0,10.0,23.0,117573792.0,0.0,1693172480.0,26826766304.0,180038528.0,0.0,0.0,692.0,0.0,0.0,886.0,54.0,1037.0
623,0.0,1.0,1.0,0.0,0.0,652800.0,1.0,943500000.0,1.0,800000000.0,0.147095918655,4308.0,609.0,1295.0,41750.0,42000.0,42500.0,76.0,25.0,64.0,896.0,5000.0,0.0,25.0,1000000.0,950000.0,1.0,0.0,0.0,10.0,0.0,0.0,100.0,100.0,18791763.0,574573579.0,559085976.0,0.0,0.0,0.0,0.0,0.0,1.0,1.0,1.0,1.0,1.0,0.0,0.0,1.0,0.0,0.0,0.0,0.0,0.0,29.0,1.0,14490465.0,255208544.0,14307430.0,17960145.0,583435806.0,434.0,2453474644.0,0.0,1.0,1.0,0.0,1.0,0.0,0.0,1.0,1.0,1.0,1.0,2.0,1.0,0.0,0.0,0.0,2.0,0.0,0.0,1.0,1.0,3.0,50.0,50.0,1.0,0.0,0.0,0.0,0.0,0.0,0.0,0.0,0.0,0.0,0.0,2.0,2.0,0.0,1.0,1.0,0.0,1.0,0.0,0.0,0.0,0.0,0.0,1.0,0.0,0.0,1.0,0.0,0.0,0.0,1.0,11.0,0.0,0.0,0.0,0.0,0.0,12.0,0.0,0.0,0.0,0.0,0.0,0.0,0.0,0.0,0.0,1.0,1.0,0.0,0.0,0.0,0.0,1.0,1.0,1.0,0.0,0.0,0.0,0.0,0.0,0.0,1.0,1.0,0.0,0.0,0.0,0.0,0.0,1.0,1.0,0.0,1290778186.0,419.0,419.0,1157.0,1157.0,1187.0,0.0,30.0,18335.0,20899.0,20879.0,49.0,0.0,0.0,0.0,26.0,0.0,0.0,19.0,21.0,20.0,3.0,17.0,210181312.0,0.0,1515635232.0,8327857024.0,54184256.0,0.0,0.0,434.0,0.0,0.0,502.0,40.0,623.0
624,0.0,1.0,1.0,0.0,0.0,652800.0,1.0,943500000.0,1.0,800000000.0,0.142320871353,4308.0,686.0,1295.0,40500.0,42500.0,42500.0,76.0,25.0,64.0,896.0,5000.0,0.0,25.0,1000000.0,950000.0,1.0,0.0,0.0,10.0,0.0,0.0,100.0,100.0,18185535.0,575020653.0,569935433.0,0.0,0.0,0.0,0.0,0.0,1.0,1.0,1.0,1.0,1.0,0.0,0.0,1.0,0.0,0.0,0.0,0.0,0.0,32.0,1.0,14633039.0,260159804.0,14416696.0,18848237.0,586173301.0,466.0,2497108851.0,0.0,1.0,1.0,0.0,1.0,0.0,0.0,1.0,1.0,1.0,1.0,2.0,1.0,0.0,0.0,0.0,2.0,0.0,0.0,1.0,1.0,3.0,50.0,50.0,1.0,0.0,0.0,0.0,0.0,0.0,0.0,0.0,0.0,0.0,0.0,2.0,2.0,0.0,1.0,1.0,0.0,1.0,0.0,0.0,0.0,0.0,0.0,1.0,0.0,0.0,1.0,0.0,0.0,0.0,1.0,10.0,0.0,0.0,0.0,0.0,0.0,11.0,0.0,0.0,0.0,0.0,0.0,0.0,0.0,0.0,0.0,1.0,1.0,0.0,0.0,0.0,0.0,1.0,1.0,1.0,0.0,0.0,0.0,0.0,0.0,0.0,1.0,1.0,0.0,0.0,0.0,0.0,0.0,1.0,1.0,0.0,1278194223.0,426.0,426.0,1170.0,1170.0,1197.0,0.0,45.0,18476.0,21015.0,20995.0,15.0,0.0,0.0,0.0,44.0,0.0,0.0,19.0,21.0,20.0,7.0,17.0,6061440.0,0.0,1496280256.0,11312366912.0,144501312.0,0.0,0.0,466.0,0.0,0.0,535.0,40.0,663.0
625,0.0,1.0,1.0,0.0,0.0,652800.0,1.0,943500000.0,1.0,800000000.0,0.145901918411,4306.0,609.0,1295.0,40750.0,42500.0,42500.0,76.0,25.0,64.0,896.0,5000.0,0.0,25.0,1000000.0,950000.0,1.0,0.0,0.0,10.0,0.0,0.0,100.0,100.0,19060475.0,566865743.0,552418265.0,0.0,0.0,0.0,0.0,0.0,1.0,1.0,1.0,1.0,1.0,0.0,0.0,1.0,0.0,0.0,0.0,0.0,0.0,33.0,1.0,14827787.0,256792889.0,14632982.0,18351097.0,588795503.0,499.0,2452103262.0,0.0,1.0,1.0,0.0,1.0,0.0,0.0,1.0,1.0,1.0,1.0,2.0,1.0,0.0,0.0,0.0,2.0,0.0,0.0,1.0,1.0,3.0,50.0,50.0,1.0,0.0,0.0,0.0,0.0,0.0,0.0,0.0,0.0,0.0,0.0,2.0,2.0,0.0,1.0,1.0,0.0,1.0,0.0,0.0,0.0,0.0,0.0,1.0,0.0,0.0,1.0,0.0,0.0,0.0,1.0,11.0,0.0,0.0,0.0,0.0,0.0,12.0,0.0,0.0,0.0,0.0,0.0,0.0,0.0,0.0,0.0,1.0,1.0,0.0,0.0,0.0,0.0,1.0,1.0,1.0,0.0,0.0,0.0,0.0,0.0,0.0,1.0,1.0,0.0,0.0,0.0,0.0,0.0,1.0,1.0,0.0,1316227512.0,547.0,547.0,1200.0,1200.0,1232.0,0.0,52.0,18445.0,20917.0,20897.0,54.0,0.0,0.0,0.0,49.0,0.0,0.0,19.0,21.0,20.0,6.0,17.0,224393472.0,0.0,1564827072.0,20817076832.0,106969760.0,0.0,0.0,499.0,0.0,0.0,593.0,40.0,705.0
626,0.0,1.0,1.0,0.0,0.0,652800.0,1.0,943500000.0,1.0,800000000.0,0.150068044662,4344.0,609.0,1371.0,41500.0,42500.0,42500.0,91.0,25.0,64.0,896.0,5000.0,0.0,25.0,1000000.0,950000.0,1.0,1.0,0.0,10.0,0.0,0.0,100.0,100.0,18618506.0,573935178.0,552156146.0,0.0,0.0,0.0,0.0,0.0,1.0,1.0,1.0,1.0,1.0,0.0,0.0,1.0,0.0,0.0,0.0,0.0,0.0,34.0,1.0,14780028.0,255983659.0,14734907.0,18703145.0,572024677.0,435.0,2531014451.0,0.0,1.0,1.0,0.0,1.0,0.0,0.0,1.0,1.0,1.0,1.0,2.0,1.0,0.0,0.0,0.0,2.0,0.0,0.0,1.0,1.0,3.0,50.0,50.0,1.0,0.0,0.0,0.0,0.0,0.0,0.0,0.0,0.0,0.0,0.0,2.0,2.0,0.0,1.0,1.0,0.0,1.0,0.0,0.0,0.0,0.0,0.0,1.0,0.0,0.0,1.0,0.0,0.0,0.0,1.0,10.0,0.0,0.0,0.0,0.0,0.0,11.0,0.0,0.0,0.0,0.0,0.0,0.0,0.0,0.0,0.0,1.0,1.0,0.0,0.0,0.0,0.0,1.0,1.0,1.0,0.0,0.0,0.0,0.0,0.0,0.0,1.0,1.0,0.0,0.0,0.0,0.0,0.0,1.0,1.0,0.0,1266371704.0,506.0,506.0,1223.0,1223.0,1255.0,0.0,66.0,18337.0,20917.0,20897.0,33.0,0.0,0.0,0.0,58.0,0.0,0.0,19.0,21.0,20.0,10.0,17.0,16367584.0,0.0,1508161760.0,14669846624.0,129664000.0,0.0,0.0,435.0,0.0,0.0,546.0,40.0,768.0
627,0.0,1.0,1.0,0.0,0.0,652800.0,1.0,943500000.0,1.0,800000000.0,0.151678085327,9946.0,1294.0,2742.0,41000.0,42000.0,42500.0,91.0,25.0,64.0,896.0,5000.0,0.0,25.0,1000000.0,950000.0,1.0,1.0,0.0,10.0,0.0,0.0,100.0,100.0,22833881.0,602982032.0,604766044.0,0.0,0.0,0.0,0.0,0.0,1.0,1.0,1.0,1.0,1.0,0.0,0.0,1.0,0.0,0.0,0.0,0.0,0.0,35.0,1.0,14875724.0,270283466.0,14764437.0,23743444.0,613326103.0,702.0,2657174845.0,0.0,1.0,1.0,0.0,1.0,0.0,0.0,1.0,1.0,1.0,1.0,2.0,1.0,0.0,0.0,0.0,2.0,0.0,0.0,1.0,1.0,3.0,50.0,50.0,1.0,0.0,0.0,0.0,0.0,0.0,0.0,0.0,0.0,0.0,0.0,2.0,2.0,0.0,1.0,1.0,0.0,1.0,0.0,0.0,0.0,0.0,0.0,1.0,0.0,0.0,1.0,0.0,0.0,0.0,1.0,11.0,0.0,0.0,0.0,0.0,0.0,12.0,0.0,0.0,0.0,0.0,0.0,0.0,0.0,0.0,0.0,1.0,1.0,0.0,0.0,0.0,0.0,1.0,1.0,1.0,0.0,0.0,0.0,0.0,0.0,0.0,1.0,1.0,0.0,0.0,0.0,0.0,0.0,1.0,1.0,0.0,1319130113.0,478.0,478.0,1312.0,1312.0,1340.0,0.0,83.0,21636.0,22079.0,22045.0,37.0,0.0,0.0,0.0,75.0,0.0,0.0,31.0,35.0,34.0,4.0,29.0,115515328.0,0.0,1640706144.0,15130460928.0,137951072.0,0.0,0.0,702.0,0.0,0.0,815.0,68.0,981.0
628,0.0,1.0,1.0,0.0,0.0,652800.0,1.0,943500000.0,1.0,800000000.0,0.14702296257,4270.0,609.0,1295.0,40000.0,42500.0,42500.0,91.0,25.0,64.0,896.0,5000.0,0.0,25.0,1000000.0,950000.0,1.0,1.0,0.0,10.0,0.0,0.0,100.0,100.0,17723428.0,584455788.0,563483761.0,0.0,0.0,0.0,0.0,0.0,1.0,1.0,1.0,1.0,1.0,0.0,0.0,1.0,0.0,0.0,0.0,0.0,0.0,30.0,1.0,14554849.0,249616581.0,14521914.0,18688068.0,592764308.0,463.0,2461464278.0,0.0,1.0,1.0,0.0,1.0,0.0,0.0,1.0,1.0,1.0,1.0,2.0,1.0,0.0,0.0,0.0,2.0,0.0,0.0,1.0,1.0,3.0,50.0,50.0,1.0,0.0,0.0,0.0,0.0,0.0,0.0,0.0,0.0,0.0,0.0,2.0,2.0,0.0,1.0,1.0,0.0,1.0,0.0,0.0,0.0,0.0,0.0,1.0,0.0,0.0,1.0,0.0,0.0,0.0,1.0,10.0,0.0,0.0,0.0,0.0,0.0,11.0,0.0,0.0,0.0,0.0,0.0,0.0,0.0,0.0,0.0,1.0,1.0,0.0,0.0,0.0,0.0,1.0,1.0,1.0,0.0,0.0,0.0,0.0,0.0,0.0,1.0,1.0,0.0,0.0,0.0,0.0,0.0,1.0,1.0,0.0,1313581544.0,400.0,400.0,1207.0,1207.0,1234.0,0.0,43.0,18419.0,20911.0,20891.0,97.0,0.0,0.0,0.0,34.0,0.0,0.0,19.0,21.0,20.0,8.0,17.0,8803520.0,0.0,1511089888.0,19004455648.0,94882208.0,0.0,0.0,463.0,0.0,0.0,600.0,40.0,661.0
629,0.0,1.0,1.0,0.0,0.0,652800.0,1.0,943500000.0,1.0,800000000.0,0.151893854141,9034.0,1294.0,2667.0,41500.0,42500.0,42500.0,69.0,25.0,64.0,896.0,5000.0,0.0,25.0,1000000.0,950000.0,1.0,0.0,0.0,10.0,0.0,0.0,100.0,500.0,19894126.0,599180657.0,574159316.0,0.0,0.0,0.0,0.0,0.0,1.0,1.0,1.0,1.0,1.0,0.0,0.0,1.0,0.0,0.0,0.0,0.0,0.0,33.0,1.0,14656779.0,263168063.0,14601475.0,21793452.0,607414283.0,641.0,2612644005.0,0.0,1.0,1.0,0.0,1.0,0.0,0.0,1.0,1.0,1.0,1.0,2.0,1.0,0.0,0.0,0.0,2.0,0.0,0.0,1.0,1.0,3.0,50.0,50.0,1.0,0.0,0.0,0.0,0.0,0.0,0.0,0.0,0.0,0.0,0.0,2.0,2.0,0.0,1.0,1.0,0.0,1.0,0.0,0.0,0.0,0.0,0.0,1.0,0.0,0.0,1.0,0.0,0.0,0.0,1.0,10.0,0.0,0.0,0.0,0.0,0.0,11.0,0.0,0.0,0.0,0.0,0.0,0.0,0.0,0.0,0.0,1.0,1.0,0.0,0.0,0.0,0.0,1.0,1.0,1.0,0.0,0.0,0.0,0.0,0.0,0.0,1.0,1.0,0.0,0.0,0.0,0.0,0.0,1.0,1.0,0.0,1311027762.0,441.0,441.0,1192.0,1192.0,1226.0,0.0,60.0,20341.0,21560.0,21533.0,25.0,0.0,0.0,0.0,52.0,0.0,0.0,25.0,28.0,27.0,5.0,23.0,12084224.0,0.0,1611010720.0,14586936768.0,143544064.0,0.0,0.0,641.0,0.0,0.0,702.0,54.0,904.0
630,0.0,1.0,1.0,0.0,0.0,652800.0,1.0,943500000.0,1.0,800000000.0,0.14953613281199998,4270.0,609.0,1295.0,40500.0,42500.0,42500.0,69.0,25.0,64.0,896.0,5000.0,0.0,25.0,1000000.0,950000.0,1.0,0.0,0.0,10.0,0.0,0.0,100.0,500.0,18273919.0,574878082.0,545558218.0,0.0,0.0,0.0,0.0,0.0,1.0,1.0,1.0,1.0,1.0,0.0,0.0,1.0,0.0,0.0,0.0,0.0,0.0,30.0,1.0,14467952.0,253496493.0,14586154.0,18479426.0,582855866.0,477.0,2464970860.0,0.0,1.0,1.0,0.0,1.0,0.0,0.0,1.0,1.0,1.0,1.0,2.0,1.0,0.0,0.0,0.0,2.0,0.0,0.0,1.0,1.0,3.0,50.0,50.0,1.0,0.0,0.0,0.0,0.0,0.0,0.0,0.0,0.0,0.0,0.0,2.0,2.0,0.0,1.0,1.0,0.0,1.0,0.0,0.0,0.0,0.0,0.0,1.0,0.0,0.0,1.0,0.0,0.0,0.0,1.0,10.0,0.0,0.0,0.0,0.0,0.0,11.0,0.0,0.0,0.0,0.0,0.0,0.0,0.0,0.0,0.0,1.0,1.0,0.0,0.0,0.0,0.0,1.0,1.0,1.0,0.0,0.0,0.0,0.0,0.0,0.0,1.0,1.0,0.0,0.0,0.0,0.0,0.0,1.0,1.0,0.0,1317733308.0,516.0,516.0,1195.0,1195.0,1225.0,0.0,42.0,18443.0,20919.0,20899.0,50.0,0.0,0.0,0.0,43.0,0.0,0.0,19.0,21.0,20.0,6.0,17.0,206925792.0,0.0,1554304160.0,14652512800.0,97692032.0,0.0,0.0,477.0,0.0,0.0,558.0,40.0,712.0
631,0.0,1.0,1.0,0.0,0.0,652800.0,1.0,943500000.0,1.0,800000000.0,0.14544391632099998,4308.0,686.0,1295.0,40500.0,42000.0,42500.0,69.0,25.0,64.0,896.0,5000.0,0.0,25.0,1000000.0,950000.0,1.0,0.0,0.0,10.0,0.0,0.0,100.0,500.0,18861906.0,571419310.0,553262170.0,0.0,0.0,0.0,0.0,0.0,1.0,1.0,1.0,1.0,1.0,0.0,0.0,1.0,0.0,0.0,0.0,0.0,0.0,33.0,1.0,14616620.0,256367320.0,14607826.0,19170413.0,587682166.0,483.0,2444706475.0,0.0,1.0,1.0,0.0,1.0,0.0,0.0,1.0,1.0,1.0,1.0,2.0,1.0,0.0,0.0,0.0,2.0,0.0,0.0,1.0,1.0,3.0,50.0,50.0,1.0,0.0,0.0,0.0,0.0,0.0,0.0,0.0,0.0,0.0,0.0,2.0,2.0,0.0,1.0,1.0,0.0,1.0,0.0,0.0,0.0,0.0,0.0,1.0,0.0,0.0,1.0,0.0,0.0,0.0,1.0,11.0,0.0,0.0,0.0,0.0,0.0,12.0,0.0,0.0,0.0,0.0,0.0,0.0,0.0,0.0,0.0,1.0,1.0,0.0,0.0,0.0,0.0,1.0,1.0,1.0,0.0,0.0,0.0,0.0,0.0,0.0,1.0,1.0,0.0,0.0,0.0,0.0,0.0,1.0,1.0,0.0,1317063590.0,476.0,476.0,1206.0,1206.0,1235.0,0.0,58.0,18497.0,20977.0,20957.0,129.0,0.0,0.0,0.0,62.0,0.0,0.0,19.0,21.0,20.0,5.0,17.0,116046048.0,1790880.0,1580097344.0,26588962560.0,121181440.0,0.0,0.0,483.0,0.0,0.0,655.0,40.0,844.0
632,0.0,1.0,1.0,0.0,0.0,652800.0,1.0,943500000.0,1.0,800000000.0,0.151671886444,8919.0,1295.0,2514.0,40500.0,42500.0,42500.0,94.0,25.0,64.0,896.0,5000.0,0.0,25.0,1000000.0,950000.0,1.0,1.0,0.0,10.0,0.0,0.0,100.0,500.0,20795309.0,578717241.0,574319662.0,0.0,0.0,0.0,0.0,0.0,1.0,1.0,1.0,1.0,1.0,0.0,0.0,1.0,0.0,0.0,0.0,0.0,0.0,31.0,1.0,14927378.0,271645682.0,14906273.0,20150966.0,604340411.0,758.0,2561885285.0,0.0,1.0,1.0,0.0,1.0,0.0,0.0,1.0,1.0,1.0,1.0,2.0,1.0,0.0,0.0,0.0,2.0,0.0,0.0,1.0,1.0,3.0,50.0,50.0,1.0,0.0,0.0,0.0,0.0,0.0,0.0,0.0,0.0,0.0,0.0,2.0,2.0,0.0,1.0,1.0,0.0,1.0,0.0,0.0,0.0,0.0,0.0,1.0,0.0,0.0,1.0,0.0,0.0,0.0,1.0,10.0,0.0,0.0,0.0,0.0,0.0,11.0,0.0,0.0,0.0,0.0,0.0,0.0,0.0,0.0,0.0,1.0,1.0,0.0,0.0,0.0,0.0,1.0,1.0,1.0,0.0,0.0,0.0,0.0,0.0,0.0,1.0,1.0,0.0,0.0,0.0,0.0,0.0,1.0,1.0,0.0,1348566255.0,513.0,513.0,1265.0,1265.0,1297.0,0.0,64.0,20500.0,21525.0,21498.0,165.0,0.0,0.0,0.0,58.0,0.0,0.0,25.0,28.0,27.0,3.0,23.0,128439008.0,0.0,1673264128.0,12878328544.0,160320448.0,0.0,0.0,758.0,0.0,0.0,985.0,54.0,995.0
633,0.0,1.0,1.0,0.0,0.0,652800.0,1.0,943500000.0,1.0,800000000.0,0.14923000335699999,4308.0,609.0,1295.0,40500.0,42500.0,42500.0,94.0,25.0,64.0,896.0,5000.0,0.0,25.0,1000000.0,950000.0,1.0,1.0,0.0,10.0,0.0,0.0,100.0,500.0,19026719.0,583504526.0,563921742.0,0.0,0.0,0.0,0.0,0.0,1.0,1.0,1.0,1.0,1.0,0.0,0.0,1.0,0.0,0.0,0.0,0.0,0.0,32.0,1.0,14670327.0,250258628.0,14590091.0,18359817.0,580902487.0,488.0,2474478818.0,0.0,1.0,1.0,0.0,1.0,0.0,0.0,1.0,1.0,1.0,1.0,2.0,1.0,0.0,0.0,0.0,2.0,0.0,0.0,1.0,1.0,3.0,50.0,50.0,1.0,0.0,0.0,0.0,0.0,0.0,0.0,0.0,0.0,0.0,0.0,2.0,2.0,0.0,1.0,1.0,0.0,1.0,0.0,0.0,0.0,0.0,0.0,1.0,0.0,0.0,1.0,0.0,0.0,0.0,1.0,11.0,0.0,0.0,0.0,0.0,0.0,12.0,0.0,0.0,0.0,0.0,0.0,0.0,0.0,0.0,0.0,1.0,1.0,0.0,0.0,0.0,0.0,1.0,1.0,1.0,0.0,0.0,0.0,0.0,0.0,0.0,1.0,1.0,0.0,0.0,0.0,0.0,0.0,1.0,1.0,0.0,1313797241.0,428.0,428.0,1260.0,1260.0,1293.0,0.0,49.0,18617.0,20975.0,20955.0,30.0,0.0,0.0,0.0,44.0,0.0,0.0,19.0,21.0,20.0,6.0,17.0,107166848.0,0.0,1551184896.0,16956862240.0,82370464.0,0.0,0.0,488.0,0.0,0.0,570.0,40.0,611.0
634,0.0,1.0,1.0,0.0,0.0,652800.0,1.0,943500000.0,1.0,800000000.0,0.14838385582,8881.0,1219.0,2438.0,40500.0,42000.0,42500.0,94.0,25.0,64.0,896.0,5000.0,0.0,25.0,1000000.0,950000.0,1.0,1.0,0.0,10.0,0.0,0.0,100.0,500.0,21012160.0,580310818.0,562998665.0,0.0,0.0,0.0,0.0,0.0,1.0,1.0,1.0,1.0,1.0,0.0,0.0,1.0,0.0,0.0,0.0,0.0,0.0,31.0,1.0,14723507.0,260517863.0,14469637.0,21993905.0,602820466.0,736.0,2524784535.0,0.0,1.0,1.0,0.0,1.0,0.0,0.0,1.0,1.0,1.0,1.0,2.0,1.0,0.0,0.0,0.0,2.0,0.0,0.0,1.0,1.0,3.0,50.0,50.0,1.0,0.0,0.0,0.0,0.0,0.0,0.0,0.0,0.0,0.0,0.0,2.0,2.0,0.0,1.0,1.0,0.0,1.0,0.0,0.0,0.0,0.0,0.0,1.0,0.0,0.0,1.0,0.0,0.0,0.0,1.0,10.0,0.0,0.0,0.0,0.0,0.0,11.0,0.0,0.0,0.0,0.0,0.0,0.0,0.0,0.0,0.0,1.0,1.0,0.0,0.0,0.0,0.0,1.0,1.0,1.0,0.0,0.0,0.0,0.0,0.0,0.0,1.0,1.0,0.0,0.0,0.0,0.0,0.0,1.0,1.0,0.0,1345448277.0,555.0,555.0,1295.0,1295.0,1334.0,0.0,62.0,20781.0,21460.0,21433.0,84.0,0.0,0.0,0.0,65.0,0.0,0.0,25.0,28.0,27.0,6.0,23.0,122360320.0,0.0,1730415936.0,15955431552.0,172613024.0,0.0,0.0,736.0,0.0,0.0,932.0,54.0,970.0
635,0.0,1.0,1.0,1.0,0.0,1881600.0,1.0,943500000.0,1.0,204000000.0,0.379905939102,11970.0,1752.0,3885.0,40666.6666667,41500.0,42500.0,93.0,25.0,64.0,896.0,5000.0,0.0,25.0,1000000.0,950000.0,1.0,0.0,0.0,10.0,0.0,0.0,0.0,100.0,29595588.0,673113584.0,656525222.0,0.0,0.0,0.0,0.0,0.0,1.0,1.0,1.0,1.0,1.0,0.0,0.0,1.0,0.0,0.0,0.0,0.0,0.0,30.0,1.0,17539736.0,303354250.0,17321207.0,28901221.0,685214520.0,985.0,5862074709.0,0.0,1.0,1.0,0.0,1.0,0.0,0.0,1.0,1.0,1.0,1.0,2.0,1.0,0.0,0.0,0.0,2.0,0.0,0.0,1.0,1.0,3.0,50.0,50.0,1.0,0.0,0.0,0.0,0.0,0.0,0.0,0.0,0.0,0.0,0.0,2.0,2.0,0.0,1.0,1.0,0.0,1.0,0.0,0.0,0.0,0.0,0.0,1.0,0.0,0.0,1.0,0.0,0.0,0.0,1.0,10.0,0.0,0.0,0.0,0.0,0.0,11.0,0.0,0.0,0.0,0.0,0.0,0.0,0.0,0.0,0.0,1.0,1.0,0.0,0.0,0.0,0.0,1.0,1.0,1.0,0.0,0.0,0.0,0.0,0.0,0.0,1.0,1.0,0.0,0.0,0.0,0.0,0.0,1.0,1.0,0.0,1493855820.0,1072.0,1072.0,2450.0,2450.0,2485.0,0.0,125.0,24292.0,22954.0,22906.0,70.0,0.0,0.0,0.0,151.0,0.0,0.0,43.0,49.0,48.0,16.0,41.0,355374048.0,0.0,3517920896.0,39166732192.0,329121280.0,0.0,0.0,985.0,0.0,0.0,1324.0,96.0,1619.0
636,0.0,1.0,1.0,1.0,0.0,1881600.0,1.0,943500000.0,1.0,204000000.0,0.379167079926,7586.0,1143.0,2514.0,40750.0,41500.0,42500.0,93.0,25.0,64.0,896.0,5000.0,0.0,25.0,1000000.0,950000.0,1.0,0.0,0.0,10.0,0.0,0.0,0.0,100.0,27047183.0,651571638.0,611417437.0,0.0,0.0,0.0,0.0,0.0,1.0,1.0,1.0,1.0,1.0,0.0,0.0,1.0,0.0,0.0,0.0,0.0,0.0,32.0,1.0,16052360.0,261219768.0,16036778.0,26156013.0,672339857.0,916.0,5445001625.0,0.0,1.0,1.0,0.0,1.0,0.0,0.0,1.0,1.0,1.0,1.0,2.0,1.0,0.0,0.0,0.0,2.0,0.0,0.0,1.0,1.0,3.0,50.0,50.0,1.0,0.0,0.0,0.0,0.0,0.0,0.0,0.0,0.0,0.0,0.0,2.0,2.0,0.0,1.0,1.0,0.0,1.0,0.0,0.0,0.0,0.0,0.0,1.0,0.0,0.0,1.0,0.0,0.0,0.0,1.0,11.0,0.0,0.0,0.0,0.0,0.0,12.0,0.0,0.0,0.0,0.0,0.0,0.0,0.0,0.0,0.0,1.0,1.0,0.0,0.0,0.0,0.0,1.0,1.0,1.0,0.0,0.0,0.0,0.0,0.0,0.0,1.0,1.0,0.0,0.0,0.0,0.0,0.0,1.0,1.0,0.0,1417828478.0,1015.0,1015.0,2241.0,2241.0,2264.0,0.0,109.0,22907.0,22448.0,22408.0,67.0,0.0,0.0,0.0,151.0,0.0,0.0,37.0,41.0,40.0,11.0,35.0,279285440.0,2422464.0,3359233184.0,46420712000.0,273283936.0,0.0,0.0,916.0,0.0,0.0,1271.0,80.0,1461.0
637,0.0,1.0,1.0,1.0,0.0,1881600.0,1.0,943500000.0,1.0,204000000.0,0.38858795166,12006.0,1676.0,3962.0,41125.0,41500.0,42500.0,93.0,25.0,64.0,896.0,5000.0,0.0,25.0,1000000.0,950000.0,1.0,0.0,0.0,10.0,0.0,0.0,0.0,100.0,26999487.0,666704244.0,629725707.0,0.0,0.0,0.0,0.0,0.0,1.0,1.0,1.0,1.0,1.0,0.0,0.0,1.0,0.0,0.0,0.0,0.0,0.0,31.0,1.0,16643203.0,273836323.0,16429522.0,26402786.0,688593977.0,948.0,5558916709.0,0.0,1.0,1.0,0.0,1.0,0.0,0.0,1.0,1.0,1.0,1.0,2.0,1.0,0.0,0.0,0.0,2.0,0.0,0.0,1.0,1.0,3.0,50.0,50.0,1.0,0.0,0.0,0.0,0.0,0.0,0.0,0.0,0.0,0.0,0.0,2.0,2.0,0.0,1.0,1.0,0.0,1.0,0.0,0.0,0.0,0.0,0.0,1.0,0.0,0.0,1.0,0.0,0.0,0.0,1.0,10.0,0.0,0.0,0.0,0.0,0.0,11.0,0.0,0.0,0.0,0.0,0.0,0.0,0.0,0.0,0.0,1.0,1.0,0.0,0.0,0.0,0.0,1.0,1.0,1.0,0.0,0.0,0.0,0.0,0.0,0.0,1.0,1.0,0.0,0.0,0.0,0.0,0.0,1.0,1.0,0.0,1451321227.0,1065.0,1065.0,2286.0,2286.0,2322.0,0.0,126.0,23431.0,22600.0,22559.0,62.0,0.0,0.0,0.0,168.0,0.0,0.0,37.0,42.0,41.0,17.0,35.0,264444960.0,0.0,3300812640.0,43660634688.0,310950944.0,0.0,0.0,948.0,0.0,0.0,1351.0,82.0,1610.0
638,0.0,1.0,1.0,1.0,0.0,1881600.0,1.0,943500000.0,1.0,204000000.0,0.386563062668,16085.0,2132.0,5181.0,40750.0,41500.0,42500.0,84.0,25.0,64.0,896.0,5000.0,0.0,25.0,1000000.0,950000.0,1.0,1.0,0.0,10.0,0.0,0.0,0.0,100.0,28373610.0,694680083.0,672737790.0,0.0,0.0,0.0,0.0,0.0,1.0,1.0,1.0,1.0,1.0,0.0,0.0,1.0,0.0,0.0,0.0,0.0,0.0,35.0,1.0,17261868.0,321077621.0,17091994.0,29360971.0,717257522.0,1080.0,5926384106.0,0.0,1.0,1.0,0.0,1.0,0.0,0.0,1.0,1.0,1.0,1.0,2.0,1.0,0.0,0.0,0.0,2.0,0.0,0.0,1.0,1.0,3.0,50.0,50.0,1.0,0.0,0.0,0.0,0.0,0.0,0.0,0.0,0.0,0.0,0.0,2.0,2.0,0.0,1.0,1.0,0.0,1.0,0.0,0.0,0.0,0.0,0.0,1.0,0.0,0.0,1.0,0.0,0.0,0.0,1.0,11.0,0.0,0.0,0.0,0.0,0.0,12.0,0.0,0.0,0.0,0.0,0.0,0.0,0.0,0.0,0.0,1.0,1.0,0.0,0.0,0.0,0.0,1.0,1.0,1.0,0.0,0.0,0.0,0.0,0.0,0.0,1.0,1.0,0.0,0.0,0.0,0.0,0.0,1.0,1.0,0.0,1508431622.0,1158.0,1158.0,2510.0,2510.0,2537.0,0.0,107.0,24936.0,23069.0,23022.0,49.0,0.0,0.0,0.0,174.0,0.0,0.0,43.0,48.0,47.0,15.0,41.0,380229824.0,1935712.0,3526278848.0,178844226624.0,342546496.0,0.0,0.0,1080.0,0.0,0.0,1531.0,94.0,1762.0
639,0.0,1.0,1.0,1.0,0.0,1881600.0,1.0,943500000.0,1.0,204000000.0,0.376637935638,7778.0,1219.0,2590.0,40250.0,41500.0,42500.0,84.0,25.0,64.0,896.0,5000.0,0.0,25.0,1000000.0,950000.0,1.0,1.0,0.0,10.0,0.0,0.0,0.0,100.0,24347875.0,661806347.0,624332014.0,0.0,0.0,0.0,0.0,0.0,1.0,1.0,1.0,1.0,1.0,0.0,0.0,1.0,0.0,0.0,0.0,0.0,0.0,32.0,1.0,15804647.0,278372173.0,15822208.0,26926705.0,671562052.0,892.0,5356444613.0,0.0,1.0,1.0,0.0,1.0,0.0,0.0,1.0,1.0,1.0,1.0,2.0,1.0,0.0,0.0,0.0,2.0,0.0,0.0,1.0,1.0,3.0,50.0,50.0,1.0,0.0,0.0,0.0,0.0,0.0,0.0,0.0,0.0,0.0,0.0,2.0,2.0,0.0,1.0,1.0,0.0,1.0,0.0,0.0,0.0,0.0,0.0,1.0,0.0,0.0,1.0,0.0,0.0,0.0,1.0,10.0,0.0,0.0,0.0,0.0,0.0,11.0,0.0,0.0,0.0,0.0,0.0,0.0,0.0,0.0,0.0,1.0,1.0,0.0,0.0,0.0,0.0,1.0,1.0,1.0,0.0,0.0,0.0,0.0,0.0,0.0,1.0,1.0,0.0,0.0,0.0,0.0,0.0,1.0,1.0,0.0,1385458097.0,1021.0,1021.0,2113.0,2113.0,2143.0,0.0,89.0,21695.0,22176.0,22142.0,60.0,0.0,0.0,0.0,122.0,0.0,0.0,31.0,35.0,34.0,8.0,29.0,272012032.0,0.0,3235952832.0,31480640928.0,284804416.0,0.0,0.0,892.0,0.0,0.0,1238.0,68.0,1510.0
640,0.0,1.0,1.0,1.0,0.0,1881600.0,1.0,943500000.0,1.0,204000000.0,0.38438796997100005,7778.0,1143.0,2667.0,41000.0,41250.0,42500.0,84.0,25.0,64.0,896.0,5000.0,0.0,25.0,1000000.0,950000.0,1.0,1.0,0.0,10.0,0.0,0.0,0.0,100.0,24710448.0,656278248.0,634203064.0,0.0,0.0,0.0,0.0,0.0,1.0,1.0,1.0,1.0,1.0,0.0,0.0,1.0,0.0,0.0,0.0,0.0,0.0,37.0,1.0,16344863.0,276092440.0,16223754.0,25581512.0,652754595.0,854.0,5400903398.0,0.0,1.0,1.0,0.0,1.0,0.0,0.0,1.0,1.0,1.0,1.0,2.0,1.0,0.0,0.0,0.0,2.0,0.0,0.0,1.0,1.0,3.0,50.0,50.0,1.0,0.0,0.0,0.0,0.0,0.0,0.0,0.0,0.0,0.0,0.0,2.0,2.0,0.0,1.0,1.0,0.0,1.0,0.0,0.0,0.0,0.0,0.0,1.0,0.0,0.0,1.0,0.0,0.0,0.0,1.0,11.0,0.0,0.0,0.0,0.0,0.0,12.0,0.0,0.0,0.0,0.0,0.0,0.0,0.0,0.0,0.0,1.0,1.0,0.0,0.0,0.0,0.0,1.0,1.0,1.0,0.0,0.0,0.0,0.0,0.0,0.0,1.0,1.0,0.0,0.0,0.0,0.0,0.0,1.0,1.0,0.0,1383435211.0,1046.0,1046.0,2151.0,2151.0,2183.0,0.0,93.0,21213.0,22169.0,22135.0,70.0,0.0,0.0,0.0,142.0,0.0,0.0,31.0,35.0,34.0,10.0,29.0,393289856.0,2510496.0,3174114720.0,38847003328.0,219726176.0,0.0,0.0,854.0,0.0,0.0,1233.0,68.0,1534.0
641,0.0,1.0,1.0,1.0,0.0,1881600.0,1.0,943500000.0,1.0,204000000.0,0.39148688316299995,11970.0,1753.0,4039.0,40250.0,41250.0,42500.0,90.0,25.0,64.0,896.0,5000.0,0.0,25.0,1000000.0,950000.0,1.0,0.0,0.0,10.0,0.0,0.0,0.0,500.0,25565966.0,671817360.0,643775129.0,0.0,0.0,0.0,0.0,0.0,1.0,1.0,1.0,1.0,1.0,0.0,0.0,1.0,0.0,0.0,0.0,0.0,0.0,35.0,1.0,17111475.0,280826270.0,16936949.0,27865395.0,688750113.0,1029.0,5637126359.0,0.0,1.0,1.0,0.0,1.0,0.0,0.0,1.0,1.0,1.0,1.0,2.0,1.0,0.0,0.0,0.0,2.0,0.0,0.0,1.0,1.0,3.0,50.0,50.0,1.0,0.0,0.0,0.0,0.0,0.0,0.0,0.0,0.0,0.0,0.0,2.0,2.0,0.0,1.0,1.0,0.0,1.0,0.0,0.0,0.0,0.0,0.0,1.0,0.0,0.0,1.0,0.0,0.0,0.0,1.0,10.0,0.0,0.0,0.0,0.0,0.0,11.0,0.0,0.0,0.0,0.0,0.0,0.0,0.0,0.0,0.0,1.0,1.0,0.0,0.0,0.0,0.0,1.0,1.0,1.0,0.0,0.0,0.0,0.0,0.0,0.0,1.0,1.0,0.0,0.0,0.0,0.0,0.0,1.0,1.0,0.0,1442183644.0,1155.0,1155.0,2283.0,2283.0,2328.0,0.0,109.0,23997.0,22551.0,22510.0,71.0,0.0,0.0,0.0,129.0,0.0,0.0,37.0,42.0,41.0,11.0,35.0,387363072.0,0.0,3379974528.0,56130582400.0,358822272.0,0.0,0.0,1029.0,0.0,0.0,1372.0,82.0,1699.0
642,0.0,1.0,1.0,1.0,0.0,1881600.0,1.0,943500000.0,1.0,204000000.0,0.384732961655,12006.0,1676.0,4039.0,41000.0,41333.3333333,42500.0,90.0,25.0,64.0,896.0,5000.0,0.0,25.0,1000000.0,950000.0,1.0,0.0,0.0,10.0,0.0,0.0,0.0,500.0,29988405.0,683657779.0,643995304.0,0.0,0.0,0.0,0.0,0.0,1.0,1.0,1.0,1.0,1.0,0.0,0.0,1.0,0.0,0.0,0.0,0.0,0.0,32.0,1.0,17114035.0,282748000.0,16986493.0,28715396.0,702220898.0,1099.0,5809604291.0,0.0,1.0,1.0,0.0,1.0,0.0,0.0,1.0,1.0,1.0,1.0,2.0,1.0,0.0,0.0,0.0,2.0,0.0,0.0,1.0,1.0,3.0,50.0,50.0,1.0,0.0,0.0,0.0,0.0,0.0,0.0,0.0,0.0,0.0,0.0,2.0,2.0,0.0,1.0,1.0,0.0,1.0,0.0,0.0,0.0,0.0,0.0,1.0,0.0,0.0,1.0,0.0,0.0,0.0,1.0,11.0,0.0,0.0,0.0,0.0,0.0,12.0,0.0,0.0,0.0,0.0,0.0,0.0,0.0,0.0,0.0,1.0,1.0,0.0,0.0,0.0,0.0,1.0,1.0,1.0,0.0,0.0,0.0,0.0,0.0,0.0,1.0,1.0,0.0,0.0,0.0,0.0,0.0,1.0,1.0,0.0,1507465808.0,1218.0,1218.0,2414.0,2414.0,2453.0,0.0,124.0,25116.0,22992.0,22944.0,93.0,0.0,0.0,0.0,185.0,0.0,0.0,43.0,49.0,48.0,10.0,41.0,420495104.0,2159488.0,3526587392.0,46983632544.0,384063488.0,0.0,0.0,1099.0,0.0,0.0,1525.0,96.0,1803.0
643,0.0,1.0,1.0,1.0,0.0,1881600.0,1.0,943500000.0,1.0,204000000.0,0.387685060501,12541.0,1523.0,4572.0,40416.6666667,41166.6666667,42500.0,90.0,25.0,64.0,896.0,5000.0,0.0,25.0,1000000.0,950000.0,1.0,0.0,0.0,10.0,0.0,0.0,0.0,500.0,29661523.0,675033519.0,640386618.0,0.0,0.0,0.0,0.0,0.0,1.0,1.0,1.0,1.0,1.0,0.0,0.0,1.0,0.0,0.0,0.0,0.0,0.0,36.0,1.0,17822914.0,285440932.0,17546512.0,30541944.0,696467688.0,974.0,6050544341.0,0.0,1.0,1.0,0.0,1.0,0.0,0.0,1.0,1.0,1.0,1.0,2.0,1.0,0.0,0.0,0.0,2.0,0.0,0.0,1.0,1.0,3.0,50.0,50.0,1.0,0.0,0.0,0.0,0.0,0.0,0.0,0.0,0.0,0.0,0.0,2.0,2.0,0.0,1.0,1.0,0.0,1.0,0.0,0.0,0.0,0.0,0.0,1.0,0.0,0.0,1.0,0.0,0.0,0.0,1.0,11.0,0.0,0.0,0.0,0.0,0.0,12.0,0.0,0.0,0.0,0.0,0.0,0.0,0.0,0.0,0.0,1.0,1.0,0.0,0.0,0.0,0.0,1.0,1.0,1.0,0.0,0.0,0.0,0.0,0.0,0.0,1.0,1.0,0.0,0.0,0.0,0.0,0.0,1.0,1.0,0.0,1484732120.0,1183.0,1183.0,2555.0,2555.0,2592.0,0.0,115.0,24256.0,22877.0,22829.0,57.0,0.0,0.0,0.0,160.0,0.0,0.0,43.0,49.0,48.0,20.0,41.0,655398592.0,504192.0,3706012192.0,45936867936.0,357268064.0,0.0,0.0,974.0,0.0,0.0,1303.0,96.0,1689.0
644,0.0,1.0,1.0,1.0,0.0,1881600.0,1.0,943500000.0,1.0,204000000.0,0.38457179069499997,7700.0,1067.0,2667.0,40500.0,41500.0,42500.0,100.0,25.0,64.0,896.0,5000.0,0.0,25.0,1000000.0,950000.0,1.0,1.0,0.0,10.0,0.0,0.0,0.0,500.0,25467595.0,652622207.0,627567571.0,0.0,0.0,0.0,0.0,0.0,1.0,1.0,1.0,1.0,1.0,0.0,0.0,1.0,0.0,0.0,0.0,0.0,0.0,34.0,1.0,16765192.0,275144928.0,16617747.0,24507942.0,669448132.0,828.0,5387039652.0,0.0,1.0,1.0,0.0,1.0,0.0,0.0,1.0,1.0,1.0,1.0,2.0,1.0,0.0,0.0,0.0,2.0,0.0,0.0,1.0,1.0,3.0,50.0,50.0,1.0,0.0,0.0,0.0,0.0,0.0,0.0,0.0,0.0,0.0,0.0,2.0,2.0,0.0,1.0,1.0,0.0,1.0,0.0,0.0,0.0,0.0,0.0,1.0,0.0,0.0,1.0,0.0,0.0,0.0,1.0,11.0,0.0,0.0,0.0,0.0,0.0,12.0,0.0,0.0,0.0,0.0,0.0,0.0,0.0,0.0,0.0,1.0,1.0,0.0,0.0,0.0,0.0,1.0,1.0,1.0,0.0,0.0,0.0,0.0,0.0,0.0,1.0,1.0,0.0,0.0,0.0,0.0,0.0,1.0,1.0,0.0,1449547699.0,945.0,945.0,2194.0,2194.0,2229.0,0.0,85.0,21274.0,22190.0,22156.0,54.0,0.0,0.0,0.0,120.0,0.0,0.0,31.0,35.0,34.0,12.0,29.0,250575840.0,1995808.0,3179434208.0,91433341056.0,251850272.0,0.0,0.0,828.0,0.0,0.0,1208.0,68.0,1401.0
645,0.0,1.0,1.0,1.0,0.0,1881600.0,1.0,943500000.0,1.0,204000000.0,0.382921934128,7739.0,1219.0,2590.0,40250.0,41500.0,42500.0,100.0,25.0,64.0,896.0,5000.0,0.0,25.0,1000000.0,950000.0,1.0,1.0,0.0,10.0,0.0,0.0,0.0,500.0,23533224.0,650237519.0,612853634.0,0.0,0.0,0.0,0.0,0.0,1.0,1.0,1.0,1.0,1.0,0.0,0.0,1.0,0.0,0.0,0.0,0.0,0.0,35.0,1.0,16446521.0,263640403.0,16329864.0,25693545.0,657478995.0,740.0,5399002561.0,0.0,1.0,1.0,0.0,1.0,0.0,0.0,1.0,1.0,1.0,1.0,2.0,1.0,0.0,0.0,0.0,2.0,0.0,0.0,1.0,1.0,3.0,50.0,50.0,1.0,0.0,0.0,0.0,0.0,0.0,0.0,0.0,0.0,0.0,0.0,2.0,2.0,0.0,1.0,1.0,0.0,1.0,0.0,0.0,0.0,0.0,0.0,1.0,0.0,0.0,1.0,0.0,0.0,0.0,1.0,11.0,0.0,0.0,0.0,0.0,0.0,12.0,0.0,0.0,0.0,0.0,0.0,0.0,0.0,0.0,0.0,1.0,1.0,0.0,0.0,0.0,0.0,1.0,1.0,1.0,0.0,0.0,0.0,0.0,0.0,0.0,1.0,1.0,0.0,0.0,0.0,0.0,0.0,1.0,1.0,0.0,1394649447.0,1030.0,1030.0,2090.0,2090.0,2115.0,0.0,85.0,21963.0,22015.0,21981.0,97.0,0.0,0.0,0.0,126.0,0.0,0.0,31.0,35.0,34.0,10.0,29.0,152282176.0,2638016.0,3258119232.0,43161381728.0,276394240.0,0.0,0.0,740.0,0.0,0.0,1096.0,68.0,1409.0
646,0.0,1.0,1.0,1.0,0.0,1881600.0,1.0,943500000.0,1.0,204000000.0,0.386029958725,12047.0,1752.0,3886.0,40625.0,41500.0,42500.0,100.0,25.0,64.0,896.0,5000.0,0.0,25.0,1000000.0,950000.0,1.0,1.0,0.0,10.0,0.0,0.0,0.0,500.0,27528118.0,652207985.0,637837542.0,0.0,0.0,0.0,0.0,0.0,1.0,1.0,1.0,1.0,1.0,0.0,0.0,1.0,0.0,0.0,0.0,0.0,0.0,32.0,1.0,16583190.0,289123079.0,16417349.0,28188735.0,683017604.0,939.0,5278543361.0,0.0,1.0,1.0,0.0,1.0,0.0,0.0,1.0,1.0,1.0,1.0,2.0,1.0,0.0,0.0,0.0,2.0,0.0,0.0,1.0,1.0,3.0,50.0,50.0,1.0,0.0,0.0,0.0,0.0,0.0,0.0,0.0,0.0,0.0,0.0,2.0,2.0,0.0,1.0,1.0,0.0,1.0,0.0,0.0,0.0,0.0,0.0,1.0,0.0,0.0,1.0,0.0,0.0,0.0,1.0,11.0,0.0,0.0,0.0,0.0,0.0,12.0,0.0,0.0,0.0,0.0,0.0,0.0,0.0,0.0,0.0,1.0,1.0,0.0,0.0,0.0,0.0,1.0,1.0,1.0,0.0,0.0,0.0,0.0,0.0,0.0,1.0,1.0,0.0,0.0,0.0,0.0,0.0,1.0,1.0,0.0,1417829387.0,1047.0,1047.0,2234.0,2234.0,2273.0,0.0,111.0,23146.0,22565.0,22524.0,114.0,0.0,0.0,0.0,158.0,0.0,0.0,37.0,42.0,41.0,12.0,35.0,300097984.0,1988448.0,3309526144.0,49849653984.0,267253120.0,0.0,0.0,939.0,0.0,0.0,1395.0,82.0,1620.0
647,0.0,1.0,1.0,1.0,0.0,1881600.0,1.0,943500000.0,1.0,204000000.0,0.37772202491800005,7854.0,1219.0,2667.0,40375.0,41500.0,42500.0,86.0,25.0,64.0,896.0,5000.0,0.0,25.0,1000000.0,950000.0,1.0,0.0,0.0,10.0,0.0,0.0,100.0,100.0,23984232.0,655448336.0,607474393.0,0.0,0.0,0.0,0.0,0.0,1.0,1.0,1.0,1.0,1.0,0.0,0.0,1.0,0.0,0.0,0.0,0.0,0.0,35.0,1.0,16086838.0,270798996.0,16198785.0,25277137.0,671938069.0,762.0,5349156147.0,0.0,1.0,1.0,0.0,1.0,0.0,0.0,1.0,1.0,1.0,1.0,2.0,1.0,0.0,0.0,0.0,2.0,0.0,0.0,1.0,1.0,3.0,50.0,50.0,1.0,0.0,0.0,0.0,0.0,0.0,0.0,0.0,0.0,0.0,0.0,2.0,2.0,0.0,1.0,1.0,0.0,1.0,0.0,0.0,0.0,0.0,0.0,1.0,0.0,0.0,1.0,0.0,0.0,0.0,1.0,11.0,0.0,0.0,0.0,0.0,0.0,12.0,0.0,0.0,0.0,0.0,0.0,0.0,0.0,0.0,0.0,1.0,1.0,0.0,0.0,0.0,0.0,1.0,1.0,1.0,0.0,0.0,0.0,0.0,0.0,0.0,1.0,1.0,0.0,0.0,0.0,0.0,0.0,1.0,1.0,0.0,1430062921.0,941.0,941.0,1979.0,1979.0,2011.0,0.0,74.0,21100.0,22030.0,21997.0,54.0,0.0,0.0,0.0,104.0,0.0,0.0,31.0,34.0,33.0,12.0,29.0,60080544.0,0.0,3128713216.0,35182952096.0,263187264.0,0.0,0.0,762.0,0.0,0.0,1021.0,66.0,1264.0
648,0.0,1.0,1.0,1.0,0.0,1881600.0,1.0,943500000.0,1.0,204000000.0,0.377734184265,11932.0,1752.0,3809.0,41125.0,41500.0,42250.0,86.0,25.0,64.0,896.0,5000.0,0.0,25.0,1000000.0,950000.0,1.0,0.0,0.0,10.0,0.0,0.0,100.0,100.0,27230704.0,674671767.0,634246898.0,0.0,0.0,0.0,0.0,0.0,1.0,1.0,1.0,1.0,1.0,0.0,0.0,1.0,0.0,0.0,0.0,0.0,0.0,34.0,1.0,16634668.0,280359492.0,16392977.0,26649063.0,678743880.0,943.0,5629550600.0,0.0,1.0,1.0,0.0,1.0,0.0,0.0,1.0,1.0,1.0,1.0,2.0,1.0,0.0,0.0,0.0,2.0,0.0,0.0,1.0,1.0,3.0,50.0,50.0,1.0,0.0,0.0,0.0,0.0,0.0,0.0,0.0,0.0,0.0,0.0,2.0,2.0,0.0,1.0,1.0,0.0,1.0,0.0,0.0,0.0,0.0,0.0,1.0,0.0,0.0,1.0,0.0,0.0,0.0,1.0,11.0,0.0,0.0,0.0,0.0,0.0,12.0,0.0,0.0,0.0,0.0,0.0,0.0,0.0,0.0,0.0,1.0,1.0,0.0,0.0,0.0,0.0,1.0,1.0,1.0,0.0,0.0,0.0,0.0,0.0,0.0,1.0,1.0,0.0,0.0,0.0,0.0,0.0,1.0,1.0,0.0,1444800578.0,1038.0,1038.0,2358.0,2358.0,2397.0,0.0,122.0,23190.0,22527.0,22486.0,50.0,0.0,0.0,0.0,150.0,0.0,0.0,37.0,42.0,41.0,17.0,35.0,426474304.0,2031296.0,3343387776.0,65476514464.0,268307200.0,0.0,0.0,943.0,0.0,0.0,1299.0,82.0,1570.0
649,0.0,1.0,1.0,1.0,0.0,1881600.0,1.0,943500000.0,1.0,204000000.0,0.379380941391,11932.0,1752.0,3963.0,40125.0,41500.0,42500.0,86.0,25.0,64.0,896.0,5000.0,0.0,25.0,1000000.0,950000.0,1.0,0.0,0.0,10.0,0.0,0.0,100.0,100.0,25710274.0,648060656.0,633379366.0,0.0,0.0,0.0,0.0,0.0,1.0,1.0,1.0,1.0,1.0,0.0,0.0,1.0,0.0,0.0,0.0,0.0,0.0,33.0,1.0,16677113.0,284120674.0,16928736.0,26005218.0,670447611.0,951.0,5624895524.0,0.0,1.0,1.0,0.0,1.0,0.0,0.0,1.0,1.0,1.0,1.0,2.0,1.0,0.0,0.0,0.0,2.0,0.0,0.0,1.0,1.0,3.0,50.0,50.0,1.0,0.0,0.0,0.0,0.0,0.0,0.0,0.0,0.0,0.0,0.0,2.0,2.0,0.0,1.0,1.0,0.0,1.0,0.0,0.0,0.0,0.0,0.0,1.0,0.0,0.0,1.0,0.0,0.0,0.0,1.0,10.0,0.0,0.0,0.0,0.0,0.0,11.0,0.0,0.0,0.0,0.0,0.0,0.0,0.0,0.0,0.0,1.0,1.0,0.0,0.0,0.0,0.0,1.0,1.0,1.0,0.0,0.0,0.0,0.0,0.0,0.0,1.0,1.0,0.0,0.0,0.0,0.0,0.0,1.0,1.0,0.0,1450923979.0,1022.0,1022.0,2215.0,2215.0,2248.0,0.0,114.0,23329.0,22652.0,22611.0,66.0,0.0,0.0,0.0,153.0,0.0,0.0,37.0,42.0,41.0,9.0,35.0,365668160.0,0.0,3370062080.0,52449775456.0,223194848.0,0.0,0.0,951.0,0.0,0.0,1317.0,82.0,1615.0
650,0.0,1.0,1.0,1.0,0.0,1881600.0,1.0,943500000.0,1.0,204000000.0,0.382725000381,12008.0,1676.0,3963.0,40250.0,41250.0,42500.0,90.0,25.0,64.0,896.0,5000.0,0.0,25.0,1000000.0,950000.0,1.0,1.0,0.0,10.0,0.0,0.0,100.0,100.0,25727460.0,664503636.0,638981536.0,0.0,0.0,0.0,0.0,0.0,1.0,1.0,1.0,1.0,1.0,0.0,0.0,1.0,0.0,0.0,0.0,0.0,0.0,35.0,1.0,16532906.0,274253317.0,16486721.0,28574181.0,691725891.0,999.0,5531349177.0,0.0,1.0,1.0,0.0,1.0,0.0,0.0,1.0,1.0,1.0,1.0,2.0,1.0,0.0,0.0,0.0,2.0,0.0,0.0,1.0,1.0,3.0,50.0,50.0,1.0,0.0,0.0,0.0,0.0,0.0,0.0,0.0,0.0,0.0,0.0,2.0,2.0,0.0,1.0,1.0,0.0,1.0,0.0,0.0,0.0,0.0,0.0,1.0,0.0,0.0,1.0,0.0,0.0,0.0,1.0,11.0,0.0,0.0,0.0,0.0,0.0,12.0,0.0,0.0,0.0,0.0,0.0,0.0,0.0,0.0,0.0,1.0,1.0,0.0,0.0,0.0,0.0,1.0,1.0,1.0,0.0,0.0,0.0,0.0,0.0,0.0,1.0,1.0,0.0,0.0,0.0,0.0,0.0,1.0,1.0,0.0,1455034003.0,1122.0,1122.0,2266.0,2266.0,2309.0,0.0,111.0,23698.0,22634.0,22593.0,70.0,0.0,0.0,0.0,159.0,0.0,0.0,37.0,42.0,41.0,12.0,35.0,57324192.0,2024224.0,3341614976.0,48882027552.0,257024576.0,0.0,0.0,999.0,0.0,0.0,1428.0,82.0,1776.0
651,0.0,1.0,1.0,1.0,0.0,1881600.0,1.0,943500000.0,1.0,204000000.0,0.37865996360799997,12085.0,1753.0,3962.0,40250.0,41500.0,42500.0,90.0,25.0,64.0,896.0,5000.0,0.0,25.0,1000000.0,950000.0,1.0,1.0,0.0,10.0,0.0,0.0,100.0,100.0,27835982.0,682367499.0,648003790.0,0.0,0.0,0.0,0.0,0.0,1.0,1.0,1.0,1.0,1.0,0.0,0.0,1.0,0.0,0.0,0.0,0.0,0.0,30.0,1.0,17073943.0,298553137.0,17244801.0,28551817.0,690766186.0,1188.0,5663313314.0,0.0,1.0,1.0,0.0,1.0,0.0,0.0,1.0,1.0,1.0,1.0,2.0,1.0,0.0,0.0,0.0,2.0,0.0,0.0,1.0,1.0,3.0,50.0,50.0,1.0,0.0,0.0,0.0,0.0,0.0,0.0,0.0,0.0,0.0,0.0,2.0,2.0,0.0,1.0,1.0,0.0,1.0,0.0,0.0,0.0,0.0,0.0,1.0,0.0,0.0,1.0,0.0,0.0,0.0,1.0,10.0,0.0,0.0,0.0,0.0,0.0,11.0,0.0,0.0,0.0,0.0,0.0,0.0,0.0,0.0,0.0,1.0,1.0,0.0,0.0,0.0,0.0,1.0,1.0,1.0,0.0,0.0,0.0,0.0,0.0,0.0,1.0,1.0,0.0,0.0,0.0,0.0,0.0,1.0,1.0,0.0,1457654530.0,1327.0,1327.0,2471.0,2471.0,2510.0,0.0,101.0,23432.0,22602.0,22561.0,142.0,0.0,0.0,0.0,160.0,0.0,0.0,37.0,42.0,41.0,19.0,35.0,604468832.0,0.0,3425086336.0,67499670176.0,281099296.0,0.0,0.0,1188.0,0.0,0.0,1641.0,82.0,1857.0
652,0.0,1.0,1.0,1.0,0.0,1881600.0,1.0,943500000.0,1.0,204000000.0,0.384649038315,15973.0,2286.0,5029.0,40375.0,41500.0,42500.0,90.0,25.0,64.0,896.0,5000.0,0.0,25.0,1000000.0,950000.0,1.0,1.0,0.0,10.0,0.0,0.0,100.0,100.0,29126539.0,659207799.0,651915660.0,0.0,0.0,0.0,0.0,0.0,1.0,1.0,1.0,1.0,1.0,0.0,0.0,1.0,0.0,0.0,0.0,0.0,0.0,34.0,1.0,17541337.0,297424292.0,17632120.0,28849054.0,694735500.0,1037.0,5895018426.0,0.0,1.0,1.0,0.0,1.0,0.0,0.0,1.0,1.0,1.0,1.0,2.0,1.0,0.0,0.0,0.0,2.0,0.0,0.0,1.0,1.0,3.0,50.0,50.0,1.0,0.0,0.0,0.0,0.0,0.0,0.0,0.0,0.0,0.0,0.0,2.0,2.0,0.0,1.0,1.0,0.0,1.0,0.0,0.0,0.0,0.0,0.0,1.0,0.0,0.0,1.0,0.0,0.0,0.0,1.0,10.0,0.0,0.0,0.0,0.0,0.0,11.0,0.0,0.0,0.0,0.0,0.0,0.0,0.0,0.0,0.0,1.0,1.0,0.0,0.0,0.0,0.0,1.0,1.0,1.0,0.0,0.0,0.0,0.0,0.0,0.0,1.0,1.0,0.0,0.0,0.0,0.0,0.0,1.0,1.0,0.0,1466019212.0,1159.0,1159.0,2419.0,2419.0,2450.0,0.0,125.0,24271.0,22960.0,22913.0,89.0,0.0,0.0,0.0,179.0,0.0,0.0,43.0,48.0,47.0,13.0,41.0,368777280.0,0.0,3552493696.0,48456245312.0,262346752.0,0.0,0.0,1037.0,0.0,0.0,1443.0,94.0,1733.0
653,0.0,1.0,1.0,1.0,0.0,1881600.0,1.0,943500000.0,1.0,204000000.0,0.385530948639,7586.0,1066.0,2590.0,40625.0,41250.0,42500.0,89.0,25.0,64.0,896.0,5000.0,0.0,25.0,1000000.0,950000.0,1.0,0.0,0.0,10.0,0.0,0.0,100.0,500.0,24713033.0,663069423.0,630538292.0,0.0,0.0,0.0,0.0,0.0,1.0,1.0,1.0,1.0,1.0,0.0,0.0,1.0,0.0,0.0,0.0,0.0,0.0,30.0,1.0,16237619.0,272085813.0,16178718.0,25146946.0,669887744.0,907.0,5398855996.0,0.0,1.0,1.0,0.0,1.0,0.0,0.0,1.0,1.0,1.0,1.0,2.0,1.0,0.0,0.0,0.0,2.0,0.0,0.0,1.0,1.0,3.0,50.0,50.0,1.0,0.0,0.0,0.0,0.0,0.0,0.0,0.0,0.0,0.0,0.0,2.0,2.0,0.0,1.0,1.0,0.0,1.0,0.0,0.0,0.0,0.0,0.0,1.0,0.0,0.0,1.0,0.0,0.0,0.0,1.0,10.0,0.0,0.0,0.0,0.0,0.0,11.0,0.0,0.0,0.0,0.0,0.0,0.0,0.0,0.0,0.0,1.0,1.0,0.0,0.0,0.0,0.0,1.0,1.0,1.0,0.0,0.0,0.0,0.0,0.0,0.0,1.0,1.0,0.0,0.0,0.0,0.0,0.0,1.0,1.0,0.0,1421538517.0,966.0,966.0,2169.0,2169.0,2200.0,0.0,82.0,21639.0,22142.0,22108.0,55.0,0.0,0.0,0.0,133.0,0.0,0.0,31.0,35.0,34.0,16.0,29.0,463606720.0,0.0,3189240064.0,46768533408.0,272301792.0,0.0,0.0,907.0,0.0,0.0,1233.0,68.0,1402.0
654,0.0,1.0,1.0,1.0,0.0,1881600.0,1.0,943500000.0,1.0,204000000.0,0.37974905967699996,11894.0,1752.0,3963.0,40250.0,41500.0,42500.0,89.0,25.0,64.0,896.0,5000.0,0.0,25.0,1000000.0,950000.0,1.0,0.0,0.0,10.0,0.0,0.0,100.0,500.0,26907288.0,696180719.0,666743462.0,0.0,0.0,0.0,0.0,0.0,1.0,1.0,1.0,1.0,1.0,0.0,0.0,1.0,0.0,0.0,0.0,0.0,0.0,35.0,1.0,17638600.0,292513647.0,17689331.0,28471405.0,697434044.0,978.0,6161437363.0,0.0,1.0,1.0,0.0,1.0,0.0,0.0,1.0,1.0,1.0,1.0,2.0,1.0,0.0,0.0,0.0,2.0,0.0,0.0,1.0,1.0,3.0,50.0,50.0,1.0,0.0,0.0,0.0,0.0,0.0,0.0,0.0,0.0,0.0,0.0,2.0,2.0,0.0,1.0,1.0,0.0,1.0,0.0,0.0,0.0,0.0,0.0,1.0,0.0,0.0,1.0,0.0,0.0,0.0,1.0,11.0,0.0,0.0,0.0,0.0,0.0,12.0,0.0,0.0,0.0,0.0,0.0,0.0,0.0,0.0,0.0,1.0,1.0,0.0,0.0,0.0,0.0,1.0,1.0,1.0,0.0,0.0,0.0,0.0,0.0,0.0,1.0,1.0,0.0,0.0,0.0,0.0,0.0,1.0,1.0,0.0,1442011003.0,1199.0,1199.0,2467.0,2467.0,2499.0,0.0,113.0,23591.0,22607.0,22566.0,59.0,0.0,0.0,0.0,147.0,0.0,0.0,37.0,42.0,41.0,16.0,35.0,267613568.0,0.0,3703660288.0,53967592864.0,282305728.0,0.0,0.0,978.0,0.0,0.0,1321.0,82.0,1680.0
655,0.0,1.0,1.0,1.0,0.0,1881600.0,1.0,943500000.0,1.0,204000000.0,0.380209922791,7700.0,1143.0,2667.0,40500.0,41250.0,42500.0,89.0,25.0,64.0,896.0,5000.0,0.0,25.0,1000000.0,950000.0,1.0,0.0,0.0,10.0,0.0,0.0,100.0,500.0,24172594.0,652539677.0,622542971.0,0.0,0.0,0.0,0.0,0.0,1.0,1.0,1.0,1.0,1.0,0.0,0.0,1.0,0.0,0.0,0.0,0.0,0.0,46.0,1.0,15994739.0,262068838.0,16191179.0,24444258.0,671224833.0,883.0,5231562366.0,0.0,1.0,1.0,0.0,1.0,0.0,0.0,1.0,1.0,1.0,1.0,2.0,1.0,0.0,0.0,0.0,2.0,0.0,0.0,1.0,1.0,3.0,50.0,50.0,1.0,0.0,0.0,0.0,0.0,0.0,0.0,0.0,0.0,0.0,0.0,2.0,2.0,0.0,1.0,1.0,0.0,1.0,0.0,0.0,0.0,0.0,0.0,1.0,0.0,0.0,1.0,0.0,0.0,0.0,1.0,11.0,0.0,0.0,0.0,0.0,0.0,12.0,0.0,0.0,0.0,0.0,0.0,0.0,0.0,0.0,0.0,1.0,1.0,0.0,0.0,0.0,0.0,1.0,1.0,1.0,0.0,0.0,0.0,0.0,0.0,0.0,1.0,1.0,0.0,0.0,0.0,0.0,0.0,1.0,1.0,0.0,1416153827.0,978.0,978.0,2075.0,2075.0,2109.0,0.0,105.0,21685.0,22207.0,22173.0,66.0,0.0,0.0,0.0,127.0,0.0,0.0,31.0,35.0,34.0,9.0,29.0,364610976.0,2445632.0,3182360480.0,44454951296.0,235736192.0,0.0,0.0,883.0,0.0,0.0,1228.0,68.0,1487.0
656,0.0,1.0,1.0,1.0,0.0,1881600.0,1.0,943500000.0,1.0,204000000.0,0.3908598423,12006.0,1753.0,4039.0,40500.0,41333.3333333,42500.0,68.0,25.0,64.0,896.0,5000.0,0.0,25.0,1000000.0,950000.0,1.0,1.0,0.0,10.0,0.0,0.0,100.0,500.0,29212113.0,681102275.0,643637037.0,0.0,0.0,0.0,0.0,0.0,1.0,1.0,1.0,1.0,1.0,0.0,0.0,1.0,0.0,0.0,0.0,0.0,0.0,33.0,1.0,16841348.0,278970348.0,16778843.0,31285692.0,691313443.0,1091.0,5846180241.0,0.0,1.0,1.0,0.0,1.0,0.0,0.0,1.0,1.0,1.0,1.0,2.0,1.0,0.0,0.0,0.0,2.0,0.0,0.0,1.0,1.0,3.0,50.0,50.0,1.0,0.0,0.0,0.0,0.0,0.0,0.0,0.0,0.0,0.0,0.0,2.0,2.0,0.0,1.0,1.0,0.0,1.0,0.0,0.0,0.0,0.0,0.0,1.0,0.0,0.0,1.0,0.0,0.0,0.0,1.0,10.0,0.0,0.0,0.0,0.0,0.0,11.0,0.0,0.0,0.0,0.0,0.0,0.0,0.0,0.0,0.0,1.0,1.0,0.0,0.0,0.0,0.0,1.0,1.0,1.0,0.0,0.0,0.0,0.0,0.0,0.0,1.0,1.0,0.0,0.0,0.0,0.0,0.0,1.0,1.0,0.0,1445053660.0,1103.0,1103.0,2460.0,2460.0,2491.0,0.0,136.0,24532.0,23055.0,23007.0,72.0,0.0,0.0,0.0,200.0,0.0,0.0,43.0,49.0,48.0,18.0,41.0,392018624.0,0.0,3521589184.0,49334836448.0,385429632.0,0.0,0.0,1091.0,0.0,0.0,1559.0,96.0,1754.0
657,0.0,1.0,1.0,1.0,0.0,1881600.0,1.0,943500000.0,1.0,204000000.0,0.38757610321,11932.0,1752.0,4116.0,40500.0,41333.3333333,42500.0,68.0,25.0,64.0,896.0,5000.0,0.0,25.0,1000000.0,950000.0,1.0,1.0,0.0,10.0,0.0,0.0,100.0,500.0,29743136.0,675011597.0,645458636.0,0.0,0.0,0.0,0.0,0.0,1.0,1.0,1.0,1.0,1.0,0.0,0.0,1.0,0.0,0.0,0.0,0.0,0.0,33.0,1.0,17730107.0,309345681.0,17782956.0,29209313.0,694344712.0,1048.0,5994266562.0,0.0,1.0,1.0,0.0,1.0,0.0,0.0,1.0,1.0,1.0,1.0,2.0,1.0,0.0,0.0,0.0,2.0,0.0,0.0,1.0,1.0,3.0,50.0,50.0,1.0,0.0,0.0,0.0,0.0,0.0,0.0,0.0,0.0,0.0,0.0,2.0,2.0,0.0,1.0,1.0,0.0,1.0,0.0,0.0,0.0,0.0,0.0,1.0,0.0,0.0,1.0,0.0,0.0,0.0,1.0,10.0,0.0,0.0,0.0,0.0,0.0,11.0,0.0,0.0,0.0,0.0,0.0,0.0,0.0,0.0,0.0,1.0,1.0,0.0,0.0,0.0,0.0,1.0,1.0,1.0,0.0,0.0,0.0,0.0,0.0,0.0,1.0,1.0,0.0,0.0,0.0,0.0,0.0,1.0,1.0,0.0,1486976927.0,1083.0,1083.0,2403.0,2403.0,2426.0,0.0,140.0,24647.0,23031.0,22983.0,69.0,0.0,0.0,0.0,180.0,0.0,0.0,43.0,49.0,48.0,10.0,41.0,570437568.0,0.0,3525534432.0,33929217952.0,368017408.0,0.0,0.0,1048.0,0.0,0.0,1488.0,96.0,1742.0
658,0.0,1.0,1.0,1.0,0.0,1881600.0,1.0,943500000.0,1.0,204000000.0,0.382391214371,15936.0,2209.0,5029.0,40250.0,41500.0,42500.0,68.0,25.0,64.0,896.0,5000.0,0.0,25.0,1000000.0,950000.0,1.0,1.0,0.0,10.0,0.0,0.0,100.0,500.0,27980778.0,687719298.0,655158292.0,0.0,0.0,0.0,0.0,0.0,1.0,1.0,1.0,1.0,1.0,0.0,0.0,1.0,0.0,0.0,0.0,0.0,0.0,31.0,1.0,16898986.0,292090769.0,16914816.0,30597178.0,698347485.0,1038.0,5714476063.0,0.0,1.0,1.0,0.0,1.0,0.0,0.0,1.0,1.0,1.0,1.0,2.0,1.0,0.0,0.0,0.0,2.0,0.0,0.0,1.0,1.0,3.0,50.0,50.0,1.0,0.0,0.0,0.0,0.0,0.0,0.0,0.0,0.0,0.0,0.0,2.0,2.0,0.0,1.0,1.0,0.0,1.0,0.0,0.0,0.0,0.0,0.0,1.0,0.0,0.0,1.0,0.0,0.0,0.0,1.0,11.0,0.0,0.0,0.0,0.0,0.0,12.0,0.0,0.0,0.0,0.0,0.0,0.0,0.0,0.0,0.0,1.0,1.0,0.0,0.0,0.0,0.0,1.0,1.0,1.0,0.0,0.0,0.0,0.0,0.0,0.0,1.0,1.0,0.0,0.0,0.0,0.0,0.0,1.0,1.0,0.0,1476210458.0,1165.0,1165.0,2466.0,2466.0,2495.0,0.0,134.0,24077.0,22783.0,22736.0,98.0,0.0,0.0,0.0,180.0,0.0,0.0,43.0,48.0,47.0,11.0,41.0,269156928.0,2133248.0,3529410176.0,50041814336.0,308288800.0,0.0,0.0,1038.0,0.0,0.0,1457.0,94.0,1642.0
659,0.0,1.0,0.0,0.0,0.0,1113600.0,1.0,229500000.0,1.0,1866000000.0,0.338973045349,16654.0,1370.0,3199.0,40375.0,41250.0,42500.0,71.0,25.0,64.0,896.0,5000.0,0.0,25.0,1000000.0,950000.0,1.0,0.0,0.0,10.0,0.0,0.0,0.0,100.0,26357184.0,635186767.0,617788748.0,0.0,0.0,0.0,0.0,0.0,1.0,1.0,1.0,1.0,1.0,0.0,0.0,1.0,0.0,0.0,0.0,0.0,0.0,33.0,1.0,14838747.0,282157702.0,14523279.0,28231589.0,625456046.0,1940.0,2416451976.0,0.0,1.0,1.0,0.0,1.0,0.0,0.0,1.0,1.0,1.0,1.0,2.0,1.0,0.0,0.0,0.0,2.0,0.0,0.0,1.0,1.0,3.0,50.0,50.0,1.0,0.0,0.0,0.0,0.0,0.0,0.0,0.0,0.0,0.0,0.0,2.0,2.0,0.0,1.0,1.0,0.0,1.0,0.0,0.0,0.0,0.0,0.0,1.0,0.0,0.0,1.0,0.0,0.0,0.0,1.0,10.0,0.0,0.0,0.0,0.0,0.0,11.0,0.0,0.0,0.0,0.0,0.0,0.0,0.0,0.0,0.0,1.0,1.0,0.0,0.0,0.0,0.0,1.0,1.0,1.0,0.0,0.0,0.0,0.0,0.0,0.0,1.0,1.0,0.0,0.0,0.0,0.0,0.0,1.0,1.0,0.0,1403488346.0,1755.0,1755.0,1326.0,1326.0,1363.0,0.0,73.0,23102.0,22164.0,22124.0,156.0,0.0,0.0,0.0,34.0,0.0,0.0,37.0,41.0,40.0,8.0,35.0,273322688.0,0.0,1695179040.0,49078441344.0,527428960.0,0.0,0.0,1940.0,0.0,0.0,2256.0,80.0,2499.0
660,0.0,1.0,0.0,0.0,0.0,1113600.0,1.0,229500000.0,1.0,1866000000.0,0.332252979279,11204.0,913.0,2361.0,41125.0,41500.0,42500.0,71.0,25.0,64.0,896.0,5000.0,0.0,25.0,1000000.0,950000.0,1.0,0.0,0.0,10.0,0.0,0.0,0.0,100.0,27558810.0,615220915.0,597426255.0,0.0,0.0,0.0,0.0,0.0,1.0,1.0,1.0,1.0,1.0,0.0,0.0,1.0,0.0,0.0,0.0,0.0,0.0,30.0,1.0,14903364.0,284704360.0,14845088.0,25721658.0,631328072.0,2080.0,2336072878.0,0.0,1.0,1.0,0.0,1.0,0.0,0.0,1.0,1.0,1.0,1.0,2.0,1.0,0.0,0.0,0.0,2.0,0.0,0.0,1.0,1.0,3.0,50.0,50.0,1.0,0.0,0.0,0.0,0.0,0.0,0.0,0.0,0.0,0.0,0.0,2.0,2.0,0.0,1.0,1.0,0.0,1.0,0.0,0.0,0.0,0.0,0.0,1.0,0.0,0.0,1.0,0.0,0.0,0.0,1.0,10.0,0.0,0.0,0.0,0.0,0.0,11.0,0.0,0.0,0.0,0.0,0.0,0.0,0.0,0.0,0.0,1.0,1.0,0.0,0.0,0.0,0.0,1.0,1.0,1.0,0.0,0.0,0.0,0.0,0.0,0.0,1.0,1.0,0.0,0.0,0.0,0.0,0.0,1.0,1.0,0.0,1418894939.0,1750.0,1750.0,1279.0,1279.0,1321.0,0.0,55.0,21945.0,21905.0,21871.0,55.0,0.0,0.0,0.0,31.0,0.0,0.0,31.0,35.0,34.0,11.0,29.0,382685408.0,0.0,1616323008.0,59183566528.0,386446944.0,0.0,0.0,2080.0,0.0,0.0,2262.0,68.0,2598.0
661,0.0,1.0,0.0,0.0,0.0,1113600.0,1.0,229500000.0,1.0,1866000000.0,0.330894947052,11280.0,837.0,2361.0,40875.0,42000.0,42500.0,71.0,25.0,64.0,896.0,5000.0,0.0,25.0,1000000.0,950000.0,1.0,0.0,0.0,10.0,0.0,0.0,0.0,100.0,24725175.0,600679660.0,585350851.0,0.0,0.0,0.0,0.0,0.0,1.0,1.0,1.0,1.0,1.0,0.0,0.0,1.0,0.0,0.0,0.0,0.0,0.0,34.0,1.0,14906245.0,270839227.0,14645710.0,24640891.0,597274002.0,1557.0,2358756541.0,0.0,1.0,1.0,0.0,1.0,0.0,0.0,1.0,1.0,1.0,1.0,2.0,1.0,0.0,0.0,0.0,2.0,0.0,0.0,1.0,1.0,3.0,50.0,50.0,1.0,0.0,0.0,0.0,0.0,0.0,0.0,0.0,0.0,0.0,0.0,2.0,2.0,0.0,1.0,1.0,0.0,1.0,0.0,0.0,0.0,0.0,0.0,1.0,0.0,0.0,1.0,0.0,0.0,0.0,1.0,10.0,0.0,0.0,0.0,0.0,0.0,11.0,0.0,0.0,0.0,0.0,0.0,0.0,0.0,0.0,0.0,1.0,1.0,0.0,0.0,0.0,0.0,1.0,1.0,1.0,0.0,0.0,0.0,0.0,0.0,0.0,1.0,1.0,0.0,0.0,0.0,0.0,0.0,1.0,1.0,0.0,1329654894.0,1429.0,1429.0,1251.0,1251.0,1276.0,0.0,51.0,20902.0,21825.0,21791.0,33.0,0.0,0.0,0.0,34.0,0.0,0.0,31.0,35.0,34.0,7.0,29.0,211563616.0,0.0,1536413536.0,34962386240.0,335822048.0,0.0,0.0,1557.0,0.0,0.0,1741.0,68.0,1949.0
662,0.0,1.0,0.0,0.0,0.0,1113600.0,1.0,229500000.0,1.0,1866000000.0,0.34027791023299997,11280.0,837.0,2209.0,41125.0,41750.0,43000.0,70.0,25.0,64.0,896.0,5000.0,0.0,25.0,1000000.0,950000.0,1.0,1.0,0.0,10.0,0.0,0.0,0.0,100.0,26354631.0,606287455.0,606383748.0,0.0,0.0,0.0,0.0,0.0,1.0,1.0,1.0,1.0,1.0,0.0,0.0,1.0,0.0,0.0,0.0,0.0,0.0,36.0,1.0,14843299.0,280361351.0,14805535.0,25581280.0,609689810.0,1994.0,2399235400.0,0.0,1.0,1.0,0.0,1.0,0.0,0.0,1.0,1.0,1.0,1.0,2.0,1.0,0.0,0.0,0.0,2.0,0.0,0.0,1.0,1.0,3.0,50.0,50.0,1.0,0.0,0.0,0.0,0.0,0.0,0.0,0.0,0.0,0.0,0.0,2.0,2.0,0.0,1.0,1.0,0.0,1.0,0.0,0.0,0.0,0.0,0.0,1.0,0.0,0.0,1.0,0.0,0.0,0.0,1.0,11.0,0.0,0.0,0.0,0.0,0.0,12.0,0.0,0.0,0.0,0.0,0.0,0.0,0.0,0.0,0.0,1.0,1.0,0.0,0.0,0.0,0.0,1.0,1.0,1.0,0.0,0.0,0.0,0.0,0.0,0.0,1.0,1.0,0.0,0.0,0.0,0.0,0.0,1.0,1.0,0.0,1368383181.0,1827.0,1827.0,1314.0,1314.0,1347.0,0.0,60.0,21950.0,21760.0,21726.0,285.0,0.0,0.0,0.0,26.0,0.0,0.0,31.0,35.0,34.0,9.0,29.0,265727840.0,0.0,1633890976.0,37652432512.0,441189888.0,0.0,0.0,1994.0,0.0,0.0,2425.0,68.0,2627.0
663,0.0,1.0,0.0,0.0,0.0,1113600.0,1.0,229500000.0,1.0,1866000000.0,0.331146001816,17111.0,1370.0,3732.0,41083.3333333,41833.3333333,43000.0,70.0,25.0,64.0,896.0,5000.0,0.0,25.0,1000000.0,950000.0,1.0,1.0,0.0,10.0,0.0,0.0,0.0,100.0,29403560.0,637618641.0,626723136.0,0.0,0.0,0.0,0.0,0.0,1.0,1.0,1.0,1.0,1.0,0.0,0.0,1.0,0.0,0.0,0.0,0.0,0.0,33.0,1.0,15807651.0,296703590.0,15375904.0,29350326.0,651881795.0,2340.0,2541134705.0,0.0,1.0,1.0,0.0,1.0,0.0,0.0,1.0,1.0,1.0,1.0,2.0,1.0,0.0,0.0,0.0,2.0,0.0,0.0,1.0,1.0,3.0,50.0,50.0,1.0,0.0,0.0,0.0,0.0,0.0,0.0,0.0,0.0,0.0,0.0,2.0,2.0,0.0,1.0,1.0,0.0,1.0,0.0,0.0,0.0,0.0,0.0,1.0,0.0,0.0,1.0,0.0,0.0,0.0,1.0,11.0,0.0,0.0,0.0,0.0,0.0,12.0,0.0,0.0,0.0,0.0,0.0,0.0,0.0,0.0,0.0,1.0,1.0,0.0,0.0,0.0,0.0,1.0,1.0,1.0,0.0,0.0,0.0,0.0,0.0,0.0,1.0,1.0,0.0,0.0,0.0,0.0,0.0,1.0,1.0,0.0,1440518211.0,2039.0,2039.0,1310.0,1310.0,1357.0,0.0,81.0,23895.0,22617.0,22571.0,114.0,0.0,0.0,0.0,40.0,0.0,0.0,43.0,47.0,46.0,14.0,41.0,545202592.0,0.0,1704296448.0,33081737920.0,452155264.0,0.0,0.0,2340.0,0.0,0.0,2594.0,92.0,2836.0
664,0.0,1.0,0.0,0.0,0.0,1113600.0,1.0,229500000.0,1.0,1866000000.0,0.337808132172,11166.0,837.0,2285.0,41000.0,41500.0,43000.0,70.0,25.0,64.0,896.0,5000.0,0.0,25.0,1000000.0,950000.0,1.0,1.0,0.0,10.0,0.0,0.0,0.0,100.0,24828494.0,619338386.0,612695912.0,0.0,0.0,0.0,0.0,0.0,1.0,1.0,1.0,1.0,1.0,0.0,0.0,1.0,0.0,0.0,0.0,0.0,0.0,34.0,1.0,15198426.0,286252662.0,14362446.0,25888718.0,604077022.0,1866.0,2344717598.0,0.0,1.0,1.0,0.0,1.0,0.0,0.0,1.0,1.0,1.0,1.0,2.0,1.0,0.0,0.0,0.0,2.0,0.0,0.0,1.0,1.0,3.0,50.0,50.0,1.0,0.0,0.0,0.0,0.0,0.0,0.0,0.0,0.0,0.0,0.0,2.0,2.0,0.0,1.0,1.0,0.0,1.0,0.0,0.0,0.0,0.0,0.0,1.0,0.0,0.0,1.0,0.0,0.0,0.0,1.0,10.0,0.0,0.0,0.0,0.0,0.0,11.0,0.0,0.0,0.0,0.0,0.0,0.0,0.0,0.0,0.0,1.0,1.0,0.0,0.0,0.0,0.0,1.0,1.0,1.0,0.0,0.0,0.0,0.0,0.0,0.0,1.0,1.0,0.0,0.0,0.0,0.0,0.0,1.0,1.0,0.0,1396002804.0,1706.0,1706.0,1269.0,1269.0,1303.0,0.0,53.0,21400.0,21818.0,21784.0,79.0,0.0,0.0,0.0,23.0,0.0,0.0,31.0,35.0,34.0,11.0,29.0,260341952.0,0.0,1624117184.0,28971306176.0,443781088.0,0.0,0.0,1866.0,0.0,0.0,2050.0,68.0,2244.0
665,0.0,1.0,0.0,0.0,0.0,1113600.0,1.0,229500000.0,1.0,1866000000.0,0.339750051498,17146.0,1370.0,3656.0,41250.0,41666.6666667,43000.0,69.0,25.0,64.0,896.0,5000.0,0.0,25.0,1000000.0,950000.0,1.0,0.0,0.0,10.0,0.0,0.0,0.0,500.0,28571634.0,632398900.0,615748119.0,0.0,0.0,0.0,0.0,0.0,1.0,1.0,1.0,1.0,1.0,0.0,0.0,1.0,0.0,0.0,0.0,0.0,0.0,34.0,1.0,15248055.0,283082309.0,14895381.0,29340383.0,644696047.0,1990.0,2521191607.0,0.0,1.0,1.0,0.0,1.0,0.0,0.0,1.0,1.0,1.0,1.0,2.0,1.0,0.0,0.0,0.0,2.0,0.0,0.0,1.0,1.0,3.0,50.0,50.0,1.0,0.0,0.0,0.0,0.0,0.0,0.0,0.0,0.0,0.0,0.0,2.0,2.0,0.0,1.0,1.0,0.0,1.0,0.0,0.0,0.0,0.0,0.0,1.0,0.0,0.0,1.0,0.0,0.0,0.0,1.0,10.0,0.0,0.0,0.0,0.0,0.0,11.0,0.0,0.0,0.0,1.0,0.0,0.0,0.0,1.0,0.0,1.0,0.0,0.0,0.0,0.0,0.0,1.0,1.0,1.0,0.0,0.0,0.0,0.0,0.0,0.0,1.0,1.0,0.0,0.0,0.0,0.0,0.0,1.0,1.0,0.0,1432382383.0,1724.0,1724.0,1346.0,1346.0,1384.0,0.0,104.0,23657.0,22590.0,22544.0,63.0,0.0,0.0,0.0,61.0,0.0,0.0,43.0,47.0,46.0,14.0,41.0,234827552.0,0.0,1694618496.0,49389567584.0,470077568.0,0.0,0.0,1990.0,0.0,0.0,2211.0,92.0,2554.0
666,0.0,1.0,0.0,0.0,0.0,1113600.0,1.0,229500000.0,1.0,1866000000.0,0.332580804825,16654.0,1294.0,3046.0,41250.0,41666.6666667,43000.0,69.0,25.0,64.0,896.0,5000.0,0.0,25.0,1000000.0,950000.0,1.0,0.0,0.0,10.0,0.0,0.0,0.0,500.0,28421534.0,615710702.0,613194532.0,0.0,0.0,0.0,0.0,0.0,1.0,1.0,1.0,1.0,1.0,0.0,0.0,1.0,0.0,0.0,0.0,0.0,0.0,31.0,1.0,15607274.0,292003725.0,15320649.0,30038384.0,629469574.0,1942.0,2434886490.0,0.0,1.0,1.0,0.0,1.0,0.0,0.0,1.0,1.0,1.0,1.0,2.0,1.0,0.0,0.0,0.0,2.0,0.0,0.0,1.0,1.0,3.0,50.0,50.0,1.0,0.0,0.0,0.0,0.0,0.0,0.0,0.0,0.0,0.0,0.0,2.0,2.0,0.0,1.0,1.0,0.0,1.0,0.0,0.0,0.0,0.0,0.0,1.0,0.0,0.0,1.0,0.0,0.0,0.0,1.0,11.0,0.0,0.0,0.0,0.0,0.0,12.0,0.0,0.0,0.0,0.0,0.0,0.0,0.0,0.0,0.0,1.0,1.0,0.0,0.0,0.0,0.0,1.0,1.0,1.0,0.0,0.0,0.0,0.0,0.0,0.0,1.0,1.0,0.0,0.0,0.0,0.0,0.0,1.0,1.0,0.0,1417812766.0,1645.0,1645.0,1329.0,1329.0,1372.0,0.0,73.0,23858.0,22622.0,22576.0,81.0,0.0,0.0,0.0,25.0,0.0,0.0,43.0,47.0,46.0,14.0,41.0,401198880.0,0.0,1832403904.0,27572767072.0,615381088.0,0.0,0.0,1942.0,0.0,0.0,2154.0,92.0,2504.0
667,0.0,1.0,0.0,0.0,0.0,1113600.0,1.0,229500000.0,1.0,1866000000.0,0.330697059631,11280.0,913.0,2209.0,41250.0,42000.0,43000.0,69.0,25.0,64.0,896.0,5000.0,0.0,25.0,1000000.0,950000.0,1.0,0.0,0.0,10.0,0.0,0.0,0.0,500.0,24333536.0,593293602.0,572895161.0,0.0,0.0,0.0,0.0,0.0,1.0,1.0,1.0,1.0,1.0,0.0,0.0,1.0,0.0,0.0,0.0,0.0,0.0,32.0,1.0,14932743.0,269525144.0,14929029.0,25568128.0,603366801.0,1598.0,2293366924.0,0.0,1.0,1.0,0.0,1.0,0.0,0.0,1.0,1.0,1.0,1.0,2.0,1.0,0.0,0.0,0.0,2.0,0.0,0.0,1.0,1.0,3.0,50.0,50.0,1.0,0.0,0.0,0.0,0.0,0.0,0.0,0.0,0.0,0.0,0.0,2.0,2.0,0.0,1.0,1.0,0.0,1.0,0.0,0.0,0.0,0.0,0.0,1.0,0.0,0.0,1.0,0.0,0.0,0.0,1.0,10.0,0.0,0.0,0.0,0.0,0.0,11.0,0.0,0.0,0.0,0.0,0.0,0.0,0.0,0.0,0.0,1.0,1.0,0.0,0.0,0.0,0.0,1.0,1.0,1.0,0.0,0.0,0.0,0.0,0.0,0.0,1.0,1.0,0.0,0.0,0.0,0.0,0.0,1.0,1.0,0.0,1371360471.0,1337.0,1337.0,1169.0,1169.0,1205.0,0.0,52.0,21327.0,21739.0,21705.0,86.0,0.0,0.0,0.0,32.0,0.0,0.0,31.0,35.0,34.0,8.0,29.0,257243680.0,0.0,1616560256.0,29945179424.0,474223264.0,0.0,0.0,1598.0,0.0,0.0,1796.0,68.0,2047.0
668,0.0,1.0,0.0,0.0,0.0,1113600.0,1.0,229500000.0,1.0,1866000000.0,0.339468955994,11318.0,913.0,2361.0,41375.0,42000.0,43000.0,92.0,25.0,64.0,896.0,5000.0,0.0,25.0,1000000.0,950000.0,1.0,1.0,0.0,10.0,0.0,0.0,0.0,500.0,25168087.0,599233153.0,588627564.0,0.0,0.0,0.0,0.0,0.0,1.0,1.0,1.0,1.0,1.0,0.0,0.0,1.0,0.0,0.0,0.0,0.0,0.0,36.0,1.0,14831247.0,277265478.0,14454276.0,25786284.0,614756686.0,1833.0,2357935241.0,0.0,1.0,1.0,0.0,1.0,0.0,0.0,1.0,1.0,1.0,1.0,2.0,1.0,0.0,0.0,0.0,2.0,0.0,0.0,1.0,1.0,3.0,50.0,50.0,1.0,0.0,0.0,0.0,0.0,0.0,0.0,0.0,0.0,0.0,0.0,2.0,2.0,0.0,1.0,1.0,0.0,1.0,0.0,0.0,0.0,0.0,0.0,1.0,0.0,0.0,1.0,0.0,0.0,0.0,1.0,11.0,0.0,0.0,0.0,0.0,0.0,12.0,0.0,0.0,0.0,0.0,0.0,0.0,0.0,0.0,0.0,1.0,1.0,0.0,0.0,0.0,0.0,1.0,1.0,1.0,0.0,0.0,0.0,0.0,0.0,0.0,1.0,1.0,0.0,0.0,0.0,0.0,0.0,1.0,1.0,0.0,1378234650.0,1585.0,1585.0,1231.0,1231.0,1262.0,0.0,56.0,21978.0,21875.0,21841.0,65.0,0.0,0.0,0.0,29.0,0.0,0.0,31.0,35.0,34.0,5.0,29.0,182116576.0,1282368.0,1575633312.0,30048844800.0,404931648.0,0.0,0.0,1833.0,0.0,0.0,2018.0,68.0,2377.0
669,0.0,1.0,0.0,0.0,0.0,1113600.0,1.0,229500000.0,1.0,1866000000.0,0.33178782463100004,11318.0,990.0,2285.0,41500.0,42000.0,43000.0,92.0,25.0,64.0,896.0,5000.0,0.0,25.0,1000000.0,950000.0,1.0,1.0,0.0,10.0,0.0,0.0,0.0,500.0,25589037.0,583564925.0,574149627.0,0.0,0.0,0.0,0.0,0.0,1.0,1.0,1.0,1.0,1.0,0.0,0.0,1.0,0.0,0.0,0.0,0.0,0.0,34.0,1.0,14736818.0,264359123.0,14670757.0,24411866.0,599172343.0,1516.0,2343044434.0,0.0,1.0,1.0,0.0,1.0,0.0,0.0,1.0,1.0,1.0,1.0,2.0,1.0,0.0,0.0,0.0,2.0,0.0,0.0,1.0,1.0,3.0,50.0,50.0,1.0,0.0,0.0,0.0,0.0,0.0,0.0,0.0,0.0,0.0,0.0,2.0,2.0,0.0,1.0,1.0,0.0,1.0,0.0,0.0,0.0,0.0,0.0,1.0,0.0,0.0,1.0,0.0,0.0,0.0,1.0,10.0,0.0,0.0,0.0,0.0,0.0,11.0,0.0,0.0,0.0,0.0,0.0,0.0,0.0,0.0,0.0,1.0,1.0,0.0,0.0,0.0,0.0,1.0,1.0,1.0,0.0,0.0,0.0,0.0,0.0,0.0,1.0,1.0,0.0,0.0,0.0,0.0,0.0,1.0,1.0,0.0,1357829287.0,1330.0,1330.0,1160.0,1160.0,1190.0,0.0,57.0,21808.0,21884.0,21850.0,43.0,0.0,0.0,0.0,31.0,0.0,0.0,31.0,35.0,34.0,5.0,29.0,247067520.0,0.0,1544999200.0,34642267264.0,396749088.0,0.0,0.0,1516.0,0.0,0.0,1682.0,68.0,1964.0
670,0.0,1.0,0.0,0.0,0.0,1113600.0,1.0,229500000.0,1.0,1866000000.0,0.331505060196,11204.0,913.0,2361.0,41375.0,42000.0,43125.0,92.0,25.0,64.0,896.0,5000.0,0.0,25.0,1000000.0,950000.0,1.0,1.0,0.0,10.0,0.0,0.0,0.0,500.0,29631189.0,612077831.0,595812105.0,0.0,0.0,0.0,0.0,0.0,1.0,1.0,1.0,1.0,1.0,0.0,0.0,1.0,0.0,0.0,0.0,0.0,0.0,32.0,1.0,15040293.0,285532855.0,14742810.0,29109896.0,633834999.0,2115.0,2408963571.0,0.0,1.0,1.0,0.0,1.0,0.0,0.0,1.0,1.0,1.0,1.0,2.0,1.0,0.0,0.0,0.0,2.0,0.0,0.0,1.0,1.0,3.0,50.0,50.0,1.0,0.0,0.0,0.0,0.0,0.0,0.0,0.0,0.0,0.0,0.0,2.0,2.0,0.0,1.0,1.0,0.0,1.0,0.0,0.0,0.0,0.0,0.0,1.0,0.0,0.0,1.0,0.0,0.0,0.0,1.0,10.0,0.0,0.0,0.0,0.0,0.0,11.0,0.0,0.0,0.0,0.0,0.0,0.0,0.0,0.0,0.0,1.0,1.0,0.0,0.0,0.0,0.0,1.0,1.0,1.0,0.0,0.0,0.0,0.0,0.0,0.0,1.0,1.0,0.0,0.0,0.0,0.0,0.0,1.0,1.0,0.0,1431864913.0,1789.0,1789.0,1339.0,1339.0,1375.0,0.0,80.0,23559.0,22461.0,22415.0,69.0,0.0,0.0,0.0,32.0,0.0,0.0,43.0,47.0,46.0,10.0,41.0,280331296.0,0.0,1777490464.0,94696258368.0,403568992.0,0.0,0.0,2115.0,0.0,0.0,2306.0,92.0,2615.0
671,0.0,1.0,0.0,0.0,0.0,1113600.0,1.0,229500000.0,1.0,1866000000.0,0.340598106384,17032.0,1294.0,3503.0,41416.6666667,42000.0,43166.6666667,86.0,25.0,64.0,896.0,5000.0,0.0,25.0,1000000.0,950000.0,1.0,0.0,0.0,10.0,0.0,0.0,100.0,100.0,27885215.0,629699628.0,600459390.0,0.0,0.0,0.0,0.0,0.0,1.0,1.0,1.0,1.0,1.0,0.0,0.0,1.0,0.0,0.0,0.0,0.0,0.0,34.0,1.0,14954303.0,277924829.0,14877907.0,28710387.0,611021663.0,1534.0,2455943550.0,0.0,1.0,1.0,0.0,1.0,0.0,0.0,1.0,1.0,1.0,1.0,2.0,1.0,0.0,0.0,0.0,2.0,0.0,0.0,1.0,1.0,3.0,50.0,50.0,1.0,0.0,0.0,0.0,0.0,0.0,0.0,0.0,0.0,0.0,0.0,2.0,2.0,0.0,1.0,1.0,0.0,1.0,0.0,0.0,0.0,0.0,0.0,1.0,0.0,0.0,1.0,0.0,0.0,0.0,1.0,10.0,0.0,0.0,0.0,0.0,0.0,11.0,0.0,0.0,0.0,0.0,0.0,0.0,0.0,0.0,0.0,1.0,1.0,0.0,0.0,0.0,0.0,1.0,1.0,1.0,0.0,0.0,0.0,0.0,0.0,0.0,1.0,1.0,0.0,0.0,0.0,0.0,0.0,1.0,1.0,0.0,1411522070.0,1422.0,1422.0,1264.0,1264.0,1298.0,0.0,78.0,24424.0,22556.0,22510.0,86.0,0.0,0.0,0.0,52.0,0.0,0.0,43.0,47.0,46.0,7.0,41.0,340481216.0,0.0,1645956448.0,198216534944.0,531199360.0,0.0,0.0,1534.0,0.0,0.0,1759.0,92.0,2014.0
672,0.0,1.0,0.0,0.0,0.0,1113600.0,1.0,229500000.0,1.0,1866000000.0,0.333997011185,16882.0,1370.0,3427.0,41250.0,42000.0,43333.3333333,86.0,25.0,64.0,896.0,5000.0,0.0,25.0,1000000.0,950000.0,1.0,0.0,0.0,10.0,0.0,0.0,100.0,100.0,29508923.0,618024448.0,604805709.0,0.0,0.0,0.0,0.0,0.0,1.0,1.0,1.0,1.0,1.0,0.0,0.0,1.0,0.0,0.0,0.0,0.0,0.0,32.0,1.0,15553795.0,287350087.0,15391349.0,28462009.0,633485595.0,1664.0,2459067113.0,0.0,1.0,1.0,0.0,1.0,0.0,0.0,1.0,1.0,1.0,1.0,2.0,1.0,0.0,0.0,0.0,2.0,0.0,0.0,1.0,1.0,3.0,50.0,50.0,1.0,0.0,0.0,0.0,0.0,0.0,0.0,0.0,0.0,0.0,0.0,2.0,2.0,0.0,1.0,1.0,0.0,1.0,0.0,0.0,0.0,0.0,0.0,1.0,0.0,0.0,1.0,0.0,0.0,0.0,1.0,10.0,0.0,0.0,0.0,0.0,0.0,11.0,0.0,0.0,0.0,0.0,0.0,0.0,0.0,0.0,0.0,1.0,1.0,0.0,0.0,0.0,0.0,1.0,1.0,1.0,0.0,0.0,0.0,0.0,0.0,0.0,1.0,1.0,0.0,0.0,0.0,0.0,0.0,1.0,1.0,0.0,1394908810.0,1362.0,1362.0,1305.0,1305.0,1344.0,0.0,81.0,24417.0,22710.0,22662.0,73.0,0.0,0.0,0.0,48.0,0.0,0.0,43.0,49.0,48.0,13.0,41.0,421802560.0,0.0,1759968896.0,31473321440.0,533692992.0,0.0,0.0,1664.0,0.0,0.0,1879.0,96.0,2147.0
673,0.0,1.0,0.0,0.0,0.0,1113600.0,1.0,229500000.0,1.0,1866000000.0,0.334988117218,11319.0,837.0,2361.0,41562.5,42125.0,43375.0,86.0,25.0,64.0,896.0,5000.0,0.0,25.0,1000000.0,950000.0,1.0,0.0,0.0,10.0,0.0,0.0,100.0,100.0,28815328.0,625978034.0,627785843.0,0.0,0.0,0.0,0.0,0.0,1.0,1.0,1.0,1.0,1.0,0.0,0.0,1.0,0.0,0.0,0.0,0.0,0.0,33.0,1.0,15777914.0,296237587.0,15503743.0,30139551.0,633868298.0,1952.0,2476706007.0,0.0,1.0,1.0,0.0,1.0,0.0,0.0,1.0,1.0,1.0,1.0,2.0,1.0,0.0,0.0,0.0,2.0,0.0,0.0,1.0,1.0,3.0,50.0,50.0,1.0,0.0,0.0,0.0,0.0,0.0,0.0,0.0,0.0,0.0,0.0,2.0,2.0,0.0,1.0,1.0,0.0,1.0,0.0,0.0,0.0,0.0,0.0,1.0,0.0,0.0,1.0,0.0,0.0,0.0,1.0,11.0,0.0,0.0,0.0,0.0,0.0,12.0,0.0,0.0,0.0,0.0,0.0,0.0,0.0,0.0,0.0,1.0,1.0,0.0,0.0,0.0,0.0,1.0,1.0,1.0,0.0,0.0,0.0,0.0,0.0,0.0,1.0,1.0,0.0,0.0,0.0,0.0,0.0,1.0,1.0,0.0,1434650012.0,1654.0,1654.0,1321.0,1321.0,1356.0,0.0,84.0,24332.0,22720.0,22673.0,65.0,0.0,0.0,0.0,44.0,0.0,0.0,43.0,48.0,47.0,12.0,41.0,245525376.0,0.0,1753102752.0,32641359136.0,532094080.0,0.0,0.0,1952.0,0.0,0.0,2161.0,94.0,2461.0
674,0.0,1.0,0.0,0.0,0.0,1113600.0,1.0,229500000.0,1.0,1866000000.0,0.337919950485,11280.0,761.0,2437.0,41333.3333333,42333.3333333,43500.0,78.0,25.0,64.0,896.0,5000.0,0.0,25.0,1000000.0,950000.0,1.0,1.0,0.0,10.0,0.0,0.0,100.0,100.0,26755507.0,617010335.0,603025805.0,0.0,0.0,0.0,0.0,0.0,1.0,1.0,1.0,1.0,1.0,0.0,0.0,1.0,0.0,0.0,0.0,0.0,0.0,34.0,1.0,15342938.0,281101240.0,15337916.0,27769283.0,630878614.0,2052.0,2495128355.0,0.0,1.0,1.0,0.0,1.0,0.0,0.0,1.0,1.0,1.0,1.0,2.0,1.0,0.0,0.0,0.0,2.0,0.0,0.0,1.0,1.0,3.0,50.0,50.0,1.0,0.0,0.0,0.0,0.0,0.0,0.0,0.0,0.0,0.0,0.0,2.0,2.0,0.0,1.0,1.0,0.0,1.0,0.0,0.0,0.0,0.0,0.0,1.0,0.0,0.0,1.0,0.0,0.0,0.0,1.0,10.0,0.0,0.0,0.0,0.0,0.0,11.0,0.0,0.0,0.0,0.0,0.0,0.0,0.0,0.0,0.0,1.0,1.0,0.0,0.0,0.0,0.0,1.0,1.0,1.0,0.0,0.0,0.0,0.0,0.0,0.0,1.0,1.0,0.0,0.0,0.0,0.0,0.0,1.0,1.0,0.0,1424943500.0,1878.0,1878.0,1237.0,1237.0,1265.0,0.0,73.0,22564.0,22192.0,22152.0,169.0,0.0,0.0,0.0,32.0,0.0,0.0,37.0,41.0,40.0,9.0,35.0,135679232.0,0.0,1625475872.0,35733396608.0,407590816.0,0.0,0.0,2052.0,0.0,0.0,2369.0,80.0,2582.0
675,0.0,1.0,0.0,0.0,0.0,1113600.0,1.0,229500000.0,1.0,1866000000.0,0.330944061279,23124.0,1750.0,5331.0,41583.3333333,42500.0,43500.0,78.0,25.0,64.0,896.0,5000.0,0.0,25.0,1000000.0,950000.0,1.0,1.0,0.0,10.0,0.0,0.0,100.0,100.0,29096674.0,617986306.0,600562888.0,0.0,0.0,0.0,0.0,0.0,1.0,1.0,1.0,1.0,1.0,0.0,0.0,1.0,0.0,0.0,0.0,0.0,0.0,35.0,1.0,14985312.0,275425439.0,15059072.0,28196458.0,640968482.0,1405.0,2573002829.0,0.0,1.0,1.0,0.0,1.0,0.0,0.0,1.0,1.0,1.0,1.0,2.0,1.0,0.0,0.0,0.0,2.0,0.0,0.0,1.0,1.0,3.0,50.0,50.0,1.0,0.0,0.0,0.0,0.0,0.0,0.0,0.0,0.0,0.0,0.0,2.0,2.0,0.0,1.0,1.0,0.0,1.0,0.0,0.0,0.0,0.0,0.0,1.0,0.0,0.0,1.0,0.0,0.0,0.0,1.0,10.0,0.0,0.0,0.0,0.0,0.0,11.0,0.0,0.0,0.0,0.0,0.0,0.0,0.0,0.0,0.0,1.0,1.0,0.0,0.0,0.0,0.0,1.0,1.0,1.0,0.0,0.0,0.0,0.0,0.0,0.0,1.0,1.0,0.0,0.0,0.0,0.0,0.0,1.0,1.0,0.0,1462386420.0,1093.0,1093.0,1340.0,1340.0,1384.0,0.0,98.0,25356.0,23213.0,23158.0,75.0,0.0,0.0,0.0,75.0,0.0,0.0,49.0,56.0,55.0,19.0,47.0,130510624.0,0.0,1651452416.0,26554614368.0,502698208.0,0.0,0.0,1405.0,0.0,0.0,1683.0,110.0,1915.0
676,0.0,1.0,0.0,0.0,0.0,1113600.0,1.0,229500000.0,1.0,1866000000.0,0.331056118011,11242.0,913.0,2209.0,41625.0,42500.0,43500.0,78.0,25.0,64.0,896.0,5000.0,0.0,25.0,1000000.0,950000.0,1.0,1.0,0.0,10.0,0.0,0.0,100.0,100.0,24271765.0,608495746.0,578449209.0,0.0,0.0,0.0,0.0,0.0,1.0,1.0,1.0,1.0,1.0,0.0,0.0,1.0,0.0,0.0,0.0,0.0,0.0,30.0,1.0,15366012.0,271174456.0,15154204.0,25450922.0,605420663.0,1863.0,2323681294.0,0.0,1.0,1.0,0.0,1.0,0.0,0.0,1.0,1.0,1.0,1.0,2.0,1.0,0.0,0.0,0.0,2.0,0.0,0.0,1.0,1.0,3.0,50.0,50.0,1.0,0.0,0.0,0.0,0.0,0.0,0.0,0.0,0.0,0.0,0.0,2.0,2.0,0.0,1.0,1.0,0.0,1.0,0.0,0.0,0.0,0.0,0.0,1.0,0.0,0.0,1.0,0.0,0.0,0.0,1.0,10.0,0.0,0.0,0.0,0.0,0.0,11.0,0.0,0.0,0.0,0.0,0.0,0.0,0.0,0.0,0.0,1.0,1.0,0.0,0.0,0.0,0.0,1.0,1.0,1.0,0.0,0.0,0.0,0.0,0.0,0.0,1.0,1.0,0.0,0.0,0.0,0.0,0.0,1.0,1.0,0.0,1404665706.0,1732.0,1732.0,1236.0,1236.0,1278.0,0.0,57.0,22014.0,21830.0,21796.0,119.0,0.0,0.0,0.0,33.0,0.0,0.0,31.0,35.0,34.0,12.0,29.0,88069568.0,0.0,1618671904.0,66490235040.0,476877056.0,0.0,0.0,1863.0,0.0,0.0,2204.0,68.0,2489.0
677,0.0,1.0,0.0,0.0,0.0,1113600.0,1.0,229500000.0,1.0,1866000000.0,0.34129405021700004,11242.0,913.0,2361.0,41750.0,42500.0,43500.0,94.0,25.0,64.0,896.0,5000.0,0.0,25.0,1000000.0,950000.0,1.0,0.0,0.0,10.0,0.0,0.0,100.0,500.0,24274039.0,603008070.0,594738656.0,0.0,0.0,0.0,0.0,0.0,1.0,1.0,1.0,1.0,1.0,0.0,0.0,1.0,0.0,0.0,0.0,0.0,0.0,33.0,1.0,14889801.0,274917890.0,14789809.0,24707324.0,632707675.0,1733.0,2417834930.0,0.0,1.0,1.0,0.0,1.0,0.0,0.0,1.0,1.0,1.0,1.0,2.0,1.0,0.0,0.0,0.0,2.0,0.0,0.0,1.0,1.0,3.0,50.0,50.0,1.0,0.0,0.0,0.0,0.0,0.0,0.0,0.0,0.0,0.0,0.0,2.0,2.0,0.0,1.0,1.0,0.0,1.0,0.0,0.0,0.0,0.0,0.0,1.0,0.0,0.0,1.0,0.0,0.0,0.0,1.0,10.0,0.0,0.0,0.0,0.0,0.0,11.0,0.0,0.0,0.0,0.0,0.0,0.0,0.0,0.0,0.0,1.0,1.0,0.0,0.0,0.0,0.0,1.0,1.0,1.0,0.0,0.0,0.0,0.0,0.0,0.0,1.0,1.0,0.0,0.0,0.0,0.0,0.0,1.0,1.0,0.0,1410682107.0,1543.0,1543.0,1234.0,1234.0,1265.0,0.0,67.0,20972.0,21772.0,21738.0,124.0,0.0,0.0,0.0,59.0,0.0,0.0,31.0,35.0,34.0,7.0,29.0,178100480.0,1309408.0,1572697920.0,27051661344.0,461125216.0,0.0,0.0,1733.0,0.0,0.0,1987.0,68.0,2213.0
678,0.0,1.0,0.0,0.0,0.0,1113600.0,1.0,229500000.0,1.0,1866000000.0,0.33241891861,17111.0,1370.0,3656.0,42083.3333333,42500.0,43500.0,94.0,25.0,64.0,896.0,5000.0,0.0,25.0,1000000.0,950000.0,1.0,0.0,0.0,10.0,0.0,0.0,100.0,500.0,28343601.0,604671131.0,597662319.0,0.0,0.0,0.0,0.0,0.0,1.0,1.0,1.0,1.0,1.0,0.0,0.0,1.0,0.0,0.0,0.0,0.0,0.0,30.0,1.0,15479803.0,283878228.0,14776720.0,29487124.0,615138848.0,1617.0,2389789624.0,0.0,1.0,1.0,0.0,1.0,0.0,0.0,1.0,1.0,1.0,1.0,2.0,1.0,0.0,0.0,0.0,2.0,0.0,0.0,1.0,1.0,3.0,50.0,50.0,1.0,0.0,0.0,0.0,0.0,0.0,0.0,0.0,0.0,0.0,0.0,2.0,2.0,0.0,1.0,1.0,0.0,1.0,0.0,0.0,0.0,0.0,0.0,1.0,0.0,0.0,1.0,0.0,0.0,0.0,1.0,10.0,0.0,0.0,0.0,0.0,0.0,11.0,0.0,0.0,0.0,0.0,0.0,0.0,0.0,0.0,0.0,1.0,1.0,0.0,0.0,0.0,0.0,1.0,1.0,1.0,0.0,0.0,0.0,0.0,0.0,0.0,1.0,1.0,0.0,0.0,0.0,0.0,0.0,1.0,1.0,0.0,1367491600.0,1445.0,1445.0,1261.0,1261.0,1305.0,0.0,70.0,24145.0,22700.0,22653.0,71.0,0.0,0.0,0.0,54.0,0.0,0.0,43.0,48.0,47.0,11.0,41.0,142190304.0,0.0,1667768256.0,29214415168.0,451656128.0,0.0,0.0,1617.0,0.0,0.0,1846.0,94.0,2198.0
679,0.0,1.0,0.0,0.0,0.0,1113600.0,1.0,229500000.0,1.0,1866000000.0,0.36455607414200003,20228.0,1141.0,6244.0,41833.3333333,42500.0,44000.0,94.0,25.0,64.0,896.0,5000.0,0.0,25.0,1000000.0,950000.0,1.0,0.0,0.0,10.0,0.0,0.0,100.0,500.0,30267321.0,613648879.0,605847371.0,0.0,0.0,0.0,0.0,0.0,1.0,1.0,1.0,1.0,1.0,0.0,0.0,1.0,0.0,0.0,0.0,0.0,0.0,35.0,1.0,15723141.0,279457778.0,15932140.0,29874211.0,631521098.0,1568.0,2594693603.0,0.0,1.0,1.0,0.0,1.0,0.0,0.0,1.0,1.0,1.0,1.0,2.0,1.0,0.0,0.0,0.0,2.0,0.0,0.0,1.0,1.0,3.0,50.0,50.0,1.0,0.0,0.0,0.0,0.0,0.0,0.0,0.0,0.0,0.0,0.0,2.0,2.0,0.0,1.0,1.0,0.0,1.0,0.0,0.0,0.0,0.0,0.0,1.0,0.0,0.0,1.0,0.0,0.0,0.0,1.0,10.0,0.0,0.0,0.0,0.0,0.0,11.0,0.0,0.0,0.0,0.0,0.0,0.0,0.0,0.0,0.0,1.0,1.0,0.0,0.0,0.0,0.0,1.0,1.0,1.0,0.0,0.0,0.0,0.0,0.0,0.0,1.0,1.0,0.0,0.0,0.0,0.0,0.0,1.0,1.0,0.0,1414513097.0,1369.0,1369.0,1189.0,1189.0,1226.0,0.0,84.0,25023.0,22685.0,22637.0,25.0,0.0,0.0,0.0,61.0,0.0,0.0,43.0,49.0,48.0,12.0,41.0,117670176.0,0.0,1571090304.0,173937120288.0,470223968.0,0.0,0.0,1568.0,0.0,0.0,1716.0,96.0,1884.0
680,0.0,1.0,0.0,0.0,0.0,1113600.0,1.0,229500000.0,1.0,1866000000.0,0.33807301521300004,17073.0,1370.0,3656.0,41750.0,42500.0,43500.0,68.0,25.0,64.0,896.0,5000.0,0.0,25.0,1000000.0,950000.0,1.0,1.0,0.0,10.0,0.0,0.0,100.0,500.0,27159176.0,612239074.0,598519924.0,0.0,0.0,0.0,0.0,0.0,1.0,1.0,1.0,1.0,1.0,0.0,0.0,1.0,0.0,0.0,0.0,0.0,0.0,34.0,1.0,15132164.0,275883288.0,14711009.0,26522255.0,614596160.0,1622.0,2394794897.0,0.0,1.0,1.0,0.0,1.0,0.0,0.0,1.0,1.0,1.0,1.0,2.0,1.0,0.0,0.0,0.0,2.0,0.0,0.0,1.0,1.0,3.0,50.0,50.0,1.0,0.0,0.0,0.0,0.0,0.0,0.0,0.0,0.0,0.0,0.0,2.0,2.0,0.0,1.0,1.0,0.0,1.0,0.0,0.0,0.0,0.0,0.0,1.0,0.0,0.0,1.0,0.0,0.0,0.0,1.0,11.0,0.0,0.0,0.0,0.0,0.0,12.0,0.0,0.0,0.0,0.0,0.0,0.0,0.0,0.0,0.0,1.0,1.0,0.0,0.0,0.0,0.0,1.0,1.0,1.0,0.0,0.0,0.0,0.0,0.0,0.0,1.0,1.0,0.0,0.0,0.0,0.0,0.0,1.0,1.0,0.0,1373138993.0,1519.0,1519.0,1276.0,1276.0,1311.0,0.0,61.0,23245.0,22223.0,22183.0,41.0,0.0,0.0,0.0,35.0,0.0,0.0,37.0,41.0,40.0,11.0,35.0,128816896.0,3516384.0,1606754592.0,19295055168.0,397266752.0,0.0,0.0,1622.0,0.0,0.0,1795.0,80.0,2033.0
681,0.0,1.0,0.0,0.0,0.0,1113600.0,1.0,229500000.0,1.0,1866000000.0,0.336206912994,11204.0,913.0,2361.0,41875.0,42500.0,43500.0,68.0,25.0,64.0,896.0,5000.0,0.0,25.0,1000000.0,950000.0,1.0,1.0,0.0,10.0,0.0,0.0,100.0,500.0,23729049.0,601865595.0,587617954.0,0.0,0.0,0.0,0.0,0.0,1.0,1.0,1.0,1.0,1.0,0.0,0.0,1.0,0.0,0.0,0.0,0.0,0.0,28.0,1.0,14691775.0,271266865.0,14650419.0,23428398.0,618832356.0,1510.0,2358372104.0,0.0,1.0,1.0,0.0,1.0,0.0,0.0,1.0,1.0,1.0,1.0,2.0,1.0,0.0,0.0,0.0,2.0,0.0,0.0,1.0,1.0,3.0,50.0,50.0,1.0,0.0,0.0,0.0,0.0,0.0,0.0,0.0,0.0,0.0,0.0,2.0,2.0,0.0,1.0,1.0,0.0,1.0,0.0,0.0,0.0,0.0,0.0,1.0,0.0,0.0,1.0,0.0,0.0,0.0,1.0,10.0,0.0,0.0,0.0,0.0,0.0,11.0,0.0,0.0,0.0,0.0,0.0,0.0,0.0,0.0,0.0,1.0,1.0,0.0,0.0,0.0,0.0,1.0,1.0,1.0,0.0,0.0,0.0,0.0,0.0,0.0,1.0,1.0,0.0,0.0,0.0,0.0,0.0,1.0,1.0,0.0,1385757011.0,1297.0,1297.0,1207.0,1207.0,1248.0,0.0,55.0,21541.0,21957.0,21923.0,78.0,0.0,0.0,0.0,36.0,0.0,0.0,31.0,35.0,34.0,10.0,29.0,123118336.0,0.0,1597756128.0,21453631808.0,407538144.0,0.0,0.0,1510.0,0.0,0.0,1709.0,68.0,1880.0
682,0.0,1.0,0.0,0.0,0.0,1113600.0,1.0,229500000.0,1.0,1866000000.0,0.332502126694,11395.0,837.0,2513.0,41833.3333333,42500.0,43500.0,68.0,25.0,64.0,896.0,5000.0,0.0,25.0,1000000.0,950000.0,1.0,1.0,0.0,10.0,0.0,0.0,100.0,500.0,26758715.0,618349950.0,600596459.0,0.0,0.0,0.0,0.0,0.0,1.0,1.0,1.0,1.0,1.0,0.0,0.0,1.0,0.0,0.0,0.0,0.0,0.0,34.0,1.0,15335408.0,287255222.0,14640985.0,26474218.0,609713290.0,1830.0,2409646708.0,0.0,1.0,1.0,0.0,1.0,0.0,0.0,1.0,1.0,1.0,1.0,2.0,1.0,0.0,0.0,0.0,2.0,0.0,0.0,1.0,1.0,3.0,50.0,50.0,1.0,0.0,0.0,0.0,0.0,0.0,0.0,0.0,0.0,0.0,0.0,2.0,2.0,0.0,1.0,1.0,0.0,1.0,0.0,0.0,0.0,0.0,0.0,1.0,0.0,0.0,1.0,0.0,0.0,0.0,1.0,10.0,0.0,0.0,0.0,0.0,0.0,11.0,0.0,0.0,0.0,0.0,0.0,0.0,0.0,0.0,0.0,1.0,1.0,0.0,0.0,0.0,0.0,1.0,1.0,1.0,0.0,0.0,0.0,0.0,0.0,0.0,1.0,1.0,0.0,0.0,0.0,0.0,0.0,1.0,1.0,0.0,1384169393.0,1635.0,1635.0,1239.0,1239.0,1279.0,0.0,67.0,23060.0,22306.0,22265.0,62.0,0.0,0.0,0.0,36.0,0.0,0.0,37.0,42.0,41.0,9.0,35.0,224446432.0,0.0,1592735104.0,47042089760.0,420619072.0,0.0,0.0,1830.0,0.0,0.0,2056.0,82.0,2353.0
683,0.0,1.0,1.0,0.0,0.0,499200.0,1.0,854250000.0,1.0,408000000.0,0.218680143356,12581.0,1676.0,3733.0,41666.6666667,42166.6666667,43000.0,91.0,25.0,64.0,896.0,5000.0,0.0,25.0,1000000.0,950000.0,1.0,0.0,0.0,10.0,0.0,0.0,0.0,100.0,24697786.0,674230561.0,629606875.0,0.0,0.0,0.0,0.0,0.0,1.0,1.0,1.0,1.0,1.0,0.0,0.0,1.0,0.0,0.0,0.0,0.0,0.0,34.0,1.0,15908227.0,277095079.0,16072242.0,27726344.0,685574133.0,954.0,3575870054.0,0.0,1.0,1.0,0.0,1.0,0.0,0.0,1.0,1.0,1.0,1.0,2.0,1.0,0.0,0.0,0.0,2.0,0.0,0.0,1.0,1.0,3.0,50.0,50.0,1.0,0.0,0.0,0.0,0.0,0.0,0.0,0.0,0.0,0.0,0.0,2.0,2.0,0.0,1.0,1.0,0.0,1.0,0.0,0.0,0.0,0.0,0.0,1.0,0.0,0.0,1.0,0.0,0.0,0.0,1.0,10.0,0.0,0.0,0.0,0.0,0.0,11.0,0.0,0.0,0.0,0.0,0.0,0.0,0.0,0.0,0.0,1.0,1.0,0.0,0.0,0.0,0.0,1.0,1.0,1.0,0.0,0.0,0.0,0.0,0.0,0.0,1.0,1.0,0.0,0.0,0.0,0.0,0.0,1.0,1.0,0.0,1439128191.0,781.0,781.0,1830.0,1830.0,1872.0,0.0,113.0,24491.0,22815.0,22769.0,97.0,0.0,0.0,0.0,91.0,0.0,0.0,43.0,47.0,46.0,12.0,41.0,137016672.0,0.0,2316579680.0,40834720480.0,325308064.0,0.0,0.0,954.0,0.0,0.0,1165.0,92.0,1427.0
684,0.0,1.0,1.0,0.0,0.0,499200.0,1.0,854250000.0,1.0,408000000.0,0.218690872192,8348.0,1066.0,2514.0,41875.0,42250.0,43000.0,91.0,25.0,64.0,896.0,5000.0,0.0,25.0,1000000.0,950000.0,1.0,0.0,0.0,10.0,0.0,0.0,0.0,100.0,23474725.0,626628772.0,610786374.0,0.0,0.0,0.0,0.0,0.0,1.0,1.0,1.0,1.0,1.0,0.0,0.0,1.0,0.0,0.0,0.0,0.0,0.0,34.0,1.0,16347486.0,271653636.0,16188860.0,23482756.0,635541835.0,714.0,3334868421.0,0.0,1.0,1.0,0.0,1.0,0.0,0.0,1.0,1.0,1.0,1.0,2.0,1.0,0.0,0.0,0.0,2.0,0.0,0.0,1.0,1.0,3.0,50.0,50.0,1.0,0.0,0.0,0.0,0.0,0.0,0.0,0.0,0.0,0.0,0.0,2.0,2.0,0.0,1.0,1.0,0.0,1.0,0.0,0.0,0.0,0.0,0.0,1.0,0.0,0.0,1.0,0.0,0.0,0.0,1.0,10.0,0.0,0.0,0.0,0.0,0.0,11.0,0.0,0.0,0.0,0.0,0.0,0.0,0.0,0.0,0.0,1.0,1.0,0.0,0.0,0.0,0.0,1.0,1.0,1.0,0.0,0.0,0.0,0.0,0.0,0.0,1.0,1.0,0.0,0.0,0.0,0.0,0.0,1.0,1.0,0.0,1358939247.0,667.0,667.0,1612.0,1612.0,1650.0,0.0,59.0,22072.0,21879.0,21845.0,94.0,0.0,0.0,0.0,63.0,0.0,0.0,31.0,35.0,34.0,5.0,29.0,121513024.0,0.0,2126704448.0,25996891936.0,264680768.0,0.0,0.0,714.0,0.0,0.0,890.0,68.0,1139.0
685,0.0,1.0,1.0,0.0,0.0,499200.0,1.0,854250000.0,1.0,408000000.0,0.220159053802,8006.0,1066.0,2286.0,41125.0,42250.0,42500.0,91.0,25.0,64.0,896.0,5000.0,0.0,25.0,1000000.0,950000.0,1.0,0.0,0.0,10.0,0.0,0.0,0.0,100.0,23166734.0,634801846.0,619178927.0,0.0,0.0,0.0,0.0,0.0,1.0,1.0,1.0,1.0,1.0,0.0,0.0,1.0,0.0,0.0,0.0,0.0,0.0,28.0,1.0,15852287.0,278385486.0,15628983.0,23706258.0,660929533.0,886.0,3310903798.0,0.0,1.0,1.0,0.0,1.0,0.0,0.0,1.0,1.0,1.0,1.0,2.0,1.0,0.0,0.0,0.0,2.0,0.0,0.0,1.0,1.0,3.0,50.0,50.0,1.0,0.0,0.0,0.0,0.0,0.0,0.0,0.0,0.0,0.0,0.0,2.0,2.0,0.0,1.0,1.0,0.0,1.0,0.0,0.0,0.0,0.0,0.0,1.0,0.0,0.0,1.0,0.0,0.0,0.0,1.0,11.0,0.0,0.0,0.0,0.0,0.0,12.0,0.0,0.0,0.0,0.0,0.0,0.0,0.0,0.0,0.0,1.0,1.0,0.0,0.0,0.0,0.0,1.0,1.0,1.0,0.0,0.0,0.0,0.0,0.0,0.0,1.0,1.0,0.0,0.0,0.0,0.0,0.0,1.0,1.0,0.0,1379708875.0,648.0,648.0,1676.0,1676.0,1712.0,0.0,84.0,22328.0,22041.0,22007.0,139.0,0.0,0.0,0.0,73.0,0.0,0.0,31.0,35.0,34.0,13.0,29.0,131179232.0,0.0,2281650528.0,23813883360.0,236485920.0,0.0,0.0,886.0,0.0,0.0,1112.0,68.0,1288.0
686,0.0,1.0,1.0,0.0,0.0,499200.0,1.0,854250000.0,1.0,408000000.0,0.223294019699,8196.0,1143.0,2514.0,41125.0,42250.0,42500.0,90.0,25.0,64.0,896.0,5000.0,0.0,25.0,1000000.0,950000.0,1.0,1.0,0.0,10.0,0.0,0.0,0.0,100.0,23460291.0,621704195.0,614363299.0,0.0,0.0,0.0,0.0,0.0,1.0,1.0,1.0,1.0,1.0,0.0,0.0,1.0,0.0,0.0,0.0,0.0,0.0,31.0,1.0,15892498.0,269719363.0,15547930.0,23782565.0,631294666.0,787.0,3229625618.0,0.0,1.0,1.0,0.0,1.0,0.0,0.0,1.0,1.0,1.0,1.0,2.0,1.0,0.0,0.0,0.0,2.0,0.0,0.0,1.0,1.0,3.0,50.0,50.0,1.0,0.0,0.0,0.0,0.0,0.0,0.0,0.0,0.0,0.0,0.0,2.0,2.0,0.0,1.0,1.0,0.0,1.0,0.0,0.0,0.0,0.0,0.0,1.0,0.0,0.0,1.0,0.0,0.0,0.0,1.0,10.0,0.0,0.0,0.0,0.0,0.0,11.0,0.0,0.0,0.0,0.0,0.0,0.0,0.0,0.0,0.0,1.0,1.0,0.0,0.0,0.0,0.0,1.0,1.0,1.0,0.0,0.0,0.0,0.0,0.0,0.0,1.0,1.0,0.0,0.0,0.0,0.0,0.0,1.0,1.0,0.0,1346346285.0,652.0,652.0,1692.0,1692.0,1733.0,0.0,93.0,21967.0,22058.0,22024.0,62.0,0.0,0.0,0.0,90.0,0.0,0.0,31.0,35.0,34.0,5.0,29.0,320116000.0,0.0,2176166048.0,26813085568.0,262355744.0,0.0,0.0,787.0,0.0,0.0,953.0,68.0,1126.0
687,0.0,1.0,1.0,0.0,0.0,499200.0,1.0,854250000.0,1.0,408000000.0,0.220084905624,8120.0,1066.0,2362.0,41250.0,42000.0,42500.0,90.0,25.0,64.0,896.0,5000.0,0.0,25.0,1000000.0,950000.0,1.0,1.0,0.0,10.0,0.0,0.0,0.0,100.0,23555180.0,635673640.0,611574317.0,0.0,0.0,0.0,0.0,0.0,1.0,1.0,1.0,1.0,1.0,0.0,0.0,1.0,0.0,0.0,0.0,0.0,0.0,34.0,1.0,15795753.0,266864573.0,15889160.0,24691439.0,631926590.0,774.0,3361171764.0,0.0,1.0,1.0,0.0,1.0,0.0,0.0,1.0,1.0,1.0,1.0,2.0,1.0,0.0,0.0,0.0,2.0,0.0,0.0,1.0,1.0,3.0,50.0,50.0,1.0,0.0,0.0,0.0,0.0,0.0,0.0,0.0,0.0,0.0,0.0,2.0,2.0,0.0,1.0,1.0,0.0,1.0,0.0,0.0,0.0,0.0,0.0,1.0,0.0,0.0,1.0,0.0,0.0,0.0,1.0,11.0,0.0,0.0,0.0,0.0,0.0,12.0,0.0,0.0,0.0,0.0,0.0,0.0,0.0,0.0,0.0,1.0,1.0,0.0,0.0,0.0,0.0,1.0,1.0,1.0,0.0,0.0,0.0,0.0,0.0,0.0,1.0,1.0,0.0,0.0,0.0,0.0,0.0,1.0,1.0,0.0,1345984984.0,655.0,655.0,1531.0,1531.0,1563.0,0.0,88.0,21791.0,21956.0,21922.0,63.0,0.0,0.0,0.0,57.0,0.0,0.0,31.0,35.0,34.0,7.0,29.0,230045056.0,0.0,2161017248.0,26927155168.0,346304096.0,0.0,0.0,774.0,0.0,0.0,900.0,68.0,1115.0
688,0.0,1.0,1.0,0.0,0.0,499200.0,1.0,854250000.0,1.0,408000000.0,0.220889091492,8158.0,1067.0,2514.0,41250.0,42250.0,42750.0,90.0,25.0,64.0,896.0,5000.0,0.0,25.0,1000000.0,950000.0,1.0,1.0,0.0,10.0,0.0,0.0,0.0,100.0,24341993.0,641041435.0,625136990.0,0.0,0.0,0.0,0.0,0.0,1.0,1.0,1.0,1.0,1.0,0.0,0.0,1.0,0.0,0.0,0.0,0.0,0.0,30.0,1.0,16113494.0,269805446.0,15627173.0,24065774.0,642468128.0,819.0,3210454335.0,0.0,1.0,1.0,0.0,1.0,0.0,0.0,1.0,1.0,1.0,1.0,2.0,1.0,0.0,0.0,0.0,2.0,0.0,0.0,1.0,1.0,3.0,50.0,50.0,1.0,0.0,0.0,0.0,0.0,0.0,0.0,0.0,0.0,0.0,0.0,2.0,2.0,0.0,1.0,1.0,0.0,1.0,0.0,0.0,0.0,0.0,0.0,1.0,0.0,0.0,1.0,0.0,0.0,0.0,1.0,11.0,0.0,0.0,0.0,0.0,0.0,12.0,0.0,0.0,0.0,0.0,0.0,0.0,0.0,0.0,0.0,1.0,1.0,0.0,0.0,0.0,0.0,1.0,1.0,1.0,0.0,0.0,0.0,0.0,0.0,0.0,1.0,1.0,0.0,0.0,0.0,0.0,0.0,1.0,1.0,0.0,1340620906.0,650.0,650.0,1637.0,1637.0,1671.0,0.0,85.0,22006.0,21970.0,21936.0,127.0,0.0,0.0,0.0,77.0,0.0,0.0,31.0,35.0,34.0,8.0,29.0,131309856.0,0.0,2197649504.0,29707946560.0,222788608.0,0.0,0.0,819.0,0.0,0.0,1038.0,68.0,1183.0
689,0.0,1.0,1.0,0.0,0.0,499200.0,1.0,854250000.0,1.0,408000000.0,0.219040155411,8120.0,1143.0,2438.0,41125.0,42250.0,42500.0,74.0,25.0,64.0,896.0,5000.0,0.0,25.0,1000000.0,950000.0,1.0,0.0,0.0,10.0,0.0,0.0,0.0,500.0,23244038.0,635739124.0,621649974.0,0.0,0.0,0.0,0.0,0.0,1.0,1.0,1.0,1.0,1.0,0.0,0.0,1.0,0.0,0.0,0.0,0.0,0.0,33.0,1.0,15719674.0,270874117.0,15724686.0,25002060.0,642144606.0,794.0,3312846469.0,0.0,1.0,1.0,0.0,1.0,0.0,0.0,1.0,1.0,1.0,1.0,2.0,1.0,0.0,0.0,0.0,2.0,0.0,0.0,1.0,1.0,3.0,50.0,50.0,1.0,0.0,0.0,0.0,0.0,0.0,0.0,0.0,0.0,0.0,0.0,2.0,2.0,0.0,1.0,1.0,0.0,1.0,0.0,0.0,0.0,0.0,0.0,1.0,0.0,0.0,1.0,0.0,0.0,0.0,1.0,10.0,0.0,0.0,0.0,0.0,0.0,11.0,0.0,0.0,0.0,0.0,0.0,0.0,0.0,0.0,0.0,1.0,1.0,0.0,0.0,0.0,0.0,1.0,1.0,1.0,0.0,0.0,0.0,0.0,0.0,0.0,1.0,1.0,0.0,0.0,0.0,0.0,0.0,1.0,1.0,0.0,1331930692.0,640.0,640.0,1562.0,1562.0,1598.0,0.0,80.0,21927.0,21982.0,21948.0,79.0,0.0,0.0,0.0,69.0,0.0,0.0,31.0,35.0,34.0,11.0,29.0,229873728.0,0.0,2118461600.0,21286928640.0,226841856.0,0.0,0.0,794.0,0.0,0.0,952.0,68.0,1179.0
690,0.0,1.0,1.0,0.0,0.0,499200.0,1.0,854250000.0,1.0,408000000.0,0.218519926071,8347.0,1219.0,2590.0,41250.0,42250.0,42750.0,74.0,25.0,64.0,896.0,5000.0,0.0,25.0,1000000.0,950000.0,1.0,0.0,0.0,10.0,0.0,0.0,0.0,500.0,23122080.0,627639712.0,612423541.0,0.0,0.0,0.0,0.0,0.0,1.0,1.0,1.0,1.0,1.0,0.0,0.0,1.0,0.0,0.0,0.0,0.0,0.0,31.0,1.0,16381800.0,271174969.0,15762164.0,23602618.0,644772223.0,839.0,3260878471.0,0.0,1.0,1.0,0.0,1.0,0.0,0.0,1.0,1.0,1.0,1.0,2.0,1.0,0.0,0.0,0.0,2.0,0.0,0.0,1.0,1.0,3.0,50.0,50.0,1.0,0.0,0.0,0.0,0.0,0.0,0.0,0.0,0.0,0.0,0.0,2.0,2.0,0.0,1.0,1.0,0.0,1.0,0.0,0.0,0.0,0.0,0.0,1.0,0.0,0.0,1.0,0.0,0.0,0.0,1.0,11.0,0.0,0.0,0.0,0.0,0.0,12.0,0.0,0.0,0.0,0.0,0.0,0.0,0.0,0.0,0.0,1.0,1.0,0.0,0.0,0.0,0.0,1.0,1.0,1.0,0.0,0.0,0.0,0.0,0.0,0.0,1.0,1.0,0.0,0.0,0.0,0.0,0.0,1.0,1.0,0.0,1362370485.0,684.0,684.0,1638.0,1638.0,1680.0,0.0,85.0,21942.0,22032.0,21998.0,32.0,0.0,0.0,0.0,84.0,0.0,0.0,31.0,35.0,34.0,10.0,29.0,117333376.0,0.0,2200225504.0,324189011200.0,264002784.0,0.0,0.0,839.0,0.0,0.0,974.0,68.0,1211.0
691,0.0,1.0,1.0,0.0,0.0,499200.0,1.0,854250000.0,1.0,408000000.0,0.215557098389,8120.0,1143.0,2514.0,41375.0,42000.0,42500.0,74.0,25.0,64.0,896.0,5000.0,0.0,25.0,1000000.0,950000.0,1.0,0.0,0.0,10.0,0.0,0.0,0.0,500.0,23210161.0,625012570.0,606319490.0,0.0,0.0,0.0,0.0,0.0,1.0,1.0,1.0,1.0,1.0,0.0,0.0,1.0,0.0,0.0,0.0,0.0,0.0,32.0,1.0,16276541.0,274048659.0,15729166.0,24076386.0,633421446.0,796.0,3197147889.0,0.0,1.0,1.0,0.0,1.0,0.0,0.0,1.0,1.0,1.0,1.0,2.0,1.0,0.0,0.0,0.0,2.0,0.0,0.0,1.0,1.0,3.0,50.0,50.0,1.0,0.0,0.0,0.0,0.0,0.0,0.0,0.0,0.0,0.0,0.0,2.0,2.0,0.0,1.0,1.0,0.0,1.0,0.0,0.0,0.0,0.0,0.0,1.0,0.0,0.0,1.0,0.0,0.0,0.0,1.0,10.0,0.0,0.0,0.0,0.0,0.0,11.0,0.0,0.0,0.0,0.0,0.0,0.0,0.0,0.0,0.0,1.0,1.0,0.0,0.0,0.0,0.0,1.0,1.0,1.0,0.0,0.0,0.0,0.0,0.0,0.0,1.0,1.0,0.0,0.0,0.0,0.0,0.0,1.0,1.0,0.0,1350027829.0,697.0,697.0,1659.0,1659.0,1704.0,0.0,80.0,22055.0,22238.0,22204.0,34.0,0.0,0.0,0.0,84.0,0.0,0.0,31.0,35.0,34.0,13.0,29.0,121030656.0,0.0,2188252608.0,27523322912.0,274294624.0,0.0,0.0,796.0,0.0,0.0,948.0,68.0,1328.0
692,0.0,1.0,1.0,0.0,0.0,499200.0,1.0,854250000.0,1.0,408000000.0,0.22827816009500002,8120.0,1143.0,2514.0,40750.0,42000.0,42500.0,82.0,25.0,64.0,896.0,5000.0,0.0,25.0,1000000.0,950000.0,1.0,1.0,0.0,10.0,0.0,0.0,0.0,500.0,22354841.0,632294702.0,597476470.0,0.0,0.0,0.0,0.0,0.0,1.0,1.0,1.0,1.0,1.0,0.0,0.0,1.0,0.0,0.0,0.0,0.0,0.0,34.0,1.0,15754460.0,268533074.0,15437871.0,23006305.0,641841670.0,768.0,3331195140.0,0.0,1.0,1.0,0.0,1.0,0.0,0.0,1.0,1.0,1.0,1.0,2.0,1.0,0.0,0.0,0.0,2.0,0.0,0.0,1.0,1.0,3.0,50.0,50.0,1.0,0.0,0.0,0.0,0.0,0.0,0.0,0.0,0.0,0.0,0.0,2.0,2.0,0.0,1.0,1.0,0.0,1.0,0.0,0.0,0.0,0.0,0.0,1.0,0.0,0.0,1.0,0.0,0.0,0.0,1.0,10.0,0.0,0.0,0.0,0.0,0.0,11.0,0.0,0.0,0.0,0.0,0.0,0.0,0.0,0.0,0.0,1.0,1.0,0.0,0.0,0.0,0.0,1.0,1.0,1.0,0.0,0.0,0.0,0.0,0.0,0.0,1.0,1.0,0.0,0.0,0.0,0.0,0.0,1.0,1.0,0.0,1382469375.0,637.0,637.0,1573.0,1573.0,1610.0,0.0,81.0,21789.0,21927.0,21893.0,49.0,0.0,0.0,0.0,73.0,0.0,0.0,31.0,35.0,34.0,12.0,29.0,19252160.0,0.0,2150071392.0,23118721216.0,245004512.0,0.0,0.0,768.0,0.0,0.0,877.0,68.0,1060.0
693,0.0,1.0,1.0,0.0,0.0,499200.0,1.0,854250000.0,1.0,408000000.0,0.217293977737,16660.0,2209.0,5028.0,41500.0,42000.0,42750.0,82.0,25.0,64.0,896.0,5000.0,0.0,25.0,1000000.0,950000.0,1.0,1.0,0.0,10.0,0.0,0.0,0.0,500.0,26914789.0,647020937.0,643337487.0,0.0,0.0,0.0,0.0,0.0,1.0,1.0,1.0,1.0,1.0,0.0,0.0,1.0,0.0,0.0,0.0,0.0,0.0,33.0,1.0,16308662.0,281943800.0,15854556.0,27995281.0,659430756.0,799.0,3486371498.0,0.0,1.0,1.0,0.0,1.0,0.0,0.0,1.0,1.0,1.0,1.0,2.0,1.0,0.0,0.0,0.0,2.0,0.0,0.0,1.0,1.0,3.0,50.0,50.0,1.0,0.0,0.0,0.0,0.0,0.0,0.0,0.0,0.0,0.0,0.0,2.0,2.0,0.0,1.0,1.0,0.0,1.0,0.0,0.0,0.0,0.0,0.0,1.0,0.0,0.0,1.0,0.0,0.0,0.0,1.0,10.0,0.0,0.0,0.0,0.0,0.0,11.0,0.0,0.0,0.0,0.0,0.0,0.0,0.0,0.0,0.0,1.0,1.0,0.0,0.0,0.0,0.0,1.0,1.0,1.0,0.0,0.0,0.0,0.0,0.0,0.0,1.0,1.0,0.0,0.0,0.0,0.0,0.0,1.0,1.0,0.0,1366846048.0,638.0,638.0,1730.0,1730.0,1766.0,0.0,105.0,24253.0,22719.0,22672.0,53.0,0.0,0.0,0.0,95.0,0.0,0.0,43.0,48.0,47.0,13.0,41.0,117608608.0,0.0,2266693408.0,21922506048.0,201377184.0,0.0,0.0,799.0,0.0,0.0,999.0,94.0,1183.0
694,0.0,1.0,1.0,0.0,0.0,499200.0,1.0,854250000.0,1.0,408000000.0,0.22026014328000001,8271.0,1067.0,2590.0,41000.0,42000.0,42500.0,82.0,25.0,64.0,896.0,5000.0,0.0,25.0,1000000.0,950000.0,1.0,1.0,0.0,10.0,0.0,0.0,0.0,500.0,23546344.0,626737010.0,616852082.0,0.0,0.0,0.0,0.0,0.0,1.0,1.0,1.0,1.0,1.0,0.0,0.0,1.0,0.0,0.0,0.0,0.0,0.0,31.0,1.0,15913730.0,274213635.0,15864152.0,23188689.0,647567211.0,749.0,3316816886.0,0.0,1.0,1.0,0.0,1.0,0.0,0.0,1.0,1.0,1.0,1.0,2.0,1.0,0.0,0.0,0.0,2.0,0.0,0.0,1.0,1.0,3.0,50.0,50.0,1.0,0.0,0.0,0.0,0.0,0.0,0.0,0.0,0.0,0.0,0.0,2.0,2.0,0.0,1.0,1.0,0.0,1.0,0.0,0.0,0.0,0.0,0.0,1.0,0.0,0.0,1.0,0.0,0.0,0.0,1.0,10.0,0.0,0.0,0.0,0.0,0.0,11.0,0.0,0.0,0.0,0.0,0.0,0.0,0.0,0.0,0.0,1.0,1.0,0.0,0.0,0.0,0.0,1.0,1.0,1.0,0.0,0.0,0.0,0.0,0.0,0.0,1.0,1.0,0.0,0.0,0.0,0.0,0.0,1.0,1.0,0.0,1372127872.0,620.0,620.0,1596.0,1596.0,1632.0,0.0,76.0,22256.0,21980.0,21946.0,49.0,0.0,0.0,0.0,65.0,0.0,0.0,31.0,35.0,34.0,6.0,29.0,128520864.0,0.0,2150371456.0,19923543488.0,313406112.0,0.0,0.0,749.0,0.0,0.0,886.0,68.0,1036.0
695,0.0,1.0,1.0,0.0,0.0,499200.0,1.0,854250000.0,1.0,408000000.0,0.232714176178,7968.0,1067.0,2438.0,41375.0,41750.0,42500.0,82.0,25.0,64.0,896.0,5000.0,0.0,25.0,1000000.0,950000.0,1.0,0.0,0.0,10.0,0.0,0.0,100.0,100.0,22567053.0,631057744.0,603673518.0,0.0,0.0,0.0,0.0,0.0,1.0,1.0,1.0,1.0,1.0,0.0,0.0,1.0,0.0,0.0,0.0,0.0,0.0,30.0,1.0,15413131.0,267336737.0,15003191.0,23370367.0,634313412.0,734.0,3216187056.0,0.0,1.0,1.0,0.0,1.0,0.0,0.0,1.0,1.0,1.0,1.0,2.0,1.0,0.0,0.0,0.0,2.0,0.0,0.0,1.0,1.0,3.0,50.0,50.0,1.0,0.0,0.0,0.0,0.0,0.0,0.0,0.0,0.0,0.0,0.0,2.0,2.0,0.0,1.0,1.0,0.0,1.0,0.0,0.0,0.0,0.0,0.0,1.0,0.0,0.0,1.0,0.0,0.0,0.0,1.0,10.0,0.0,0.0,0.0,0.0,0.0,11.0,0.0,0.0,0.0,0.0,0.0,0.0,0.0,0.0,0.0,1.0,1.0,0.0,0.0,0.0,0.0,1.0,1.0,1.0,0.0,0.0,0.0,0.0,0.0,0.0,1.0,1.0,0.0,0.0,0.0,0.0,0.0,1.0,1.0,0.0,1373152554.0,683.0,683.0,1633.0,1633.0,1675.0,0.0,76.0,22142.0,21975.0,21941.0,52.0,0.0,0.0,0.0,80.0,0.0,0.0,31.0,35.0,34.0,7.0,29.0,225028288.0,0.0,2193361312.0,38946301728.0,398292288.0,0.0,0.0,734.0,0.0,0.0,859.0,68.0,1103.0
696,0.0,1.0,1.0,0.0,0.0,499200.0,1.0,854250000.0,1.0,408000000.0,0.21875810623199998,8082.0,1066.0,2438.0,41000.0,42000.0,42500.0,82.0,25.0,64.0,896.0,5000.0,0.0,25.0,1000000.0,950000.0,1.0,0.0,0.0,10.0,0.0,0.0,100.0,100.0,23449320.0,610753721.0,607908164.0,0.0,0.0,0.0,0.0,0.0,1.0,1.0,1.0,1.0,1.0,0.0,0.0,1.0,0.0,0.0,0.0,0.0,0.0,33.0,1.0,16046063.0,271126593.0,15606094.0,23870868.0,631166639.0,805.0,3268779699.0,0.0,1.0,1.0,0.0,1.0,0.0,0.0,1.0,1.0,1.0,1.0,2.0,1.0,0.0,0.0,0.0,2.0,0.0,0.0,1.0,1.0,3.0,50.0,50.0,1.0,0.0,0.0,0.0,0.0,0.0,0.0,0.0,0.0,0.0,0.0,2.0,2.0,0.0,1.0,1.0,0.0,1.0,0.0,0.0,0.0,0.0,0.0,1.0,0.0,0.0,1.0,0.0,0.0,0.0,1.0,11.0,0.0,0.0,0.0,0.0,0.0,12.0,0.0,0.0,0.0,0.0,0.0,0.0,0.0,0.0,0.0,1.0,1.0,0.0,0.0,0.0,0.0,1.0,1.0,1.0,0.0,0.0,0.0,0.0,0.0,0.0,1.0,1.0,0.0,0.0,0.0,0.0,0.0,1.0,1.0,0.0,1361051720.0,665.0,665.0,1611.0,1611.0,1652.0,0.0,71.0,21832.0,21980.0,21946.0,57.0,0.0,0.0,0.0,83.0,0.0,0.0,31.0,35.0,34.0,12.0,29.0,329589280.0,0.0,2211185600.0,33192515936.0,285196192.0,0.0,0.0,805.0,0.0,0.0,960.0,68.0,1195.0
697,0.0,1.0,1.0,0.0,0.0,499200.0,1.0,854250000.0,1.0,408000000.0,0.22259783744800002,8158.0,1143.0,2590.0,41125.0,42000.0,42750.0,82.0,25.0,64.0,896.0,5000.0,0.0,25.0,1000000.0,950000.0,1.0,0.0,0.0,10.0,0.0,0.0,100.0,100.0,22979380.0,617168111.0,606463303.0,0.0,0.0,0.0,0.0,0.0,1.0,1.0,1.0,1.0,1.0,0.0,0.0,1.0,0.0,0.0,0.0,0.0,0.0,32.0,1.0,16000664.0,278039158.0,15734267.0,22340170.0,645822124.0,779.0,3319584447.0,0.0,1.0,1.0,0.0,1.0,0.0,0.0,1.0,1.0,1.0,1.0,2.0,1.0,0.0,0.0,0.0,2.0,0.0,0.0,1.0,1.0,3.0,50.0,50.0,1.0,0.0,0.0,0.0,0.0,0.0,0.0,0.0,0.0,0.0,0.0,2.0,2.0,0.0,1.0,1.0,0.0,1.0,0.0,0.0,0.0,0.0,0.0,1.0,0.0,0.0,1.0,0.0,0.0,0.0,1.0,10.0,0.0,0.0,0.0,0.0,0.0,11.0,0.0,0.0,0.0,0.0,0.0,0.0,0.0,0.0,0.0,1.0,1.0,0.0,0.0,0.0,0.0,1.0,1.0,1.0,0.0,0.0,0.0,0.0,0.0,0.0,1.0,1.0,0.0,0.0,0.0,0.0,0.0,1.0,1.0,0.0,1364792568.0,651.0,651.0,1665.0,1665.0,1703.0,0.0,69.0,21742.0,22018.0,21984.0,255.0,0.0,0.0,0.0,76.0,0.0,0.0,31.0,35.0,34.0,10.0,29.0,124862144.0,0.0,2185993728.0,27619274624.0,210718112.0,0.0,0.0,779.0,0.0,0.0,1139.0,68.0,1329.0
698,0.0,1.0,1.0,0.0,0.0,499200.0,1.0,854250000.0,1.0,408000000.0,0.229413986206,7968.0,1143.0,2286.0,41125.0,42000.0,42750.0,73.0,25.0,64.0,896.0,5000.0,0.0,25.0,1000000.0,950000.0,1.0,1.0,0.0,10.0,0.0,0.0,100.0,100.0,24090253.0,623194512.0,607956003.0,0.0,0.0,0.0,0.0,0.0,1.0,1.0,1.0,1.0,1.0,0.0,0.0,1.0,0.0,0.0,0.0,0.0,0.0,32.0,1.0,15550065.0,264090120.0,15474614.0,22523738.0,632518954.0,757.0,3249209311.0,0.0,1.0,1.0,0.0,1.0,0.0,0.0,1.0,1.0,1.0,1.0,2.0,1.0,0.0,0.0,0.0,2.0,0.0,0.0,1.0,1.0,3.0,50.0,50.0,1.0,0.0,0.0,0.0,0.0,0.0,0.0,0.0,0.0,0.0,0.0,2.0,2.0,0.0,1.0,1.0,0.0,1.0,0.0,0.0,0.0,0.0,0.0,1.0,0.0,0.0,1.0,0.0,0.0,0.0,1.0,10.0,0.0,0.0,0.0,0.0,0.0,11.0,0.0,0.0,0.0,0.0,0.0,0.0,0.0,0.0,0.0,1.0,1.0,0.0,0.0,0.0,0.0,1.0,1.0,1.0,0.0,0.0,0.0,0.0,0.0,0.0,1.0,1.0,0.0,0.0,0.0,0.0,0.0,1.0,1.0,0.0,1371139842.0,646.0,646.0,1615.0,1615.0,1649.0,0.0,77.0,21482.0,21917.0,21883.0,93.0,0.0,0.0,0.0,69.0,0.0,0.0,31.0,35.0,34.0,10.0,29.0,216296672.0,0.0,2165607904.0,84214067200.0,243518240.0,0.0,0.0,757.0,0.0,0.0,940.0,68.0,1105.0
699,0.0,1.0,1.0,0.0,0.0,499200.0,1.0,854250000.0,1.0,408000000.0,0.218534946442,12311.0,1676.0,3581.0,41125.0,41750.0,42500.0,73.0,25.0,64.0,896.0,5000.0,0.0,25.0,1000000.0,950000.0,1.0,1.0,0.0,10.0,0.0,0.0,100.0,100.0,25335935.0,641183756.0,631408938.0,0.0,0.0,0.0,0.0,0.0,1.0,1.0,1.0,1.0,1.0,0.0,0.0,1.0,0.0,0.0,0.0,0.0,0.0,33.0,1.0,15427911.0,279134520.0,15388421.0,26006857.0,651686993.0,880.0,3333299073.0,0.0,1.0,1.0,0.0,1.0,0.0,0.0,1.0,1.0,1.0,1.0,2.0,1.0,0.0,0.0,0.0,2.0,0.0,0.0,1.0,1.0,3.0,50.0,50.0,1.0,0.0,0.0,0.0,0.0,0.0,0.0,0.0,0.0,0.0,0.0,2.0,2.0,0.0,1.0,1.0,0.0,1.0,0.0,0.0,0.0,0.0,0.0,1.0,0.0,0.0,1.0,0.0,0.0,0.0,1.0,10.0,0.0,0.0,0.0,0.0,0.0,11.0,0.0,0.0,0.0,0.0,0.0,0.0,0.0,0.0,0.0,1.0,1.0,0.0,0.0,0.0,0.0,1.0,1.0,1.0,0.0,0.0,0.0,0.0,0.0,0.0,1.0,1.0,0.0,0.0,0.0,0.0,0.0,1.0,1.0,0.0,1361470028.0,681.0,681.0,1657.0,1657.0,1699.0,0.0,86.0,23436.0,22428.0,22387.0,40.0,0.0,0.0,0.0,86.0,0.0,0.0,37.0,42.0,41.0,9.0,35.0,148325952.0,0.0,2282680096.0,32273059072.0,270645664.0,0.0,0.0,880.0,0.0,0.0,1038.0,82.0,1292.0
700,0.0,1.0,1.0,0.0,0.0,499200.0,1.0,854250000.0,1.0,408000000.0,0.217569112778,8120.0,1143.0,2438.0,41125.0,41750.0,42500.0,73.0,25.0,64.0,896.0,5000.0,0.0,25.0,1000000.0,950000.0,1.0,1.0,0.0,10.0,0.0,0.0,100.0,100.0,22678651.0,630763273.0,612540108.0,0.0,0.0,0.0,0.0,0.0,1.0,1.0,1.0,1.0,1.0,0.0,0.0,1.0,0.0,0.0,0.0,0.0,0.0,32.0,1.0,15765313.0,271635949.0,15420861.0,24071623.0,633321154.0,752.0,3212103324.0,0.0,1.0,1.0,0.0,1.0,0.0,0.0,1.0,1.0,1.0,1.0,2.0,1.0,0.0,0.0,0.0,2.0,0.0,0.0,1.0,1.0,3.0,50.0,50.0,1.0,0.0,0.0,0.0,0.0,0.0,0.0,0.0,0.0,0.0,0.0,2.0,2.0,0.0,1.0,1.0,0.0,1.0,0.0,0.0,0.0,0.0,0.0,1.0,0.0,0.0,1.0,0.0,0.0,0.0,1.0,11.0,0.0,0.0,0.0,0.0,0.0,12.0,0.0,0.0,0.0,0.0,0.0,0.0,0.0,0.0,0.0,1.0,1.0,0.0,0.0,0.0,0.0,1.0,1.0,1.0,0.0,0.0,0.0,0.0,0.0,0.0,1.0,1.0,0.0,0.0,0.0,0.0,0.0,1.0,1.0,0.0,1313980061.0,681.0,681.0,1707.0,1707.0,1741.0,0.0,90.0,22168.0,21879.0,21845.0,50.0,0.0,0.0,0.0,82.0,0.0,0.0,31.0,35.0,34.0,10.0,29.0,314396928.0,0.0,2205588288.0,23866513728.0,333048608.0,0.0,0.0,752.0,0.0,0.0,912.0,68.0,1160.0
701,0.0,1.0,1.0,0.0,0.0,499200.0,1.0,854250000.0,1.0,408000000.0,0.222517967224,8082.0,1143.0,2362.0,41250.0,41666.6666667,42500.0,90.0,25.0,64.0,896.0,5000.0,0.0,25.0,1000000.0,950000.0,1.0,0.0,0.0,10.0,0.0,0.0,100.0,500.0,25469695.0,642428259.0,616134988.0,0.0,0.0,0.0,0.0,0.0,1.0,1.0,1.0,1.0,1.0,0.0,0.0,1.0,0.0,0.0,0.0,0.0,0.0,32.0,1.0,15899374.0,270909738.0,15386209.0,25974753.0,636355832.0,845.0,3279030758.0,0.0,1.0,1.0,0.0,1.0,0.0,0.0,1.0,1.0,1.0,1.0,2.0,1.0,0.0,0.0,0.0,2.0,0.0,0.0,1.0,1.0,3.0,50.0,50.0,1.0,0.0,0.0,0.0,0.0,0.0,0.0,0.0,0.0,0.0,0.0,2.0,2.0,0.0,1.0,1.0,0.0,1.0,0.0,0.0,0.0,0.0,0.0,1.0,0.0,0.0,1.0,0.0,0.0,0.0,1.0,10.0,0.0,0.0,0.0,0.0,0.0,11.0,0.0,0.0,0.0,0.0,0.0,0.0,0.0,0.0,0.0,1.0,1.0,0.0,0.0,0.0,0.0,1.0,1.0,1.0,0.0,0.0,0.0,0.0,0.0,0.0,1.0,1.0,0.0,0.0,0.0,0.0,0.0,1.0,1.0,0.0,1364389587.0,703.0,703.0,1726.0,1726.0,1761.0,0.0,103.0,23325.0,22461.0,22421.0,104.0,0.0,0.0,0.0,84.0,0.0,0.0,37.0,41.0,40.0,8.0,35.0,312697792.0,0.0,2294822336.0,27291750496.0,299625344.0,0.0,0.0,845.0,0.0,0.0,1066.0,80.0,1331.0
702,0.0,1.0,1.0,0.0,0.0,499200.0,1.0,854250000.0,1.0,408000000.0,0.220314979553,16469.0,2133.0,4724.0,40875.0,41750.0,42500.0,90.0,25.0,64.0,896.0,5000.0,0.0,25.0,1000000.0,950000.0,1.0,0.0,0.0,10.0,0.0,0.0,100.0,500.0,25911892.0,650075937.0,616405916.0,0.0,0.0,0.0,0.0,0.0,1.0,1.0,1.0,1.0,1.0,0.0,0.0,1.0,0.0,0.0,0.0,0.0,0.0,33.0,1.0,16090675.0,269994719.0,16272312.0,26948842.0,665335748.0,883.0,3443587878.0,0.0,1.0,1.0,0.0,1.0,0.0,0.0,1.0,1.0,1.0,1.0,2.0,1.0,0.0,0.0,0.0,2.0,0.0,0.0,1.0,1.0,3.0,50.0,50.0,1.0,0.0,0.0,0.0,0.0,0.0,0.0,0.0,0.0,0.0,0.0,2.0,2.0,0.0,1.0,1.0,0.0,1.0,0.0,0.0,0.0,0.0,0.0,1.0,0.0,0.0,1.0,0.0,0.0,0.0,1.0,11.0,0.0,0.0,0.0,0.0,0.0,12.0,0.0,0.0,0.0,0.0,0.0,0.0,0.0,0.0,0.0,1.0,1.0,0.0,0.0,0.0,0.0,1.0,1.0,1.0,0.0,0.0,0.0,0.0,0.0,0.0,1.0,1.0,0.0,0.0,0.0,0.0,0.0,1.0,1.0,0.0,1409261843.0,706.0,706.0,1837.0,1837.0,1876.0,0.0,111.0,24075.0,22812.0,22765.0,59.0,0.0,0.0,0.0,97.0,0.0,0.0,43.0,48.0,47.0,11.0,41.0,201731744.0,0.0,2355833120.0,32489792384.0,229488064.0,0.0,0.0,883.0,0.0,0.0,1084.0,94.0,1334.0
703,0.0,1.0,1.0,0.0,0.0,499200.0,1.0,854250000.0,1.0,408000000.0,0.226263999939,7815.0,1066.0,2133.0,40250.0,42000.0,42500.0,90.0,25.0,64.0,896.0,5000.0,0.0,25.0,1000000.0,950000.0,1.0,0.0,0.0,10.0,0.0,0.0,100.0,500.0,21414285.0,601837433.0,576935581.0,0.0,0.0,0.0,0.0,0.0,1.0,1.0,1.0,1.0,1.0,0.0,0.0,1.0,0.0,0.0,0.0,0.0,0.0,32.0,1.0,15593155.0,263162028.0,15243148.0,20467271.0,619403055.0,571.0,3040774103.0,0.0,1.0,1.0,0.0,1.0,0.0,0.0,1.0,1.0,1.0,1.0,2.0,1.0,0.0,0.0,0.0,2.0,0.0,0.0,1.0,1.0,3.0,50.0,50.0,1.0,0.0,0.0,0.0,0.0,0.0,0.0,0.0,0.0,0.0,0.0,2.0,2.0,0.0,1.0,1.0,0.0,1.0,0.0,0.0,0.0,0.0,0.0,1.0,0.0,0.0,1.0,0.0,0.0,0.0,1.0,10.0,0.0,0.0,0.0,0.0,0.0,11.0,0.0,0.0,0.0,0.0,0.0,0.0,0.0,0.0,0.0,1.0,1.0,0.0,0.0,0.0,0.0,1.0,1.0,1.0,0.0,0.0,0.0,0.0,0.0,0.0,1.0,1.0,0.0,0.0,0.0,0.0,0.0,1.0,1.0,0.0,1324968788.0,647.0,647.0,1587.0,1587.0,1617.0,0.0,61.0,20272.0,21431.0,21404.0,65.0,0.0,0.0,0.0,55.0,0.0,0.0,25.0,28.0,27.0,6.0,23.0,418996480.0,0.0,2123416928.0,31876984096.0,204037888.0,0.0,0.0,571.0,0.0,0.0,693.0,54.0,938.0
704,0.0,1.0,1.0,0.0,0.0,499200.0,1.0,854250000.0,1.0,408000000.0,0.218846082687,8194.0,1143.0,2590.0,41250.0,42000.0,42500.0,86.0,25.0,64.0,896.0,5000.0,0.0,25.0,1000000.0,950000.0,1.0,1.0,0.0,10.0,0.0,0.0,100.0,500.0,23760029.0,635031341.0,616182627.0,0.0,0.0,0.0,0.0,0.0,1.0,1.0,1.0,1.0,1.0,0.0,0.0,1.0,0.0,0.0,0.0,0.0,0.0,34.0,1.0,15580129.0,279039972.0,15668648.0,23651715.0,637045378.0,831.0,3357242087.0,0.0,1.0,1.0,0.0,1.0,0.0,0.0,1.0,1.0,1.0,1.0,2.0,1.0,0.0,0.0,0.0,2.0,0.0,0.0,1.0,1.0,3.0,50.0,50.0,1.0,0.0,0.0,0.0,0.0,0.0,0.0,0.0,0.0,0.0,0.0,2.0,2.0,0.0,1.0,1.0,0.0,1.0,0.0,0.0,0.0,0.0,0.0,1.0,0.0,0.0,1.0,0.0,0.0,0.0,1.0,11.0,0.0,0.0,0.0,0.0,0.0,12.0,0.0,0.0,0.0,0.0,0.0,0.0,0.0,0.0,0.0,1.0,1.0,0.0,0.0,0.0,0.0,1.0,1.0,1.0,0.0,0.0,0.0,0.0,0.0,0.0,1.0,1.0,0.0,0.0,0.0,0.0,0.0,1.0,1.0,0.0,1357021725.0,602.0,602.0,1445.0,1445.0,1476.0,0.0,75.0,21461.0,21990.0,21956.0,96.0,0.0,0.0,0.0,73.0,0.0,0.0,31.0,35.0,34.0,13.0,29.0,44793376.0,0.0,2116850240.0,23948144064.0,224492128.0,0.0,0.0,831.0,0.0,0.0,983.0,68.0,1121.0
705,0.0,1.0,1.0,0.0,0.0,499200.0,1.0,854250000.0,1.0,408000000.0,0.217932939529,8232.0,1067.0,2590.0,40875.0,41750.0,42500.0,86.0,25.0,64.0,896.0,5000.0,0.0,25.0,1000000.0,950000.0,1.0,1.0,0.0,10.0,0.0,0.0,100.0,500.0,23455435.0,640587817.0,603531504.0,0.0,0.0,0.0,0.0,0.0,1.0,1.0,1.0,1.0,1.0,0.0,0.0,1.0,0.0,0.0,0.0,0.0,0.0,36.0,1.0,15669692.0,266541531.0,15878729.0,24065269.0,652289660.0,929.0,3381359508.0,0.0,1.0,1.0,0.0,1.0,0.0,0.0,1.0,1.0,1.0,1.0,2.0,1.0,0.0,0.0,0.0,2.0,0.0,0.0,1.0,1.0,3.0,50.0,50.0,1.0,0.0,0.0,0.0,0.0,0.0,0.0,0.0,0.0,0.0,0.0,2.0,2.0,0.0,1.0,1.0,0.0,1.0,0.0,0.0,0.0,0.0,0.0,1.0,0.0,0.0,1.0,0.0,0.0,0.0,1.0,11.0,0.0,0.0,0.0,0.0,0.0,12.0,0.0,0.0,0.0,0.0,0.0,0.0,0.0,0.0,0.0,1.0,1.0,0.0,0.0,0.0,0.0,1.0,1.0,1.0,0.0,0.0,0.0,0.0,0.0,0.0,1.0,1.0,0.0,0.0,0.0,0.0,0.0,1.0,1.0,0.0,1395626279.0,665.0,665.0,1483.0,1483.0,1518.0,0.0,80.0,21981.0,22234.0,22200.0,96.0,0.0,0.0,0.0,78.0,0.0,0.0,31.0,35.0,34.0,10.0,29.0,20352992.0,0.0,2132476128.0,23686011872.0,276600512.0,0.0,0.0,929.0,0.0,0.0,1179.0,68.0,1416.0
706,0.0,1.0,1.0,0.0,0.0,499200.0,1.0,854250000.0,1.0,408000000.0,0.22138285636900001,8462.0,1143.0,2744.0,40500.0,41750.0,42500.0,86.0,25.0,64.0,896.0,5000.0,0.0,25.0,1000000.0,950000.0,1.0,1.0,0.0,10.0,0.0,0.0,100.0,500.0,23392771.0,643961922.0,619524972.0,0.0,0.0,0.0,0.0,0.0,1.0,1.0,1.0,1.0,1.0,0.0,0.0,1.0,0.0,0.0,0.0,0.0,0.0,35.0,1.0,16430251.0,271119448.0,16028249.0,24553765.0,644735346.0,846.0,3431115850.0,0.0,1.0,1.0,0.0,1.0,0.0,0.0,1.0,1.0,1.0,1.0,2.0,1.0,0.0,0.0,0.0,2.0,0.0,0.0,1.0,1.0,3.0,50.0,50.0,1.0,0.0,0.0,0.0,0.0,0.0,0.0,0.0,0.0,0.0,0.0,2.0,2.0,0.0,1.0,1.0,0.0,1.0,0.0,0.0,0.0,0.0,0.0,1.0,0.0,0.0,1.0,0.0,0.0,0.0,1.0,11.0,0.0,0.0,0.0,0.0,0.0,12.0,0.0,0.0,0.0,0.0,0.0,0.0,0.0,0.0,0.0,1.0,1.0,0.0,0.0,0.0,0.0,1.0,1.0,1.0,0.0,0.0,0.0,0.0,0.0,0.0,1.0,1.0,0.0,0.0,0.0,0.0,0.0,1.0,1.0,0.0,1350722313.0,658.0,658.0,1513.0,1513.0,1550.0,0.0,83.0,21972.0,22076.0,22042.0,76.0,0.0,0.0,0.0,61.0,0.0,0.0,31.0,35.0,34.0,13.0,29.0,221339232.0,0.0,2179881152.0,111865773696.0,277072704.0,0.0,0.0,846.0,0.0,0.0,999.0,68.0,1174.0
707,0.0,1.0,0.0,0.0,0.0,1267200.0,1.0,675750000.0,1.0,204000000.0,0.40959596633900003,11513.0,1370.0,3963.0,40666.6666667,41500.0,42500.0,97.0,25.0,64.0,896.0,5000.0,0.0,25.0,1000000.0,950000.0,1.0,0.0,0.0,10.0,0.0,0.0,0.0,100.0,29508887.0,719884737.0,702713097.0,0.0,0.0,0.0,0.0,0.0,1.0,1.0,1.0,1.0,1.0,0.0,0.0,1.0,0.0,0.0,0.0,0.0,0.0,31.0,1.0,18515162.0,300089117.0,18404270.0,30097299.0,737152199.0,2145.0,5755442529.0,0.0,1.0,1.0,0.0,1.0,0.0,0.0,1.0,1.0,1.0,1.0,2.0,1.0,0.0,0.0,0.0,2.0,0.0,0.0,1.0,1.0,3.0,50.0,50.0,1.0,0.0,0.0,0.0,0.0,0.0,0.0,0.0,0.0,0.0,0.0,2.0,2.0,0.0,1.0,1.0,0.0,1.0,0.0,0.0,0.0,0.0,0.0,1.0,0.0,0.0,1.0,0.0,0.0,0.0,1.0,11.0,0.0,0.0,0.0,0.0,0.0,12.0,0.0,0.0,0.0,0.0,0.0,0.0,0.0,0.0,0.0,1.0,1.0,0.0,0.0,0.0,0.0,1.0,1.0,1.0,0.0,0.0,0.0,0.0,0.0,0.0,1.0,1.0,0.0,0.0,0.0,0.0,0.0,1.0,1.0,0.0,1495721948.0,2129.0,2129.0,2373.0,2373.0,2413.0,0.0,108.0,24535.0,22903.0,22856.0,42.0,0.0,0.0,0.0,81.0,0.0,0.0,43.0,48.0,47.0,19.0,41.0,699756928.0,1467360.0,3468310688.0,77905909760.0,826987584.0,0.0,0.0,2145.0,0.0,0.0,2415.0,94.0,2753.0
708,0.0,1.0,0.0,0.0,0.0,1267200.0,1.0,675750000.0,1.0,204000000.0,0.40840911865199997,7624.0,913.0,2743.0,41125.0,41500.0,42750.0,97.0,25.0,64.0,896.0,5000.0,0.0,25.0,1000000.0,950000.0,1.0,0.0,0.0,10.0,0.0,0.0,0.0,100.0,24896647.0,689184924.0,649849317.0,0.0,0.0,0.0,0.0,0.0,1.0,1.0,1.0,1.0,1.0,0.0,0.0,1.0,0.0,0.0,0.0,0.0,0.0,30.0,1.0,17097344.0,272679751.0,16851467.0,25995259.0,697261399.0,1433.0,5258879429.0,0.0,1.0,1.0,0.0,1.0,0.0,0.0,1.0,1.0,1.0,1.0,2.0,1.0,0.0,0.0,0.0,2.0,0.0,0.0,1.0,1.0,3.0,50.0,50.0,1.0,0.0,0.0,0.0,0.0,0.0,0.0,0.0,0.0,0.0,0.0,2.0,2.0,0.0,1.0,1.0,0.0,1.0,0.0,0.0,0.0,0.0,0.0,1.0,0.0,0.0,1.0,0.0,0.0,0.0,1.0,11.0,0.0,0.0,0.0,0.0,0.0,12.0,0.0,0.0,0.0,0.0,0.0,0.0,0.0,0.0,0.0,1.0,1.0,0.0,0.0,0.0,0.0,1.0,1.0,1.0,0.0,0.0,0.0,0.0,0.0,0.0,1.0,1.0,0.0,0.0,0.0,0.0,0.0,1.0,1.0,0.0,1409559547.0,1449.0,1449.0,2138.0,2138.0,2170.0,0.0,89.0,21364.0,21930.0,21897.0,31.0,0.0,0.0,0.0,58.0,0.0,0.0,31.0,34.0,33.0,12.0,29.0,244240064.0,3326976.0,3110644800.0,42868898624.0,646952448.0,0.0,0.0,1433.0,0.0,0.0,1621.0,66.0,1820.0
709,0.0,1.0,0.0,0.0,0.0,1267200.0,1.0,675750000.0,1.0,204000000.0,0.40110611915600003,7434.0,838.0,2515.0,40750.0,41500.0,42500.0,97.0,25.0,64.0,896.0,5000.0,0.0,25.0,1000000.0,950000.0,1.0,0.0,0.0,10.0,0.0,0.0,0.0,100.0,24028018.0,675562806.0,645365377.0,0.0,0.0,0.0,0.0,0.0,1.0,1.0,1.0,1.0,1.0,0.0,0.0,1.0,0.0,0.0,0.0,0.0,0.0,31.0,1.0,17372982.0,278023693.0,17331710.0,25827905.0,695951428.0,1385.0,5222247539.0,0.0,1.0,1.0,0.0,1.0,0.0,0.0,1.0,1.0,1.0,1.0,2.0,1.0,0.0,0.0,0.0,2.0,0.0,0.0,1.0,1.0,3.0,50.0,50.0,1.0,0.0,0.0,0.0,0.0,0.0,0.0,0.0,0.0,0.0,0.0,2.0,2.0,0.0,1.0,1.0,0.0,1.0,0.0,0.0,0.0,0.0,0.0,1.0,0.0,0.0,1.0,0.0,0.0,0.0,1.0,11.0,0.0,0.0,0.0,0.0,0.0,12.0,0.0,0.0,0.0,0.0,0.0,0.0,0.0,0.0,0.0,1.0,1.0,0.0,0.0,0.0,0.0,1.0,1.0,1.0,0.0,0.0,0.0,0.0,0.0,0.0,1.0,1.0,0.0,0.0,0.0,0.0,0.0,1.0,1.0,0.0,1403709659.0,1535.0,1535.0,2118.0,2118.0,2158.0,0.0,68.0,21827.0,21830.0,21797.0,54.0,0.0,0.0,0.0,48.0,0.0,0.0,31.0,34.0,33.0,14.0,29.0,768378656.0,6493568.0,3178857408.0,68575655936.0,1066169248.0,0.0,0.0,1385.0,0.0,0.0,1584.0,66.0,1938.0
710,0.0,1.0,0.0,0.0,0.0,1267200.0,1.0,675750000.0,1.0,204000000.0,0.414711952209,7434.0,913.0,2438.0,40750.0,41500.0,42500.0,72.0,25.0,64.0,896.0,5000.0,0.0,25.0,1000000.0,950000.0,1.0,1.0,0.0,10.0,0.0,0.0,0.0,100.0,24815292.0,672402659.0,661896592.0,0.0,0.0,0.0,0.0,0.0,1.0,1.0,1.0,1.0,1.0,0.0,0.0,1.0,0.0,0.0,0.0,0.0,0.0,35.0,1.0,18014978.0,278931487.0,17726775.0,25493149.0,678278672.0,1413.0,5310933189.0,0.0,1.0,1.0,0.0,1.0,0.0,0.0,1.0,1.0,1.0,1.0,2.0,1.0,0.0,0.0,0.0,2.0,0.0,0.0,1.0,1.0,3.0,50.0,50.0,1.0,0.0,0.0,0.0,0.0,0.0,0.0,0.0,0.0,0.0,0.0,2.0,2.0,0.0,1.0,1.0,0.0,1.0,0.0,0.0,0.0,0.0,0.0,1.0,0.0,0.0,1.0,0.0,0.0,0.0,1.0,11.0,0.0,0.0,0.0,0.0,0.0,12.0,0.0,0.0,0.0,0.0,0.0,0.0,0.0,0.0,0.0,1.0,1.0,0.0,0.0,0.0,0.0,1.0,1.0,1.0,0.0,0.0,0.0,0.0,0.0,0.0,1.0,1.0,0.0,0.0,0.0,0.0,0.0,1.0,1.0,0.0,1405337986.0,1411.0,1411.0,2079.0,2079.0,2112.0,0.0,81.0,21243.0,21999.0,21966.0,43.0,0.0,0.0,0.0,68.0,0.0,0.0,31.0,34.0,33.0,11.0,29.0,175348224.0,2049408.0,3137974272.0,161700016192.0,850754368.0,0.0,0.0,1413.0,0.0,0.0,1609.0,66.0,1845.0
711,0.0,1.0,0.0,0.0,0.0,1267200.0,1.0,675750000.0,1.0,204000000.0,0.448052883148,7358.0,761.0,2438.0,40750.0,41500.0,42500.0,72.0,25.0,64.0,896.0,5000.0,0.0,25.0,1000000.0,950000.0,1.0,1.0,0.0,10.0,0.0,0.0,0.0,100.0,26193417.0,685606447.0,653896273.0,0.0,0.0,0.0,0.0,0.0,1.0,1.0,1.0,1.0,1.0,0.0,0.0,1.0,0.0,0.0,0.0,0.0,0.0,29.0,1.0,17903402.0,272415758.0,17951621.0,26759479.0,703301040.0,1837.0,5237901062.0,0.0,1.0,1.0,0.0,1.0,0.0,0.0,1.0,1.0,1.0,1.0,2.0,1.0,0.0,0.0,0.0,2.0,0.0,0.0,1.0,1.0,3.0,50.0,50.0,1.0,0.0,0.0,0.0,0.0,0.0,0.0,0.0,0.0,0.0,0.0,2.0,2.0,0.0,1.0,1.0,0.0,1.0,0.0,0.0,0.0,0.0,0.0,1.0,0.0,0.0,1.0,0.0,0.0,0.0,1.0,11.0,0.0,0.0,0.0,0.0,0.0,12.0,0.0,0.0,0.0,0.0,0.0,0.0,0.0,0.0,0.0,1.0,1.0,0.0,0.0,0.0,0.0,1.0,1.0,1.0,0.0,0.0,0.0,0.0,0.0,0.0,1.0,1.0,0.0,0.0,0.0,0.0,0.0,1.0,1.0,0.0,1430128072.0,1800.0,1800.0,2123.0,2123.0,2156.0,0.0,64.0,21555.0,22088.0,22055.0,43.0,0.0,0.0,0.0,57.0,0.0,0.0,31.0,34.0,33.0,11.0,29.0,376053152.0,10425664.0,3179980896.0,105702631680.0,1016689536.0,0.0,0.0,1837.0,0.0,0.0,2018.0,66.0,2294.0
712,0.0,1.0,0.0,0.0,0.0,1267200.0,1.0,675750000.0,1.0,204000000.0,0.413287162781,7205.0,761.0,2057.0,40875.0,41250.0,42500.0,72.0,25.0,64.0,896.0,5000.0,0.0,25.0,1000000.0,950000.0,1.0,1.0,0.0,10.0,0.0,0.0,0.0,100.0,26180615.0,689836756.0,654598656.0,0.0,0.0,0.0,0.0,0.0,1.0,1.0,1.0,1.0,1.0,0.0,0.0,1.0,0.0,0.0,0.0,0.0,0.0,30.0,1.0,17915170.0,280615486.0,17698343.0,27258162.0,713370608.0,2122.0,5216035472.0,0.0,1.0,1.0,0.0,1.0,0.0,0.0,1.0,1.0,1.0,1.0,2.0,1.0,0.0,0.0,0.0,2.0,0.0,0.0,1.0,1.0,3.0,50.0,50.0,1.0,0.0,0.0,0.0,0.0,0.0,0.0,0.0,0.0,0.0,0.0,2.0,2.0,0.0,1.0,1.0,0.0,1.0,0.0,0.0,0.0,0.0,0.0,1.0,0.0,0.0,1.0,0.0,0.0,0.0,1.0,11.0,0.0,0.0,0.0,0.0,0.0,12.0,0.0,0.0,0.0,0.0,0.0,0.0,0.0,0.0,0.0,1.0,1.0,0.0,0.0,0.0,0.0,1.0,1.0,1.0,0.0,0.0,0.0,0.0,0.0,0.0,1.0,1.0,0.0,0.0,0.0,0.0,0.0,1.0,1.0,0.0,1470655487.0,2115.0,2115.0,2164.0,2164.0,2199.0,0.0,94.0,21987.0,22031.0,21998.0,90.0,0.0,0.0,0.0,66.0,0.0,0.0,31.0,34.0,33.0,9.0,29.0,461717824.0,2315680.0,3281253632.0,61884851904.0,1079208352.0,0.0,0.0,2122.0,0.0,0.0,2378.0,66.0,2775.0
713,0.0,1.0,0.0,0.0,0.0,1267200.0,1.0,675750000.0,1.0,204000000.0,0.409801959991,7510.0,990.0,2667.0,40750.0,41750.0,42500.0,93.0,25.0,64.0,896.0,5000.0,0.0,25.0,1000000.0,950000.0,1.0,0.0,0.0,10.0,0.0,0.0,0.0,500.0,24336048.0,669873433.0,643091636.0,0.0,0.0,0.0,0.0,0.0,1.0,1.0,1.0,1.0,1.0,0.0,0.0,1.0,0.0,0.0,0.0,0.0,0.0,31.0,1.0,17310321.0,271963804.0,17202351.0,24723309.0,677587326.0,1362.0,5297148913.0,0.0,1.0,1.0,0.0,1.0,0.0,0.0,1.0,1.0,1.0,1.0,2.0,1.0,0.0,0.0,0.0,2.0,0.0,0.0,1.0,1.0,3.0,50.0,50.0,1.0,0.0,0.0,0.0,0.0,0.0,0.0,0.0,0.0,0.0,0.0,2.0,2.0,0.0,1.0,1.0,0.0,1.0,0.0,0.0,0.0,0.0,0.0,1.0,0.0,0.0,1.0,0.0,0.0,0.0,1.0,10.0,0.0,0.0,0.0,0.0,0.0,11.0,0.0,0.0,0.0,0.0,0.0,0.0,0.0,0.0,0.0,1.0,1.0,0.0,0.0,0.0,0.0,1.0,1.0,1.0,0.0,0.0,0.0,0.0,0.0,0.0,1.0,1.0,0.0,0.0,0.0,0.0,0.0,1.0,1.0,0.0,1420235013.0,1521.0,1521.0,2042.0,2042.0,2072.0,0.0,74.0,20754.0,21890.0,21857.0,39.0,0.0,0.0,0.0,66.0,0.0,0.0,31.0,34.0,33.0,13.0,29.0,513528960.0,0.0,3109017376.0,51292262048.0,748312992.0,0.0,0.0,1362.0,0.0,0.0,1572.0,66.0,1853.0
714,0.0,1.0,0.0,0.0,0.0,1267200.0,1.0,675750000.0,1.0,204000000.0,0.408782958984,7358.0,913.0,2591.0,40625.0,41500.0,42500.0,93.0,25.0,64.0,896.0,5000.0,0.0,25.0,1000000.0,950000.0,1.0,0.0,0.0,10.0,0.0,0.0,0.0,500.0,26206746.0,705679212.0,653548816.0,0.0,0.0,0.0,0.0,0.0,1.0,1.0,1.0,1.0,1.0,0.0,0.0,1.0,0.0,0.0,0.0,0.0,0.0,30.0,1.0,17532800.0,276858376.0,17535280.0,27956165.0,725212277.0,2054.0,5249639900.0,0.0,1.0,1.0,0.0,1.0,0.0,0.0,1.0,1.0,1.0,1.0,2.0,1.0,0.0,0.0,0.0,2.0,0.0,0.0,1.0,1.0,3.0,50.0,50.0,1.0,0.0,0.0,0.0,0.0,0.0,0.0,0.0,0.0,0.0,0.0,2.0,2.0,0.0,1.0,1.0,0.0,1.0,0.0,0.0,0.0,0.0,0.0,1.0,0.0,0.0,1.0,0.0,0.0,0.0,1.0,11.0,0.0,0.0,0.0,0.0,0.0,12.0,0.0,0.0,0.0,0.0,0.0,0.0,0.0,0.0,0.0,1.0,1.0,0.0,0.0,0.0,0.0,1.0,1.0,1.0,0.0,0.0,0.0,0.0,0.0,0.0,1.0,1.0,0.0,0.0,0.0,0.0,0.0,1.0,1.0,0.0,1481855590.0,2122.0,2122.0,2126.0,2126.0,2165.0,0.0,102.0,21585.0,21969.0,21936.0,46.0,0.0,0.0,0.0,68.0,0.0,0.0,31.0,34.0,33.0,9.0,29.0,244981024.0,1810304.0,3138744608.0,48667728512.0,751805856.0,0.0,0.0,2054.0,0.0,0.0,2315.0,66.0,2539.0
715,0.0,1.0,0.0,0.0,0.0,1267200.0,1.0,675750000.0,1.0,204000000.0,0.406502962112,11551.0,1294.0,3962.0,40250.0,41250.0,42500.0,93.0,25.0,64.0,896.0,5000.0,0.0,25.0,1000000.0,950000.0,1.0,0.0,0.0,10.0,0.0,0.0,0.0,500.0,28417613.0,698270142.0,686007512.0,0.0,0.0,0.0,0.0,0.0,1.0,1.0,1.0,1.0,1.0,0.0,0.0,1.0,0.0,0.0,0.0,0.0,0.0,32.0,1.0,18119476.0,286586961.0,18153480.0,28670319.0,723549743.0,2053.0,5481956559.0,0.0,1.0,1.0,0.0,1.0,0.0,0.0,1.0,1.0,1.0,1.0,2.0,1.0,0.0,0.0,0.0,2.0,0.0,0.0,1.0,1.0,3.0,50.0,50.0,1.0,0.0,0.0,0.0,0.0,0.0,0.0,0.0,0.0,0.0,0.0,2.0,2.0,0.0,1.0,1.0,0.0,1.0,0.0,0.0,0.0,0.0,0.0,1.0,0.0,0.0,1.0,0.0,0.0,0.0,1.0,10.0,0.0,0.0,0.0,0.0,0.0,11.0,0.0,0.0,0.0,0.0,0.0,0.0,0.0,0.0,0.0,1.0,1.0,0.0,0.0,0.0,0.0,1.0,1.0,1.0,0.0,0.0,0.0,0.0,0.0,0.0,1.0,1.0,0.0,0.0,0.0,0.0,0.0,1.0,1.0,0.0,1469013161.0,2014.0,2014.0,2191.0,2191.0,2231.0,0.0,98.0,23606.0,22475.0,22436.0,39.0,0.0,0.0,0.0,70.0,0.0,0.0,37.0,40.0,39.0,13.0,35.0,660595360.0,0.0,3356590432.0,51784879328.0,834543776.0,0.0,0.0,2053.0,0.0,0.0,2332.0,78.0,2591.0
716,0.0,1.0,0.0,0.0,0.0,1267200.0,1.0,675750000.0,1.0,204000000.0,0.407149076462,15402.0,1751.0,5028.0,40750.0,41250.0,42500.0,95.0,25.0,64.0,896.0,5000.0,0.0,25.0,1000000.0,950000.0,1.0,1.0,0.0,10.0,0.0,0.0,0.0,500.0,30375619.0,737196577.0,701762649.0,0.0,0.0,0.0,0.0,0.0,1.0,1.0,1.0,1.0,1.0,0.0,0.0,1.0,0.0,0.0,0.0,0.0,0.0,34.0,1.0,18872642.0,285336964.0,19074835.0,31560233.0,752038895.0,2418.0,5796148170.0,0.0,1.0,1.0,0.0,1.0,0.0,0.0,1.0,1.0,1.0,1.0,2.0,1.0,0.0,0.0,0.0,2.0,0.0,0.0,1.0,1.0,3.0,50.0,50.0,1.0,0.0,0.0,0.0,0.0,0.0,0.0,0.0,0.0,0.0,0.0,2.0,2.0,0.0,1.0,1.0,0.0,1.0,0.0,0.0,0.0,0.0,0.0,1.0,0.0,0.0,1.0,0.0,0.0,0.0,1.0,11.0,0.0,0.0,0.0,0.0,0.0,12.0,0.0,0.0,0.0,0.0,0.0,0.0,0.0,0.0,0.0,1.0,1.0,0.0,0.0,0.0,0.0,1.0,1.0,1.0,0.0,0.0,0.0,0.0,0.0,0.0,1.0,1.0,0.0,0.0,0.0,0.0,0.0,1.0,1.0,0.0,1505753461.0,2346.0,2346.0,2359.0,2359.0,2402.0,0.0,146.0,24879.0,22866.0,22821.0,80.0,0.0,0.0,0.0,107.0,0.0,0.0,43.0,46.0,45.0,12.0,41.0,666093760.0,0.0,3480306272.0,65632953504.0,897081984.0,0.0,0.0,2418.0,0.0,0.0,2774.0,90.0,3099.0
717,0.0,1.0,0.0,0.0,0.0,1267200.0,1.0,675750000.0,1.0,204000000.0,0.41384601593000003,15478.0,1751.0,5105.0,40625.0,41250.0,42500.0,95.0,25.0,64.0,896.0,5000.0,0.0,25.0,1000000.0,950000.0,1.0,1.0,0.0,10.0,0.0,0.0,0.0,500.0,28152906.0,721781698.0,689563519.0,0.0,0.0,0.0,0.0,0.0,1.0,1.0,1.0,1.0,1.0,0.0,0.0,1.0,0.0,0.0,0.0,0.0,0.0,33.0,1.0,18168176.0,286358398.0,18170695.0,30764359.0,737946994.0,1934.0,5645991207.0,0.0,1.0,1.0,0.0,1.0,0.0,0.0,1.0,1.0,1.0,1.0,2.0,1.0,0.0,0.0,0.0,2.0,0.0,0.0,1.0,1.0,3.0,50.0,50.0,1.0,0.0,0.0,0.0,0.0,0.0,0.0,0.0,0.0,0.0,0.0,2.0,2.0,0.0,1.0,1.0,0.0,1.0,0.0,0.0,0.0,0.0,0.0,1.0,0.0,0.0,1.0,0.0,0.0,0.0,1.0,11.0,0.0,0.0,0.0,0.0,0.0,12.0,0.0,0.0,0.0,0.0,0.0,0.0,0.0,0.0,0.0,1.0,1.0,0.0,0.0,0.0,0.0,1.0,1.0,1.0,0.0,0.0,0.0,0.0,0.0,0.0,1.0,1.0,0.0,0.0,0.0,0.0,0.0,1.0,1.0,0.0,1467969792.0,1843.0,1843.0,2367.0,2367.0,2407.0,0.0,119.0,24433.0,22838.0,22792.0,64.0,0.0,0.0,0.0,79.0,0.0,0.0,43.0,47.0,46.0,17.0,41.0,677509056.0,0.0,3434245952.0,64145644960.0,816195968.0,0.0,0.0,1934.0,0.0,0.0,2211.0,92.0,2446.0
718,0.0,1.0,0.0,0.0,0.0,1267200.0,1.0,675750000.0,1.0,204000000.0,0.454452991486,7282.0,913.0,2438.0,40625.0,41500.0,42500.0,95.0,25.0,64.0,896.0,5000.0,0.0,25.0,1000000.0,950000.0,1.0,1.0,0.0,10.0,0.0,0.0,0.0,500.0,26772599.0,695939041.0,656262306.0,0.0,0.0,0.0,0.0,0.0,1.0,1.0,1.0,1.0,1.0,0.0,0.0,1.0,0.0,0.0,0.0,0.0,0.0,30.0,1.0,17843404.0,283280724.0,18134825.0,27032951.0,721944182.0,1949.0,5286906609.0,0.0,1.0,1.0,0.0,1.0,0.0,0.0,1.0,1.0,1.0,1.0,2.0,1.0,0.0,0.0,0.0,2.0,0.0,0.0,1.0,1.0,3.0,50.0,50.0,1.0,0.0,0.0,0.0,0.0,0.0,0.0,0.0,0.0,0.0,0.0,2.0,2.0,0.0,1.0,1.0,0.0,1.0,0.0,0.0,0.0,0.0,0.0,1.0,0.0,0.0,1.0,0.0,0.0,0.0,1.0,10.0,0.0,0.0,0.0,0.0,0.0,11.0,0.0,0.0,0.0,0.0,0.0,0.0,0.0,0.0,0.0,1.0,1.0,0.0,0.0,0.0,0.0,1.0,1.0,1.0,0.0,0.0,0.0,0.0,0.0,0.0,1.0,1.0,0.0,0.0,0.0,0.0,0.0,1.0,1.0,0.0,1486381987.0,2040.0,2040.0,2187.0,2187.0,2223.0,0.0,90.0,21706.0,21942.0,21908.0,25.0,0.0,0.0,0.0,63.0,0.0,0.0,31.0,35.0,34.0,13.0,29.0,478334464.0,0.0,3137732608.0,30341006368.0,882873280.0,0.0,0.0,1949.0,0.0,0.0,2190.0,68.0,2419.0
719,0.0,1.0,0.0,0.0,0.0,1267200.0,1.0,675750000.0,1.0,204000000.0,0.409946918488,7548.0,1066.0,2667.0,41000.0,41250.0,42500.0,96.0,25.0,64.0,896.0,5000.0,0.0,25.0,1000000.0,950000.0,1.0,0.0,0.0,10.0,0.0,0.0,100.0,100.0,25410998.0,689752381.0,665108624.0,0.0,0.0,0.0,0.0,0.0,1.0,1.0,1.0,1.0,1.0,0.0,0.0,1.0,0.0,0.0,0.0,0.0,0.0,30.0,1.0,18234503.0,276971447.0,18181875.0,25538439.0,718726970.0,1593.0,5486892061.0,0.0,1.0,1.0,0.0,1.0,0.0,0.0,1.0,1.0,1.0,1.0,2.0,1.0,0.0,0.0,0.0,2.0,0.0,0.0,1.0,1.0,3.0,50.0,50.0,1.0,0.0,0.0,0.0,0.0,0.0,0.0,0.0,0.0,0.0,0.0,2.0,2.0,0.0,1.0,1.0,0.0,1.0,0.0,0.0,0.0,0.0,0.0,1.0,0.0,0.0,1.0,0.0,0.0,0.0,1.0,10.0,0.0,0.0,0.0,0.0,0.0,11.0,0.0,0.0,0.0,0.0,0.0,0.0,0.0,0.0,0.0,1.0,1.0,0.0,0.0,0.0,0.0,1.0,1.0,1.0,0.0,0.0,0.0,0.0,0.0,0.0,1.0,1.0,0.0,0.0,0.0,0.0,0.0,1.0,1.0,0.0,1439705000.0,1630.0,1630.0,2077.0,2077.0,2112.0,0.0,86.0,21989.0,22050.0,22017.0,26.0,0.0,0.0,0.0,59.0,0.0,0.0,31.0,34.0,33.0,12.0,29.0,369083424.0,0.0,3199003392.0,37026770816.0,918003520.0,0.0,0.0,1593.0,0.0,0.0,1844.0,66.0,2079.0
720,0.0,1.0,0.0,0.0,0.0,1267200.0,1.0,675750000.0,1.0,204000000.0,0.417232990265,7510.0,990.0,2438.0,40125.0,41250.0,42500.0,96.0,25.0,64.0,896.0,5000.0,0.0,25.0,1000000.0,950000.0,1.0,0.0,0.0,10.0,0.0,0.0,100.0,100.0,23682508.0,692824640.0,643457391.0,0.0,0.0,0.0,0.0,0.0,1.0,1.0,1.0,1.0,1.0,0.0,0.0,1.0,0.0,0.0,0.0,0.0,0.0,29.0,1.0,17656271.0,269800499.0,17914163.0,26319685.0,702832594.0,1579.0,5273681390.0,0.0,1.0,1.0,0.0,1.0,0.0,0.0,1.0,1.0,1.0,1.0,2.0,1.0,0.0,0.0,0.0,2.0,0.0,0.0,1.0,1.0,3.0,50.0,50.0,1.0,0.0,0.0,0.0,0.0,0.0,0.0,0.0,0.0,0.0,0.0,2.0,2.0,0.0,1.0,1.0,0.0,1.0,0.0,0.0,0.0,0.0,0.0,1.0,0.0,0.0,1.0,0.0,0.0,0.0,1.0,11.0,0.0,0.0,0.0,0.0,0.0,12.0,0.0,0.0,0.0,0.0,0.0,0.0,0.0,0.0,0.0,1.0,1.0,0.0,0.0,0.0,0.0,1.0,1.0,1.0,0.0,0.0,0.0,0.0,0.0,0.0,1.0,1.0,0.0,0.0,0.0,0.0,0.0,1.0,1.0,0.0,1439363896.0,1601.0,1601.0,2160.0,2160.0,2199.0,0.0,71.0,22033.0,21926.0,21893.0,64.0,0.0,0.0,0.0,47.0,0.0,0.0,31.0,34.0,33.0,12.0,29.0,494500800.0,0.0,3242805024.0,73261340992.0,942970656.0,0.0,0.0,1579.0,0.0,0.0,1805.0,66.0,2058.0
721,0.0,1.0,0.0,0.0,0.0,1267200.0,1.0,675750000.0,1.0,204000000.0,0.402441978455,7662.0,913.0,2591.0,40625.0,41250.0,42500.0,96.0,25.0,64.0,896.0,5000.0,0.0,25.0,1000000.0,950000.0,1.0,0.0,0.0,10.0,0.0,0.0,100.0,100.0,25261619.0,717035844.0,669011556.0,0.0,0.0,0.0,0.0,0.0,1.0,1.0,1.0,1.0,1.0,0.0,0.0,1.0,0.0,0.0,0.0,0.0,0.0,33.0,1.0,17694549.0,273388140.0,17748491.0,27647757.0,720468409.0,1764.0,5697047000.0,0.0,1.0,1.0,0.0,1.0,0.0,0.0,1.0,1.0,1.0,1.0,2.0,1.0,0.0,0.0,0.0,2.0,0.0,0.0,1.0,1.0,3.0,50.0,50.0,1.0,0.0,0.0,0.0,0.0,0.0,0.0,0.0,0.0,0.0,0.0,2.0,2.0,0.0,1.0,1.0,0.0,1.0,0.0,0.0,0.0,0.0,0.0,1.0,0.0,0.0,1.0,0.0,0.0,0.0,1.0,11.0,0.0,0.0,0.0,0.0,0.0,12.0,0.0,0.0,0.0,0.0,0.0,0.0,0.0,0.0,0.0,1.0,1.0,0.0,0.0,0.0,0.0,1.0,1.0,1.0,0.0,0.0,0.0,0.0,0.0,0.0,1.0,1.0,0.0,0.0,0.0,0.0,0.0,1.0,1.0,0.0,1436027944.0,1775.0,1775.0,2340.0,2340.0,2388.0,0.0,95.0,22161.0,22107.0,22073.0,107.0,0.0,0.0,0.0,68.0,0.0,0.0,31.0,35.0,34.0,7.0,29.0,414825056.0,0.0,3527123296.0,75074557728.0,1092285408.0,0.0,0.0,1764.0,0.0,0.0,2044.0,68.0,2325.0
722,0.0,1.0,0.0,0.0,0.0,1267200.0,1.0,675750000.0,1.0,204000000.0,0.402882814407,7663.0,913.0,2744.0,40625.0,41500.0,42500.0,81.0,25.0,64.0,896.0,5000.0,0.0,25.0,1000000.0,950000.0,1.0,1.0,0.0,10.0,0.0,0.0,100.0,100.0,26784114.0,703792780.0,664492123.0,0.0,0.0,0.0,0.0,0.0,1.0,1.0,1.0,1.0,1.0,0.0,0.0,1.0,0.0,0.0,0.0,0.0,0.0,32.0,1.0,17179270.0,271026727.0,17528618.0,26346004.0,699803841.0,1731.0,5444226615.0,0.0,1.0,1.0,0.0,1.0,0.0,0.0,1.0,1.0,1.0,1.0,2.0,1.0,0.0,0.0,0.0,2.0,0.0,0.0,1.0,1.0,3.0,50.0,50.0,1.0,0.0,0.0,0.0,0.0,0.0,0.0,0.0,0.0,0.0,0.0,2.0,2.0,0.0,1.0,1.0,0.0,1.0,0.0,0.0,0.0,0.0,0.0,1.0,0.0,0.0,1.0,0.0,0.0,0.0,1.0,11.0,0.0,0.0,0.0,0.0,0.0,12.0,0.0,0.0,0.0,0.0,0.0,0.0,0.0,0.0,0.0,1.0,1.0,0.0,0.0,0.0,0.0,1.0,1.0,1.0,0.0,0.0,0.0,0.0,0.0,0.0,1.0,1.0,0.0,0.0,0.0,0.0,0.0,1.0,1.0,0.0,1416141372.0,1750.0,1750.0,2131.0,2131.0,2169.0,0.0,72.0,21394.0,22056.0,22022.0,43.0,0.0,0.0,0.0,58.0,0.0,0.0,31.0,35.0,34.0,13.0,29.0,305236224.0,0.0,3156377728.0,42519887136.0,687932896.0,0.0,0.0,1731.0,0.0,0.0,1963.0,68.0,2280.0
723,0.0,1.0,0.0,0.0,0.0,1267200.0,1.0,675750000.0,1.0,204000000.0,0.426203012466,11246.0,1371.0,3505.0,40583.3333333,41000.0,42500.0,81.0,25.0,64.0,896.0,5000.0,0.0,25.0,1000000.0,950000.0,1.0,1.0,0.0,10.0,0.0,0.0,100.0,100.0,30168017.0,731371703.0,692293352.0,0.0,0.0,0.0,0.0,0.0,1.0,1.0,1.0,1.0,1.0,0.0,0.0,1.0,0.0,0.0,0.0,0.0,0.0,32.0,1.0,18767106.0,285161442.0,18489419.0,31988703.0,744105986.0,1867.0,5770253057.0,0.0,1.0,1.0,0.0,1.0,0.0,0.0,1.0,1.0,1.0,1.0,2.0,1.0,0.0,0.0,0.0,2.0,0.0,0.0,1.0,1.0,3.0,50.0,50.0,1.0,0.0,0.0,0.0,0.0,0.0,0.0,0.0,0.0,0.0,0.0,2.0,2.0,0.0,1.0,1.0,0.0,1.0,0.0,0.0,0.0,0.0,0.0,1.0,0.0,0.0,1.0,0.0,0.0,0.0,1.0,11.0,0.0,0.0,0.0,0.0,0.0,12.0,0.0,0.0,0.0,0.0,0.0,0.0,0.0,0.0,0.0,1.0,1.0,0.0,0.0,0.0,0.0,1.0,1.0,1.0,0.0,0.0,0.0,0.0,0.0,0.0,1.0,1.0,0.0,0.0,0.0,0.0,0.0,1.0,1.0,0.0,1461175312.0,1918.0,1918.0,2371.0,2371.0,2412.0,0.0,129.0,24024.0,22745.0,22699.0,75.0,0.0,0.0,0.0,77.0,0.0,0.0,43.0,47.0,46.0,21.0,41.0,623391616.0,324928.0,3581536256.0,77133731488.0,976958368.0,0.0,0.0,1867.0,0.0,0.0,2159.0,92.0,2488.0
724,0.0,1.0,0.0,0.0,0.0,1267200.0,1.0,675750000.0,1.0,204000000.0,0.445196866989,11475.0,1218.0,3886.0,40500.0,41166.6666667,42333.3333333,81.0,25.0,64.0,896.0,5000.0,0.0,25.0,1000000.0,950000.0,1.0,1.0,0.0,10.0,0.0,0.0,100.0,100.0,30719090.0,719790771.0,684891234.0,0.0,0.0,0.0,0.0,0.0,1.0,1.0,1.0,1.0,1.0,0.0,0.0,1.0,0.0,0.0,0.0,0.0,0.0,34.0,1.0,18111231.0,290312983.0,18323689.0,32185141.0,752222866.0,1905.0,5650101363.0,0.0,1.0,1.0,0.0,1.0,0.0,0.0,1.0,1.0,1.0,1.0,2.0,1.0,0.0,0.0,0.0,2.0,0.0,0.0,1.0,1.0,3.0,50.0,50.0,1.0,0.0,0.0,0.0,0.0,0.0,0.0,0.0,0.0,0.0,0.0,2.0,2.0,0.0,1.0,1.0,0.0,1.0,0.0,0.0,0.0,0.0,0.0,1.0,0.0,0.0,1.0,0.0,0.0,0.0,1.0,11.0,0.0,0.0,0.0,0.0,0.0,12.0,0.0,0.0,0.0,0.0,0.0,0.0,0.0,0.0,0.0,1.0,1.0,0.0,0.0,0.0,0.0,1.0,1.0,1.0,0.0,0.0,0.0,0.0,0.0,0.0,1.0,1.0,0.0,0.0,0.0,0.0,0.0,1.0,1.0,0.0,1511981448.0,1819.0,1819.0,2390.0,2390.0,2435.0,0.0,106.0,25024.0,22914.0,22866.0,117.0,0.0,0.0,0.0,64.0,0.0,0.0,43.0,49.0,48.0,16.0,41.0,695262080.0,200000.0,3520940640.0,84997178528.0,1090825248.0,0.0,0.0,1905.0,0.0,0.0,2188.0,96.0,2533.0
725,0.0,1.0,0.0,0.0,0.0,1267200.0,1.0,675750000.0,1.0,204000000.0,0.416792869568,7510.0,990.0,2438.0,40500.0,41250.0,42500.0,91.0,25.0,64.0,896.0,5000.0,0.0,25.0,1000000.0,950000.0,1.0,0.0,0.0,10.0,0.0,0.0,100.0,500.0,26182334.0,688688791.0,663391480.0,0.0,0.0,0.0,0.0,0.0,1.0,1.0,1.0,1.0,1.0,0.0,0.0,1.0,0.0,0.0,0.0,0.0,0.0,45.0,1.0,17968661.0,277669705.0,17759971.0,26900552.0,694294586.0,1647.0,5387864775.0,0.0,1.0,1.0,0.0,1.0,0.0,0.0,1.0,1.0,1.0,1.0,2.0,1.0,0.0,0.0,0.0,2.0,0.0,0.0,1.0,1.0,3.0,50.0,50.0,1.0,0.0,0.0,0.0,0.0,0.0,0.0,0.0,0.0,0.0,0.0,2.0,2.0,0.0,1.0,1.0,0.0,1.0,0.0,0.0,0.0,0.0,0.0,1.0,0.0,0.0,1.0,0.0,0.0,0.0,1.0,10.0,0.0,0.0,0.0,0.0,0.0,11.0,0.0,0.0,0.0,0.0,0.0,0.0,0.0,0.0,0.0,1.0,1.0,0.0,0.0,0.0,0.0,1.0,1.0,1.0,0.0,0.0,0.0,0.0,0.0,0.0,1.0,1.0,0.0,0.0,0.0,0.0,0.0,1.0,1.0,0.0,1414544560.0,1640.0,1640.0,2162.0,2162.0,2196.0,0.0,103.0,21682.0,22054.0,22021.0,35.0,0.0,0.0,0.0,72.0,0.0,0.0,31.0,34.0,33.0,9.0,29.0,360433600.0,0.0,3214704544.0,46219755488.0,854002368.0,0.0,0.0,1647.0,0.0,0.0,1899.0,66.0,2184.0
726,0.0,1.0,0.0,0.0,0.0,1267200.0,1.0,675750000.0,1.0,204000000.0,0.46165013313299996,7358.0,685.0,2819.0,40500.0,41166.6666667,42500.0,91.0,25.0,64.0,896.0,5000.0,0.0,25.0,1000000.0,950000.0,1.0,0.0,0.0,10.0,0.0,0.0,100.0,500.0,27153418.0,700453802.0,653871024.0,0.0,0.0,0.0,0.0,0.0,1.0,1.0,1.0,1.0,1.0,0.0,0.0,1.0,0.0,0.0,0.0,0.0,0.0,30.0,1.0,17631346.0,279104044.0,17682318.0,29676628.0,720158344.0,1594.0,5423715631.0,0.0,1.0,1.0,0.0,1.0,0.0,0.0,1.0,1.0,1.0,1.0,2.0,1.0,0.0,0.0,0.0,2.0,0.0,0.0,1.0,1.0,3.0,50.0,50.0,1.0,0.0,0.0,0.0,0.0,0.0,0.0,0.0,0.0,0.0,0.0,2.0,2.0,0.0,1.0,1.0,0.0,1.0,0.0,0.0,0.0,0.0,0.0,1.0,0.0,0.0,1.0,0.0,0.0,0.0,1.0,11.0,0.0,0.0,0.0,0.0,0.0,12.0,0.0,0.0,0.0,0.0,0.0,0.0,0.0,0.0,0.0,1.0,1.0,0.0,0.0,0.0,0.0,1.0,1.0,1.0,0.0,0.0,0.0,0.0,0.0,0.0,1.0,1.0,0.0,0.0,0.0,0.0,0.0,1.0,1.0,0.0,1460531851.0,1726.0,1726.0,2231.0,2231.0,2278.0,0.0,106.0,23477.0,22350.0,22309.0,52.0,0.0,0.0,0.0,86.0,0.0,0.0,37.0,42.0,41.0,13.0,35.0,347737376.0,244000.0,3270329248.0,39598370336.0,803751808.0,0.0,0.0,1594.0,0.0,0.0,1862.0,82.0,2118.0
727,0.0,1.0,0.0,0.0,0.0,1267200.0,1.0,675750000.0,1.0,204000000.0,0.410575151443,7358.0,761.0,2362.0,40625.0,41250.0,42500.0,91.0,25.0,64.0,896.0,5000.0,0.0,25.0,1000000.0,950000.0,1.0,0.0,0.0,10.0,0.0,0.0,100.0,500.0,26472529.0,694194813.0,656398937.0,0.0,0.0,0.0,0.0,0.0,1.0,1.0,1.0,1.0,1.0,0.0,0.0,1.0,0.0,0.0,0.0,0.0,0.0,32.0,1.0,17304252.0,277858634.0,17404460.0,26078816.0,711547447.0,1995.0,5176891203.0,0.0,1.0,1.0,0.0,1.0,0.0,0.0,1.0,1.0,1.0,1.0,2.0,1.0,0.0,0.0,0.0,2.0,0.0,0.0,1.0,1.0,3.0,50.0,50.0,1.0,0.0,0.0,0.0,0.0,0.0,0.0,0.0,0.0,0.0,0.0,2.0,2.0,0.0,1.0,1.0,0.0,1.0,0.0,0.0,0.0,0.0,0.0,1.0,0.0,0.0,1.0,0.0,0.0,0.0,1.0,10.0,0.0,0.0,0.0,0.0,0.0,11.0,0.0,0.0,0.0,0.0,0.0,0.0,0.0,0.0,0.0,1.0,1.0,0.0,0.0,0.0,0.0,1.0,1.0,1.0,0.0,0.0,0.0,0.0,0.0,0.0,1.0,1.0,0.0,0.0,0.0,0.0,0.0,1.0,1.0,0.0,1459950229.0,2027.0,2027.0,2163.0,2163.0,2200.0,0.0,66.0,21893.0,21918.0,21885.0,42.0,0.0,0.0,0.0,50.0,0.0,0.0,31.0,34.0,33.0,10.0,29.0,253934592.0,0.0,3148667936.0,49743925280.0,705507616.0,0.0,0.0,1995.0,0.0,0.0,2184.0,66.0,2506.0
728,0.0,1.0,0.0,0.0,0.0,1267200.0,1.0,675750000.0,1.0,204000000.0,0.41174077987700003,7548.0,990.0,2514.0,40625.0,41250.0,42500.0,75.0,25.0,64.0,896.0,5000.0,0.0,25.0,1000000.0,950000.0,1.0,1.0,0.0,10.0,0.0,0.0,100.0,500.0,26205378.0,690601684.0,664905180.0,0.0,0.0,0.0,0.0,0.0,1.0,1.0,1.0,1.0,1.0,0.0,0.0,1.0,0.0,0.0,0.0,0.0,0.0,35.0,1.0,17931853.0,286287715.0,17679218.0,26579835.0,700797122.0,1611.0,5371685221.0,0.0,1.0,1.0,0.0,1.0,0.0,0.0,1.0,1.0,1.0,1.0,2.0,1.0,0.0,0.0,0.0,2.0,0.0,0.0,1.0,1.0,3.0,50.0,50.0,1.0,0.0,0.0,0.0,0.0,0.0,0.0,0.0,0.0,0.0,0.0,2.0,2.0,0.0,1.0,1.0,0.0,1.0,0.0,0.0,0.0,0.0,0.0,1.0,0.0,0.0,1.0,0.0,0.0,0.0,1.0,11.0,0.0,0.0,0.0,0.0,0.0,12.0,0.0,0.0,0.0,0.0,0.0,0.0,0.0,0.0,0.0,1.0,1.0,0.0,0.0,0.0,0.0,1.0,1.0,1.0,0.0,0.0,0.0,0.0,0.0,0.0,1.0,1.0,0.0,0.0,0.0,0.0,0.0,1.0,1.0,0.0,1418012325.0,1674.0,1674.0,2124.0,2124.0,2155.0,0.0,90.0,21666.0,22087.0,22054.0,39.0,0.0,0.0,0.0,73.0,0.0,0.0,31.0,34.0,33.0,12.0,29.0,359724864.0,0.0,3220447296.0,48230917056.0,718108256.0,0.0,0.0,1611.0,0.0,0.0,1849.0,66.0,2225.0
729,0.0,1.0,0.0,0.0,0.0,1267200.0,1.0,675750000.0,1.0,204000000.0,0.42303204536399996,8500.0,990.0,3276.0,40500.0,41250.0,42500.0,75.0,25.0,64.0,896.0,5000.0,0.0,25.0,1000000.0,950000.0,1.0,1.0,0.0,10.0,0.0,0.0,100.0,500.0,25501664.0,700709080.0,655195364.0,0.0,0.0,0.0,0.0,0.0,1.0,1.0,1.0,1.0,1.0,0.0,0.0,1.0,0.0,0.0,0.0,0.0,0.0,28.0,1.0,17806502.0,263617868.0,17562144.0,27026486.0,711430394.0,1572.0,5468049918.0,0.0,1.0,1.0,0.0,1.0,0.0,0.0,1.0,1.0,1.0,1.0,2.0,1.0,0.0,0.0,0.0,2.0,0.0,0.0,1.0,1.0,3.0,50.0,50.0,1.0,0.0,0.0,0.0,0.0,0.0,0.0,0.0,0.0,0.0,0.0,2.0,2.0,0.0,1.0,1.0,0.0,1.0,0.0,0.0,0.0,0.0,0.0,1.0,0.0,0.0,1.0,0.0,0.0,0.0,1.0,10.0,0.0,0.0,0.0,0.0,0.0,11.0,0.0,0.0,0.0,0.0,0.0,0.0,0.0,0.0,0.0,1.0,1.0,0.0,0.0,0.0,0.0,1.0,1.0,1.0,0.0,0.0,0.0,0.0,0.0,0.0,1.0,1.0,0.0,0.0,0.0,0.0,0.0,1.0,1.0,0.0,1455412080.0,1710.0,1710.0,2205.0,2205.0,2248.0,0.0,81.0,21144.0,22144.0,22110.0,50.0,0.0,0.0,0.0,79.0,0.0,0.0,31.0,35.0,34.0,17.0,29.0,145422816.0,0.0,3274561216.0,331255743936.0,773237696.0,0.0,0.0,1572.0,0.0,0.0,1869.0,68.0,2106.0
730,0.0,1.0,0.0,0.0,0.0,1267200.0,1.0,675750000.0,1.0,204000000.0,0.404944896698,7472.0,990.0,2210.0,40500.0,41250.0,42250.0,75.0,25.0,64.0,896.0,5000.0,0.0,25.0,1000000.0,950000.0,1.0,1.0,0.0,10.0,0.0,0.0,100.0,500.0,26409253.0,689487103.0,670340949.0,0.0,0.0,0.0,0.0,0.0,1.0,1.0,1.0,1.0,1.0,0.0,0.0,1.0,0.0,0.0,0.0,0.0,0.0,94.0,1.0,17843915.0,287930692.0,17657660.0,26506050.0,703873871.0,2006.0,5272817866.0,0.0,1.0,1.0,0.0,1.0,0.0,0.0,1.0,1.0,1.0,1.0,2.0,1.0,0.0,0.0,0.0,2.0,0.0,0.0,1.0,1.0,3.0,123.0,123.0,1.0,0.0,0.0,0.0,0.0,0.0,0.0,0.0,0.0,0.0,0.0,2.0,2.0,0.0,1.0,1.0,0.0,1.0,0.0,0.0,0.0,0.0,0.0,1.0,0.0,0.0,1.0,0.0,0.0,0.0,1.0,11.0,0.0,0.0,0.0,0.0,0.0,12.0,0.0,0.0,0.0,0.0,0.0,0.0,0.0,0.0,0.0,1.0,1.0,0.0,0.0,0.0,0.0,1.0,1.0,1.0,0.0,0.0,0.0,0.0,0.0,0.0,1.0,1.0,0.0,0.0,0.0,0.0,0.0,1.0,1.0,0.0,1449498938.0,2079.0,2079.0,2134.0,2134.0,2170.0,0.0,82.0,22027.0,21997.0,21964.0,49.0,0.0,0.0,0.0,54.0,0.0,0.0,31.0,34.0,33.0,7.0,29.0,468015680.0,0.0,3218474208.0,53558659872.0,875513248.0,0.0,0.0,2006.0,0.0,0.0,2221.0,66.0,2635.0
731,0.0,1.0,0.0,0.0,1.0,345600.0,1.0,1032750000.0,1.0,40800000.0,14.2909538746,32253.0,5105.0,9145.0,40472.22222219999,41000.0,42222.22222219999,73.0,25.0,64.0,896.0,5000.0,0.0,25.0,1000000.0,950000.0,1.0,0.0,0.0,10.0,0.0,0.0,0.0,100.0,87635005.0,1640344472.0,1488685908.0,0.0,0.0,0.0,0.0,0.0,1.0,1.0,1.0,1.0,1.0,0.0,0.0,1.0,0.0,0.0,0.0,0.0,0.0,40.0,1.0,90624709.0,566268213.0,93968343.0,90200686.0,1689527221.0,13683.0,67204598802.0,0.0,1.0,1.0,0.0,1.0,0.0,0.0,1.0,1.0,1.0,1.0,2.0,1.0,0.0,0.0,0.0,2.0,0.0,0.0,1.0,1.0,3.0,50.0,50.0,1.0,0.0,0.0,0.0,0.0,0.0,0.0,0.0,0.0,0.0,0.0,2.0,2.0,0.0,1.0,1.0,0.0,1.0,0.0,0.0,0.0,0.0,0.0,1.0,0.0,0.0,1.0,0.0,0.0,0.0,1.0,11.0,0.0,0.0,0.0,0.0,0.0,12.0,0.0,0.0,0.0,0.0,0.0,0.0,0.0,0.0,0.0,1.0,1.0,0.0,0.0,0.0,0.0,1.0,1.0,1.0,0.0,0.0,0.0,0.0,0.0,0.0,1.0,1.0,0.0,0.0,0.0,0.0,0.0,1.0,1.0,0.0,2775676690.0,22293.0,22293.0,23545.0,23545.0,23732.0,0.0,723.0,43140.0,29940.0,29816.0,359.0,0.0,0.0,0.0,1167.0,0.0,0.0,115.0,125.0,124.0,61.0,113.0,11543801056.0,0.0,49544343904.0,865174954048.0,16693884032.0,0.0,0.0,13683.0,0.0,0.0,15795.0,248.0,17055.0
732,0.0,1.0,0.0,0.0,1.0,345600.0,1.0,1032750000.0,1.0,40800000.0,14.3139798641,28173.0,4571.0,8077.0,40321.4285714,41000.0,42142.8571429,73.0,25.0,64.0,896.0,5000.0,0.0,25.0,1000000.0,950000.0,1.0,0.0,0.0,10.0,0.0,0.0,0.0,100.0,75017144.0,1493987154.0,1378351840.0,0.0,0.0,0.0,0.0,0.0,1.0,1.0,1.0,1.0,1.0,0.0,0.0,1.0,0.0,0.0,0.0,0.0,0.0,31.0,1.0,87302700.0,515351936.0,89622133.0,77793798.0,1542470341.0,11143.0,65671684738.0,0.0,1.0,1.0,0.0,1.0,0.0,0.0,1.0,1.0,1.0,1.0,2.0,1.0,0.0,0.0,0.0,2.0,0.0,0.0,1.0,1.0,3.0,50.0,50.0,1.0,0.0,0.0,0.0,0.0,0.0,0.0,0.0,0.0,0.0,0.0,2.0,2.0,0.0,1.0,1.0,0.0,1.0,0.0,0.0,0.0,0.0,0.0,1.0,0.0,0.0,1.0,0.0,0.0,0.0,1.0,11.0,0.0,0.0,0.0,0.0,0.0,12.0,0.0,0.0,0.0,0.0,0.0,0.0,0.0,0.0,0.0,1.0,1.0,0.0,0.0,0.0,0.0,1.0,1.0,1.0,0.0,0.0,0.0,0.0,0.0,0.0,1.0,1.0,0.0,0.0,0.0,0.0,0.0,1.0,1.0,0.0,2543949791.0,18987.0,18987.0,22816.0,22816.0,23060.0,0.0,654.0,39527.0,28874.0,28768.0,464.0,0.0,0.0,0.0,940.0,0.0,0.0,97.0,107.0,106.0,52.0,95.0,9581134784.0,0.0,47353722944.0,1192894470528.0,27266392928.0,0.0,0.0,11143.0,0.0,0.0,13101.0,212.0,13952.0
733,0.0,1.0,0.0,0.0,1.0,345600.0,1.0,1032750000.0,1.0,40800000.0,14.4883890152,28859.0,4648.0,8153.0,40361.1111111,40944.444444400004,42166.6666667,73.0,25.0,64.0,896.0,5000.0,0.0,25.0,1000000.0,950000.0,1.0,0.0,0.0,10.0,0.0,0.0,0.0,100.0,75291416.0,1465295670.0,1339673347.0,0.0,0.0,0.0,0.0,0.0,1.0,1.0,1.0,1.0,1.0,0.0,0.0,1.0,0.0,0.0,0.0,0.0,0.0,32.0,1.0,86762973.0,505802084.0,90137662.0,77833733.0,1495309954.0,9457.0,63827772569.0,0.0,1.0,1.0,0.0,1.0,0.0,0.0,1.0,1.0,1.0,1.0,2.0,1.0,0.0,0.0,0.0,2.0,0.0,0.0,1.0,1.0,3.0,50.0,50.0,1.0,0.0,0.0,0.0,0.0,0.0,0.0,0.0,0.0,0.0,0.0,2.0,2.0,0.0,1.0,1.0,0.0,1.0,0.0,0.0,0.0,0.0,0.0,1.0,0.0,0.0,1.0,0.0,0.0,0.0,1.0,11.0,0.0,0.0,0.0,0.0,0.0,12.0,0.0,0.0,0.0,0.0,0.0,0.0,0.0,0.0,0.0,1.0,1.0,0.0,0.0,0.0,0.0,1.0,1.0,1.0,0.0,0.0,0.0,0.0,0.0,0.0,1.0,1.0,0.0,0.0,0.0,0.0,0.0,1.0,1.0,0.0,2484133547.0,17187.0,17187.0,21637.0,21637.0,21839.0,0.0,721.0,41858.0,29516.0,29398.0,395.0,0.0,0.0,0.0,1055.0,0.0,0.0,109.0,119.0,118.0,55.0,107.0,8888700416.0,0.0,46333124256.0,936755884640.0,21195190176.0,0.0,0.0,9457.0,0.0,0.0,11324.0,236.0,12122.0
734,0.0,1.0,0.0,0.0,1.0,345600.0,1.0,1032750000.0,1.0,40800000.0,13.733392953900001,31758.0,5259.0,8914.0,40312.5,40937.5,42000.0,70.0,25.0,64.0,896.0,5000.0,0.0,25.0,1000000.0,950000.0,1.0,1.0,0.0,10.0,0.0,0.0,0.0,100.0,82012446.0,1528985600.0,1436576456.0,0.0,0.0,0.0,0.0,0.0,1.0,1.0,1.0,1.0,1.0,0.0,0.0,1.0,0.0,0.0,0.0,0.0,0.0,32.0,1.0,90450437.0,554757094.0,93161196.0,83071282.0,1553914545.0,11433.0,63816861072.0,0.0,1.0,1.0,0.0,1.0,0.0,0.0,1.0,1.0,1.0,1.0,2.0,1.0,0.0,0.0,0.0,2.0,0.0,0.0,1.0,1.0,3.0,50.0,50.0,1.0,0.0,0.0,0.0,0.0,0.0,0.0,0.0,0.0,0.0,0.0,2.0,2.0,0.0,1.0,1.0,0.0,1.0,0.0,0.0,0.0,0.0,0.0,1.0,0.0,0.0,1.0,0.0,0.0,0.0,1.0,11.0,0.0,0.0,0.0,0.0,0.0,12.0,0.0,0.0,0.0,0.0,0.0,0.0,0.0,0.0,0.0,1.0,1.0,0.0,0.0,0.0,0.0,1.0,1.0,1.0,0.0,0.0,0.0,0.0,0.0,0.0,1.0,1.0,0.0,0.0,0.0,0.0,0.0,1.0,1.0,0.0,2568372450.0,19505.0,19505.0,23143.0,23143.0,23327.0,0.0,767.0,41985.0,29867.0,29749.0,316.0,0.0,0.0,0.0,1211.0,0.0,0.0,109.0,119.0,118.0,48.0,107.0,9052602720.0,0.0,47413704416.0,1124034977088.0,15339909088.0,0.0,0.0,11433.0,0.0,0.0,13623.0,236.0,14691.0
735,0.0,1.0,0.0,0.0,1.0,345600.0,1.0,1032750000.0,1.0,40800000.0,14.0730319023,31719.0,4876.0,8839.0,40281.25,40937.5,42000.0,70.0,25.0,64.0,896.0,5000.0,0.0,25.0,1000000.0,950000.0,1.0,1.0,0.0,10.0,0.0,0.0,0.0,100.0,74870993.0,1465795856.0,1350277113.0,0.0,0.0,0.0,0.0,0.0,1.0,1.0,1.0,1.0,1.0,0.0,0.0,1.0,0.0,0.0,0.0,0.0,0.0,31.0,1.0,87548403.0,549467407.0,89666633.0,75563175.0,1499330861.0,8619.0,65257808866.0,0.0,1.0,1.0,0.0,1.0,0.0,0.0,1.0,1.0,1.0,1.0,2.0,1.0,0.0,0.0,0.0,2.0,0.0,0.0,1.0,1.0,3.0,50.0,50.0,1.0,0.0,0.0,0.0,0.0,0.0,0.0,0.0,0.0,0.0,0.0,2.0,2.0,0.0,1.0,1.0,0.0,1.0,0.0,0.0,0.0,0.0,0.0,1.0,0.0,0.0,1.0,0.0,0.0,0.0,1.0,11.0,0.0,0.0,0.0,0.0,0.0,12.0,0.0,0.0,0.0,0.0,0.0,0.0,0.0,0.0,0.0,1.0,1.0,0.0,0.0,0.0,0.0,1.0,1.0,1.0,0.0,0.0,0.0,0.0,0.0,0.0,1.0,1.0,0.0,0.0,0.0,0.0,0.0,1.0,1.0,0.0,2476426583.0,17111.0,17111.0,23457.0,23457.0,23668.0,0.0,649.0,41423.0,29332.0,29214.0,296.0,0.0,0.0,0.0,1046.0,0.0,0.0,109.0,119.0,118.0,52.0,107.0,7683685984.0,0.0,47817361408.0,1097503048320.0,18507677376.0,0.0,0.0,8619.0,0.0,0.0,10485.0,236.0,11714.0
736,0.0,1.0,0.0,0.0,1.0,345600.0,1.0,1032750000.0,1.0,40800000.0,14.8080279827,29811.0,4343.0,7925.0,40107.1428571,40857.1428571,41928.5714286,70.0,25.0,64.0,896.0,5000.0,0.0,25.0,1000000.0,950000.0,1.0,1.0,0.0,10.0,0.0,0.0,0.0,100.0,75963015.0,1488747705.0,1380207159.0,0.0,0.0,0.0,0.0,0.0,1.0,1.0,1.0,1.0,1.0,0.0,0.0,1.0,0.0,0.0,0.0,0.0,0.0,32.0,1.0,80377117.0,518821101.0,82688779.0,78688034.0,1503831601.0,11697.0,62175499637.0,0.0,1.0,1.0,0.0,1.0,0.0,0.0,1.0,1.0,1.0,1.0,2.0,1.0,0.0,0.0,0.0,2.0,0.0,0.0,1.0,1.0,3.0,50.0,50.0,1.0,0.0,0.0,0.0,0.0,0.0,0.0,0.0,0.0,0.0,0.0,2.0,2.0,0.0,1.0,1.0,0.0,1.0,0.0,0.0,0.0,0.0,0.0,1.0,0.0,0.0,1.0,0.0,0.0,0.0,1.0,11.0,0.0,0.0,0.0,0.0,0.0,12.0,0.0,0.0,0.0,0.0,0.0,0.0,0.0,0.0,0.0,1.0,1.0,0.0,0.0,0.0,0.0,1.0,1.0,1.0,0.0,0.0,0.0,0.0,0.0,0.0,1.0,1.0,0.0,0.0,0.0,0.0,0.0,1.0,1.0,0.0,2510853505.0,19633.0,19633.0,23362.0,23362.0,23586.0,0.0,625.0,38006.0,28411.0,28305.0,457.0,0.0,0.0,0.0,1016.0,0.0,0.0,97.0,107.0,106.0,35.0,95.0,9482577248.0,0.0,45954750048.0,1404188501760.0,27377872064.0,0.0,0.0,11697.0,0.0,0.0,13413.0,212.0,14235.0
737,0.0,1.0,0.0,0.0,1.0,345600.0,1.0,1032750000.0,1.0,40800000.0,15.2513930798,28593.0,5183.0,8228.0,40250.0,40750.0,42000.0,74.0,25.0,64.0,896.0,5000.0,0.0,25.0,1000000.0,950000.0,1.0,0.0,0.0,10.0,0.0,0.0,0.0,500.0,74305147.0,1480291833.0,1363515299.0,0.0,0.0,0.0,0.0,0.0,1.0,1.0,1.0,1.0,1.0,0.0,0.0,1.0,0.0,0.0,0.0,0.0,0.0,33.0,1.0,89048372.0,530649501.0,94534943.0,77772441.0,1528862947.0,10240.0,66801327609.0,0.0,1.0,1.0,0.0,1.0,0.0,0.0,1.0,1.0,1.0,1.0,2.0,1.0,0.0,0.0,0.0,2.0,0.0,0.0,1.0,1.0,3.0,50.0,50.0,1.0,0.0,0.0,0.0,0.0,0.0,0.0,0.0,0.0,0.0,0.0,2.0,2.0,0.0,1.0,1.0,0.0,1.0,0.0,0.0,0.0,0.0,0.0,1.0,0.0,0.0,1.0,0.0,0.0,0.0,1.0,11.0,0.0,0.0,0.0,0.0,0.0,12.0,0.0,0.0,0.0,0.0,0.0,0.0,0.0,0.0,0.0,1.0,1.0,0.0,0.0,0.0,0.0,1.0,1.0,1.0,0.0,0.0,0.0,0.0,0.0,0.0,1.0,1.0,0.0,0.0,0.0,0.0,0.0,1.0,1.0,0.0,2513321769.0,18448.0,18448.0,22020.0,22020.0,22216.0,0.0,675.0,39427.0,29008.0,28896.0,301.0,0.0,0.0,0.0,1050.0,0.0,0.0,103.0,113.0,112.0,52.0,101.0,8951146496.0,0.0,46957229952.0,1028573648384.0,16674245856.0,0.0,0.0,10240.0,0.0,0.0,12010.0,224.0,12999.0
738,0.0,1.0,0.0,0.0,1.0,345600.0,1.0,1032750000.0,1.0,40800000.0,13.8871920109,28021.0,4724.0,7999.0,40156.25,40875.0,42000.0,74.0,25.0,64.0,896.0,5000.0,0.0,25.0,1000000.0,950000.0,1.0,0.0,0.0,10.0,0.0,0.0,0.0,500.0,74199068.0,1431095887.0,1317382194.0,0.0,0.0,0.0,0.0,0.0,1.0,1.0,1.0,1.0,1.0,0.0,0.0,1.0,0.0,0.0,0.0,0.0,0.0,33.0,1.0,91817601.0,495233212.0,93601321.0,77898895.0,1459433323.0,9150.0,64585376751.0,0.0,1.0,1.0,0.0,1.0,0.0,0.0,1.0,1.0,1.0,1.0,2.0,1.0,0.0,0.0,0.0,2.0,0.0,0.0,1.0,1.0,3.0,50.0,50.0,1.0,0.0,0.0,0.0,0.0,0.0,0.0,0.0,0.0,0.0,0.0,2.0,2.0,0.0,1.0,1.0,0.0,1.0,0.0,0.0,0.0,0.0,0.0,1.0,0.0,0.0,1.0,0.0,0.0,0.0,1.0,11.0,0.0,0.0,0.0,0.0,0.0,12.0,0.0,0.0,0.0,0.0,0.0,0.0,0.0,0.0,0.0,1.0,1.0,0.0,0.0,0.0,0.0,1.0,1.0,1.0,0.0,0.0,0.0,0.0,0.0,0.0,1.0,1.0,0.0,0.0,0.0,0.0,0.0,1.0,1.0,0.0,2414471151.0,17228.0,17228.0,23706.0,23706.0,23910.0,0.0,647.0,38817.0,28898.0,28786.0,253.0,0.0,0.0,0.0,992.0,0.0,0.0,103.0,113.0,112.0,49.0,101.0,7356504288.0,0.0,46090167776.0,2801169492640.0,16482393184.0,0.0,0.0,9150.0,0.0,0.0,11061.0,224.0,11871.0
739,0.0,1.0,0.0,0.0,1.0,345600.0,1.0,1032750000.0,1.0,40800000.0,14.259461164500001,32139.0,5335.0,8990.0,40187.5,40875.0,41937.5,74.0,25.0,64.0,896.0,5000.0,0.0,25.0,1000000.0,950000.0,1.0,0.0,0.0,10.0,0.0,0.0,0.0,500.0,73681942.0,1466661971.0,1346753335.0,0.0,0.0,0.0,0.0,0.0,1.0,1.0,1.0,1.0,1.0,0.0,0.0,1.0,0.0,0.0,0.0,0.0,0.0,29.0,1.0,88491506.0,550748570.0,91166837.0,76117741.0,1492430363.0,8404.0,63856401384.0,0.0,1.0,1.0,0.0,1.0,0.0,0.0,1.0,1.0,1.0,1.0,2.0,1.0,0.0,0.0,0.0,2.0,0.0,0.0,1.0,1.0,3.0,50.0,50.0,1.0,0.0,0.0,0.0,0.0,0.0,0.0,0.0,0.0,0.0,0.0,2.0,2.0,0.0,1.0,1.0,0.0,1.0,0.0,0.0,0.0,0.0,0.0,1.0,0.0,0.0,1.0,0.0,0.0,0.0,1.0,11.0,0.0,0.0,0.0,0.0,0.0,12.0,0.0,0.0,0.0,0.0,0.0,0.0,0.0,0.0,0.0,1.0,1.0,0.0,0.0,0.0,0.0,1.0,1.0,1.0,0.0,0.0,0.0,0.0,0.0,0.0,1.0,1.0,0.0,0.0,0.0,0.0,0.0,1.0,1.0,0.0,2471185527.0,16880.0,16880.0,23301.0,23301.0,23517.0,0.0,688.0,41700.0,29488.0,29370.0,263.0,0.0,0.0,0.0,1122.0,0.0,0.0,109.0,119.0,118.0,47.0,107.0,8509772640.0,0.0,46292696928.0,969025325696.0,15232006720.0,0.0,0.0,8404.0,0.0,0.0,10315.0,236.0,11484.0
740,0.0,1.0,0.0,0.0,1.0,345600.0,1.0,1032750000.0,1.0,40800000.0,14.837449789,32215.0,5334.0,9068.0,40125.0,40850.0,41850.0,99.0,25.0,64.0,896.0,5000.0,0.0,25.0,1000000.0,950000.0,1.0,1.0,0.0,10.0,0.0,0.0,0.0,500.0,81849602.0,1574195162.0,1470035949.0,0.0,0.0,0.0,0.0,0.0,1.0,1.0,1.0,1.0,1.0,0.0,0.0,1.0,0.0,0.0,0.0,0.0,0.0,33.0,1.0,101720432.0,572283855.0,106872030.0,81711091.0,1605205589.0,9407.0,75636331974.0,0.0,1.0,1.0,0.0,1.0,0.0,0.0,1.0,1.0,1.0,1.0,2.0,1.0,0.0,0.0,0.0,2.0,0.0,0.0,1.0,1.0,3.0,50.0,50.0,1.0,0.0,0.0,0.0,0.0,0.0,0.0,0.0,0.0,0.0,0.0,2.0,2.0,0.0,1.0,1.0,0.0,1.0,0.0,0.0,0.0,0.0,0.0,1.0,0.0,0.0,1.0,0.0,0.0,0.0,1.0,11.0,0.0,0.0,0.0,0.0,0.0,12.0,0.0,0.0,0.0,0.0,0.0,0.0,0.0,0.0,0.0,1.0,1.0,0.0,0.0,0.0,0.0,1.0,1.0,1.0,0.0,0.0,0.0,0.0,0.0,0.0,1.0,1.0,0.0,0.0,0.0,0.0,0.0,1.0,1.0,0.0,2566321750.0,18666.0,18666.0,25642.0,25642.0,25865.0,0.0,805.0,44522.0,30410.0,30280.0,319.0,0.0,0.0,0.0,1200.0,0.0,0.0,121.0,131.0,130.0,57.0,119.0,9177094112.0,0.0,52907036768.0,1392814979296.0,18811946208.0,0.0,0.0,9407.0,0.0,0.0,11265.0,260.0,12363.0
741,0.0,1.0,0.0,0.0,1.0,345600.0,1.0,1032750000.0,1.0,40800000.0,14.3250899315,24667.0,4267.0,7009.0,40125.0,40625.0,42000.0,99.0,25.0,64.0,896.0,5000.0,0.0,25.0,1000000.0,950000.0,1.0,1.0,0.0,10.0,0.0,0.0,0.0,500.0,69001442.0,1395924733.0,1272167787.0,0.0,0.0,0.0,0.0,0.0,1.0,1.0,1.0,1.0,1.0,0.0,0.0,1.0,0.0,0.0,0.0,0.0,0.0,34.0,1.0,85277876.0,492821655.0,86872963.0,74815585.0,1450748225.0,8857.0,62936335361.0,0.0,1.0,1.0,0.0,1.0,0.0,0.0,1.0,1.0,1.0,1.0,2.0,1.0,0.0,0.0,0.0,2.0,0.0,0.0,1.0,1.0,3.0,50.0,50.0,1.0,0.0,0.0,0.0,0.0,0.0,0.0,0.0,0.0,0.0,0.0,2.0,2.0,0.0,1.0,1.0,0.0,1.0,0.0,0.0,0.0,0.0,0.0,1.0,0.0,0.0,1.0,0.0,0.0,0.0,1.0,11.0,0.0,0.0,0.0,0.0,0.0,12.0,0.0,0.0,0.0,0.0,0.0,0.0,0.0,0.0,0.0,1.0,1.0,0.0,0.0,0.0,0.0,1.0,1.0,1.0,0.0,0.0,0.0,0.0,0.0,0.0,1.0,1.0,0.0,0.0,0.0,0.0,0.0,1.0,1.0,0.0,2427991035.0,16919.0,16919.0,21440.0,21440.0,21627.0,0.0,669.0,37878.0,28831.0,28725.0,257.0,0.0,0.0,0.0,1100.0,0.0,0.0,97.0,107.0,106.0,41.0,95.0,10168069280.0,0.0,45516257248.0,1002635067520.0,16175159648.0,0.0,0.0,8857.0,0.0,0.0,10757.0,212.0,11939.0
742,0.0,1.0,0.0,0.0,1.0,345600.0,1.0,1032750000.0,1.0,40800000.0,13.852339983,28555.0,5029.0,8151.0,40031.25,40687.5,41937.5,99.0,25.0,64.0,896.0,5000.0,0.0,25.0,1000000.0,950000.0,1.0,1.0,0.0,10.0,0.0,0.0,0.0,500.0,69293637.0,1433359405.0,1305445399.0,0.0,0.0,0.0,0.0,0.0,1.0,1.0,1.0,1.0,1.0,0.0,0.0,1.0,0.0,0.0,0.0,0.0,0.0,31.0,1.0,81923058.0,513964483.0,85240189.0,73902023.0,1461940205.0,7838.0,63058146970.0,0.0,1.0,1.0,0.0,1.0,0.0,0.0,1.0,1.0,1.0,1.0,2.0,1.0,0.0,0.0,0.0,2.0,0.0,0.0,1.0,1.0,3.0,50.0,50.0,1.0,0.0,0.0,0.0,0.0,0.0,0.0,0.0,0.0,0.0,0.0,2.0,2.0,0.0,1.0,1.0,0.0,1.0,0.0,0.0,0.0,0.0,0.0,1.0,0.0,0.0,1.0,0.0,0.0,0.0,1.0,11.0,0.0,0.0,0.0,0.0,0.0,12.0,0.0,0.0,0.0,0.0,0.0,0.0,0.0,0.0,0.0,1.0,1.0,0.0,0.0,0.0,0.0,1.0,1.0,1.0,0.0,0.0,0.0,0.0,0.0,0.0,1.0,1.0,0.0,0.0,0.0,0.0,0.0,1.0,1.0,0.0,2383918938.0,15723.0,15723.0,22874.0,22874.0,23107.0,0.0,627.0,38203.0,28911.0,28799.0,308.0,0.0,0.0,0.0,1021.0,0.0,0.0,103.0,113.0,112.0,46.0,101.0,8685579168.0,0.0,45018515488.0,917836788032.0,14398446880.0,0.0,0.0,7838.0,0.0,0.0,9677.0,224.0,10556.0
743,0.0,1.0,0.0,0.0,1.0,345600.0,1.0,1032750000.0,1.0,40800000.0,15.085410118099999,28670.0,4877.0,8152.0,39937.5,40625.0,41687.5,68.0,25.0,64.0,896.0,5000.0,0.0,25.0,1000000.0,950000.0,1.0,0.0,0.0,10.0,0.0,0.0,100.0,100.0,75036188.0,1482879622.0,1358135285.0,0.0,0.0,0.0,0.0,0.0,1.0,1.0,1.0,1.0,1.0,0.0,0.0,1.0,0.0,0.0,0.0,0.0,0.0,34.0,1.0,87067194.0,504457342.0,90394153.0,76304856.0,1501240354.0,9574.0,67737663572.0,0.0,1.0,1.0,0.0,1.0,0.0,0.0,1.0,1.0,1.0,1.0,2.0,1.0,0.0,0.0,0.0,2.0,0.0,0.0,1.0,1.0,3.0,50.0,50.0,1.0,0.0,0.0,0.0,0.0,0.0,0.0,0.0,0.0,0.0,0.0,2.0,2.0,0.0,1.0,1.0,0.0,1.0,0.0,0.0,0.0,0.0,0.0,1.0,0.0,0.0,1.0,0.0,0.0,0.0,1.0,11.0,0.0,0.0,0.0,0.0,0.0,12.0,0.0,0.0,0.0,0.0,0.0,0.0,0.0,0.0,0.0,1.0,1.0,0.0,0.0,0.0,0.0,1.0,1.0,1.0,0.0,0.0,0.0,0.0,0.0,0.0,1.0,1.0,0.0,0.0,0.0,0.0,0.0,1.0,1.0,0.0,2472907604.0,18169.0,18169.0,22960.0,22960.0,23171.0,0.0,607.0,39771.0,28579.0,28467.0,327.0,0.0,0.0,0.0,934.0,0.0,0.0,103.0,113.0,112.0,54.0,101.0,8931483584.0,2258240.0,48672862272.0,1065673418816.0,21897438752.0,0.0,0.0,9574.0,0.0,0.0,11378.0,224.0,12119.0
744,0.0,1.0,0.0,0.0,1.0,345600.0,1.0,1032750000.0,1.0,40800000.0,13.795262098299998,31415.0,5105.0,8913.0,40000.0,40687.5,41875.0,68.0,25.0,64.0,896.0,5000.0,0.0,25.0,1000000.0,950000.0,1.0,0.0,0.0,10.0,0.0,0.0,100.0,100.0,73099646.0,1472459422.0,1337572616.0,0.0,0.0,0.0,0.0,0.0,1.0,1.0,1.0,1.0,1.0,0.0,0.0,1.0,0.0,0.0,0.0,0.0,0.0,31.0,1.0,86959450.0,514011290.0,91109144.0,76383342.0,1527757876.0,8149.0,66240772998.0,0.0,1.0,1.0,0.0,1.0,0.0,0.0,1.0,1.0,1.0,1.0,2.0,1.0,0.0,0.0,0.0,2.0,0.0,0.0,1.0,1.0,3.0,50.0,50.0,1.0,0.0,0.0,0.0,0.0,0.0,0.0,0.0,0.0,0.0,0.0,2.0,2.0,0.0,1.0,1.0,0.0,1.0,0.0,0.0,0.0,0.0,0.0,1.0,0.0,0.0,1.0,0.0,0.0,0.0,1.0,11.0,0.0,0.0,0.0,0.0,0.0,12.0,0.0,0.0,0.0,0.0,0.0,0.0,0.0,0.0,0.0,1.0,1.0,0.0,0.0,0.0,0.0,1.0,1.0,1.0,0.0,0.0,0.0,0.0,0.0,0.0,1.0,1.0,0.0,0.0,0.0,0.0,0.0,1.0,1.0,0.0,2486472600.0,16178.0,16178.0,23779.0,23779.0,23942.0,0.0,672.0,41382.0,29591.0,29473.0,265.0,0.0,0.0,0.0,1025.0,0.0,0.0,109.0,119.0,118.0,53.0,107.0,9365829248.0,2798208.0,46633695072.0,1427602812000.0,14517896384.0,0.0,0.0,8149.0,0.0,0.0,9800.0,236.0,10962.0
745,0.0,1.0,0.0,0.0,1.0,345600.0,1.0,1032750000.0,1.0,40800000.0,14.4094798565,31643.0,5410.0,9067.0,40031.25,40750.0,41875.0,68.0,25.0,64.0,896.0,5000.0,0.0,25.0,1000000.0,950000.0,1.0,0.0,0.0,10.0,0.0,0.0,100.0,100.0,75928787.0,1458139969.0,1341701446.0,0.0,0.0,0.0,0.0,0.0,1.0,1.0,1.0,1.0,1.0,0.0,0.0,1.0,0.0,0.0,0.0,0.0,0.0,33.0,1.0,87374258.0,499476923.0,91612577.0,76940337.0,1491945007.0,8459.0,67269587280.0,0.0,1.0,1.0,0.0,1.0,0.0,0.0,1.0,1.0,1.0,1.0,2.0,1.0,0.0,0.0,0.0,2.0,0.0,0.0,1.0,1.0,3.0,50.0,50.0,1.0,0.0,0.0,0.0,0.0,0.0,0.0,0.0,0.0,0.0,0.0,2.0,2.0,0.0,1.0,1.0,0.0,1.0,0.0,0.0,0.0,0.0,0.0,1.0,0.0,0.0,1.0,0.0,0.0,0.0,1.0,11.0,0.0,0.0,0.0,0.0,0.0,12.0,0.0,0.0,0.0,0.0,0.0,0.0,0.0,0.0,0.0,1.0,1.0,0.0,0.0,0.0,0.0,1.0,1.0,1.0,0.0,0.0,0.0,0.0,0.0,0.0,1.0,1.0,0.0,0.0,0.0,0.0,0.0,1.0,1.0,0.0,2454754717.0,16690.0,16690.0,22241.0,22241.0,22454.0,0.0,666.0,40697.0,29852.0,29734.0,229.0,0.0,0.0,0.0,1047.0,0.0,0.0,109.0,119.0,118.0,57.0,107.0,7002206816.0,4030592.0,47402191136.0,827691187040.0,15568247424.0,0.0,0.0,8459.0,0.0,0.0,10227.0,236.0,11614.0
746,0.0,1.0,0.0,0.0,1.0,345600.0,1.0,1032750000.0,1.0,40800000.0,15.277522087100001,27983.0,4877.0,8076.0,40093.75,40750.0,41687.5,68.0,25.0,64.0,896.0,5000.0,0.0,25.0,1000000.0,950000.0,1.0,1.0,0.0,10.0,0.0,0.0,100.0,100.0,82361707.0,1542523405.0,1428762972.0,0.0,0.0,0.0,0.0,0.0,1.0,1.0,1.0,1.0,1.0,0.0,0.0,1.0,0.0,0.0,0.0,0.0,0.0,32.0,1.0,82962824.0,549640842.0,87770605.0,83663751.0,1576349095.0,12917.0,65802827574.0,0.0,1.0,1.0,0.0,1.0,0.0,0.0,1.0,1.0,1.0,1.0,2.0,1.0,0.0,0.0,0.0,2.0,0.0,0.0,1.0,1.0,3.0,50.0,50.0,1.0,0.0,0.0,0.0,0.0,0.0,0.0,0.0,0.0,0.0,0.0,2.0,2.0,0.0,1.0,1.0,0.0,1.0,0.0,0.0,0.0,0.0,0.0,1.0,0.0,0.0,1.0,0.0,0.0,0.0,1.0,11.0,0.0,0.0,0.0,0.0,0.0,12.0,0.0,0.0,0.0,0.0,0.0,0.0,0.0,0.0,0.0,1.0,1.0,0.0,0.0,0.0,0.0,1.0,1.0,1.0,0.0,0.0,0.0,0.0,0.0,0.0,1.0,1.0,0.0,0.0,0.0,0.0,0.0,1.0,1.0,0.0,2635240660.0,21299.0,21299.0,23027.0,23027.0,23210.0,0.0,617.0,40439.0,29367.0,29255.0,214.0,0.0,0.0,0.0,1018.0,0.0,0.0,103.0,113.0,112.0,47.0,101.0,8109690528.0,0.0,48150464480.0,1940883897632.0,20576900736.0,0.0,0.0,12917.0,0.0,0.0,14720.0,224.0,15985.0
747,0.0,1.0,0.0,0.0,1.0,345600.0,1.0,1032750000.0,1.0,40800000.0,14.516755104100001,28707.0,5029.0,7920.0,40000.0,40714.2857143,41714.2857143,68.0,25.0,64.0,896.0,5000.0,0.0,25.0,1000000.0,950000.0,1.0,1.0,0.0,10.0,0.0,0.0,100.0,100.0,66439023.0,1358601485.0,1243404257.0,0.0,0.0,0.0,0.0,0.0,1.0,1.0,1.0,1.0,1.0,0.0,0.0,1.0,0.0,0.0,0.0,0.0,0.0,32.0,1.0,83736972.0,509544476.0,88089977.0,70431459.0,1404169818.0,7231.0,60930274177.0,0.0,1.0,1.0,0.0,1.0,0.0,0.0,1.0,1.0,1.0,1.0,2.0,1.0,0.0,0.0,0.0,2.0,0.0,0.0,1.0,1.0,3.0,50.0,50.0,1.0,0.0,0.0,0.0,0.0,0.0,0.0,0.0,0.0,0.0,0.0,2.0,2.0,0.0,1.0,1.0,0.0,1.0,0.0,0.0,0.0,0.0,0.0,1.0,0.0,0.0,1.0,0.0,0.0,0.0,1.0,11.0,0.0,0.0,0.0,0.0,0.0,12.0,0.0,0.0,0.0,0.0,0.0,0.0,0.0,0.0,0.0,1.0,1.0,0.0,0.0,0.0,0.0,1.0,1.0,1.0,0.0,0.0,0.0,0.0,0.0,0.0,1.0,1.0,0.0,0.0,0.0,0.0,0.0,1.0,1.0,0.0,2344552819.0,15315.0,15315.0,21849.0,21849.0,22032.0,0.0,656.0,38448.0,28374.0,28268.0,261.0,0.0,0.0,0.0,1033.0,0.0,0.0,97.0,107.0,106.0,48.0,95.0,10777835040.0,1367648.0,44059566560.0,909949257824.0,14234510880.0,0.0,0.0,7231.0,0.0,0.0,8796.0,212.0,9919.0
748,0.0,1.0,0.0,0.0,1.0,345600.0,1.0,1032750000.0,1.0,40800000.0,13.858700037,28137.0,4800.0,7845.0,39937.5,40625.0,41687.5,68.0,25.0,64.0,896.0,5000.0,0.0,25.0,1000000.0,950000.0,1.0,1.0,0.0,10.0,0.0,0.0,100.0,100.0,73147935.0,1441649176.0,1328832888.0,0.0,0.0,0.0,0.0,0.0,1.0,1.0,1.0,1.0,1.0,0.0,0.0,1.0,0.0,0.0,0.0,0.0,0.0,31.0,1.0,92254424.0,526897097.0,92103388.0,78999792.0,1502752256.0,9636.0,64458315059.0,0.0,1.0,1.0,0.0,1.0,0.0,0.0,1.0,1.0,1.0,1.0,2.0,1.0,0.0,0.0,0.0,2.0,0.0,0.0,1.0,1.0,3.0,50.0,50.0,1.0,0.0,0.0,0.0,0.0,0.0,0.0,0.0,0.0,0.0,0.0,2.0,2.0,0.0,1.0,1.0,0.0,1.0,0.0,0.0,0.0,0.0,0.0,1.0,0.0,0.0,1.0,0.0,0.0,0.0,1.0,11.0,0.0,0.0,0.0,0.0,0.0,12.0,0.0,0.0,0.0,0.0,0.0,0.0,0.0,0.0,0.0,1.0,1.0,0.0,0.0,0.0,0.0,1.0,1.0,1.0,0.0,0.0,0.0,0.0,0.0,0.0,1.0,1.0,0.0,0.0,0.0,0.0,0.0,1.0,1.0,0.0,2506644969.0,18201.0,18201.0,24044.0,24044.0,24254.0,0.0,639.0,40300.0,29098.0,28986.0,257.0,0.0,0.0,0.0,1051.0,0.0,0.0,103.0,113.0,112.0,50.0,101.0,9410927360.0,0.0,47060728064.0,1040557299264.0,15366921632.0,0.0,0.0,9636.0,0.0,0.0,11511.0,224.0,12662.0
749,0.0,1.0,0.0,0.0,1.0,345600.0,1.0,1032750000.0,1.0,40800000.0,14.5562717915,28288.0,4495.0,7924.0,39928.5714286,40642.8571429,41714.2857143,87.0,25.0,64.0,896.0,5000.0,0.0,25.0,1000000.0,950000.0,1.0,0.0,0.0,10.0,0.0,0.0,100.0,500.0,76905826.0,1526679181.0,1413700199.0,0.0,0.0,0.0,0.0,0.0,1.0,1.0,1.0,1.0,1.0,0.0,0.0,1.0,0.0,0.0,0.0,0.0,0.0,33.0,1.0,77390664.0,538855971.0,78430526.0,80133937.0,1556955923.0,12105.0,63932278989.0,0.0,1.0,1.0,0.0,1.0,0.0,0.0,1.0,1.0,1.0,1.0,2.0,1.0,0.0,0.0,0.0,2.0,0.0,0.0,1.0,1.0,3.0,50.0,50.0,1.0,0.0,0.0,0.0,0.0,0.0,0.0,0.0,0.0,0.0,0.0,2.0,2.0,0.0,1.0,1.0,0.0,1.0,0.0,0.0,0.0,0.0,0.0,1.0,0.0,0.0,1.0,0.0,0.0,0.0,1.0,11.0,0.0,0.0,0.0,0.0,0.0,12.0,0.0,0.0,0.0,0.0,0.0,0.0,0.0,0.0,0.0,1.0,1.0,0.0,0.0,0.0,0.0,1.0,1.0,1.0,0.0,0.0,0.0,0.0,0.0,0.0,1.0,1.0,0.0,0.0,0.0,0.0,0.0,1.0,1.0,0.0,2599238668.0,20217.0,20217.0,23624.0,23624.0,23854.0,0.0,641.0,37978.0,28626.0,28520.0,286.0,0.0,0.0,0.0,1001.0,0.0,0.0,97.0,107.0,106.0,46.0,95.0,8771773312.0,11419744.0,47582781792.0,1188853244320.0,25693672128.0,0.0,0.0,12105.0,0.0,0.0,14035.0,212.0,14752.0
750,0.0,1.0,0.0,0.0,1.0,345600.0,1.0,1032750000.0,1.0,40800000.0,13.993649005899998,31718.0,5028.0,8837.0,39944.444444400004,40611.1111111,41777.77777780001,87.0,25.0,64.0,896.0,5000.0,0.0,25.0,1000000.0,950000.0,1.0,0.0,0.0,10.0,0.0,0.0,100.0,500.0,75387805.0,1491539366.0,1366672137.0,0.0,0.0,0.0,0.0,0.0,1.0,1.0,1.0,1.0,1.0,0.0,0.0,1.0,0.0,0.0,0.0,0.0,0.0,29.0,1.0,91889633.0,544861570.0,94095425.0,79627413.0,1521896564.0,8240.0,68508182651.0,0.0,1.0,1.0,0.0,1.0,0.0,0.0,1.0,1.0,1.0,1.0,2.0,1.0,0.0,0.0,0.0,2.0,0.0,0.0,1.0,1.0,3.0,50.0,50.0,1.0,0.0,0.0,0.0,0.0,0.0,0.0,0.0,0.0,0.0,0.0,2.0,2.0,0.0,1.0,1.0,0.0,1.0,0.0,0.0,0.0,0.0,0.0,1.0,0.0,0.0,1.0,0.0,0.0,0.0,1.0,11.0,0.0,0.0,0.0,0.0,0.0,12.0,0.0,0.0,0.0,0.0,0.0,0.0,0.0,0.0,0.0,1.0,1.0,0.0,0.0,0.0,0.0,1.0,1.0,1.0,0.0,0.0,0.0,0.0,0.0,0.0,1.0,1.0,0.0,0.0,0.0,0.0,0.0,1.0,1.0,0.0,2474555145.0,16989.0,16989.0,25513.0,25513.0,25726.0,0.0,803.0,43042.0,29834.0,29710.0,275.0,0.0,0.0,0.0,1141.0,0.0,0.0,115.0,125.0,124.0,58.0,113.0,9088183584.0,0.0,48662820576.0,913103310016.0,15150632000.0,0.0,0.0,8240.0,0.0,0.0,10089.0,248.0,11196.0
751,0.0,1.0,0.0,0.0,1.0,345600.0,1.0,1032750000.0,1.0,40800000.0,15.2024989128,31795.0,5182.0,9145.0,39833.3333333,40666.6666667,41555.555555599996,87.0,25.0,64.0,896.0,5000.0,0.0,25.0,1000000.0,950000.0,1.0,0.0,0.0,10.0,0.0,0.0,100.0,500.0,83207403.0,1585340132.0,1466970713.0,0.0,0.0,0.0,0.0,0.0,1.0,1.0,1.0,1.0,1.0,0.0,0.0,1.0,0.0,0.0,0.0,0.0,0.0,32.0,1.0,98424121.0,570164048.0,101695433.0,86979522.0,1631637775.0,11213.0,70077619300.0,0.0,1.0,1.0,0.0,1.0,0.0,0.0,1.0,1.0,1.0,1.0,2.0,1.0,0.0,0.0,0.0,2.0,0.0,0.0,1.0,1.0,3.0,50.0,50.0,1.0,0.0,0.0,0.0,0.0,0.0,0.0,0.0,0.0,0.0,0.0,2.0,2.0,0.0,1.0,1.0,0.0,1.0,0.0,0.0,0.0,0.0,0.0,1.0,0.0,0.0,1.0,0.0,0.0,0.0,1.0,11.0,0.0,0.0,0.0,0.0,0.0,12.0,0.0,0.0,0.0,0.0,0.0,0.0,0.0,0.0,0.0,1.0,1.0,0.0,0.0,0.0,0.0,1.0,1.0,1.0,0.0,0.0,0.0,0.0,0.0,0.0,1.0,1.0,0.0,0.0,0.0,0.0,0.0,1.0,1.0,0.0,2648746158.0,19820.0,19820.0,25208.0,25208.0,25451.0,0.0,774.0,43598.0,30396.0,30272.0,269.0,0.0,0.0,0.0,1182.0,0.0,0.0,115.0,125.0,124.0,52.0,113.0,9791344800.0,16130592.0,50122953632.0,1940350606976.0,19156426176.0,0.0,0.0,11213.0,0.0,0.0,13380.0,248.0,14444.0
752,0.0,1.0,0.0,0.0,1.0,345600.0,1.0,1032750000.0,1.0,40800000.0,14.339665889700001,24895.0,4191.0,7009.0,40000.0,40571.4285714,41571.4285714,71.0,25.0,64.0,896.0,5000.0,0.0,25.0,1000000.0,950000.0,1.0,1.0,0.0,10.0,0.0,0.0,100.0,500.0,67836091.0,1401843985.0,1284285208.0,0.0,0.0,0.0,0.0,0.0,1.0,1.0,1.0,1.0,1.0,0.0,0.0,1.0,0.0,0.0,0.0,0.0,0.0,32.0,1.0,77795920.0,498706282.0,80016086.0,70700473.0,1446199825.0,8503.0,62598720457.0,0.0,1.0,1.0,0.0,1.0,0.0,0.0,1.0,1.0,1.0,1.0,2.0,1.0,0.0,0.0,0.0,2.0,0.0,0.0,1.0,1.0,3.0,50.0,50.0,1.0,0.0,0.0,0.0,0.0,0.0,0.0,0.0,0.0,0.0,0.0,2.0,2.0,0.0,1.0,1.0,0.0,1.0,0.0,0.0,0.0,0.0,0.0,1.0,0.0,0.0,1.0,0.0,0.0,0.0,1.0,11.0,0.0,0.0,0.0,0.0,0.0,12.0,0.0,0.0,0.0,0.0,0.0,0.0,0.0,0.0,0.0,1.0,1.0,0.0,0.0,0.0,0.0,1.0,1.0,1.0,0.0,0.0,0.0,0.0,0.0,0.0,1.0,1.0,0.0,0.0,0.0,0.0,0.0,1.0,1.0,0.0,2392024885.0,16936.0,16936.0,24112.0,24112.0,24309.0,0.0,557.0,36837.0,28329.0,28229.0,310.0,0.0,0.0,0.0,905.0,0.0,0.0,91.0,101.0,100.0,42.0,89.0,8682668608.0,0.0,46962193824.0,1008177016864.0,18995963488.0,0.0,0.0,8503.0,0.0,0.0,10540.0,200.0,11485.0
753,0.0,1.0,0.0,0.0,1.0,345600.0,1.0,1032750000.0,1.0,40800000.0,14.724542140999999,26952.0,4115.0,6779.0,39833.3333333,40833.3333333,41583.3333333,71.0,25.0,64.0,896.0,5000.0,0.0,25.0,1000000.0,950000.0,1.0,1.0,0.0,10.0,0.0,0.0,100.0,500.0,67025321.0,1361868226.0,1239887286.0,0.0,0.0,0.0,0.0,0.0,1.0,1.0,1.0,1.0,1.0,0.0,0.0,1.0,0.0,0.0,0.0,0.0,0.0,34.0,1.0,73111994.0,468631848.0,75971680.0,68474960.0,1398817773.0,8000.0,61020335436.0,0.0,1.0,1.0,0.0,1.0,0.0,0.0,1.0,1.0,1.0,1.0,2.0,1.0,0.0,0.0,0.0,2.0,0.0,0.0,1.0,1.0,3.0,50.0,50.0,1.0,0.0,0.0,0.0,0.0,0.0,0.0,0.0,0.0,0.0,0.0,2.0,2.0,0.0,1.0,1.0,0.0,1.0,0.0,0.0,0.0,0.0,0.0,1.0,0.0,0.0,1.0,0.0,0.0,0.0,1.0,11.0,0.0,0.0,0.0,0.0,0.0,12.0,0.0,0.0,0.0,0.0,0.0,0.0,0.0,0.0,0.0,1.0,1.0,0.0,0.0,0.0,0.0,1.0,1.0,1.0,0.0,0.0,0.0,0.0,0.0,0.0,1.0,1.0,0.0,0.0,0.0,0.0,0.0,1.0,1.0,0.0,2341437578.0,15325.0,15325.0,21547.0,21547.0,21744.0,0.0,620.0,36805.0,28281.0,28187.0,273.0,0.0,0.0,0.0,941.0,0.0,0.0,85.0,95.0,94.0,35.0,83.0,7751028512.0,12597664.0,43196528928.0,1074375589408.0,22609609120.0,0.0,0.0,8000.0,0.0,0.0,9586.0,188.0,10415.0
754,0.0,1.0,0.0,0.0,1.0,345600.0,1.0,1032750000.0,1.0,40800000.0,14.8683049679,31643.0,5333.0,8914.0,40027.77777780001,40555.555555599996,41722.22222219999,71.0,25.0,64.0,896.0,5000.0,0.0,25.0,1000000.0,950000.0,1.0,1.0,0.0,10.0,0.0,0.0,100.0,500.0,75740920.0,1475555039.0,1357337980.0,0.0,0.0,0.0,0.0,0.0,1.0,1.0,1.0,1.0,1.0,0.0,0.0,1.0,0.0,0.0,0.0,0.0,0.0,36.0,1.0,88790063.0,532163074.0,92742505.0,76663637.0,1505163015.0,8511.0,66856431044.0,0.0,1.0,1.0,0.0,1.0,0.0,0.0,1.0,1.0,1.0,1.0,2.0,1.0,0.0,0.0,0.0,2.0,0.0,0.0,1.0,1.0,3.0,50.0,50.0,1.0,0.0,0.0,0.0,0.0,0.0,0.0,0.0,0.0,0.0,0.0,2.0,2.0,0.0,1.0,1.0,0.0,1.0,0.0,0.0,0.0,0.0,0.0,1.0,0.0,0.0,1.0,0.0,0.0,0.0,1.0,11.0,0.0,0.0,0.0,0.0,0.0,12.0,0.0,0.0,0.0,0.0,0.0,0.0,0.0,0.0,0.0,1.0,1.0,0.0,0.0,0.0,0.0,1.0,1.0,1.0,0.0,0.0,0.0,0.0,0.0,0.0,1.0,1.0,0.0,0.0,0.0,0.0,0.0,1.0,1.0,0.0,2468453452.0,16860.0,16860.0,24508.0,24508.0,24737.0,0.0,780.0,43013.0,30010.0,29886.0,285.0,0.0,0.0,0.0,1140.0,0.0,0.0,115.0,125.0,124.0,53.0,113.0,9413915712.0,0.0,48366826752.0,1054561518432.0,15337899136.0,0.0,0.0,8511.0,0.0,0.0,10437.0,248.0,11394.0
755,0.0,1.0,1.0,1.0,0.0,806400.0,1.0,1032750000.0,1.0,1600000000.0,0.11009383201600001,5068.0,685.0,1371.0,39750.0,42000.0,42000.0,84.0,25.0,64.0,896.0,5000.0,0.0,25.0,1000000.0,950000.0,1.0,0.0,0.0,10.0,0.0,0.0,0.0,100.0,18078372.0,552976891.0,544121864.0,0.0,0.0,0.0,0.0,0.0,1.0,1.0,1.0,1.0,1.0,0.0,0.0,1.0,0.0,0.0,0.0,0.0,0.0,27.0,1.0,14646949.0,262822985.0,14338065.0,18893326.0,551974808.0,348.0,2147759150.0,0.0,1.0,1.0,0.0,1.0,0.0,0.0,1.0,1.0,1.0,1.0,2.0,1.0,0.0,0.0,0.0,2.0,0.0,0.0,1.0,1.0,3.0,50.0,50.0,1.0,0.0,0.0,0.0,0.0,0.0,0.0,0.0,0.0,0.0,0.0,2.0,2.0,0.0,1.0,1.0,0.0,1.0,0.0,0.0,0.0,0.0,0.0,1.0,0.0,0.0,1.0,0.0,0.0,0.0,1.0,10.0,0.0,0.0,0.0,0.0,0.0,11.0,0.0,0.0,0.0,0.0,0.0,0.0,0.0,0.0,0.0,1.0,1.0,0.0,0.0,0.0,0.0,1.0,1.0,1.0,0.0,0.0,0.0,0.0,0.0,0.0,1.0,1.0,0.0,0.0,0.0,0.0,0.0,1.0,1.0,0.0,1249991710.0,360.0,360.0,1115.0,1115.0,1141.0,0.0,48.0,18341.0,20917.0,20897.0,37.0,0.0,0.0,0.0,43.0,0.0,0.0,19.0,21.0,20.0,5.0,17.0,9095232.0,0.0,1368946944.0,12398189216.0,46425504.0,0.0,0.0,348.0,0.0,0.0,431.0,40.0,543.0
756,0.0,1.0,1.0,1.0,0.0,806400.0,1.0,1032750000.0,1.0,1600000000.0,0.104335069656,5183.0,838.0,1371.0,40750.0,42000.0,42500.0,84.0,25.0,64.0,896.0,5000.0,0.0,25.0,1000000.0,950000.0,1.0,0.0,0.0,10.0,0.0,0.0,0.0,100.0,18208133.0,553517861.0,532875559.0,0.0,0.0,0.0,0.0,0.0,1.0,1.0,1.0,1.0,1.0,0.0,0.0,1.0,0.0,0.0,0.0,0.0,0.0,32.0,1.0,14767299.0,261895054.0,14436815.0,18327406.0,560666650.0,418.0,2193986175.0,0.0,1.0,1.0,0.0,1.0,0.0,0.0,1.0,1.0,1.0,1.0,2.0,1.0,0.0,0.0,0.0,2.0,0.0,0.0,1.0,1.0,3.0,50.0,50.0,1.0,0.0,0.0,0.0,0.0,0.0,0.0,0.0,0.0,0.0,0.0,2.0,2.0,0.0,1.0,1.0,0.0,1.0,0.0,0.0,0.0,0.0,0.0,1.0,0.0,0.0,1.0,0.0,0.0,0.0,1.0,11.0,0.0,0.0,0.0,0.0,0.0,12.0,0.0,0.0,0.0,0.0,0.0,0.0,0.0,0.0,0.0,1.0,1.0,0.0,0.0,0.0,0.0,1.0,1.0,1.0,0.0,0.0,0.0,0.0,0.0,0.0,1.0,1.0,0.0,0.0,0.0,0.0,0.0,1.0,1.0,0.0,1291966632.0,380.0,380.0,1012.0,1012.0,1042.0,0.0,47.0,18982.0,21002.0,20982.0,16.0,0.0,0.0,0.0,46.0,0.0,0.0,19.0,21.0,20.0,5.0,17.0,8115136.0,1592960.0,1341460896.0,13117963232.0,60735520.0,0.0,0.0,418.0,0.0,0.0,509.0,40.0,617.0
757,0.0,1.0,1.0,1.0,0.0,806400.0,1.0,1032750000.0,1.0,1600000000.0,0.10445690155,5259.0,838.0,1371.0,40000.0,41500.0,42000.0,84.0,25.0,64.0,896.0,5000.0,0.0,25.0,1000000.0,950000.0,1.0,0.0,0.0,10.0,0.0,0.0,0.0,100.0,18310040.0,554089291.0,551556775.0,0.0,0.0,0.0,0.0,0.0,1.0,1.0,1.0,1.0,1.0,0.0,0.0,1.0,0.0,0.0,0.0,0.0,0.0,32.0,1.0,14286388.0,263298820.0,13792373.0,19559225.0,566124867.0,522.0,2150332663.0,0.0,1.0,1.0,0.0,1.0,0.0,0.0,1.0,1.0,1.0,1.0,2.0,1.0,0.0,0.0,0.0,2.0,0.0,0.0,1.0,1.0,3.0,50.0,50.0,1.0,0.0,0.0,0.0,0.0,0.0,0.0,0.0,0.0,0.0,0.0,2.0,2.0,0.0,1.0,1.0,0.0,1.0,0.0,0.0,0.0,0.0,0.0,1.0,0.0,0.0,1.0,0.0,0.0,0.0,1.0,10.0,0.0,0.0,0.0,0.0,0.0,11.0,0.0,0.0,0.0,0.0,0.0,0.0,0.0,0.0,0.0,1.0,1.0,0.0,0.0,0.0,0.0,1.0,1.0,1.0,0.0,0.0,0.0,0.0,0.0,0.0,1.0,1.0,0.0,0.0,0.0,0.0,0.0,1.0,1.0,0.0,1283120611.0,398.0,398.0,1120.0,1120.0,1148.0,0.0,53.0,18958.0,21014.0,20994.0,70.0,0.0,0.0,0.0,49.0,0.0,0.0,19.0,21.0,20.0,4.0,17.0,23456416.0,0.0,1403838720.0,16174793632.0,59709312.0,0.0,0.0,522.0,0.0,0.0,631.0,40.0,705.0
758,0.0,1.0,1.0,1.0,0.0,806400.0,1.0,1032750000.0,1.0,1600000000.0,0.10840988159199999,5145.0,685.0,1295.0,40000.0,42000.0,42000.0,78.0,25.0,64.0,896.0,5000.0,0.0,25.0,1000000.0,950000.0,1.0,1.0,0.0,10.0,0.0,0.0,0.0,100.0,18223897.0,540285112.0,534002623.0,0.0,0.0,0.0,0.0,0.0,1.0,1.0,1.0,1.0,1.0,0.0,0.0,1.0,0.0,0.0,0.0,0.0,0.0,32.0,1.0,14283462.0,256660246.0,13948746.0,18226675.0,558976592.0,404.0,2146572327.0,0.0,1.0,1.0,0.0,1.0,0.0,0.0,1.0,1.0,1.0,1.0,2.0,1.0,0.0,0.0,0.0,2.0,0.0,0.0,1.0,1.0,3.0,50.0,50.0,1.0,0.0,0.0,0.0,0.0,0.0,0.0,0.0,0.0,0.0,0.0,2.0,2.0,0.0,1.0,1.0,0.0,1.0,0.0,0.0,0.0,0.0,0.0,1.0,0.0,0.0,1.0,0.0,0.0,0.0,1.0,10.0,0.0,0.0,0.0,0.0,0.0,11.0,0.0,0.0,0.0,0.0,0.0,0.0,0.0,0.0,0.0,1.0,1.0,0.0,0.0,0.0,0.0,1.0,1.0,1.0,0.0,0.0,0.0,0.0,0.0,0.0,1.0,1.0,0.0,0.0,0.0,0.0,0.0,1.0,1.0,0.0,1297341630.0,449.0,449.0,1120.0,1120.0,1144.0,0.0,46.0,18959.0,20983.0,20963.0,72.0,0.0,0.0,0.0,45.0,0.0,0.0,19.0,21.0,20.0,7.0,17.0,12573760.0,0.0,1405199872.0,18397539360.0,52389280.0,0.0,0.0,404.0,0.0,0.0,542.0,40.0,722.0
759,0.0,1.0,1.0,1.0,0.0,806400.0,1.0,1032750000.0,1.0,1600000000.0,0.101662874222,5183.0,761.0,1295.0,40000.0,41500.0,42000.0,78.0,25.0,64.0,896.0,5000.0,0.0,25.0,1000000.0,950000.0,1.0,1.0,0.0,10.0,0.0,0.0,0.0,100.0,18012161.0,559605627.0,542366798.0,0.0,0.0,0.0,0.0,0.0,1.0,1.0,1.0,1.0,1.0,0.0,0.0,1.0,0.0,0.0,0.0,0.0,0.0,30.0,1.0,13998445.0,250097505.0,14078470.0,18771214.0,575066134.0,530.0,2160864764.0,0.0,1.0,1.0,0.0,1.0,0.0,0.0,1.0,1.0,1.0,1.0,2.0,1.0,0.0,0.0,0.0,2.0,0.0,0.0,1.0,1.0,3.0,50.0,50.0,1.0,0.0,0.0,0.0,0.0,0.0,0.0,0.0,0.0,0.0,0.0,2.0,2.0,0.0,1.0,1.0,0.0,1.0,0.0,0.0,0.0,0.0,0.0,1.0,0.0,0.0,1.0,0.0,0.0,0.0,1.0,10.0,0.0,0.0,0.0,0.0,0.0,11.0,0.0,0.0,0.0,0.0,0.0,0.0,0.0,0.0,0.0,1.0,1.0,0.0,0.0,0.0,0.0,1.0,1.0,1.0,0.0,0.0,0.0,0.0,0.0,0.0,1.0,1.0,0.0,0.0,0.0,0.0,0.0,1.0,1.0,0.0,1309643799.0,451.0,451.0,1139.0,1139.0,1176.0,0.0,45.0,19352.0,21026.0,21006.0,51.0,0.0,0.0,0.0,45.0,0.0,0.0,19.0,21.0,20.0,8.0,17.0,20018624.0,0.0,1412842656.0,19347340096.0,91681376.0,0.0,0.0,530.0,0.0,0.0,672.0,40.0,755.0
760,0.0,1.0,1.0,1.0,0.0,806400.0,1.0,1032750000.0,1.0,1600000000.0,0.1052069664,5183.0,761.0,1371.0,40000.0,42000.0,42000.0,78.0,25.0,64.0,896.0,5000.0,0.0,25.0,1000000.0,950000.0,1.0,1.0,0.0,10.0,0.0,0.0,0.0,100.0,19363280.0,546070323.0,543755884.0,0.0,0.0,0.0,0.0,0.0,1.0,1.0,1.0,1.0,1.0,0.0,0.0,1.0,0.0,0.0,0.0,0.0,0.0,32.0,1.0,14298612.0,255432113.0,14180046.0,19275719.0,557799115.0,456.0,2177032544.0,0.0,1.0,1.0,0.0,1.0,0.0,0.0,1.0,1.0,1.0,1.0,2.0,1.0,0.0,0.0,0.0,2.0,0.0,0.0,1.0,1.0,3.0,50.0,50.0,1.0,0.0,0.0,0.0,0.0,0.0,0.0,0.0,0.0,0.0,0.0,2.0,2.0,0.0,1.0,1.0,0.0,1.0,0.0,0.0,0.0,0.0,0.0,1.0,0.0,0.0,1.0,0.0,0.0,0.0,1.0,10.0,0.0,0.0,0.0,0.0,0.0,11.0,0.0,0.0,0.0,0.0,0.0,0.0,0.0,0.0,0.0,1.0,1.0,0.0,0.0,0.0,0.0,1.0,1.0,1.0,0.0,0.0,0.0,0.0,0.0,0.0,1.0,1.0,0.0,0.0,0.0,0.0,0.0,1.0,1.0,0.0,1298563378.0,459.0,459.0,1079.0,1079.0,1108.0,0.0,57.0,18872.0,21011.0,20991.0,56.0,0.0,0.0,0.0,61.0,0.0,0.0,19.0,21.0,20.0,6.0,17.0,115272480.0,0.0,1392985024.0,15792823072.0,54620704.0,0.0,0.0,456.0,0.0,0.0,618.0,40.0,719.0
761,0.0,1.0,1.0,1.0,0.0,806400.0,1.0,1032750000.0,1.0,1600000000.0,0.10882306098899999,5221.0,761.0,1447.0,40250.0,42000.0,42500.0,85.0,25.0,64.0,896.0,5000.0,0.0,25.0,1000000.0,950000.0,1.0,0.0,0.0,10.0,0.0,0.0,0.0,500.0,18939052.0,552971024.0,535447639.0,0.0,0.0,0.0,0.0,0.0,1.0,1.0,1.0,1.0,1.0,0.0,0.0,1.0,0.0,0.0,0.0,0.0,0.0,34.0,1.0,14217876.0,258868732.0,13775564.0,18262306.0,564392719.0,354.0,2151819889.0,0.0,1.0,1.0,0.0,1.0,0.0,0.0,1.0,1.0,1.0,1.0,2.0,1.0,0.0,0.0,0.0,2.0,0.0,0.0,1.0,1.0,3.0,50.0,50.0,1.0,0.0,0.0,0.0,0.0,0.0,0.0,0.0,0.0,0.0,0.0,2.0,2.0,0.0,1.0,1.0,0.0,1.0,0.0,0.0,0.0,0.0,0.0,1.0,0.0,0.0,1.0,0.0,0.0,0.0,1.0,10.0,0.0,0.0,0.0,0.0,0.0,11.0,0.0,0.0,0.0,0.0,0.0,0.0,0.0,0.0,0.0,1.0,1.0,0.0,0.0,0.0,0.0,1.0,1.0,1.0,0.0,0.0,0.0,0.0,0.0,0.0,1.0,1.0,0.0,0.0,0.0,0.0,0.0,1.0,1.0,0.0,1289131298.0,348.0,348.0,1096.0,1096.0,1131.0,0.0,44.0,18343.0,20888.0,20868.0,39.0,0.0,0.0,0.0,33.0,0.0,0.0,19.0,21.0,20.0,5.0,17.0,7654368.0,0.0,1300265344.0,13210554080.0,50757120.0,0.0,0.0,354.0,0.0,0.0,412.0,40.0,540.0
762,0.0,1.0,1.0,1.0,0.0,806400.0,1.0,1032750000.0,1.0,1600000000.0,0.108109951019,5145.0,761.0,1371.0,41000.0,42500.0,42500.0,85.0,25.0,64.0,896.0,5000.0,0.0,25.0,1000000.0,950000.0,1.0,0.0,0.0,10.0,0.0,0.0,0.0,500.0,17391937.0,546610566.0,540253570.0,0.0,0.0,0.0,0.0,0.0,1.0,1.0,1.0,1.0,1.0,0.0,0.0,1.0,0.0,0.0,0.0,0.0,0.0,33.0,1.0,14000778.0,255212388.0,13723142.0,18403372.0,559349676.0,407.0,2151260756.0,0.0,1.0,1.0,0.0,1.0,0.0,0.0,1.0,1.0,1.0,1.0,2.0,1.0,0.0,0.0,0.0,2.0,0.0,0.0,1.0,1.0,3.0,50.0,50.0,1.0,0.0,0.0,0.0,0.0,0.0,0.0,0.0,0.0,0.0,0.0,2.0,2.0,0.0,1.0,1.0,0.0,1.0,0.0,0.0,0.0,0.0,0.0,1.0,0.0,0.0,1.0,0.0,0.0,0.0,1.0,11.0,0.0,0.0,0.0,0.0,0.0,12.0,0.0,0.0,0.0,0.0,0.0,0.0,0.0,0.0,0.0,1.0,1.0,0.0,0.0,0.0,0.0,1.0,1.0,1.0,0.0,0.0,0.0,0.0,0.0,0.0,1.0,1.0,0.0,0.0,0.0,0.0,0.0,1.0,1.0,0.0,1265736769.0,408.0,408.0,1162.0,1162.0,1195.0,0.0,56.0,18990.0,20915.0,20895.0,71.0,0.0,0.0,0.0,46.0,0.0,0.0,19.0,21.0,20.0,7.0,17.0,20523744.0,4518848.0,1388274368.0,29133781856.0,53977216.0,0.0,0.0,407.0,0.0,0.0,487.0,40.0,588.0
763,0.0,1.0,1.0,1.0,0.0,806400.0,1.0,1032750000.0,1.0,1600000000.0,0.10387611389200001,10633.0,1446.0,2666.0,41750.0,42500.0,42000.0,85.0,25.0,64.0,896.0,5000.0,0.0,25.0,1000000.0,950000.0,1.0,0.0,0.0,10.0,0.0,0.0,0.0,500.0,20350772.0,563844305.0,545937523.0,0.0,0.0,0.0,0.0,0.0,1.0,1.0,1.0,1.0,1.0,0.0,0.0,1.0,0.0,0.0,0.0,0.0,0.0,34.0,1.0,14539381.0,256056058.0,14169513.0,21099746.0,565276511.0,491.0,2232146511.0,0.0,1.0,1.0,0.0,1.0,0.0,0.0,1.0,1.0,1.0,1.0,2.0,1.0,0.0,0.0,0.0,2.0,0.0,0.0,1.0,1.0,3.0,50.0,50.0,1.0,0.0,0.0,0.0,0.0,0.0,0.0,0.0,0.0,0.0,0.0,2.0,2.0,0.0,1.0,1.0,0.0,1.0,0.0,0.0,0.0,0.0,0.0,1.0,0.0,0.0,1.0,0.0,0.0,0.0,1.0,10.0,0.0,0.0,0.0,0.0,0.0,11.0,0.0,0.0,0.0,0.0,0.0,0.0,0.0,0.0,0.0,1.0,1.0,0.0,0.0,0.0,0.0,1.0,1.0,1.0,0.0,0.0,0.0,0.0,0.0,0.0,1.0,1.0,0.0,0.0,0.0,0.0,0.0,1.0,1.0,0.0,1280702377.0,390.0,390.0,1233.0,1233.0,1265.0,0.0,67.0,20460.0,21450.0,21423.0,21.0,0.0,0.0,0.0,50.0,0.0,0.0,25.0,28.0,27.0,5.0,23.0,7521888.0,0.0,1407707264.0,12483084704.0,77997440.0,0.0,0.0,491.0,0.0,0.0,525.0,54.0,759.0
764,0.0,1.0,1.0,1.0,0.0,806400.0,1.0,1032750000.0,1.0,1600000000.0,0.109443902969,5183.0,761.0,1371.0,41250.0,42000.0,42500.0,78.0,25.0,64.0,896.0,5000.0,0.0,25.0,1000000.0,950000.0,1.0,1.0,0.0,10.0,0.0,0.0,0.0,500.0,19042799.0,548107388.0,537866657.0,0.0,0.0,0.0,0.0,0.0,1.0,1.0,1.0,1.0,1.0,0.0,0.0,1.0,0.0,0.0,0.0,0.0,0.0,34.0,1.0,14677501.0,255385343.0,14335875.0,18289650.0,560029675.0,484.0,2200622944.0,0.0,1.0,1.0,0.0,1.0,0.0,0.0,1.0,1.0,1.0,1.0,2.0,1.0,0.0,0.0,0.0,2.0,0.0,0.0,1.0,1.0,3.0,50.0,50.0,1.0,0.0,0.0,0.0,0.0,0.0,0.0,0.0,0.0,0.0,0.0,2.0,2.0,0.0,1.0,1.0,0.0,1.0,0.0,0.0,0.0,0.0,0.0,1.0,0.0,0.0,1.0,0.0,0.0,0.0,1.0,10.0,0.0,0.0,0.0,0.0,0.0,11.0,0.0,0.0,0.0,0.0,0.0,0.0,0.0,0.0,0.0,1.0,1.0,0.0,0.0,0.0,0.0,1.0,1.0,1.0,0.0,0.0,0.0,0.0,0.0,0.0,1.0,1.0,0.0,0.0,0.0,0.0,0.0,1.0,1.0,0.0,1316924437.0,428.0,428.0,1086.0,1086.0,1117.0,0.0,40.0,18698.0,21103.0,21083.0,34.0,0.0,0.0,0.0,37.0,0.0,0.0,19.0,21.0,20.0,7.0,17.0,8979552.0,0.0,1358274912.0,15379778816.0,81507040.0,0.0,0.0,484.0,0.0,0.0,605.0,40.0,756.0
765,0.0,1.0,1.0,1.0,0.0,806400.0,1.0,1032750000.0,1.0,1600000000.0,0.108222961426,10556.0,1523.0,2590.0,40000.0,42500.0,42500.0,78.0,25.0,64.0,896.0,5000.0,0.0,25.0,1000000.0,950000.0,1.0,1.0,0.0,10.0,0.0,0.0,0.0,500.0,20525673.0,569823566.0,561328687.0,0.0,0.0,0.0,0.0,0.0,1.0,1.0,1.0,1.0,1.0,0.0,0.0,1.0,0.0,0.0,0.0,0.0,0.0,34.0,1.0,14423755.0,267327503.0,13853166.0,21503307.0,566506389.0,528.0,2222970297.0,0.0,1.0,1.0,0.0,1.0,0.0,0.0,1.0,1.0,1.0,1.0,2.0,1.0,0.0,0.0,0.0,2.0,0.0,0.0,1.0,1.0,3.0,50.0,50.0,1.0,0.0,0.0,0.0,0.0,0.0,0.0,0.0,0.0,0.0,0.0,2.0,2.0,0.0,1.0,1.0,0.0,1.0,0.0,0.0,0.0,0.0,0.0,1.0,0.0,0.0,1.0,0.0,0.0,0.0,1.0,10.0,0.0,0.0,0.0,0.0,0.0,11.0,0.0,0.0,0.0,0.0,0.0,0.0,0.0,0.0,0.0,1.0,1.0,0.0,0.0,0.0,0.0,1.0,1.0,1.0,0.0,0.0,0.0,0.0,0.0,0.0,1.0,1.0,0.0,0.0,0.0,0.0,0.0,1.0,1.0,0.0,1294379406.0,415.0,415.0,1183.0,1183.0,1214.0,0.0,53.0,20419.0,21383.0,21356.0,102.0,0.0,0.0,0.0,47.0,0.0,0.0,25.0,28.0,27.0,3.0,23.0,115179456.0,0.0,1411463232.0,13767335360.0,65296736.0,0.0,0.0,528.0,0.0,0.0,663.0,54.0,837.0
766,0.0,1.0,1.0,1.0,0.0,806400.0,1.0,1032750000.0,1.0,1600000000.0,0.105520963669,5145.0,761.0,1371.0,41250.0,42500.0,42500.0,78.0,25.0,64.0,896.0,5000.0,0.0,25.0,1000000.0,950000.0,1.0,1.0,0.0,10.0,0.0,0.0,0.0,500.0,18467747.0,552085715.0,539415282.0,0.0,0.0,0.0,0.0,0.0,1.0,1.0,1.0,1.0,1.0,0.0,0.0,1.0,0.0,0.0,0.0,0.0,0.0,32.0,1.0,13840087.0,259017149.0,13680810.0,19011017.0,566742031.0,512.0,2163782984.0,0.0,1.0,1.0,0.0,1.0,0.0,0.0,1.0,1.0,1.0,1.0,2.0,1.0,0.0,0.0,0.0,2.0,0.0,0.0,1.0,1.0,3.0,50.0,50.0,1.0,0.0,0.0,0.0,0.0,0.0,0.0,0.0,0.0,0.0,0.0,2.0,2.0,0.0,1.0,1.0,0.0,1.0,0.0,0.0,0.0,0.0,0.0,1.0,0.0,0.0,1.0,0.0,0.0,0.0,1.0,11.0,0.0,0.0,0.0,0.0,0.0,12.0,0.0,0.0,0.0,0.0,0.0,0.0,0.0,0.0,0.0,1.0,1.0,0.0,0.0,0.0,0.0,1.0,1.0,1.0,0.0,0.0,0.0,0.0,0.0,0.0,1.0,1.0,0.0,0.0,0.0,0.0,0.0,1.0,1.0,0.0,1307492113.0,397.0,397.0,1048.0,1048.0,1075.0,0.0,43.0,18113.0,21041.0,21021.0,57.0,0.0,0.0,0.0,43.0,0.0,0.0,19.0,21.0,20.0,4.0,17.0,113125664.0,0.0,1391517984.0,17954093760.0,48901600.0,0.0,0.0,512.0,0.0,0.0,592.0,40.0,775.0
767,0.0,1.0,1.0,1.0,0.0,806400.0,1.0,1032750000.0,1.0,1600000000.0,0.10853600502,5145.0,838.0,1295.0,40500.0,41500.0,42500.0,82.0,25.0,64.0,896.0,5000.0,0.0,25.0,1000000.0,950000.0,1.0,0.0,0.0,10.0,0.0,0.0,100.0,100.0,18187535.0,560339250.0,536399389.0,0.0,0.0,0.0,0.0,0.0,1.0,1.0,1.0,1.0,1.0,0.0,0.0,1.0,0.0,0.0,0.0,0.0,0.0,32.0,1.0,14066458.0,253646520.0,13882354.0,18546846.0,561055678.0,404.0,2147157665.0,0.0,1.0,1.0,0.0,1.0,0.0,0.0,1.0,1.0,1.0,1.0,2.0,1.0,0.0,0.0,0.0,2.0,0.0,0.0,1.0,1.0,3.0,50.0,50.0,1.0,0.0,0.0,0.0,0.0,0.0,0.0,0.0,0.0,0.0,0.0,2.0,2.0,0.0,1.0,1.0,0.0,1.0,0.0,0.0,0.0,0.0,0.0,1.0,0.0,0.0,1.0,0.0,0.0,0.0,1.0,10.0,0.0,0.0,0.0,0.0,0.0,11.0,0.0,0.0,0.0,0.0,0.0,0.0,0.0,0.0,0.0,1.0,1.0,0.0,0.0,0.0,0.0,1.0,1.0,1.0,0.0,0.0,0.0,0.0,0.0,0.0,1.0,1.0,0.0,0.0,0.0,0.0,0.0,1.0,1.0,0.0,1274842411.0,430.0,430.0,1128.0,1128.0,1161.0,0.0,47.0,19129.0,20846.0,20826.0,126.0,0.0,0.0,0.0,45.0,0.0,0.0,19.0,21.0,20.0,5.0,17.0,22741312.0,0.0,1408466720.0,13782403104.0,56929664.0,0.0,0.0,404.0,0.0,0.0,580.0,40.0,676.0
768,0.0,1.0,1.0,1.0,0.0,806400.0,1.0,1032750000.0,1.0,1600000000.0,0.10420203208900002,5221.0,838.0,1295.0,41250.0,42000.0,42500.0,82.0,25.0,64.0,896.0,5000.0,0.0,25.0,1000000.0,950000.0,1.0,0.0,0.0,10.0,0.0,0.0,100.0,100.0,18790154.0,549929522.0,537797125.0,0.0,0.0,0.0,0.0,0.0,1.0,1.0,1.0,1.0,1.0,0.0,0.0,1.0,0.0,0.0,0.0,0.0,0.0,35.0,1.0,14092291.0,255092970.0,14056784.0,17346970.0,577380892.0,463.0,2213101479.0,0.0,1.0,1.0,0.0,1.0,0.0,0.0,1.0,1.0,1.0,1.0,2.0,1.0,0.0,0.0,0.0,2.0,0.0,0.0,1.0,1.0,3.0,50.0,50.0,1.0,0.0,0.0,0.0,0.0,0.0,0.0,0.0,0.0,0.0,0.0,2.0,2.0,0.0,1.0,1.0,0.0,1.0,0.0,0.0,0.0,0.0,0.0,1.0,0.0,0.0,1.0,0.0,0.0,0.0,1.0,11.0,0.0,0.0,0.0,0.0,0.0,12.0,0.0,0.0,0.0,0.0,0.0,0.0,0.0,0.0,0.0,1.0,1.0,0.0,0.0,0.0,0.0,1.0,1.0,1.0,0.0,0.0,0.0,0.0,0.0,0.0,1.0,1.0,0.0,0.0,0.0,0.0,0.0,1.0,1.0,0.0,1337434553.0,403.0,403.0,1065.0,1065.0,1089.0,0.0,51.0,19009.0,21047.0,21027.0,50.0,0.0,0.0,0.0,44.0,0.0,0.0,19.0,21.0,20.0,7.0,17.0,19999392.0,1538752.0,1372525888.0,17690485216.0,96628384.0,0.0,0.0,463.0,0.0,0.0,638.0,40.0,792.0
769,0.0,1.0,1.0,1.0,0.0,806400.0,1.0,1032750000.0,1.0,1600000000.0,0.104151010513,5107.0,761.0,1295.0,40750.0,42500.0,42500.0,82.0,25.0,64.0,896.0,5000.0,0.0,25.0,1000000.0,950000.0,1.0,0.0,0.0,10.0,0.0,0.0,100.0,100.0,18440245.0,543926100.0,545712255.0,0.0,0.0,0.0,0.0,0.0,1.0,1.0,1.0,1.0,1.0,0.0,0.0,1.0,0.0,0.0,0.0,0.0,0.0,33.0,1.0,14290771.0,263614678.0,13932009.0,18717863.0,556599640.0,411.0,2136169802.0,0.0,1.0,1.0,0.0,1.0,0.0,0.0,1.0,1.0,1.0,1.0,2.0,1.0,0.0,0.0,0.0,2.0,0.0,0.0,1.0,1.0,3.0,50.0,50.0,1.0,0.0,0.0,0.0,0.0,0.0,0.0,0.0,0.0,0.0,0.0,2.0,2.0,0.0,1.0,1.0,0.0,1.0,0.0,0.0,0.0,0.0,0.0,1.0,0.0,0.0,1.0,0.0,0.0,0.0,1.0,10.0,0.0,0.0,0.0,0.0,0.0,11.0,0.0,0.0,0.0,0.0,0.0,0.0,0.0,0.0,0.0,1.0,1.0,0.0,0.0,0.0,0.0,1.0,1.0,1.0,0.0,0.0,0.0,0.0,0.0,0.0,1.0,1.0,0.0,0.0,0.0,0.0,0.0,1.0,1.0,0.0,1297117722.0,409.0,409.0,1136.0,1136.0,1168.0,0.0,48.0,18985.0,21048.0,21028.0,37.0,0.0,0.0,0.0,52.0,0.0,0.0,19.0,21.0,20.0,7.0,17.0,12858752.0,0.0,1408082304.0,24954236960.0,47461120.0,0.0,0.0,411.0,0.0,0.0,520.0,40.0,599.0
770,0.0,1.0,1.0,1.0,0.0,806400.0,1.0,1032750000.0,1.0,1600000000.0,0.109027147293,5183.0,761.0,1371.0,40250.0,42500.0,42500.0,80.0,25.0,64.0,896.0,5000.0,0.0,25.0,1000000.0,950000.0,1.0,1.0,0.0,10.0,0.0,0.0,100.0,100.0,18467839.0,555493643.0,540296106.0,0.0,0.0,0.0,0.0,0.0,1.0,1.0,1.0,1.0,1.0,0.0,0.0,1.0,0.0,0.0,0.0,0.0,0.0,35.0,1.0,15065385.0,262664328.0,13904176.0,18877121.0,554140332.0,382.0,2142744123.0,0.0,1.0,1.0,0.0,1.0,0.0,0.0,1.0,1.0,1.0,1.0,2.0,1.0,0.0,0.0,0.0,2.0,0.0,0.0,1.0,1.0,3.0,50.0,50.0,1.0,0.0,0.0,0.0,0.0,0.0,0.0,0.0,0.0,0.0,0.0,2.0,2.0,0.0,1.0,1.0,0.0,1.0,0.0,0.0,0.0,0.0,0.0,1.0,0.0,0.0,1.0,0.0,0.0,0.0,1.0,11.0,0.0,0.0,0.0,0.0,0.0,12.0,0.0,0.0,0.0,0.0,0.0,0.0,0.0,0.0,0.0,1.0,1.0,0.0,0.0,0.0,0.0,1.0,1.0,1.0,0.0,0.0,0.0,0.0,0.0,0.0,1.0,1.0,0.0,0.0,0.0,0.0,0.0,1.0,1.0,0.0,1270479871.0,398.0,398.0,1152.0,1152.0,1182.0,0.0,50.0,18452.0,20934.0,20914.0,55.0,0.0,0.0,0.0,54.0,0.0,0.0,19.0,21.0,20.0,9.0,17.0,10781632.0,0.0,1341434624.0,12861486752.0,63589280.0,0.0,0.0,382.0,0.0,0.0,530.0,40.0,620.0
771,0.0,1.0,1.0,1.0,0.0,806400.0,1.0,1032750000.0,1.0,1600000000.0,0.108852148056,5068.0,761.0,1295.0,40250.0,42500.0,42500.0,80.0,25.0,64.0,896.0,5000.0,0.0,25.0,1000000.0,950000.0,1.0,1.0,0.0,10.0,0.0,0.0,100.0,100.0,17883970.0,560766107.0,548246646.0,0.0,0.0,0.0,0.0,0.0,1.0,1.0,1.0,1.0,1.0,0.0,0.0,1.0,0.0,0.0,0.0,0.0,0.0,35.0,1.0,14048859.0,251174591.0,13768661.0,19136796.0,551571014.0,432.0,2161821107.0,0.0,1.0,1.0,0.0,1.0,0.0,0.0,1.0,1.0,1.0,1.0,2.0,1.0,0.0,0.0,0.0,2.0,0.0,0.0,1.0,1.0,3.0,50.0,50.0,1.0,0.0,0.0,0.0,0.0,0.0,0.0,0.0,0.0,0.0,0.0,2.0,2.0,0.0,1.0,1.0,0.0,1.0,0.0,0.0,0.0,0.0,0.0,1.0,0.0,0.0,1.0,0.0,0.0,0.0,1.0,11.0,0.0,0.0,0.0,0.0,0.0,12.0,0.0,0.0,0.0,0.0,0.0,0.0,0.0,0.0,0.0,1.0,1.0,0.0,0.0,0.0,0.0,1.0,1.0,1.0,0.0,0.0,0.0,0.0,0.0,0.0,1.0,1.0,0.0,0.0,0.0,0.0,0.0,1.0,1.0,0.0,1273290671.0,373.0,373.0,1019.0,1019.0,1046.0,0.0,41.0,18795.0,20946.0,20926.0,26.0,0.0,0.0,0.0,29.0,0.0,0.0,19.0,21.0,20.0,4.0,17.0,11583424.0,1554816.0,1369366752.0,15856824960.0,110049632.0,0.0,0.0,432.0,0.0,0.0,493.0,40.0,559.0
772,0.0,1.0,1.0,1.0,0.0,806400.0,1.0,1032750000.0,1.0,1600000000.0,0.10479593277,10556.0,1523.0,2514.0,40250.0,42000.0,42500.0,80.0,25.0,64.0,896.0,5000.0,0.0,25.0,1000000.0,950000.0,1.0,1.0,0.0,10.0,0.0,0.0,100.0,100.0,20580885.0,578694261.0,564951198.0,0.0,0.0,0.0,0.0,0.0,1.0,1.0,1.0,1.0,1.0,0.0,0.0,1.0,0.0,0.0,0.0,0.0,0.0,32.0,1.0,14127142.0,267680404.0,13695237.0,21121963.0,576151421.0,569.0,2208441735.0,0.0,1.0,1.0,0.0,1.0,0.0,0.0,1.0,1.0,1.0,1.0,2.0,1.0,0.0,0.0,0.0,2.0,0.0,0.0,1.0,1.0,3.0,50.0,50.0,1.0,0.0,0.0,0.0,0.0,0.0,0.0,0.0,0.0,0.0,0.0,2.0,2.0,0.0,1.0,1.0,0.0,1.0,0.0,0.0,0.0,0.0,0.0,1.0,0.0,0.0,1.0,0.0,0.0,0.0,1.0,11.0,0.0,0.0,0.0,0.0,0.0,12.0,0.0,0.0,0.0,0.0,0.0,0.0,0.0,0.0,0.0,1.0,1.0,0.0,0.0,0.0,0.0,1.0,1.0,1.0,0.0,0.0,0.0,0.0,0.0,0.0,1.0,1.0,0.0,0.0,0.0,0.0,0.0,1.0,1.0,0.0,1274936401.0,487.0,487.0,1225.0,1225.0,1261.0,0.0,74.0,20589.0,21522.0,21495.0,143.0,0.0,0.0,0.0,70.0,0.0,0.0,25.0,28.0,27.0,8.0,23.0,25121856.0,0.0,1506712896.0,27827100256.0,77430688.0,0.0,0.0,569.0,0.0,0.0,832.0,54.0,1041.0
773,0.0,1.0,1.0,1.0,0.0,806400.0,1.0,1032750000.0,1.0,1600000000.0,0.103558063507,5221.0,685.0,1447.0,40250.0,42500.0,42500.0,95.0,25.0,64.0,896.0,5000.0,0.0,25.0,1000000.0,950000.0,1.0,0.0,0.0,10.0,0.0,0.0,100.0,500.0,17122640.0,550747532.0,538159055.0,0.0,0.0,0.0,0.0,0.0,1.0,1.0,1.0,1.0,1.0,0.0,0.0,1.0,0.0,0.0,0.0,0.0,0.0,34.0,1.0,14027220.0,251167549.0,13776737.0,18763665.0,562796774.0,342.0,2191502029.0,0.0,1.0,1.0,0.0,1.0,0.0,0.0,1.0,1.0,1.0,1.0,2.0,1.0,0.0,0.0,0.0,2.0,0.0,0.0,1.0,1.0,3.0,50.0,50.0,1.0,0.0,0.0,0.0,0.0,0.0,0.0,0.0,0.0,0.0,0.0,2.0,2.0,0.0,1.0,1.0,0.0,1.0,0.0,0.0,0.0,0.0,0.0,1.0,0.0,0.0,1.0,0.0,0.0,0.0,1.0,10.0,0.0,0.0,0.0,0.0,0.0,11.0,0.0,0.0,0.0,0.0,0.0,0.0,0.0,0.0,0.0,1.0,1.0,0.0,0.0,0.0,0.0,1.0,1.0,1.0,0.0,0.0,0.0,0.0,0.0,0.0,1.0,1.0,0.0,0.0,0.0,0.0,0.0,1.0,1.0,0.0,1291945298.0,363.0,363.0,1094.0,1094.0,1122.0,0.0,48.0,18271.0,20882.0,20862.0,169.0,0.0,0.0,0.0,35.0,0.0,0.0,19.0,21.0,20.0,2.0,17.0,16776544.0,0.0,1274459904.0,9026752992.0,47074080.0,0.0,0.0,342.0,0.0,0.0,509.0,40.0,645.0
774,0.0,1.0,1.0,1.0,0.0,806400.0,1.0,1032750000.0,1.0,1600000000.0,0.104674816132,5221.0,761.0,1371.0,40500.0,42500.0,42500.0,95.0,25.0,64.0,896.0,5000.0,0.0,25.0,1000000.0,950000.0,1.0,0.0,0.0,10.0,0.0,0.0,100.0,500.0,17353148.0,560020404.0,543458729.0,0.0,0.0,0.0,0.0,0.0,1.0,1.0,1.0,1.0,1.0,0.0,0.0,1.0,0.0,0.0,0.0,0.0,0.0,35.0,1.0,13950025.0,250671398.0,13689265.0,19009210.0,558488474.0,419.0,2152570681.0,0.0,1.0,1.0,0.0,1.0,0.0,0.0,1.0,1.0,1.0,1.0,2.0,1.0,0.0,0.0,0.0,2.0,0.0,0.0,1.0,1.0,3.0,50.0,50.0,1.0,0.0,0.0,0.0,0.0,0.0,0.0,0.0,0.0,0.0,0.0,2.0,2.0,0.0,1.0,1.0,0.0,1.0,0.0,0.0,0.0,0.0,0.0,1.0,0.0,0.0,1.0,0.0,0.0,0.0,1.0,11.0,0.0,0.0,0.0,0.0,0.0,12.0,0.0,0.0,0.0,0.0,0.0,0.0,0.0,0.0,0.0,1.0,1.0,0.0,0.0,0.0,0.0,1.0,1.0,1.0,0.0,0.0,0.0,0.0,0.0,0.0,1.0,1.0,0.0,0.0,0.0,0.0,0.0,1.0,1.0,0.0,1291421381.0,362.0,362.0,1111.0,1111.0,1143.0,0.0,49.0,18781.0,21004.0,20984.0,40.0,0.0,0.0,0.0,43.0,0.0,0.0,19.0,21.0,20.0,4.0,17.0,9128832.0,1517216.0,1337086496.0,25736857632.0,39589312.0,0.0,0.0,419.0,0.0,0.0,518.0,40.0,616.0
775,0.0,1.0,1.0,1.0,0.0,806400.0,1.0,1032750000.0,1.0,1600000000.0,0.103611946106,5259.0,838.0,1371.0,40250.0,42500.0,42500.0,95.0,25.0,64.0,896.0,5000.0,0.0,25.0,1000000.0,950000.0,1.0,0.0,0.0,10.0,0.0,0.0,100.0,500.0,18504084.0,556813092.0,544793663.0,0.0,0.0,0.0,0.0,0.0,1.0,1.0,1.0,1.0,1.0,0.0,0.0,1.0,0.0,0.0,0.0,0.0,0.0,35.0,1.0,14334719.0,256264526.0,13788894.0,18771587.0,565068299.0,403.0,2167166268.0,0.0,1.0,1.0,0.0,1.0,0.0,0.0,1.0,1.0,1.0,1.0,2.0,1.0,0.0,0.0,0.0,2.0,0.0,0.0,1.0,1.0,3.0,50.0,50.0,1.0,0.0,0.0,0.0,0.0,0.0,0.0,0.0,0.0,0.0,0.0,2.0,2.0,0.0,1.0,1.0,0.0,1.0,0.0,0.0,0.0,0.0,0.0,1.0,0.0,0.0,1.0,0.0,0.0,0.0,1.0,11.0,0.0,0.0,0.0,0.0,0.0,12.0,0.0,0.0,0.0,0.0,0.0,0.0,0.0,0.0,0.0,1.0,1.0,0.0,0.0,0.0,0.0,1.0,1.0,1.0,0.0,0.0,0.0,0.0,0.0,0.0,1.0,1.0,0.0,0.0,0.0,0.0,0.0,1.0,1.0,0.0,1279887236.0,380.0,380.0,1144.0,1144.0,1175.0,0.0,51.0,18741.0,20911.0,20891.0,34.0,0.0,0.0,0.0,42.0,0.0,0.0,19.0,21.0,20.0,7.0,17.0,15615488.0,0.0,1332351648.0,10840749760.0,38212960.0,0.0,0.0,403.0,0.0,0.0,469.0,40.0,617.0
776,0.0,1.0,1.0,1.0,0.0,806400.0,1.0,1032750000.0,1.0,1600000000.0,0.108686923981,5183.0,838.0,1295.0,40500.0,42500.0,42500.0,100.0,25.0,64.0,896.0,5000.0,0.0,25.0,1000000.0,950000.0,1.0,1.0,0.0,10.0,0.0,0.0,100.0,500.0,18053727.0,561867643.0,528096029.0,0.0,0.0,0.0,0.0,0.0,1.0,1.0,1.0,1.0,1.0,0.0,0.0,1.0,0.0,0.0,0.0,0.0,0.0,34.0,1.0,13976926.0,249691812.0,14172973.0,18285011.0,563194974.0,444.0,2185893284.0,0.0,1.0,1.0,0.0,1.0,0.0,0.0,1.0,1.0,1.0,1.0,2.0,1.0,0.0,0.0,0.0,2.0,0.0,0.0,1.0,1.0,3.0,50.0,50.0,1.0,0.0,0.0,0.0,0.0,0.0,0.0,0.0,0.0,0.0,0.0,2.0,2.0,0.0,1.0,1.0,0.0,1.0,0.0,0.0,0.0,0.0,0.0,1.0,0.0,0.0,1.0,0.0,0.0,0.0,1.0,10.0,0.0,0.0,0.0,0.0,0.0,11.0,0.0,0.0,0.0,0.0,0.0,0.0,0.0,0.0,0.0,1.0,1.0,0.0,0.0,0.0,0.0,1.0,1.0,1.0,0.0,0.0,0.0,0.0,0.0,0.0,1.0,1.0,0.0,0.0,0.0,0.0,0.0,1.0,1.0,0.0,1339343258.0,378.0,378.0,1064.0,1064.0,1093.0,0.0,54.0,18961.0,21002.0,20982.0,19.0,0.0,0.0,0.0,52.0,0.0,0.0,19.0,21.0,20.0,4.0,17.0,8772640.0,0.0,1363454944.0,22190379616.0,79246752.0,0.0,0.0,444.0,0.0,0.0,536.0,40.0,626.0
777,0.0,1.0,1.0,1.0,0.0,806400.0,1.0,1032750000.0,1.0,1600000000.0,0.104737043381,10556.0,1523.0,2514.0,40750.0,42500.0,42500.0,100.0,25.0,64.0,896.0,5000.0,0.0,25.0,1000000.0,950000.0,1.0,1.0,0.0,10.0,0.0,0.0,100.0,500.0,20167686.0,551569642.0,546613124.0,0.0,0.0,0.0,0.0,0.0,1.0,1.0,1.0,1.0,1.0,0.0,0.0,1.0,0.0,0.0,0.0,0.0,0.0,33.0,1.0,14214237.0,267542859.0,14059272.0,20852527.0,579341679.0,553.0,2233609610.0,0.0,1.0,1.0,0.0,1.0,0.0,0.0,1.0,1.0,1.0,1.0,2.0,1.0,0.0,0.0,0.0,2.0,0.0,0.0,1.0,1.0,3.0,50.0,50.0,1.0,0.0,0.0,0.0,0.0,0.0,0.0,0.0,0.0,0.0,0.0,2.0,2.0,0.0,1.0,1.0,0.0,1.0,0.0,0.0,0.0,0.0,0.0,1.0,0.0,0.0,1.0,0.0,0.0,0.0,1.0,11.0,0.0,0.0,0.0,0.0,0.0,12.0,0.0,0.0,0.0,0.0,0.0,0.0,0.0,0.0,0.0,1.0,1.0,0.0,0.0,0.0,0.0,1.0,1.0,1.0,0.0,0.0,0.0,0.0,0.0,0.0,1.0,1.0,0.0,0.0,0.0,0.0,0.0,1.0,1.0,0.0,1335907730.0,415.0,415.0,1269.0,1269.0,1302.0,0.0,59.0,20731.0,21488.0,21461.0,75.0,0.0,0.0,0.0,50.0,0.0,0.0,25.0,28.0,27.0,10.0,23.0,121768544.0,1525600.0,1502949856.0,30286581248.0,64136544.0,0.0,0.0,553.0,0.0,0.0,737.0,54.0,894.0
778,0.0,1.0,1.0,1.0,0.0,806400.0,1.0,1032750000.0,1.0,1600000000.0,0.10893201828,5183.0,761.0,1371.0,41500.0,42500.0,42500.0,100.0,25.0,64.0,896.0,5000.0,0.0,25.0,1000000.0,950000.0,1.0,1.0,0.0,10.0,0.0,0.0,100.0,500.0,18782242.0,567720268.0,571364115.0,0.0,0.0,0.0,0.0,0.0,1.0,1.0,1.0,1.0,1.0,0.0,0.0,1.0,0.0,0.0,0.0,0.0,0.0,31.0,1.0,14568103.0,258200194.0,14223682.0,19148933.0,577860070.0,500.0,2312722809.0,0.0,1.0,1.0,0.0,1.0,0.0,0.0,1.0,1.0,1.0,1.0,2.0,1.0,0.0,0.0,0.0,2.0,0.0,0.0,1.0,1.0,3.0,50.0,50.0,1.0,0.0,0.0,0.0,0.0,0.0,0.0,0.0,0.0,0.0,0.0,2.0,2.0,0.0,1.0,1.0,0.0,1.0,0.0,0.0,0.0,0.0,0.0,1.0,0.0,0.0,1.0,0.0,0.0,0.0,1.0,10.0,0.0,0.0,0.0,0.0,0.0,11.0,0.0,0.0,0.0,0.0,0.0,0.0,0.0,0.0,0.0,1.0,1.0,0.0,0.0,0.0,0.0,1.0,1.0,1.0,0.0,0.0,0.0,0.0,0.0,0.0,1.0,1.0,0.0,0.0,0.0,0.0,0.0,1.0,1.0,0.0,1284493918.0,403.0,403.0,1114.0,1114.0,1146.0,0.0,50.0,18797.0,21071.0,21051.0,37.0,0.0,0.0,0.0,44.0,0.0,0.0,19.0,21.0,20.0,10.0,17.0,10601792.0,0.0,1362463840.0,8203039680.0,118773856.0,0.0,0.0,500.0,0.0,0.0,564.0,40.0,751.0
779,0.0,1.0,1.0,0.0,0.0,499200.0,1.0,229500000.0,1.0,1331200000.0,0.34055900573700004,14862.0,1294.0,3503.0,40750.0,41500.0,42500.0,97.0,25.0,64.0,896.0,5000.0,0.0,25.0,1000000.0,950000.0,1.0,0.0,0.0,10.0,0.0,0.0,0.0,100.0,23584632.0,599114772.0,586322204.0,0.0,0.0,0.0,0.0,0.0,1.0,1.0,1.0,1.0,1.0,0.0,0.0,1.0,0.0,0.0,0.0,0.0,0.0,31.0,1.0,14642693.0,269740717.0,14705691.0,23877255.0,616033908.0,692.0,2457229589.0,0.0,1.0,1.0,0.0,1.0,0.0,0.0,1.0,1.0,1.0,1.0,2.0,1.0,0.0,0.0,0.0,2.0,0.0,0.0,1.0,1.0,3.0,50.0,50.0,1.0,0.0,0.0,0.0,0.0,0.0,0.0,0.0,0.0,0.0,0.0,2.0,2.0,0.0,1.0,1.0,0.0,1.0,0.0,0.0,0.0,0.0,0.0,1.0,0.0,0.0,1.0,0.0,0.0,0.0,1.0,10.0,0.0,0.0,0.0,0.0,0.0,11.0,0.0,0.0,0.0,0.0,0.0,0.0,0.0,0.0,0.0,1.0,1.0,0.0,0.0,0.0,0.0,1.0,1.0,1.0,0.0,0.0,0.0,0.0,0.0,0.0,1.0,1.0,0.0,0.0,0.0,0.0,0.0,1.0,1.0,0.0,1394452670.0,628.0,628.0,1379.0,1379.0,1418.0,0.0,88.0,22688.0,22263.0,22222.0,62.0,0.0,0.0,0.0,109.0,0.0,0.0,37.0,42.0,41.0,10.0,35.0,230457152.0,0.0,1782861440.0,24166561344.0,341618240.0,0.0,0.0,692.0,0.0,0.0,917.0,82.0,1220.0
780,0.0,1.0,1.0,0.0,0.0,499200.0,1.0,229500000.0,1.0,1331200000.0,0.333841085434,15091.0,1217.0,4189.0,40916.6666667,41500.0,42500.0,97.0,25.0,64.0,896.0,5000.0,0.0,25.0,1000000.0,950000.0,1.0,0.0,0.0,10.0,0.0,0.0,0.0,100.0,28098575.0,628019080.0,607269102.0,0.0,0.0,0.0,0.0,0.0,1.0,1.0,1.0,1.0,1.0,0.0,0.0,1.0,0.0,0.0,0.0,0.0,0.0,27.0,1.0,15643266.0,279560453.0,15240461.0,28422815.0,639224116.0,834.0,2564421211.0,0.0,1.0,1.0,0.0,1.0,0.0,0.0,1.0,1.0,1.0,1.0,2.0,1.0,0.0,0.0,0.0,2.0,0.0,0.0,1.0,1.0,3.0,50.0,50.0,1.0,0.0,0.0,0.0,0.0,0.0,0.0,0.0,0.0,0.0,0.0,2.0,2.0,0.0,1.0,1.0,0.0,1.0,0.0,0.0,0.0,0.0,0.0,1.0,0.0,0.0,1.0,0.0,0.0,0.0,1.0,11.0,0.0,0.0,0.0,0.0,0.0,12.0,0.0,0.0,0.0,0.0,0.0,0.0,0.0,0.0,0.0,1.0,1.0,0.0,0.0,0.0,0.0,1.0,1.0,1.0,0.0,0.0,0.0,0.0,0.0,0.0,1.0,1.0,0.0,0.0,0.0,0.0,0.0,1.0,1.0,0.0,1387152071.0,557.0,557.0,1460.0,1460.0,1505.0,0.0,105.0,24357.0,22846.0,22798.0,77.0,0.0,0.0,0.0,86.0,0.0,0.0,43.0,49.0,48.0,12.0,41.0,229734272.0,0.0,1834060352.0,28226084288.0,206714496.0,0.0,0.0,834.0,0.0,0.0,1023.0,96.0,1188.0
781,0.0,1.0,1.0,0.0,0.0,499200.0,1.0,229500000.0,1.0,1331200000.0,0.340166091919,15244.0,1294.0,4113.0,40333.3333333,41500.0,42500.0,97.0,25.0,64.0,896.0,5000.0,0.0,25.0,1000000.0,950000.0,1.0,0.0,0.0,10.0,0.0,0.0,0.0,100.0,27146693.0,629978873.0,600379452.0,0.0,0.0,0.0,0.0,0.0,1.0,1.0,1.0,1.0,1.0,0.0,0.0,1.0,0.0,0.0,0.0,0.0,0.0,32.0,1.0,15394344.0,282544242.0,14658389.0,27585501.0,648841297.0,969.0,2537794043.0,0.0,1.0,1.0,0.0,1.0,0.0,0.0,1.0,1.0,1.0,1.0,2.0,1.0,0.0,0.0,0.0,2.0,0.0,0.0,1.0,1.0,3.0,50.0,50.0,1.0,0.0,0.0,0.0,0.0,0.0,0.0,0.0,0.0,0.0,0.0,2.0,2.0,0.0,1.0,1.0,0.0,1.0,0.0,0.0,0.0,0.0,0.0,1.0,0.0,0.0,1.0,0.0,0.0,0.0,1.0,11.0,0.0,0.0,0.0,0.0,0.0,12.0,0.0,0.0,0.0,0.0,0.0,0.0,0.0,0.0,0.0,1.0,1.0,0.0,0.0,0.0,0.0,1.0,1.0,1.0,0.0,0.0,0.0,0.0,0.0,0.0,1.0,1.0,0.0,0.0,0.0,0.0,0.0,1.0,1.0,0.0,1413235162.0,609.0,609.0,1410.0,1410.0,1451.0,0.0,106.0,24371.0,22889.0,22841.0,110.0,0.0,0.0,0.0,91.0,0.0,0.0,43.0,49.0,48.0,7.0,41.0,38130528.0,0.0,1824271744.0,28009981760.0,230612160.0,0.0,0.0,969.0,0.0,0.0,1157.0,96.0,1597.0
782,0.0,1.0,1.0,0.0,0.0,499200.0,1.0,229500000.0,1.0,1331200000.0,0.341216802597,14900.0,1294.0,3580.0,41083.3333333,41500.0,42500.0,73.0,25.0,64.0,896.0,5000.0,0.0,25.0,1000000.0,950000.0,1.0,1.0,0.0,10.0,0.0,0.0,0.0,100.0,28704070.0,629377176.0,627837203.0,0.0,0.0,0.0,0.0,0.0,1.0,1.0,1.0,1.0,1.0,0.0,0.0,1.0,0.0,0.0,0.0,0.0,0.0,31.0,1.0,15807100.0,290458877.0,14876361.0,28066989.0,631691944.0,1049.0,2479143335.0,0.0,1.0,1.0,0.0,1.0,0.0,0.0,1.0,1.0,1.0,1.0,2.0,1.0,0.0,0.0,0.0,2.0,0.0,0.0,1.0,1.0,3.0,50.0,50.0,1.0,0.0,0.0,0.0,0.0,0.0,0.0,0.0,0.0,0.0,0.0,2.0,2.0,0.0,1.0,1.0,0.0,1.0,0.0,0.0,0.0,0.0,0.0,1.0,0.0,0.0,1.0,0.0,0.0,0.0,1.0,11.0,0.0,0.0,0.0,0.0,0.0,12.0,0.0,0.0,0.0,0.0,0.0,0.0,0.0,0.0,0.0,1.0,1.0,0.0,0.0,0.0,0.0,1.0,1.0,1.0,0.0,0.0,0.0,0.0,0.0,0.0,1.0,1.0,0.0,0.0,0.0,0.0,0.0,1.0,1.0,0.0,1391098066.0,763.0,763.0,1560.0,1560.0,1605.0,0.0,99.0,25076.0,22834.0,22786.0,172.0,0.0,0.0,0.0,96.0,0.0,0.0,43.0,49.0,48.0,10.0,41.0,240394528.0,0.0,1978252224.0,49185010432.0,274157312.0,0.0,0.0,1049.0,0.0,0.0,1352.0,96.0,1627.0
783,0.0,1.0,1.0,0.0,0.0,499200.0,1.0,229500000.0,1.0,1331200000.0,0.33697891235399996,9832.0,837.0,2513.0,40666.6666667,41500.0,42500.0,73.0,25.0,64.0,896.0,5000.0,0.0,25.0,1000000.0,950000.0,1.0,1.0,0.0,10.0,0.0,0.0,0.0,100.0,24366453.0,608344615.0,596065825.0,0.0,0.0,0.0,0.0,0.0,1.0,1.0,1.0,1.0,1.0,0.0,0.0,1.0,0.0,0.0,0.0,0.0,0.0,32.0,1.0,14823422.0,285748973.0,14167522.0,25457293.0,621986269.0,672.0,2458561586.0,0.0,1.0,1.0,0.0,1.0,0.0,0.0,1.0,1.0,1.0,1.0,2.0,1.0,0.0,0.0,0.0,2.0,0.0,0.0,1.0,1.0,3.0,50.0,50.0,1.0,0.0,0.0,0.0,0.0,0.0,0.0,0.0,0.0,0.0,0.0,2.0,2.0,0.0,1.0,1.0,0.0,1.0,0.0,0.0,0.0,0.0,0.0,1.0,0.0,0.0,1.0,0.0,0.0,0.0,1.0,10.0,0.0,0.0,0.0,0.0,0.0,11.0,0.0,0.0,0.0,0.0,0.0,0.0,0.0,0.0,0.0,1.0,1.0,0.0,0.0,0.0,0.0,1.0,1.0,1.0,0.0,0.0,0.0,0.0,0.0,0.0,1.0,1.0,0.0,0.0,0.0,0.0,0.0,1.0,1.0,0.0,1351183365.0,527.0,527.0,1405.0,1405.0,1441.0,0.0,75.0,22174.0,22219.0,22178.0,42.0,0.0,0.0,0.0,83.0,0.0,0.0,37.0,42.0,41.0,10.0,35.0,218547040.0,0.0,1752979392.0,21974014432.0,164543712.0,0.0,0.0,672.0,0.0,0.0,807.0,82.0,1114.0
784,0.0,1.0,1.0,0.0,0.0,499200.0,1.0,229500000.0,1.0,1331200000.0,0.334036111832,13680.0,1218.0,3581.0,40750.0,41166.6666667,42500.0,73.0,25.0,64.0,896.0,5000.0,0.0,25.0,1000000.0,950000.0,1.0,1.0,0.0,10.0,0.0,0.0,0.0,100.0,27470312.0,613742187.0,608546275.0,0.0,0.0,0.0,0.0,0.0,1.0,1.0,1.0,1.0,1.0,0.0,0.0,1.0,0.0,0.0,0.0,0.0,0.0,30.0,1.0,15712614.0,294580411.0,15249649.0,27820758.0,625300762.0,997.0,2563894674.0,0.0,1.0,1.0,0.0,1.0,0.0,0.0,1.0,1.0,1.0,1.0,2.0,1.0,0.0,0.0,0.0,2.0,0.0,0.0,1.0,1.0,3.0,50.0,50.0,1.0,0.0,0.0,0.0,0.0,0.0,0.0,0.0,0.0,0.0,0.0,2.0,2.0,0.0,1.0,1.0,0.0,1.0,0.0,0.0,0.0,0.0,0.0,1.0,0.0,0.0,1.0,0.0,0.0,0.0,1.0,11.0,0.0,0.0,0.0,0.0,0.0,12.0,0.0,0.0,0.0,0.0,0.0,0.0,0.0,0.0,0.0,1.0,1.0,0.0,0.0,0.0,0.0,1.0,1.0,1.0,0.0,0.0,0.0,0.0,0.0,0.0,1.0,1.0,0.0,0.0,0.0,0.0,0.0,1.0,1.0,0.0,1416984783.0,688.0,688.0,1530.0,1530.0,1574.0,0.0,107.0,24184.0,22807.0,22759.0,212.0,0.0,0.0,0.0,111.0,0.0,0.0,43.0,49.0,48.0,10.0,41.0,273016032.0,0.0,1983887392.0,39749211488.0,279866784.0,0.0,0.0,997.0,0.0,0.0,1324.0,96.0,1704.0
785,0.0,1.0,1.0,0.0,0.0,499200.0,1.0,229500000.0,1.0,1331200000.0,0.341286897659,13530.0,1294.0,3581.0,41000.0,41500.0,42500.0,81.0,25.0,64.0,896.0,5000.0,0.0,25.0,1000000.0,950000.0,1.0,0.0,0.0,10.0,0.0,0.0,0.0,500.0,26713470.0,621046867.0,606586619.0,0.0,0.0,0.0,0.0,0.0,1.0,1.0,1.0,1.0,1.0,0.0,0.0,1.0,0.0,0.0,0.0,0.0,0.0,32.0,1.0,15468389.0,277155713.0,15262182.0,26763707.0,640504238.0,952.0,2553483506.0,0.0,1.0,1.0,0.0,1.0,0.0,0.0,1.0,1.0,1.0,1.0,2.0,1.0,0.0,0.0,0.0,2.0,0.0,0.0,1.0,1.0,3.0,50.0,50.0,1.0,0.0,0.0,0.0,0.0,0.0,0.0,0.0,0.0,0.0,0.0,2.0,2.0,0.0,1.0,1.0,0.0,1.0,0.0,0.0,0.0,0.0,0.0,1.0,0.0,0.0,1.0,0.0,0.0,0.0,1.0,11.0,0.0,0.0,0.0,0.0,0.0,12.0,0.0,0.0,0.0,0.0,0.0,0.0,0.0,0.0,0.0,1.0,1.0,0.0,0.0,0.0,0.0,1.0,1.0,1.0,0.0,0.0,0.0,0.0,0.0,0.0,1.0,1.0,0.0,0.0,0.0,0.0,0.0,1.0,1.0,0.0,1407599831.0,633.0,633.0,1557.0,1557.0,1610.0,0.0,117.0,25100.0,23068.0,23020.0,58.0,0.0,0.0,0.0,132.0,0.0,0.0,43.0,49.0,48.0,13.0,41.0,123150720.0,0.0,1991196768.0,29149455808.0,307680928.0,0.0,0.0,952.0,0.0,0.0,1246.0,96.0,1598.0
786,0.0,1.0,1.0,0.0,0.0,499200.0,1.0,229500000.0,1.0,1331200000.0,0.334600925446,13644.0,1294.0,3963.0,40416.6666667,41500.0,42500.0,81.0,25.0,64.0,896.0,5000.0,0.0,25.0,1000000.0,950000.0,1.0,0.0,0.0,10.0,0.0,0.0,0.0,500.0,27665684.0,624404360.0,597880790.0,0.0,0.0,0.0,0.0,0.0,1.0,1.0,1.0,1.0,1.0,0.0,0.0,1.0,0.0,0.0,0.0,0.0,0.0,32.0,1.0,15544260.0,288619690.0,15185114.0,26582927.0,642605291.0,894.0,2543892331.0,0.0,1.0,1.0,0.0,1.0,0.0,0.0,1.0,1.0,1.0,1.0,2.0,1.0,0.0,0.0,0.0,2.0,0.0,0.0,1.0,1.0,3.0,50.0,50.0,1.0,0.0,0.0,0.0,0.0,0.0,0.0,0.0,0.0,0.0,0.0,2.0,2.0,0.0,1.0,1.0,0.0,1.0,0.0,0.0,0.0,0.0,0.0,1.0,0.0,0.0,1.0,0.0,0.0,0.0,1.0,10.0,0.0,0.0,0.0,0.0,0.0,11.0,0.0,0.0,0.0,0.0,0.0,0.0,0.0,0.0,0.0,1.0,1.0,0.0,0.0,0.0,0.0,1.0,1.0,1.0,0.0,0.0,0.0,0.0,0.0,0.0,1.0,1.0,0.0,0.0,0.0,0.0,0.0,1.0,1.0,0.0,1410849065.0,622.0,622.0,1435.0,1435.0,1473.0,0.0,96.0,23937.0,22829.0,22781.0,69.0,0.0,0.0,0.0,95.0,0.0,0.0,43.0,49.0,48.0,5.0,41.0,235933600.0,0.0,1921566496.0,26704793280.0,365286336.0,0.0,0.0,894.0,0.0,0.0,1099.0,96.0,1275.0
787,0.0,1.0,1.0,0.0,0.0,499200.0,1.0,229500000.0,1.0,1331200000.0,0.335999011993,18331.0,1751.0,5029.0,40583.3333333,41500.0,42500.0,81.0,25.0,64.0,896.0,5000.0,0.0,25.0,1000000.0,950000.0,1.0,0.0,0.0,10.0,0.0,0.0,0.0,500.0,28880981.0,641435265.0,617844603.0,0.0,0.0,0.0,0.0,0.0,1.0,1.0,1.0,1.0,1.0,0.0,0.0,1.0,0.0,0.0,0.0,0.0,0.0,33.0,1.0,15755724.0,287081803.0,15439477.0,28858200.0,641486620.0,993.0,2594608757.0,0.0,1.0,1.0,0.0,1.0,0.0,0.0,1.0,1.0,1.0,1.0,2.0,1.0,0.0,0.0,0.0,2.0,0.0,0.0,1.0,1.0,3.0,50.0,50.0,1.0,0.0,0.0,0.0,0.0,0.0,0.0,0.0,0.0,0.0,0.0,2.0,2.0,0.0,1.0,1.0,0.0,1.0,0.0,0.0,0.0,0.0,0.0,1.0,0.0,0.0,1.0,0.0,0.0,0.0,1.0,11.0,0.0,0.0,0.0,0.0,0.0,12.0,0.0,0.0,0.0,0.0,0.0,0.0,0.0,0.0,0.0,1.0,1.0,0.0,0.0,0.0,0.0,1.0,1.0,1.0,0.0,0.0,0.0,0.0,0.0,0.0,1.0,1.0,0.0,0.0,0.0,0.0,0.0,1.0,1.0,0.0,1382474739.0,607.0,607.0,1482.0,1482.0,1519.0,0.0,125.0,26190.0,23306.0,23252.0,108.0,0.0,0.0,0.0,122.0,0.0,0.0,49.0,55.0,54.0,8.0,47.0,130203808.0,185408.0,1937119808.0,26098038176.0,236723936.0,0.0,0.0,993.0,0.0,0.0,1254.0,108.0,1648.0
788,0.0,1.0,1.0,0.0,0.0,499200.0,1.0,229500000.0,1.0,1331200000.0,0.334027051926,9032.0,837.0,2515.0,41000.0,41500.0,42500.0,77.0,25.0,64.0,896.0,5000.0,0.0,25.0,1000000.0,950000.0,1.0,1.0,0.0,10.0,0.0,0.0,0.0,500.0,22141852.0,608651119.0,570705466.0,0.0,0.0,0.0,0.0,0.0,1.0,1.0,1.0,1.0,1.0,0.0,0.0,1.0,0.0,0.0,0.0,0.0,0.0,35.0,1.0,14912073.0,264945298.0,14634745.0,24052726.0,604000134.0,741.0,2433935445.0,0.0,1.0,1.0,0.0,1.0,0.0,0.0,1.0,1.0,1.0,1.0,2.0,1.0,0.0,0.0,0.0,2.0,0.0,0.0,1.0,1.0,3.0,50.0,50.0,1.0,0.0,0.0,0.0,0.0,0.0,0.0,0.0,0.0,0.0,0.0,2.0,2.0,0.0,1.0,1.0,0.0,1.0,0.0,0.0,0.0,0.0,0.0,1.0,0.0,0.0,1.0,0.0,0.0,0.0,1.0,11.0,0.0,0.0,0.0,0.0,0.0,12.0,0.0,0.0,0.0,0.0,0.0,0.0,0.0,0.0,0.0,1.0,1.0,0.0,0.0,0.0,0.0,1.0,1.0,1.0,0.0,0.0,0.0,0.0,0.0,0.0,1.0,1.0,0.0,0.0,0.0,0.0,0.0,1.0,1.0,0.0,1339945210.0,627.0,627.0,1274.0,1274.0,1302.0,0.0,74.0,21146.0,22084.0,22050.0,76.0,0.0,0.0,0.0,74.0,0.0,0.0,31.0,35.0,34.0,5.0,29.0,228632640.0,0.0,1725847616.0,27315688544.0,238855840.0,0.0,0.0,741.0,0.0,0.0,881.0,68.0,1225.0
789,0.0,1.0,1.0,0.0,0.0,499200.0,1.0,229500000.0,1.0,1331200000.0,0.33363103866599997,8919.0,837.0,2362.0,40250.0,41500.0,42500.0,77.0,25.0,64.0,896.0,5000.0,0.0,25.0,1000000.0,950000.0,1.0,1.0,0.0,10.0,0.0,0.0,0.0,500.0,23307998.0,578283368.0,575250439.0,0.0,0.0,0.0,0.0,0.0,1.0,1.0,1.0,1.0,1.0,0.0,0.0,1.0,0.0,0.0,0.0,0.0,0.0,32.0,1.0,15035019.0,263081858.0,14597667.0,22906535.0,604044128.0,740.0,2330526896.0,0.0,1.0,1.0,0.0,1.0,0.0,0.0,1.0,1.0,1.0,1.0,2.0,1.0,0.0,0.0,0.0,2.0,0.0,0.0,1.0,1.0,3.0,50.0,50.0,1.0,0.0,0.0,0.0,0.0,0.0,0.0,0.0,0.0,0.0,0.0,2.0,2.0,0.0,1.0,1.0,0.0,1.0,0.0,0.0,0.0,0.0,0.0,1.0,0.0,0.0,1.0,0.0,0.0,0.0,1.0,11.0,0.0,0.0,0.0,0.0,0.0,12.0,0.0,0.0,0.0,0.0,0.0,0.0,0.0,0.0,0.0,1.0,1.0,0.0,0.0,0.0,0.0,1.0,1.0,1.0,0.0,0.0,0.0,0.0,0.0,0.0,1.0,1.0,0.0,0.0,0.0,0.0,0.0,1.0,1.0,0.0,1374490573.0,643.0,643.0,1379.0,1379.0,1417.0,0.0,82.0,21766.0,21880.0,21846.0,93.0,0.0,0.0,0.0,75.0,0.0,0.0,31.0,35.0,34.0,6.0,29.0,139641504.0,0.0,1773374304.0,18645510112.0,373555648.0,0.0,0.0,740.0,0.0,0.0,904.0,68.0,1118.0
790,0.0,1.0,1.0,0.0,0.0,499200.0,1.0,229500000.0,1.0,1331200000.0,0.334053993225,13682.0,1218.0,3811.0,40812.5,41375.0,42500.0,77.0,25.0,64.0,896.0,5000.0,0.0,25.0,1000000.0,950000.0,1.0,1.0,0.0,10.0,0.0,0.0,0.0,500.0,28930830.0,627033958.0,631180279.0,0.0,0.0,0.0,0.0,0.0,1.0,1.0,1.0,1.0,1.0,0.0,0.0,1.0,0.0,0.0,0.0,0.0,0.0,33.0,1.0,15047959.0,287258380.0,15118754.0,28944383.0,640254723.0,1054.0,2633945516.0,0.0,1.0,1.0,0.0,1.0,0.0,0.0,1.0,1.0,1.0,1.0,2.0,1.0,0.0,0.0,0.0,2.0,0.0,0.0,1.0,1.0,3.0,50.0,50.0,1.0,0.0,0.0,0.0,0.0,0.0,0.0,0.0,0.0,0.0,0.0,2.0,2.0,0.0,1.0,1.0,0.0,1.0,0.0,0.0,0.0,0.0,0.0,1.0,0.0,0.0,1.0,0.0,0.0,0.0,1.0,10.0,0.0,0.0,0.0,0.0,0.0,11.0,0.0,0.0,0.0,0.0,0.0,0.0,0.0,0.0,0.0,1.0,1.0,0.0,0.0,0.0,0.0,1.0,1.0,1.0,0.0,0.0,0.0,0.0,0.0,0.0,1.0,1.0,0.0,0.0,0.0,0.0,0.0,1.0,1.0,0.0,1431506196.0,647.0,647.0,1628.0,1628.0,1674.0,0.0,134.0,26140.0,23313.0,23258.0,98.0,0.0,0.0,0.0,105.0,0.0,0.0,49.0,56.0,55.0,13.0,47.0,38319456.0,0.0,2019551200.0,26778930336.0,374858368.0,0.0,0.0,1054.0,0.0,0.0,1277.0,110.0,1707.0
791,0.0,1.0,1.0,0.0,0.0,499200.0,1.0,229500000.0,1.0,1331200000.0,0.34340405464199997,13340.0,1294.0,3276.0,40833.3333333,41333.3333333,42500.0,99.0,25.0,64.0,896.0,5000.0,0.0,25.0,1000000.0,950000.0,1.0,0.0,0.0,10.0,0.0,0.0,100.0,100.0,27702258.0,634570443.0,601227110.0,0.0,0.0,0.0,0.0,0.0,1.0,1.0,1.0,1.0,1.0,0.0,0.0,1.0,0.0,0.0,0.0,0.0,0.0,32.0,1.0,15140418.0,278534001.0,15233572.0,28125730.0,639895697.0,1016.0,2544947237.0,0.0,1.0,1.0,0.0,1.0,0.0,0.0,1.0,1.0,1.0,1.0,2.0,1.0,0.0,0.0,0.0,2.0,0.0,0.0,1.0,1.0,3.0,50.0,50.0,1.0,0.0,0.0,0.0,0.0,0.0,0.0,0.0,0.0,0.0,0.0,2.0,2.0,0.0,1.0,1.0,0.0,1.0,0.0,0.0,0.0,0.0,0.0,1.0,0.0,0.0,1.0,0.0,0.0,0.0,1.0,10.0,0.0,0.0,0.0,0.0,0.0,11.0,0.0,0.0,0.0,0.0,0.0,0.0,0.0,0.0,0.0,1.0,1.0,0.0,0.0,0.0,0.0,1.0,1.0,1.0,0.0,0.0,0.0,0.0,0.0,0.0,1.0,1.0,0.0,0.0,0.0,0.0,0.0,1.0,1.0,0.0,1421960654.0,692.0,692.0,1669.0,1669.0,1716.0,0.0,85.0,24551.0,22856.0,22808.0,230.0,0.0,0.0,0.0,100.0,0.0,0.0,43.0,49.0,48.0,19.0,41.0,248092416.0,0.0,2083185216.0,32252945440.0,317755872.0,0.0,0.0,1016.0,0.0,0.0,1384.0,96.0,1815.0
792,0.0,1.0,1.0,0.0,0.0,499200.0,1.0,229500000.0,1.0,1331200000.0,0.331022024155,14405.0,1294.0,4266.0,40833.3333333,41500.0,42500.0,99.0,25.0,64.0,896.0,5000.0,0.0,25.0,1000000.0,950000.0,1.0,0.0,0.0,10.0,0.0,0.0,100.0,100.0,28677169.0,620282412.0,622930217.0,0.0,0.0,0.0,0.0,0.0,1.0,1.0,1.0,1.0,1.0,0.0,0.0,1.0,0.0,0.0,0.0,0.0,0.0,32.0,1.0,15635154.0,290486358.0,15989721.0,26699316.0,632047964.0,907.0,2672242038.0,0.0,1.0,1.0,0.0,1.0,0.0,0.0,1.0,1.0,1.0,1.0,2.0,1.0,0.0,0.0,0.0,2.0,0.0,0.0,1.0,1.0,3.0,50.0,50.0,1.0,0.0,0.0,0.0,0.0,0.0,0.0,0.0,0.0,0.0,0.0,2.0,2.0,0.0,1.0,1.0,0.0,1.0,0.0,0.0,0.0,0.0,0.0,1.0,0.0,0.0,1.0,0.0,0.0,0.0,1.0,10.0,0.0,0.0,0.0,0.0,0.0,11.0,0.0,0.0,0.0,0.0,0.0,0.0,0.0,0.0,0.0,1.0,1.0,0.0,0.0,0.0,0.0,1.0,1.0,1.0,0.0,0.0,0.0,0.0,0.0,0.0,1.0,1.0,0.0,0.0,0.0,0.0,0.0,1.0,1.0,0.0,1422212342.0,645.0,645.0,1561.0,1561.0,1609.0,0.0,121.0,24775.0,22707.0,22659.0,100.0,0.0,0.0,0.0,99.0,0.0,0.0,43.0,49.0,48.0,12.0,41.0,335482720.0,0.0,1984301536.0,32389341152.0,217392992.0,0.0,0.0,907.0,0.0,0.0,1083.0,96.0,1398.0
793,0.0,1.0,1.0,0.0,0.0,499200.0,1.0,229500000.0,1.0,1331200000.0,0.332803964615,18408.0,1751.0,4953.0,40500.0,41500.0,42500.0,99.0,25.0,64.0,896.0,5000.0,0.0,25.0,1000000.0,950000.0,1.0,0.0,0.0,10.0,0.0,0.0,100.0,100.0,29714803.0,635059730.0,625026669.0,0.0,0.0,0.0,0.0,0.0,1.0,1.0,1.0,1.0,1.0,0.0,0.0,1.0,0.0,0.0,0.0,0.0,0.0,34.0,1.0,15645671.0,285224587.0,15405842.0,28285306.0,618745680.0,1009.0,2614368168.0,0.0,1.0,1.0,0.0,1.0,0.0,0.0,1.0,1.0,1.0,1.0,2.0,1.0,0.0,0.0,0.0,2.0,0.0,0.0,1.0,1.0,3.0,50.0,50.0,1.0,0.0,0.0,0.0,0.0,0.0,0.0,0.0,0.0,0.0,0.0,2.0,2.0,0.0,1.0,1.0,0.0,1.0,0.0,0.0,0.0,0.0,0.0,1.0,0.0,0.0,1.0,0.0,0.0,0.0,1.0,10.0,0.0,0.0,0.0,0.0,0.0,11.0,0.0,0.0,0.0,0.0,0.0,0.0,0.0,0.0,0.0,1.0,1.0,0.0,0.0,0.0,0.0,1.0,1.0,1.0,0.0,0.0,0.0,0.0,0.0,0.0,1.0,1.0,0.0,0.0,0.0,0.0,0.0,1.0,1.0,0.0,1398914604.0,604.0,604.0,1508.0,1508.0,1541.0,0.0,117.0,25106.0,23162.0,23108.0,93.0,0.0,0.0,0.0,105.0,0.0,0.0,49.0,55.0,54.0,10.0,47.0,226978976.0,0.0,1922217248.0,29378255200.0,345105088.0,0.0,0.0,1009.0,0.0,0.0,1204.0,108.0,1582.0
794,0.0,1.0,1.0,0.0,0.0,499200.0,1.0,229500000.0,1.0,1331200000.0,0.345067024231,13301.0,1218.0,3200.0,41000.0,41500.0,42500.0,78.0,25.0,64.0,896.0,5000.0,0.0,25.0,1000000.0,950000.0,1.0,1.0,0.0,10.0,0.0,0.0,100.0,100.0,25421088.0,605414962.0,591493663.0,0.0,0.0,0.0,0.0,0.0,1.0,1.0,1.0,1.0,1.0,0.0,0.0,1.0,0.0,0.0,0.0,0.0,0.0,31.0,1.0,15226916.0,274713849.0,14640962.0,26178298.0,605849227.0,891.0,2397216093.0,0.0,1.0,1.0,0.0,1.0,0.0,0.0,1.0,1.0,1.0,1.0,2.0,1.0,0.0,0.0,0.0,2.0,0.0,0.0,1.0,1.0,3.0,50.0,50.0,1.0,0.0,0.0,0.0,0.0,0.0,0.0,0.0,0.0,0.0,0.0,2.0,2.0,0.0,1.0,1.0,0.0,1.0,0.0,0.0,0.0,0.0,0.0,1.0,0.0,0.0,1.0,0.0,0.0,0.0,1.0,10.0,0.0,0.0,0.0,0.0,0.0,11.0,0.0,0.0,0.0,0.0,0.0,0.0,0.0,0.0,0.0,1.0,1.0,0.0,0.0,0.0,0.0,1.0,1.0,1.0,0.0,0.0,0.0,0.0,0.0,0.0,1.0,1.0,0.0,0.0,0.0,0.0,0.0,1.0,1.0,0.0,1370418583.0,646.0,646.0,1472.0,1472.0,1514.0,0.0,102.0,23337.0,22506.0,22465.0,170.0,0.0,0.0,0.0,82.0,0.0,0.0,37.0,42.0,41.0,13.0,35.0,235949920.0,0.0,1955226752.0,79121256416.0,239961408.0,0.0,0.0,891.0,0.0,0.0,1180.0,82.0,1350.0
795,0.0,1.0,1.0,0.0,0.0,499200.0,1.0,229500000.0,1.0,1331200000.0,0.340183973312,13416.0,1294.0,3429.0,40750.0,41500.0,42500.0,78.0,25.0,64.0,896.0,5000.0,0.0,25.0,1000000.0,950000.0,1.0,1.0,0.0,10.0,0.0,0.0,100.0,100.0,25575190.0,613767078.0,605496628.0,0.0,0.0,0.0,0.0,0.0,1.0,1.0,1.0,1.0,1.0,0.0,0.0,1.0,0.0,0.0,0.0,0.0,0.0,32.0,1.0,14860580.0,277967633.0,14628736.0,26548849.0,623285696.0,901.0,2446846182.0,0.0,1.0,1.0,0.0,1.0,0.0,0.0,1.0,1.0,1.0,1.0,2.0,1.0,0.0,0.0,0.0,2.0,0.0,0.0,1.0,1.0,3.0,50.0,50.0,1.0,0.0,0.0,0.0,0.0,0.0,0.0,0.0,0.0,0.0,0.0,2.0,2.0,0.0,1.0,1.0,0.0,1.0,0.0,0.0,0.0,0.0,0.0,1.0,0.0,0.0,1.0,0.0,0.0,0.0,1.0,10.0,0.0,0.0,0.0,0.0,0.0,11.0,0.0,0.0,0.0,0.0,0.0,0.0,0.0,0.0,0.0,1.0,1.0,0.0,0.0,0.0,0.0,1.0,1.0,1.0,0.0,0.0,0.0,0.0,0.0,0.0,1.0,1.0,0.0,0.0,0.0,0.0,0.0,1.0,1.0,0.0,1380741839.0,651.0,651.0,1528.0,1528.0,1567.0,0.0,105.0,23410.0,22444.0,22403.0,124.0,0.0,0.0,0.0,103.0,0.0,0.0,37.0,42.0,41.0,16.0,35.0,339128864.0,0.0,1906824384.0,26385830080.0,318728256.0,0.0,0.0,901.0,0.0,0.0,1139.0,82.0,1320.0
796,0.0,1.0,1.0,0.0,0.0,499200.0,1.0,229500000.0,1.0,1331200000.0,0.33407902717599997,13454.0,1294.0,3428.0,40750.0,41500.0,42500.0,78.0,25.0,64.0,896.0,5000.0,0.0,25.0,1000000.0,950000.0,1.0,1.0,0.0,10.0,0.0,0.0,100.0,100.0,24446077.0,606096936.0,587467040.0,0.0,0.0,0.0,0.0,0.0,1.0,1.0,1.0,1.0,1.0,0.0,0.0,1.0,0.0,0.0,0.0,0.0,0.0,33.0,1.0,15133439.0,276608590.0,15126056.0,25716469.0,624002490.0,877.0,2522494384.0,0.0,1.0,1.0,0.0,1.0,0.0,0.0,1.0,1.0,1.0,1.0,2.0,1.0,0.0,0.0,0.0,2.0,0.0,0.0,1.0,1.0,3.0,50.0,50.0,1.0,0.0,0.0,0.0,0.0,0.0,0.0,0.0,0.0,0.0,0.0,2.0,2.0,0.0,1.0,1.0,0.0,1.0,0.0,0.0,0.0,0.0,0.0,1.0,0.0,0.0,1.0,0.0,0.0,0.0,1.0,11.0,0.0,0.0,0.0,0.0,0.0,12.0,0.0,0.0,0.0,0.0,0.0,0.0,0.0,0.0,0.0,1.0,1.0,0.0,0.0,0.0,0.0,1.0,1.0,1.0,0.0,0.0,0.0,0.0,0.0,0.0,1.0,1.0,0.0,0.0,0.0,0.0,0.0,1.0,1.0,0.0,1411188958.0,719.0,719.0,1433.0,1433.0,1476.0,0.0,92.0,23176.0,22267.0,22226.0,110.0,0.0,0.0,0.0,104.0,0.0,0.0,37.0,42.0,41.0,12.0,35.0,220661664.0,0.0,1906421440.0,26344445728.0,296294752.0,0.0,0.0,877.0,0.0,0.0,1117.0,82.0,1268.0
797,0.0,1.0,1.0,0.0,0.0,499200.0,1.0,229500000.0,1.0,1331200000.0,0.345192193985,22487.0,2132.0,5638.0,40750.0,41333.3333333,42500.0,69.0,25.0,64.0,896.0,5000.0,0.0,25.0,1000000.0,950000.0,1.0,0.0,0.0,10.0,0.0,0.0,100.0,500.0,30636212.0,638140737.0,637262964.0,0.0,0.0,0.0,0.0,0.0,1.0,1.0,1.0,1.0,1.0,0.0,0.0,1.0,0.0,0.0,0.0,0.0,0.0,32.0,1.0,15961911.0,291265770.0,15727603.0,31733821.0,659018741.0,1112.0,2710322902.0,0.0,1.0,1.0,0.0,1.0,0.0,0.0,1.0,1.0,1.0,1.0,2.0,1.0,0.0,0.0,0.0,2.0,0.0,0.0,1.0,1.0,3.0,50.0,50.0,1.0,0.0,0.0,0.0,0.0,0.0,0.0,0.0,0.0,0.0,0.0,2.0,2.0,0.0,1.0,1.0,0.0,1.0,0.0,0.0,0.0,0.0,0.0,1.0,0.0,0.0,1.0,0.0,0.0,0.0,1.0,10.0,0.0,0.0,0.0,0.0,0.0,11.0,0.0,0.0,0.0,0.0,0.0,0.0,0.0,0.0,0.0,1.0,1.0,0.0,0.0,0.0,0.0,1.0,1.0,1.0,0.0,0.0,0.0,0.0,0.0,0.0,1.0,1.0,0.0,0.0,0.0,0.0,0.0,1.0,1.0,0.0,1413451042.0,723.0,723.0,1636.0,1636.0,1682.0,0.0,146.0,26740.0,23688.0,23627.0,181.0,0.0,0.0,0.0,120.0,0.0,0.0,55.0,62.0,61.0,13.0,53.0,240989184.0,0.0,2127944000.0,43269216544.0,342749600.0,0.0,0.0,1112.0,0.0,0.0,1489.0,122.0,1779.0
798,0.0,1.0,1.0,0.0,0.0,499200.0,1.0,229500000.0,1.0,1331200000.0,0.34044003486599994,13718.0,1294.0,3657.0,40250.0,41500.0,42500.0,69.0,25.0,64.0,896.0,5000.0,0.0,25.0,1000000.0,950000.0,1.0,0.0,0.0,10.0,0.0,0.0,100.0,500.0,23546797.0,594620759.0,581239614.0,0.0,0.0,0.0,0.0,0.0,1.0,1.0,1.0,1.0,1.0,0.0,0.0,1.0,0.0,0.0,0.0,0.0,0.0,34.0,1.0,15269291.0,272471867.0,15380942.0,25546173.0,626247963.0,922.0,2518423014.0,0.0,1.0,1.0,0.0,1.0,0.0,0.0,1.0,1.0,1.0,1.0,2.0,1.0,0.0,0.0,0.0,2.0,0.0,0.0,1.0,1.0,3.0,50.0,50.0,1.0,0.0,0.0,0.0,0.0,0.0,0.0,0.0,0.0,0.0,0.0,2.0,2.0,0.0,1.0,1.0,0.0,1.0,0.0,0.0,0.0,0.0,0.0,1.0,0.0,0.0,1.0,0.0,0.0,0.0,1.0,11.0,0.0,0.0,0.0,0.0,0.0,12.0,0.0,0.0,0.0,0.0,0.0,0.0,0.0,0.0,0.0,1.0,1.0,0.0,0.0,0.0,0.0,1.0,1.0,1.0,0.0,0.0,0.0,0.0,0.0,0.0,1.0,1.0,0.0,0.0,0.0,0.0,0.0,1.0,1.0,0.0,1376926822.0,618.0,618.0,1390.0,1390.0,1435.0,0.0,95.0,22797.0,22423.0,22382.0,197.0,0.0,0.0,0.0,82.0,0.0,0.0,37.0,42.0,41.0,11.0,35.0,131568640.0,0.0,1757488992.0,34579358368.0,218547648.0,0.0,0.0,922.0,0.0,0.0,1248.0,82.0,1755.0
799,0.0,1.0,1.0,0.0,0.0,499200.0,1.0,229500000.0,1.0,1331200000.0,0.332367897034,13452.0,1294.0,3429.0,41000.0,41500.0,42500.0,69.0,25.0,64.0,896.0,5000.0,0.0,25.0,1000000.0,950000.0,1.0,0.0,0.0,10.0,0.0,0.0,100.0,500.0,26063064.0,606199397.0,605277018.0,0.0,0.0,0.0,0.0,0.0,1.0,1.0,1.0,1.0,1.0,0.0,0.0,1.0,0.0,0.0,0.0,0.0,0.0,33.0,1.0,15717084.0,283868766.0,15735315.0,25714704.0,622740755.0,968.0,2592993648.0,0.0,1.0,1.0,0.0,1.0,0.0,0.0,1.0,1.0,1.0,1.0,2.0,1.0,0.0,0.0,0.0,2.0,0.0,0.0,1.0,1.0,3.0,50.0,50.0,1.0,0.0,0.0,0.0,0.0,0.0,0.0,0.0,0.0,0.0,0.0,2.0,2.0,0.0,1.0,1.0,0.0,1.0,0.0,0.0,0.0,0.0,0.0,1.0,0.0,0.0,1.0,0.0,0.0,0.0,1.0,11.0,0.0,0.0,0.0,0.0,0.0,12.0,0.0,0.0,0.0,0.0,0.0,0.0,0.0,0.0,0.0,1.0,1.0,0.0,0.0,0.0,0.0,1.0,1.0,1.0,0.0,0.0,0.0,0.0,0.0,0.0,1.0,1.0,0.0,0.0,0.0,0.0,0.0,1.0,1.0,0.0,1377249154.0,667.0,667.0,1405.0,1405.0,1439.0,0.0,88.0,23569.0,22472.0,22431.0,93.0,0.0,0.0,0.0,84.0,0.0,0.0,37.0,42.0,41.0,12.0,35.0,236329408.0,0.0,1762459008.0,20540477952.0,277932480.0,0.0,0.0,968.0,0.0,0.0,1161.0,82.0,1430.0
800,0.0,1.0,1.0,0.0,0.0,499200.0,1.0,229500000.0,1.0,1331200000.0,0.34330677986100006,13720.0,1294.0,3887.0,40833.3333333,41500.0,42500.0,79.0,25.0,64.0,896.0,5000.0,0.0,25.0,1000000.0,950000.0,1.0,1.0,0.0,10.0,0.0,0.0,100.0,500.0,26607774.0,618855547.0,595992233.0,0.0,0.0,0.0,0.0,0.0,1.0,1.0,1.0,1.0,1.0,0.0,0.0,1.0,0.0,0.0,0.0,0.0,0.0,34.0,1.0,15145544.0,277135882.0,15262469.0,27105196.0,637487082.0,920.0,2613501967.0,0.0,1.0,1.0,0.0,1.0,0.0,0.0,1.0,1.0,1.0,1.0,2.0,1.0,0.0,0.0,0.0,2.0,0.0,0.0,1.0,1.0,3.0,50.0,50.0,1.0,0.0,0.0,0.0,0.0,0.0,0.0,0.0,0.0,0.0,0.0,2.0,2.0,0.0,1.0,1.0,0.0,1.0,0.0,0.0,0.0,0.0,0.0,1.0,0.0,0.0,1.0,0.0,0.0,0.0,1.0,10.0,0.0,0.0,0.0,0.0,0.0,11.0,0.0,0.0,0.0,0.0,0.0,0.0,0.0,0.0,0.0,1.0,1.0,0.0,0.0,0.0,0.0,1.0,1.0,1.0,0.0,0.0,0.0,0.0,0.0,0.0,1.0,1.0,0.0,0.0,0.0,0.0,0.0,1.0,1.0,0.0,1436021244.0,575.0,575.0,1429.0,1429.0,1463.0,0.0,104.0,24315.0,22857.0,22809.0,106.0,0.0,0.0,0.0,98.0,0.0,0.0,43.0,49.0,48.0,11.0,41.0,140875584.0,191040.0,1823143392.0,28252943072.0,292052192.0,0.0,0.0,920.0,0.0,0.0,1121.0,96.0,1409.0
801,0.0,1.0,1.0,0.0,0.0,499200.0,1.0,229500000.0,1.0,1331200000.0,0.335427045822,13644.0,1294.0,3581.0,40250.0,41500.0,42500.0,79.0,25.0,64.0,896.0,5000.0,0.0,25.0,1000000.0,950000.0,1.0,1.0,0.0,10.0,0.0,0.0,100.0,500.0,24793637.0,606867707.0,605508569.0,0.0,0.0,0.0,0.0,0.0,1.0,1.0,1.0,1.0,1.0,0.0,0.0,1.0,0.0,0.0,0.0,0.0,0.0,31.0,1.0,15348527.0,284251396.0,14918793.0,25947297.0,629768624.0,983.0,2501703798.0,0.0,1.0,1.0,0.0,1.0,0.0,0.0,1.0,1.0,1.0,1.0,2.0,1.0,0.0,0.0,0.0,2.0,0.0,0.0,1.0,1.0,3.0,50.0,50.0,1.0,0.0,0.0,0.0,0.0,0.0,0.0,0.0,0.0,0.0,0.0,2.0,2.0,0.0,1.0,1.0,0.0,1.0,0.0,0.0,0.0,0.0,0.0,1.0,0.0,0.0,1.0,0.0,0.0,0.0,1.0,11.0,0.0,0.0,0.0,0.0,0.0,12.0,0.0,0.0,0.0,0.0,0.0,0.0,0.0,0.0,0.0,1.0,1.0,0.0,0.0,0.0,0.0,1.0,1.0,1.0,0.0,0.0,0.0,0.0,0.0,0.0,1.0,1.0,0.0,0.0,0.0,0.0,0.0,1.0,1.0,0.0,1374829889.0,640.0,640.0,1415.0,1415.0,1456.0,0.0,109.0,23656.0,22556.0,22515.0,81.0,0.0,0.0,0.0,109.0,0.0,0.0,37.0,42.0,41.0,13.0,35.0,226160256.0,0.0,1867273408.0,26452719392.0,269895040.0,0.0,0.0,983.0,0.0,0.0,1166.0,82.0,1429.0
802,0.0,1.0,1.0,0.0,0.0,499200.0,1.0,229500000.0,1.0,1331200000.0,0.33465194702100004,13492.0,1294.0,3581.0,41083.3333333,41500.0,42500.0,79.0,25.0,64.0,896.0,5000.0,0.0,25.0,1000000.0,950000.0,1.0,1.0,0.0,10.0,0.0,0.0,100.0,500.0,27029194.0,623701498.0,613984793.0,0.0,0.0,0.0,0.0,0.0,1.0,1.0,1.0,1.0,1.0,0.0,0.0,1.0,0.0,0.0,0.0,0.0,0.0,32.0,1.0,14901200.0,277006359.0,14970653.0,28457944.0,623017244.0,978.0,2522683215.0,0.0,1.0,1.0,0.0,1.0,0.0,0.0,1.0,1.0,1.0,1.0,2.0,1.0,0.0,0.0,0.0,2.0,0.0,0.0,1.0,1.0,3.0,50.0,50.0,1.0,0.0,0.0,0.0,0.0,0.0,0.0,0.0,0.0,0.0,0.0,2.0,2.0,0.0,1.0,1.0,0.0,1.0,0.0,0.0,0.0,0.0,0.0,1.0,0.0,0.0,1.0,0.0,0.0,0.0,1.0,10.0,0.0,0.0,0.0,0.0,0.0,11.0,0.0,0.0,0.0,0.0,0.0,0.0,0.0,0.0,0.0,1.0,1.0,0.0,0.0,0.0,0.0,1.0,1.0,1.0,0.0,0.0,0.0,0.0,0.0,0.0,1.0,1.0,0.0,0.0,0.0,0.0,0.0,1.0,1.0,0.0,1391393323.0,609.0,609.0,1582.0,1582.0,1630.0,0.0,98.0,24665.0,22789.0,22741.0,202.0,0.0,0.0,0.0,103.0,0.0,0.0,43.0,49.0,48.0,12.0,41.0,133104192.0,0.0,1955303744.0,32871656672.0,513985440.0,0.0,0.0,978.0,0.0,0.0,1294.0,96.0,1481.0
803,0.0,1.0,1.0,1.0,0.0,652800.0,1.0,765000000.0,1.0,1062400000.0,0.143371105194,9222.0,1066.0,2591.0,40000.0,42000.0,42500.0,86.0,25.0,64.0,896.0,5000.0,0.0,25.0,1000000.0,950000.0,1.0,0.0,0.0,10.0,0.0,0.0,0.0,100.0,19884166.0,580293880.0,564275676.0,0.0,0.0,0.0,0.0,0.0,1.0,1.0,1.0,1.0,1.0,0.0,0.0,1.0,0.0,0.0,0.0,0.0,0.0,34.0,1.0,14579578.0,262014548.0,14536608.0,21250948.0,582161941.0,534.0,2435247425.0,0.0,1.0,1.0,0.0,1.0,0.0,0.0,1.0,1.0,1.0,1.0,2.0,1.0,0.0,0.0,0.0,2.0,0.0,0.0,1.0,1.0,3.0,50.0,50.0,1.0,0.0,0.0,0.0,0.0,0.0,0.0,0.0,0.0,0.0,0.0,2.0,2.0,0.0,1.0,1.0,0.0,1.0,0.0,0.0,0.0,0.0,0.0,1.0,0.0,0.0,1.0,0.0,0.0,0.0,1.0,10.0,0.0,0.0,0.0,0.0,0.0,11.0,0.0,0.0,0.0,0.0,0.0,0.0,0.0,0.0,0.0,1.0,1.0,0.0,0.0,0.0,0.0,1.0,1.0,1.0,0.0,0.0,0.0,0.0,0.0,0.0,1.0,1.0,0.0,0.0,0.0,0.0,0.0,1.0,1.0,0.0,1315713026.0,431.0,431.0,1306.0,1306.0,1342.0,0.0,81.0,20756.0,21486.0,21459.0,24.0,0.0,0.0,0.0,64.0,0.0,0.0,25.0,28.0,27.0,7.0,23.0,207432064.0,0.0,1586779040.0,9045436608.0,102970464.0,0.0,0.0,534.0,0.0,0.0,627.0,54.0,749.0
804,0.0,1.0,1.0,1.0,0.0,652800.0,1.0,765000000.0,1.0,1062400000.0,0.146578073502,4344.0,533.0,1295.0,40250.0,42000.0,42500.0,86.0,25.0,64.0,896.0,5000.0,0.0,25.0,1000000.0,950000.0,1.0,0.0,0.0,10.0,0.0,0.0,0.0,100.0,19121845.0,546552875.0,538462502.0,0.0,0.0,0.0,0.0,0.0,1.0,1.0,1.0,1.0,1.0,0.0,0.0,1.0,0.0,0.0,0.0,0.0,0.0,30.0,1.0,14302915.0,257875537.0,14234306.0,18079194.0,584854921.0,424.0,2263653451.0,0.0,1.0,1.0,0.0,1.0,0.0,0.0,1.0,1.0,1.0,1.0,2.0,1.0,0.0,0.0,0.0,2.0,0.0,0.0,1.0,1.0,3.0,50.0,50.0,1.0,0.0,0.0,0.0,0.0,0.0,0.0,0.0,0.0,0.0,0.0,2.0,2.0,0.0,1.0,1.0,0.0,1.0,0.0,0.0,0.0,0.0,0.0,1.0,0.0,0.0,1.0,0.0,0.0,0.0,1.0,10.0,0.0,0.0,0.0,0.0,0.0,11.0,0.0,0.0,0.0,0.0,0.0,0.0,0.0,0.0,0.0,1.0,1.0,0.0,0.0,0.0,0.0,1.0,1.0,1.0,0.0,0.0,0.0,0.0,0.0,0.0,1.0,1.0,0.0,0.0,0.0,0.0,0.0,1.0,1.0,0.0,1329127834.0,423.0,423.0,1162.0,1162.0,1188.0,0.0,44.0,18320.0,20869.0,20849.0,46.0,0.0,0.0,0.0,51.0,0.0,0.0,19.0,21.0,20.0,5.0,17.0,13197408.0,90176.0,1507863296.0,17734272480.0,56597856.0,0.0,0.0,424.0,0.0,0.0,492.0,40.0,581.0
805,0.0,1.0,1.0,1.0,0.0,652800.0,1.0,765000000.0,1.0,1062400000.0,0.144505023956,8957.0,990.0,2362.0,40250.0,42000.0,42500.0,86.0,25.0,64.0,896.0,5000.0,0.0,25.0,1000000.0,950000.0,1.0,0.0,0.0,10.0,0.0,0.0,0.0,100.0,20313692.0,574922206.0,542217851.0,0.0,0.0,0.0,0.0,0.0,1.0,1.0,1.0,1.0,1.0,0.0,0.0,1.0,0.0,0.0,0.0,0.0,0.0,33.0,1.0,14895415.0,262062867.0,14812858.0,20403800.0,584873709.0,569.0,2367863408.0,0.0,1.0,1.0,0.0,1.0,0.0,0.0,1.0,1.0,1.0,1.0,2.0,1.0,0.0,0.0,0.0,2.0,0.0,0.0,1.0,1.0,3.0,50.0,50.0,1.0,0.0,0.0,0.0,0.0,0.0,0.0,0.0,0.0,0.0,0.0,2.0,2.0,0.0,1.0,1.0,0.0,1.0,0.0,0.0,0.0,0.0,0.0,1.0,0.0,0.0,1.0,0.0,0.0,0.0,1.0,11.0,0.0,0.0,0.0,0.0,0.0,12.0,0.0,0.0,0.0,0.0,0.0,0.0,0.0,0.0,0.0,1.0,1.0,0.0,0.0,0.0,0.0,1.0,1.0,1.0,0.0,0.0,0.0,0.0,0.0,0.0,1.0,1.0,0.0,0.0,0.0,0.0,0.0,1.0,1.0,0.0,1324461082.0,479.0,479.0,1303.0,1303.0,1339.0,0.0,61.0,20742.0,21468.0,21441.0,141.0,0.0,0.0,0.0,68.0,0.0,0.0,25.0,28.0,27.0,7.0,23.0,226644384.0,76512.0,1651566400.0,23620155360.0,100636160.0,0.0,0.0,569.0,0.0,0.0,824.0,54.0,959.0
806,0.0,1.0,1.0,1.0,0.0,652800.0,1.0,765000000.0,1.0,1062400000.0,0.14980506897,10099.0,989.0,3580.0,40375.0,42000.0,42500.0,89.0,25.0,64.0,896.0,5000.0,0.0,25.0,1000000.0,950000.0,1.0,1.0,0.0,10.0,0.0,0.0,0.0,100.0,23271106.0,599370877.0,586314130.0,0.0,0.0,0.0,0.0,0.0,1.0,1.0,1.0,1.0,1.0,0.0,0.0,1.0,0.0,0.0,0.0,0.0,0.0,29.0,1.0,15379273.0,270732322.0,14999512.0,23188455.0,612920701.0,690.0,2518943098.0,0.0,1.0,1.0,0.0,1.0,0.0,0.0,1.0,1.0,1.0,1.0,2.0,1.0,0.0,0.0,0.0,2.0,0.0,0.0,1.0,1.0,3.0,50.0,50.0,1.0,0.0,0.0,0.0,0.0,0.0,0.0,0.0,0.0,0.0,0.0,2.0,2.0,0.0,1.0,1.0,0.0,1.0,0.0,0.0,0.0,0.0,0.0,1.0,0.0,0.0,1.0,0.0,0.0,0.0,1.0,10.0,0.0,0.0,0.0,0.0,0.0,11.0,0.0,0.0,0.0,0.0,0.0,0.0,0.0,0.0,0.0,1.0,1.0,0.0,0.0,0.0,0.0,1.0,1.0,1.0,0.0,0.0,0.0,0.0,0.0,0.0,1.0,1.0,0.0,0.0,0.0,0.0,0.0,1.0,1.0,0.0,1324884357.0,484.0,484.0,1325.0,1325.0,1362.0,0.0,97.0,21636.0,22000.0,21966.0,35.0,0.0,0.0,0.0,78.0,0.0,0.0,31.0,35.0,34.0,8.0,29.0,9858368.0,0.0,1671892832.0,84538692736.0,105023584.0,0.0,0.0,690.0,0.0,0.0,833.0,68.0,1046.0
807,0.0,1.0,1.0,1.0,0.0,652800.0,1.0,765000000.0,1.0,1062400000.0,0.14700794220000002,4420.0,533.0,1295.0,40500.0,42000.0,42500.0,89.0,25.0,64.0,896.0,5000.0,0.0,25.0,1000000.0,950000.0,1.0,1.0,0.0,10.0,0.0,0.0,0.0,100.0,17702686.0,567098911.0,542775045.0,0.0,0.0,0.0,0.0,0.0,1.0,1.0,1.0,1.0,1.0,0.0,0.0,1.0,0.0,0.0,0.0,0.0,0.0,30.0,1.0,14379230.0,249214755.0,14065494.0,18822192.0,573368726.0,429.0,2310024591.0,0.0,1.0,1.0,0.0,1.0,0.0,0.0,1.0,1.0,1.0,1.0,2.0,1.0,0.0,0.0,0.0,2.0,0.0,0.0,1.0,1.0,3.0,50.0,50.0,1.0,0.0,0.0,0.0,0.0,0.0,0.0,0.0,0.0,0.0,0.0,2.0,2.0,0.0,1.0,1.0,0.0,1.0,0.0,0.0,0.0,0.0,0.0,1.0,0.0,0.0,1.0,0.0,0.0,0.0,1.0,10.0,0.0,0.0,0.0,0.0,0.0,11.0,0.0,0.0,0.0,0.0,0.0,0.0,0.0,0.0,0.0,1.0,1.0,0.0,0.0,0.0,0.0,1.0,1.0,1.0,0.0,0.0,0.0,0.0,0.0,0.0,1.0,1.0,0.0,0.0,0.0,0.0,0.0,1.0,1.0,0.0,1296100119.0,431.0,431.0,1184.0,1184.0,1215.0,0.0,46.0,18328.0,20887.0,20867.0,31.0,0.0,0.0,0.0,48.0,0.0,0.0,19.0,21.0,20.0,5.0,17.0,14200352.0,0.0,1500130656.0,28325560160.0,71230400.0,0.0,0.0,429.0,0.0,0.0,496.0,40.0,576.0
808,0.0,1.0,1.0,1.0,0.0,652800.0,1.0,765000000.0,1.0,1062400000.0,0.150756120682,9107.0,1066.0,2591.0,40500.0,41500.0,42500.0,89.0,25.0,64.0,896.0,5000.0,0.0,25.0,1000000.0,950000.0,1.0,1.0,0.0,10.0,0.0,0.0,0.0,100.0,22377306.0,588429377.0,567978822.0,0.0,0.0,0.0,0.0,0.0,1.0,1.0,1.0,1.0,1.0,0.0,0.0,1.0,0.0,0.0,0.0,0.0,0.0,33.0,1.0,14865949.0,270751205.0,14630286.0,23134333.0,602872618.0,646.0,2410112749.0,0.0,1.0,1.0,0.0,1.0,0.0,0.0,1.0,1.0,1.0,1.0,2.0,1.0,0.0,0.0,0.0,2.0,0.0,0.0,1.0,1.0,3.0,50.0,50.0,1.0,0.0,0.0,0.0,0.0,0.0,0.0,0.0,0.0,0.0,0.0,2.0,2.0,0.0,1.0,1.0,0.0,1.0,0.0,0.0,0.0,0.0,0.0,1.0,0.0,0.0,1.0,0.0,0.0,0.0,1.0,11.0,0.0,0.0,0.0,0.0,0.0,12.0,0.0,0.0,0.0,0.0,0.0,0.0,0.0,0.0,0.0,1.0,1.0,0.0,0.0,0.0,0.0,1.0,1.0,1.0,0.0,0.0,0.0,0.0,0.0,0.0,1.0,1.0,0.0,0.0,0.0,0.0,0.0,1.0,1.0,0.0,1329730459.0,474.0,474.0,1249.0,1249.0,1282.0,0.0,91.0,21571.0,21879.0,21845.0,47.0,0.0,0.0,0.0,81.0,0.0,0.0,31.0,35.0,34.0,7.0,29.0,223861664.0,1583488.0,1705322496.0,27248978336.0,118215712.0,0.0,0.0,646.0,0.0,0.0,781.0,68.0,894.0
809,0.0,1.0,1.0,1.0,0.0,652800.0,1.0,765000000.0,1.0,1062400000.0,0.146475791931,4382.0,533.0,1295.0,40750.0,42000.0,42500.0,70.0,25.0,64.0,896.0,5000.0,0.0,25.0,1000000.0,950000.0,1.0,0.0,0.0,10.0,0.0,0.0,0.0,500.0,18525265.0,571079181.0,540813699.0,0.0,0.0,0.0,0.0,0.0,1.0,1.0,1.0,1.0,1.0,0.0,0.0,1.0,0.0,0.0,0.0,0.0,0.0,32.0,1.0,14783226.0,254671317.0,14062053.0,19079697.0,573619750.0,434.0,2263903983.0,0.0,1.0,1.0,0.0,1.0,0.0,0.0,1.0,1.0,1.0,1.0,2.0,1.0,0.0,0.0,0.0,2.0,0.0,0.0,1.0,1.0,3.0,50.0,50.0,1.0,0.0,0.0,0.0,0.0,0.0,0.0,0.0,0.0,0.0,0.0,2.0,2.0,0.0,1.0,1.0,0.0,1.0,0.0,0.0,0.0,0.0,0.0,1.0,0.0,0.0,1.0,0.0,0.0,0.0,1.0,10.0,0.0,0.0,0.0,0.0,0.0,11.0,0.0,0.0,0.0,0.0,0.0,0.0,0.0,0.0,0.0,1.0,1.0,0.0,0.0,0.0,0.0,1.0,1.0,1.0,0.0,0.0,0.0,0.0,0.0,0.0,1.0,1.0,0.0,0.0,0.0,0.0,0.0,1.0,1.0,0.0,1276632774.0,514.0,514.0,1246.0,1246.0,1276.0,0.0,43.0,18268.0,21013.0,20993.0,30.0,0.0,0.0,0.0,47.0,0.0,0.0,19.0,21.0,20.0,6.0,17.0,6984896.0,0.0,1524052928.0,18565677344.0,58160448.0,0.0,0.0,434.0,0.0,0.0,560.0,40.0,751.0
810,0.0,1.0,1.0,1.0,0.0,652800.0,1.0,765000000.0,1.0,1062400000.0,0.14771008491499998,4420.0,533.0,1295.0,40250.0,42000.0,42500.0,70.0,25.0,64.0,896.0,5000.0,0.0,25.0,1000000.0,950000.0,1.0,0.0,0.0,10.0,0.0,0.0,0.0,500.0,18173595.0,547526439.0,547805558.0,0.0,0.0,0.0,0.0,0.0,1.0,1.0,1.0,1.0,1.0,0.0,0.0,1.0,0.0,0.0,0.0,0.0,0.0,32.0,1.0,14551280.0,255981971.0,14299378.0,18576321.0,568410938.0,390.0,2286365541.0,0.0,1.0,1.0,0.0,1.0,0.0,0.0,1.0,1.0,1.0,1.0,2.0,1.0,0.0,0.0,0.0,2.0,0.0,0.0,1.0,1.0,3.0,50.0,50.0,1.0,0.0,0.0,0.0,0.0,0.0,0.0,0.0,0.0,0.0,0.0,2.0,2.0,0.0,1.0,1.0,0.0,1.0,0.0,0.0,0.0,0.0,0.0,1.0,0.0,0.0,1.0,0.0,0.0,0.0,1.0,10.0,0.0,0.0,0.0,0.0,0.0,11.0,0.0,0.0,0.0,0.0,0.0,0.0,0.0,0.0,0.0,1.0,1.0,0.0,0.0,0.0,0.0,1.0,1.0,1.0,0.0,0.0,0.0,0.0,0.0,0.0,1.0,1.0,0.0,0.0,0.0,0.0,0.0,1.0,1.0,0.0,1298609668.0,460.0,460.0,1147.0,1147.0,1179.0,0.0,41.0,18330.0,20846.0,20826.0,42.0,0.0,0.0,0.0,43.0,0.0,0.0,19.0,21.0,20.0,6.0,17.0,9222880.0,0.0,1489026912.0,15072101792.0,42709376.0,0.0,0.0,390.0,0.0,0.0,469.0,40.0,625.0
811,0.0,1.0,1.0,1.0,0.0,652800.0,1.0,765000000.0,1.0,1062400000.0,0.143744945526,4382.0,533.0,1295.0,40750.0,42000.0,42500.0,70.0,25.0,64.0,896.0,5000.0,0.0,25.0,1000000.0,950000.0,1.0,0.0,0.0,10.0,0.0,0.0,0.0,500.0,17458827.0,578449059.0,538035344.0,0.0,0.0,0.0,0.0,0.0,1.0,1.0,1.0,1.0,1.0,0.0,0.0,1.0,0.0,0.0,0.0,0.0,0.0,32.0,1.0,13862206.0,239754221.0,13777815.0,18087111.0,576609201.0,439.0,2272730179.0,0.0,1.0,1.0,0.0,1.0,0.0,0.0,1.0,1.0,1.0,1.0,2.0,1.0,0.0,0.0,0.0,2.0,0.0,0.0,1.0,1.0,3.0,50.0,50.0,1.0,0.0,0.0,0.0,0.0,0.0,0.0,0.0,0.0,0.0,0.0,2.0,2.0,0.0,1.0,1.0,0.0,1.0,0.0,0.0,0.0,0.0,0.0,1.0,0.0,0.0,1.0,0.0,0.0,0.0,1.0,10.0,0.0,0.0,0.0,0.0,0.0,11.0,0.0,0.0,0.0,0.0,0.0,0.0,0.0,0.0,0.0,1.0,1.0,0.0,0.0,0.0,0.0,1.0,1.0,1.0,0.0,0.0,0.0,0.0,0.0,0.0,1.0,1.0,0.0,0.0,0.0,0.0,0.0,1.0,1.0,0.0,1289533546.0,504.0,504.0,1233.0,1233.0,1264.0,0.0,41.0,18343.0,20929.0,20909.0,53.0,0.0,0.0,0.0,48.0,0.0,0.0,19.0,21.0,20.0,4.0,17.0,213274848.0,0.0,1524002368.0,23434317568.0,53738752.0,0.0,0.0,439.0,0.0,0.0,573.0,40.0,733.0
812,0.0,1.0,1.0,1.0,0.0,652800.0,1.0,765000000.0,1.0,1062400000.0,0.14313912391699998,9107.0,1142.0,2591.0,41500.0,42000.0,42500.0,82.0,25.0,64.0,896.0,5000.0,0.0,25.0,1000000.0,950000.0,1.0,1.0,0.0,10.0,0.0,0.0,0.0,500.0,19496610.0,586477661.0,579196394.0,0.0,0.0,0.0,0.0,0.0,1.0,1.0,1.0,1.0,1.0,0.0,0.0,1.0,0.0,0.0,0.0,0.0,0.0,33.0,1.0,14410625.0,253605682.0,13903234.0,22415176.0,576439144.0,554.0,2360797644.0,0.0,1.0,1.0,0.0,1.0,0.0,0.0,1.0,1.0,1.0,1.0,2.0,1.0,0.0,0.0,0.0,2.0,0.0,0.0,1.0,1.0,3.0,50.0,50.0,1.0,0.0,0.0,0.0,0.0,0.0,0.0,0.0,0.0,0.0,0.0,2.0,2.0,0.0,1.0,1.0,0.0,1.0,0.0,0.0,0.0,0.0,0.0,1.0,0.0,0.0,1.0,0.0,0.0,0.0,1.0,10.0,0.0,0.0,0.0,0.0,0.0,11.0,0.0,0.0,0.0,0.0,0.0,0.0,0.0,0.0,0.0,1.0,1.0,0.0,0.0,0.0,0.0,1.0,1.0,1.0,0.0,0.0,0.0,0.0,0.0,0.0,1.0,1.0,0.0,0.0,0.0,0.0,0.0,1.0,1.0,0.0,1278742108.0,461.0,461.0,1246.0,1246.0,1281.0,0.0,65.0,20224.0,21529.0,21502.0,42.0,0.0,0.0,0.0,56.0,0.0,0.0,25.0,28.0,27.0,7.0,23.0,208976768.0,0.0,1605241408.0,17527969312.0,100112896.0,0.0,0.0,554.0,0.0,0.0,708.0,54.0,777.0
813,0.0,1.0,1.0,1.0,0.0,652800.0,1.0,765000000.0,1.0,1062400000.0,0.148988962173,4420.0,533.0,1295.0,40000.0,42000.0,42500.0,82.0,25.0,64.0,896.0,5000.0,0.0,25.0,1000000.0,950000.0,1.0,1.0,0.0,10.0,0.0,0.0,0.0,500.0,18502848.0,551583522.0,545046253.0,0.0,0.0,0.0,0.0,0.0,1.0,1.0,1.0,1.0,1.0,0.0,0.0,1.0,0.0,0.0,0.0,0.0,0.0,34.0,1.0,14428123.0,260160418.0,14582602.0,18789003.0,576104158.0,437.0,2338490827.0,0.0,1.0,1.0,0.0,1.0,0.0,0.0,1.0,1.0,1.0,1.0,2.0,1.0,0.0,0.0,0.0,2.0,0.0,0.0,1.0,1.0,3.0,50.0,50.0,1.0,0.0,0.0,0.0,0.0,0.0,0.0,0.0,0.0,0.0,0.0,2.0,2.0,0.0,1.0,1.0,0.0,1.0,0.0,0.0,0.0,0.0,0.0,1.0,0.0,0.0,1.0,0.0,0.0,0.0,1.0,10.0,0.0,0.0,0.0,0.0,0.0,11.0,0.0,0.0,0.0,0.0,0.0,0.0,0.0,0.0,0.0,1.0,1.0,0.0,0.0,0.0,0.0,1.0,1.0,1.0,0.0,0.0,0.0,0.0,0.0,0.0,1.0,1.0,0.0,0.0,0.0,0.0,0.0,1.0,1.0,0.0,1297110521.0,425.0,425.0,1184.0,1184.0,1220.0,0.0,47.0,18459.0,20999.0,20979.0,30.0,0.0,0.0,0.0,47.0,0.0,0.0,19.0,21.0,20.0,6.0,17.0,16841664.0,0.0,1483531936.0,17059516352.0,82029888.0,0.0,0.0,437.0,0.0,0.0,516.0,40.0,723.0
814,0.0,1.0,1.0,1.0,0.0,652800.0,1.0,765000000.0,1.0,1062400000.0,0.151705026627,8919.0,1066.0,2438.0,40500.0,42000.0,42500.0,82.0,25.0,64.0,896.0,5000.0,0.0,25.0,1000000.0,950000.0,1.0,1.0,0.0,10.0,0.0,0.0,0.0,500.0,20174794.0,596532949.0,552565976.0,0.0,0.0,0.0,0.0,0.0,1.0,1.0,1.0,1.0,1.0,0.0,0.0,1.0,0.0,0.0,0.0,0.0,0.0,33.0,1.0,14273338.0,254497698.0,14186938.0,20421434.0,591802452.0,640.0,2378397813.0,0.0,1.0,1.0,0.0,1.0,0.0,0.0,1.0,1.0,1.0,1.0,2.0,1.0,0.0,0.0,0.0,2.0,0.0,0.0,1.0,1.0,3.0,50.0,50.0,1.0,0.0,0.0,0.0,0.0,0.0,0.0,0.0,0.0,0.0,0.0,2.0,2.0,0.0,1.0,1.0,0.0,1.0,0.0,0.0,0.0,0.0,0.0,1.0,0.0,0.0,1.0,0.0,0.0,0.0,1.0,10.0,0.0,0.0,0.0,0.0,0.0,11.0,0.0,0.0,0.0,0.0,0.0,0.0,0.0,0.0,0.0,1.0,1.0,0.0,0.0,0.0,0.0,1.0,1.0,1.0,0.0,0.0,0.0,0.0,0.0,0.0,1.0,1.0,0.0,0.0,0.0,0.0,0.0,1.0,1.0,0.0,1336346640.0,473.0,473.0,1409.0,1409.0,1443.0,0.0,67.0,20687.0,21593.0,21566.0,109.0,0.0,0.0,0.0,58.0,0.0,0.0,25.0,28.0,27.0,6.0,23.0,127868160.0,1719968.0,1649754112.0,30100445344.0,127775296.0,0.0,0.0,640.0,0.0,0.0,852.0,54.0,916.0
815,0.0,1.0,1.0,1.0,0.0,652800.0,1.0,765000000.0,1.0,1062400000.0,0.149025917053,4382.0,457.0,1295.0,41500.0,42000.0,42500.0,83.0,25.0,64.0,896.0,5000.0,0.0,25.0,1000000.0,950000.0,1.0,0.0,0.0,10.0,0.0,0.0,100.0,100.0,18023773.0,555423745.0,534863293.0,0.0,0.0,0.0,0.0,0.0,1.0,1.0,1.0,1.0,1.0,0.0,0.0,1.0,0.0,0.0,0.0,0.0,0.0,30.0,1.0,14174712.0,246654761.0,14235396.0,17453301.0,575412313.0,429.0,2286453101.0,0.0,1.0,1.0,0.0,1.0,0.0,0.0,1.0,1.0,1.0,1.0,2.0,1.0,0.0,0.0,0.0,2.0,0.0,0.0,1.0,1.0,3.0,50.0,50.0,1.0,0.0,0.0,0.0,0.0,0.0,0.0,0.0,0.0,0.0,0.0,2.0,2.0,0.0,1.0,1.0,0.0,1.0,0.0,0.0,0.0,0.0,0.0,1.0,0.0,0.0,1.0,0.0,0.0,0.0,1.0,10.0,0.0,0.0,0.0,0.0,0.0,11.0,0.0,0.0,0.0,0.0,0.0,0.0,0.0,0.0,0.0,1.0,1.0,0.0,0.0,0.0,0.0,1.0,1.0,1.0,0.0,0.0,0.0,0.0,0.0,0.0,1.0,1.0,0.0,0.0,0.0,0.0,0.0,1.0,1.0,0.0,1298935603.0,405.0,405.0,1206.0,1206.0,1237.0,0.0,40.0,18156.0,20974.0,20954.0,88.0,0.0,0.0,0.0,44.0,0.0,0.0,19.0,21.0,20.0,3.0,17.0,208230304.0,0.0,1492890528.0,17906034432.0,58251744.0,0.0,0.0,429.0,0.0,0.0,564.0,40.0,714.0
816,0.0,1.0,1.0,1.0,0.0,652800.0,1.0,765000000.0,1.0,1062400000.0,0.14578199386600002,9184.0,1066.0,2591.0,40250.0,41750.0,42500.0,83.0,25.0,64.0,896.0,5000.0,0.0,25.0,1000000.0,950000.0,1.0,0.0,0.0,10.0,0.0,0.0,100.0,100.0,22383586.0,588146180.0,578152512.0,0.0,0.0,0.0,0.0,0.0,1.0,1.0,1.0,1.0,1.0,0.0,0.0,1.0,0.0,0.0,0.0,0.0,0.0,34.0,1.0,14717056.0,272547633.0,14792454.0,22993807.0,599138424.0,685.0,2487282570.0,0.0,1.0,1.0,0.0,1.0,0.0,0.0,1.0,1.0,1.0,1.0,2.0,1.0,0.0,0.0,0.0,2.0,0.0,0.0,1.0,1.0,3.0,50.0,50.0,1.0,0.0,0.0,0.0,0.0,0.0,0.0,0.0,0.0,0.0,0.0,2.0,2.0,0.0,1.0,1.0,0.0,1.0,0.0,0.0,0.0,0.0,0.0,1.0,0.0,0.0,1.0,0.0,0.0,0.0,1.0,10.0,0.0,0.0,0.0,0.0,0.0,11.0,0.0,0.0,0.0,0.0,0.0,0.0,0.0,0.0,0.0,1.0,1.0,0.0,0.0,0.0,0.0,1.0,1.0,1.0,0.0,0.0,0.0,0.0,0.0,0.0,1.0,1.0,0.0,0.0,0.0,0.0,0.0,1.0,1.0,0.0,1360732240.0,492.0,492.0,1288.0,1288.0,1321.0,0.0,83.0,21708.0,21922.0,21888.0,45.0,0.0,0.0,0.0,71.0,0.0,0.0,31.0,35.0,34.0,9.0,29.0,116477376.0,0.0,1663438400.0,19708758560.0,98375072.0,0.0,0.0,685.0,0.0,0.0,835.0,68.0,1050.0
817,0.0,1.0,1.0,1.0,0.0,652800.0,1.0,765000000.0,1.0,1062400000.0,0.143810987473,9298.0,1066.0,2744.0,41125.0,41750.0,42500.0,83.0,25.0,64.0,896.0,5000.0,0.0,25.0,1000000.0,950000.0,1.0,0.0,0.0,10.0,0.0,0.0,100.0,100.0,23313819.0,592244845.0,576699495.0,0.0,0.0,0.0,0.0,0.0,1.0,1.0,1.0,1.0,1.0,0.0,0.0,1.0,0.0,0.0,0.0,0.0,0.0,32.0,1.0,14797121.0,263253450.0,14652786.0,23783666.0,606321253.0,718.0,2454631990.0,0.0,1.0,1.0,0.0,1.0,0.0,0.0,1.0,1.0,1.0,1.0,2.0,1.0,0.0,0.0,0.0,2.0,0.0,0.0,1.0,1.0,3.0,50.0,50.0,1.0,0.0,0.0,0.0,0.0,0.0,0.0,0.0,0.0,0.0,0.0,2.0,2.0,0.0,1.0,1.0,0.0,1.0,0.0,0.0,0.0,0.0,0.0,1.0,0.0,0.0,1.0,0.0,0.0,0.0,1.0,10.0,0.0,0.0,0.0,0.0,0.0,11.0,0.0,0.0,0.0,0.0,0.0,0.0,0.0,0.0,0.0,1.0,1.0,0.0,0.0,0.0,0.0,1.0,1.0,1.0,0.0,0.0,0.0,0.0,0.0,0.0,1.0,1.0,0.0,0.0,0.0,0.0,0.0,1.0,1.0,0.0,1372553186.0,529.0,529.0,1418.0,1418.0,1451.0,0.0,91.0,21911.0,21946.0,21912.0,80.0,0.0,0.0,0.0,97.0,0.0,0.0,31.0,35.0,34.0,13.0,29.0,119179296.0,0.0,1688162784.0,156087259360.0,91262048.0,0.0,0.0,718.0,0.0,0.0,929.0,68.0,1128.0
818,0.0,1.0,1.0,1.0,0.0,652800.0,1.0,765000000.0,1.0,1062400000.0,0.146547079086,9184.0,1066.0,2667.0,40875.0,41750.0,42500.0,78.0,25.0,64.0,896.0,5000.0,0.0,25.0,1000000.0,950000.0,1.0,1.0,0.0,10.0,0.0,0.0,100.0,100.0,23427961.0,587984901.0,586205459.0,0.0,0.0,0.0,0.0,0.0,1.0,1.0,1.0,1.0,1.0,0.0,0.0,1.0,0.0,0.0,0.0,0.0,0.0,32.0,1.0,15145580.0,277839164.0,14899206.0,23090136.0,596987066.0,685.0,2458090327.0,0.0,1.0,1.0,0.0,1.0,0.0,0.0,1.0,1.0,1.0,1.0,2.0,1.0,0.0,0.0,0.0,2.0,0.0,0.0,1.0,1.0,3.0,50.0,50.0,1.0,0.0,0.0,0.0,0.0,0.0,0.0,0.0,0.0,0.0,0.0,2.0,2.0,0.0,1.0,1.0,0.0,1.0,0.0,0.0,0.0,0.0,0.0,1.0,0.0,0.0,1.0,0.0,0.0,0.0,1.0,10.0,0.0,0.0,0.0,0.0,0.0,11.0,0.0,0.0,0.0,0.0,0.0,0.0,0.0,0.0,0.0,1.0,1.0,0.0,0.0,0.0,0.0,1.0,1.0,1.0,0.0,0.0,0.0,0.0,0.0,0.0,1.0,1.0,0.0,0.0,0.0,0.0,0.0,1.0,1.0,0.0,1356903370.0,483.0,483.0,1384.0,1384.0,1420.0,0.0,82.0,21661.0,21944.0,21910.0,64.0,0.0,0.0,0.0,73.0,0.0,0.0,31.0,35.0,34.0,5.0,29.0,222334240.0,0.0,1687760832.0,21582050688.0,120827712.0,0.0,0.0,685.0,0.0,0.0,837.0,68.0,999.0
819,0.0,1.0,1.0,1.0,0.0,652800.0,1.0,765000000.0,1.0,1062400000.0,0.14804697036699999,4382.0,533.0,1295.0,40250.0,42000.0,42500.0,78.0,25.0,64.0,896.0,5000.0,0.0,25.0,1000000.0,950000.0,1.0,1.0,0.0,10.0,0.0,0.0,100.0,100.0,18058148.0,562986334.0,565600350.0,0.0,0.0,0.0,0.0,0.0,1.0,1.0,1.0,1.0,1.0,0.0,0.0,1.0,0.0,0.0,0.0,0.0,0.0,31.0,1.0,14549293.0,257839772.0,14329842.0,18287460.0,582667992.0,386.0,2356922370.0,0.0,1.0,1.0,0.0,1.0,0.0,0.0,1.0,1.0,1.0,1.0,2.0,1.0,0.0,0.0,0.0,2.0,0.0,0.0,1.0,1.0,3.0,50.0,50.0,1.0,0.0,0.0,0.0,0.0,0.0,0.0,0.0,0.0,0.0,0.0,2.0,2.0,0.0,1.0,1.0,0.0,1.0,0.0,0.0,0.0,0.0,0.0,1.0,0.0,0.0,1.0,0.0,0.0,0.0,1.0,11.0,0.0,0.0,0.0,0.0,0.0,12.0,0.0,0.0,0.0,0.0,0.0,0.0,0.0,0.0,0.0,1.0,1.0,0.0,0.0,0.0,0.0,1.0,1.0,1.0,0.0,0.0,0.0,0.0,0.0,0.0,1.0,1.0,0.0,0.0,0.0,0.0,0.0,1.0,1.0,0.0,1269568374.0,396.0,396.0,1173.0,1173.0,1208.0,0.0,57.0,18334.0,20925.0,20905.0,25.0,0.0,0.0,0.0,40.0,0.0,0.0,19.0,21.0,20.0,5.0,17.0,107832608.0,0.0,1452728896.0,15049421408.0,66625024.0,0.0,0.0,386.0,0.0,0.0,470.0,40.0,656.0
820,0.0,1.0,1.0,1.0,0.0,652800.0,1.0,765000000.0,1.0,1062400000.0,0.151203870773,9072.0,1066.0,2514.0,40375.0,41750.0,42500.0,78.0,25.0,64.0,896.0,5000.0,0.0,25.0,1000000.0,950000.0,1.0,1.0,0.0,10.0,0.0,0.0,100.0,100.0,23112909.0,587287353.0,581331774.0,0.0,0.0,0.0,0.0,0.0,1.0,1.0,1.0,1.0,1.0,0.0,0.0,1.0,0.0,0.0,0.0,0.0,0.0,33.0,1.0,14480435.0,270011876.0,14122877.0,23351656.0,615794576.0,692.0,2399577237.0,0.0,1.0,1.0,0.0,1.0,0.0,0.0,1.0,1.0,1.0,1.0,2.0,1.0,0.0,0.0,0.0,2.0,0.0,0.0,1.0,1.0,3.0,50.0,50.0,1.0,0.0,0.0,0.0,0.0,0.0,0.0,0.0,0.0,0.0,0.0,2.0,2.0,0.0,1.0,1.0,0.0,1.0,0.0,0.0,0.0,0.0,0.0,1.0,0.0,0.0,1.0,0.0,0.0,0.0,1.0,11.0,0.0,0.0,0.0,0.0,0.0,12.0,0.0,0.0,0.0,0.0,0.0,0.0,0.0,0.0,0.0,1.0,1.0,0.0,0.0,0.0,0.0,1.0,1.0,1.0,0.0,0.0,0.0,0.0,0.0,0.0,1.0,1.0,0.0,0.0,0.0,0.0,0.0,1.0,1.0,0.0,1344935555.0,484.0,484.0,1381.0,1381.0,1412.0,0.0,81.0,21782.0,21907.0,21873.0,73.0,0.0,0.0,0.0,77.0,0.0,0.0,31.0,35.0,34.0,10.0,29.0,114836896.0,0.0,1693668256.0,38682202144.0,149211456.0,0.0,0.0,692.0,0.0,0.0,837.0,68.0,956.0
821,0.0,1.0,1.0,1.0,0.0,652800.0,1.0,765000000.0,1.0,1062400000.0,0.143211841583,4497.0,533.0,1371.0,40750.0,42000.0,42500.0,75.0,25.0,64.0,896.0,5000.0,0.0,25.0,1000000.0,950000.0,1.0,0.0,0.0,10.0,0.0,0.0,100.0,500.0,18392669.0,574848591.0,580028810.0,0.0,0.0,0.0,0.0,0.0,1.0,1.0,1.0,1.0,1.0,0.0,0.0,1.0,0.0,0.0,0.0,0.0,0.0,32.0,1.0,14589290.0,261463570.0,14275812.0,19576744.0,584813844.0,454.0,2432718445.0,0.0,1.0,1.0,0.0,1.0,0.0,0.0,1.0,1.0,1.0,1.0,2.0,1.0,0.0,0.0,0.0,2.0,0.0,0.0,1.0,1.0,3.0,50.0,50.0,1.0,0.0,0.0,0.0,0.0,0.0,0.0,0.0,0.0,0.0,0.0,2.0,2.0,0.0,1.0,1.0,0.0,1.0,0.0,0.0,0.0,0.0,0.0,1.0,0.0,0.0,1.0,0.0,0.0,0.0,1.0,10.0,0.0,0.0,0.0,0.0,0.0,11.0,0.0,0.0,0.0,0.0,0.0,0.0,0.0,0.0,0.0,1.0,1.0,0.0,0.0,0.0,0.0,1.0,1.0,1.0,0.0,0.0,0.0,0.0,0.0,0.0,1.0,1.0,0.0,0.0,0.0,0.0,0.0,1.0,1.0,0.0,1266274179.0,444.0,444.0,1172.0,1172.0,1201.0,0.0,39.0,18233.0,20990.0,20970.0,23.0,0.0,0.0,0.0,41.0,0.0,0.0,19.0,21.0,20.0,2.0,17.0,8171680.0,0.0,1543999552.0,15968814112.0,68948768.0,0.0,0.0,454.0,0.0,0.0,526.0,40.0,660.0
822,0.0,1.0,1.0,1.0,0.0,652800.0,1.0,765000000.0,1.0,1062400000.0,0.148059129715,9108.0,1142.0,2667.0,40500.0,41750.0,42500.0,75.0,25.0,64.0,896.0,5000.0,0.0,25.0,1000000.0,950000.0,1.0,0.0,0.0,10.0,0.0,0.0,100.0,500.0,23588399.0,577787937.0,577577862.0,0.0,0.0,0.0,0.0,0.0,1.0,1.0,1.0,1.0,1.0,0.0,0.0,1.0,0.0,0.0,0.0,0.0,0.0,31.0,1.0,15321890.0,279448159.0,14897199.0,23659200.0,611137348.0,720.0,2384887418.0,0.0,1.0,1.0,0.0,1.0,0.0,0.0,1.0,1.0,1.0,1.0,2.0,1.0,0.0,0.0,0.0,2.0,0.0,0.0,1.0,1.0,3.0,50.0,50.0,1.0,0.0,0.0,0.0,0.0,0.0,0.0,0.0,0.0,0.0,0.0,2.0,2.0,0.0,1.0,1.0,0.0,1.0,0.0,0.0,0.0,0.0,0.0,1.0,0.0,0.0,1.0,0.0,0.0,0.0,1.0,10.0,0.0,0.0,0.0,0.0,0.0,11.0,0.0,0.0,0.0,0.0,0.0,0.0,0.0,0.0,0.0,1.0,1.0,0.0,0.0,0.0,0.0,1.0,1.0,1.0,0.0,0.0,0.0,0.0,0.0,0.0,1.0,1.0,0.0,0.0,0.0,0.0,0.0,1.0,1.0,0.0,1363621683.0,538.0,538.0,1397.0,1397.0,1431.0,0.0,92.0,21922.0,22004.0,21970.0,108.0,0.0,0.0,0.0,89.0,0.0,0.0,31.0,35.0,34.0,8.0,29.0,218855296.0,0.0,1697790080.0,18985370400.0,149754336.0,0.0,0.0,720.0,0.0,0.0,978.0,68.0,1214.0
823,0.0,1.0,1.0,1.0,0.0,652800.0,1.0,765000000.0,1.0,1062400000.0,0.14362382888800002,9222.0,1066.0,2819.0,40500.0,41750.0,42500.0,75.0,25.0,64.0,896.0,5000.0,0.0,25.0,1000000.0,950000.0,1.0,0.0,0.0,10.0,0.0,0.0,100.0,500.0,23875772.0,599262575.0,588503775.0,0.0,0.0,0.0,0.0,0.0,1.0,1.0,1.0,1.0,1.0,0.0,0.0,1.0,0.0,0.0,0.0,0.0,0.0,33.0,1.0,15137093.0,268889910.0,14532376.0,23853802.0,607926640.0,705.0,2382964715.0,0.0,1.0,1.0,0.0,1.0,0.0,0.0,1.0,1.0,1.0,1.0,2.0,1.0,0.0,0.0,0.0,2.0,0.0,0.0,1.0,1.0,3.0,50.0,50.0,1.0,0.0,0.0,0.0,0.0,0.0,0.0,0.0,0.0,0.0,0.0,2.0,2.0,0.0,1.0,1.0,0.0,1.0,0.0,0.0,0.0,0.0,0.0,1.0,0.0,0.0,1.0,0.0,0.0,0.0,1.0,11.0,0.0,0.0,0.0,0.0,0.0,12.0,0.0,0.0,0.0,0.0,0.0,0.0,0.0,0.0,0.0,1.0,1.0,0.0,0.0,0.0,0.0,1.0,1.0,1.0,0.0,0.0,0.0,0.0,0.0,0.0,1.0,1.0,0.0,0.0,0.0,0.0,0.0,1.0,1.0,0.0,1318510762.0,536.0,536.0,1337.0,1337.0,1374.0,0.0,81.0,22554.0,22040.0,22006.0,114.0,0.0,0.0,0.0,68.0,0.0,0.0,31.0,35.0,34.0,12.0,29.0,115101184.0,0.0,1651696896.0,19519188256.0,165117472.0,0.0,0.0,705.0,0.0,0.0,939.0,68.0,1256.0
824,0.0,1.0,1.0,1.0,0.0,652800.0,1.0,765000000.0,1.0,1062400000.0,0.146818876266,4384.0,533.0,1295.0,40750.0,42000.0,42500.0,70.0,25.0,64.0,896.0,5000.0,0.0,25.0,1000000.0,950000.0,1.0,1.0,0.0,10.0,0.0,0.0,100.0,500.0,18048801.0,558888640.0,542045863.0,0.0,0.0,0.0,0.0,0.0,1.0,1.0,1.0,1.0,1.0,0.0,0.0,1.0,0.0,0.0,0.0,0.0,0.0,33.0,1.0,14797635.0,262514403.0,14509411.0,19492008.0,576496857.0,437.0,2331963794.0,0.0,1.0,1.0,0.0,1.0,0.0,0.0,1.0,1.0,1.0,1.0,2.0,1.0,0.0,0.0,0.0,2.0,0.0,0.0,1.0,1.0,3.0,50.0,50.0,1.0,0.0,0.0,0.0,0.0,0.0,0.0,0.0,0.0,0.0,0.0,2.0,2.0,0.0,1.0,1.0,0.0,1.0,0.0,0.0,0.0,0.0,0.0,1.0,0.0,0.0,1.0,0.0,0.0,0.0,1.0,10.0,0.0,0.0,0.0,0.0,0.0,11.0,0.0,0.0,0.0,0.0,0.0,0.0,0.0,0.0,0.0,1.0,1.0,0.0,0.0,0.0,0.0,1.0,1.0,1.0,0.0,0.0,0.0,0.0,0.0,0.0,1.0,1.0,0.0,0.0,0.0,0.0,0.0,1.0,1.0,0.0,1298693586.0,403.0,403.0,1186.0,1186.0,1215.0,0.0,52.0,18342.0,20918.0,20898.0,55.0,0.0,0.0,0.0,59.0,0.0,0.0,19.0,21.0,20.0,6.0,17.0,8531008.0,0.0,1501942528.0,75737390400.0,58126208.0,0.0,0.0,437.0,0.0,0.0,531.0,40.0,614.0
825,0.0,1.0,1.0,1.0,0.0,652800.0,1.0,765000000.0,1.0,1062400000.0,0.147479057312,9184.0,1066.0,2667.0,40500.0,41500.0,42500.0,70.0,25.0,64.0,896.0,5000.0,0.0,25.0,1000000.0,950000.0,1.0,1.0,0.0,10.0,0.0,0.0,100.0,500.0,21161899.0,576628067.0,565854706.0,0.0,0.0,0.0,0.0,0.0,1.0,1.0,1.0,1.0,1.0,0.0,0.0,1.0,0.0,0.0,0.0,0.0,0.0,32.0,1.0,14664206.0,266795921.0,14590042.0,20440981.0,587611329.0,580.0,2393220238.0,0.0,1.0,1.0,0.0,1.0,0.0,0.0,1.0,1.0,1.0,1.0,2.0,1.0,0.0,0.0,0.0,2.0,0.0,0.0,1.0,1.0,3.0,50.0,50.0,1.0,0.0,0.0,0.0,0.0,0.0,0.0,0.0,0.0,0.0,0.0,2.0,2.0,0.0,1.0,1.0,0.0,1.0,0.0,0.0,0.0,0.0,0.0,1.0,0.0,0.0,1.0,0.0,0.0,0.0,1.0,11.0,0.0,0.0,0.0,0.0,0.0,12.0,0.0,0.0,0.0,0.0,0.0,0.0,0.0,0.0,0.0,1.0,1.0,0.0,0.0,0.0,0.0,1.0,1.0,1.0,0.0,0.0,0.0,0.0,0.0,0.0,1.0,1.0,0.0,0.0,0.0,0.0,0.0,1.0,1.0,0.0,1338779773.0,442.0,442.0,1174.0,1174.0,1210.0,0.0,73.0,20523.0,21538.0,21511.0,34.0,0.0,0.0,0.0,69.0,0.0,0.0,25.0,28.0,27.0,7.0,23.0,13186176.0,0.0,1544749344.0,21367012576.0,88123648.0,0.0,0.0,580.0,0.0,0.0,714.0,54.0,895.0
826,0.0,1.0,1.0,1.0,0.0,652800.0,1.0,765000000.0,1.0,1062400000.0,0.146221876144,4420.0,533.0,1295.0,40500.0,42000.0,42500.0,70.0,25.0,64.0,896.0,5000.0,0.0,25.0,1000000.0,950000.0,1.0,1.0,0.0,10.0,0.0,0.0,100.0,500.0,18434894.0,561878277.0,562430125.0,0.0,0.0,0.0,0.0,0.0,1.0,1.0,1.0,1.0,1.0,0.0,0.0,1.0,0.0,0.0,0.0,0.0,0.0,33.0,1.0,14204032.0,261140791.0,14213904.0,18111043.0,588278010.0,369.0,2375001060.0,0.0,1.0,1.0,0.0,1.0,0.0,0.0,1.0,1.0,1.0,1.0,2.0,1.0,0.0,0.0,0.0,2.0,0.0,0.0,1.0,1.0,3.0,50.0,50.0,1.0,0.0,0.0,0.0,0.0,0.0,0.0,0.0,0.0,0.0,0.0,2.0,2.0,0.0,1.0,1.0,0.0,1.0,0.0,0.0,0.0,0.0,0.0,1.0,0.0,0.0,1.0,0.0,0.0,0.0,1.0,10.0,0.0,0.0,0.0,0.0,0.0,11.0,0.0,0.0,0.0,0.0,0.0,0.0,0.0,0.0,0.0,1.0,1.0,0.0,0.0,0.0,0.0,1.0,1.0,1.0,0.0,0.0,0.0,0.0,0.0,0.0,1.0,1.0,0.0,0.0,0.0,0.0,0.0,1.0,1.0,0.0,1280952448.0,356.0,356.0,1132.0,1132.0,1161.0,0.0,40.0,18393.0,20948.0,20928.0,93.0,0.0,0.0,0.0,29.0,0.0,0.0,19.0,21.0,20.0,4.0,17.0,11797792.0,0.0,1400920928.0,10794841952.0,89262464.0,0.0,0.0,369.0,0.0,0.0,492.0,40.0,636.0
827,0.0,1.0,0.0,0.0,0.0,345600.0,1.0,1122000000.0,1.0,1600000000.0,0.161050081253,9680.0,1218.0,2438.0,42375.0,42000.0,42500.0,72.0,25.0,64.0,896.0,5000.0,0.0,25.0,1000000.0,950000.0,1.0,0.0,0.0,10.0,0.0,0.0,0.0,100.0,22635194.0,593097778.0,570570017.0,0.0,0.0,0.0,0.0,0.0,1.0,1.0,1.0,1.0,1.0,0.0,0.0,1.0,0.0,0.0,0.0,0.0,0.0,33.0,1.0,15078819.0,263101641.0,15384701.0,22794266.0,622680540.0,897.0,2513325712.0,0.0,1.0,1.0,0.0,1.0,0.0,0.0,1.0,1.0,1.0,1.0,2.0,1.0,0.0,0.0,0.0,2.0,0.0,0.0,1.0,1.0,3.0,50.0,50.0,1.0,0.0,0.0,0.0,0.0,0.0,0.0,0.0,0.0,0.0,0.0,2.0,2.0,0.0,1.0,1.0,0.0,1.0,0.0,0.0,0.0,0.0,0.0,1.0,0.0,0.0,1.0,0.0,0.0,0.0,1.0,10.0,0.0,0.0,0.0,0.0,0.0,11.0,0.0,0.0,0.0,0.0,0.0,0.0,0.0,0.0,0.0,1.0,1.0,0.0,0.0,0.0,0.0,1.0,1.0,1.0,0.0,0.0,0.0,0.0,0.0,0.0,1.0,1.0,0.0,0.0,0.0,0.0,0.0,1.0,1.0,0.0,1382990041.0,640.0,640.0,1228.0,1228.0,1253.0,0.0,71.0,21383.0,22021.0,21987.0,64.0,0.0,0.0,0.0,34.0,0.0,0.0,31.0,35.0,34.0,10.0,29.0,226143360.0,0.0,1632600576.0,21616456000.0,490775904.0,0.0,0.0,897.0,0.0,0.0,1056.0,68.0,1259.0
828,0.0,1.0,0.0,0.0,0.0,345600.0,1.0,1122000000.0,1.0,1600000000.0,0.13556504249600002,4840.0,914.0,1295.0,40250.0,42000.0,42500.0,72.0,25.0,64.0,896.0,5000.0,0.0,25.0,1000000.0,950000.0,1.0,0.0,0.0,10.0,0.0,0.0,0.0,100.0,18192975.0,566891736.0,556157009.0,0.0,0.0,0.0,0.0,0.0,1.0,1.0,1.0,1.0,1.0,0.0,0.0,1.0,0.0,0.0,0.0,0.0,0.0,31.0,1.0,15344576.0,260809775.0,14229216.0,19997001.0,586396155.0,624.0,2249753878.0,0.0,1.0,1.0,0.0,1.0,0.0,0.0,1.0,1.0,1.0,1.0,2.0,1.0,0.0,0.0,0.0,2.0,0.0,0.0,1.0,1.0,3.0,50.0,50.0,1.0,0.0,0.0,0.0,0.0,0.0,0.0,0.0,0.0,0.0,0.0,2.0,2.0,0.0,1.0,1.0,0.0,1.0,0.0,0.0,0.0,0.0,0.0,1.0,0.0,0.0,1.0,0.0,0.0,0.0,1.0,11.0,0.0,0.0,0.0,0.0,0.0,12.0,0.0,0.0,0.0,0.0,0.0,0.0,0.0,0.0,0.0,1.0,1.0,0.0,0.0,0.0,0.0,1.0,1.0,1.0,0.0,0.0,0.0,0.0,0.0,0.0,1.0,1.0,0.0,0.0,0.0,0.0,0.0,1.0,1.0,0.0,1298654369.0,549.0,549.0,1086.0,1086.0,1121.0,0.0,50.0,19436.0,21012.0,20992.0,76.0,0.0,0.0,0.0,27.0,0.0,0.0,19.0,21.0,20.0,2.0,17.0,114953216.0,0.0,1443574080.0,19310843168.0,242091136.0,0.0,0.0,624.0,0.0,0.0,798.0,40.0,1003.0
829,0.0,1.0,0.0,0.0,0.0,345600.0,1.0,1122000000.0,1.0,1600000000.0,0.163618087769,4687.0,914.0,1371.0,40750.0,42500.0,43000.0,72.0,25.0,64.0,896.0,5000.0,0.0,25.0,1000000.0,950000.0,1.0,0.0,0.0,10.0,0.0,0.0,0.0,100.0,17994360.0,560738675.0,563055922.0,0.0,0.0,0.0,0.0,0.0,1.0,1.0,1.0,1.0,1.0,0.0,0.0,1.0,0.0,0.0,0.0,0.0,0.0,35.0,1.0,14944743.0,260290251.0,14485901.0,19332695.0,585044114.0,670.0,2310111725.0,0.0,1.0,1.0,0.0,1.0,0.0,0.0,1.0,1.0,1.0,1.0,2.0,1.0,0.0,0.0,0.0,2.0,0.0,0.0,1.0,1.0,3.0,50.0,50.0,1.0,0.0,0.0,0.0,0.0,0.0,0.0,0.0,0.0,0.0,0.0,2.0,2.0,0.0,1.0,1.0,0.0,1.0,0.0,0.0,0.0,0.0,0.0,1.0,0.0,0.0,1.0,0.0,0.0,0.0,1.0,11.0,0.0,0.0,0.0,0.0,0.0,12.0,0.0,0.0,0.0,0.0,0.0,0.0,0.0,0.0,0.0,1.0,1.0,0.0,0.0,0.0,0.0,1.0,1.0,1.0,0.0,0.0,0.0,0.0,0.0,0.0,1.0,1.0,0.0,0.0,0.0,0.0,0.0,1.0,1.0,0.0,1306174130.0,534.0,534.0,1105.0,1105.0,1132.0,0.0,36.0,18784.0,21151.0,21131.0,7.0,0.0,0.0,0.0,23.0,0.0,0.0,19.0,21.0,20.0,3.0,17.0,102983136.0,0.0,1360597408.0,29502387808.0,182495584.0,0.0,0.0,670.0,0.0,0.0,768.0,40.0,822.0
830,0.0,1.0,0.0,0.0,0.0,345600.0,1.0,1122000000.0,1.0,1600000000.0,0.13049697876,5488.0,838.0,1295.0,41750.0,42500.0,42500.0,78.0,25.0,64.0,896.0,5000.0,0.0,25.0,1000000.0,950000.0,1.0,1.0,0.0,10.0,0.0,0.0,0.0,100.0,19095387.0,571410387.0,551672688.0,0.0,0.0,0.0,0.0,0.0,1.0,1.0,1.0,1.0,1.0,0.0,0.0,1.0,0.0,0.0,0.0,0.0,0.0,32.0,1.0,14841727.0,259349735.0,14479753.0,19083803.0,570836966.0,524.0,2239714177.0,0.0,1.0,1.0,0.0,1.0,0.0,0.0,1.0,1.0,1.0,1.0,2.0,1.0,0.0,0.0,0.0,2.0,0.0,0.0,1.0,1.0,3.0,50.0,50.0,1.0,0.0,0.0,0.0,0.0,0.0,0.0,0.0,0.0,0.0,0.0,2.0,2.0,0.0,1.0,1.0,0.0,1.0,0.0,0.0,0.0,0.0,0.0,1.0,0.0,0.0,1.0,0.0,0.0,0.0,1.0,10.0,0.0,0.0,0.0,0.0,0.0,11.0,0.0,0.0,0.0,0.0,0.0,0.0,0.0,0.0,0.0,1.0,1.0,0.0,0.0,0.0,0.0,1.0,1.0,1.0,0.0,0.0,0.0,0.0,0.0,0.0,1.0,1.0,0.0,0.0,0.0,0.0,0.0,1.0,1.0,0.0,1291417905.0,456.0,456.0,1016.0,1016.0,1042.0,0.0,33.0,19000.0,21087.0,21067.0,16.0,0.0,0.0,0.0,22.0,0.0,0.0,19.0,21.0,20.0,4.0,17.0,15962560.0,0.0,1325595808.0,10646797280.0,234391360.0,0.0,0.0,524.0,0.0,0.0,595.0,40.0,695.0
831,0.0,1.0,0.0,0.0,0.0,345600.0,1.0,1122000000.0,1.0,1600000000.0,0.144431114197,5450.0,914.0,1219.0,40750.0,42000.0,42500.0,78.0,25.0,64.0,896.0,5000.0,0.0,25.0,1000000.0,950000.0,1.0,1.0,0.0,10.0,0.0,0.0,0.0,100.0,19323205.0,581409298.0,562199951.0,0.0,0.0,0.0,0.0,0.0,1.0,1.0,1.0,1.0,1.0,0.0,0.0,1.0,0.0,0.0,0.0,0.0,0.0,31.0,1.0,15250155.0,252583333.0,15003711.0,18232510.0,581796002.0,609.0,2358538015.0,0.0,1.0,1.0,0.0,1.0,0.0,0.0,1.0,1.0,1.0,1.0,2.0,1.0,0.0,0.0,0.0,2.0,0.0,0.0,1.0,1.0,3.0,50.0,50.0,1.0,0.0,0.0,0.0,0.0,0.0,0.0,0.0,0.0,0.0,0.0,2.0,2.0,0.0,1.0,1.0,0.0,1.0,0.0,0.0,0.0,0.0,0.0,1.0,0.0,0.0,1.0,0.0,0.0,0.0,1.0,10.0,0.0,0.0,0.0,0.0,0.0,11.0,0.0,0.0,0.0,0.0,0.0,0.0,0.0,0.0,0.0,1.0,1.0,0.0,0.0,0.0,0.0,1.0,1.0,1.0,0.0,0.0,0.0,0.0,0.0,0.0,1.0,1.0,0.0,0.0,0.0,0.0,0.0,1.0,1.0,0.0,1316054147.0,491.0,491.0,1115.0,1115.0,1148.0,0.0,55.0,19131.0,20879.0,20859.0,51.0,0.0,0.0,0.0,28.0,0.0,0.0,19.0,21.0,20.0,5.0,17.0,93224096.0,0.0,1372354688.0,31131533056.0,272959296.0,0.0,0.0,609.0,0.0,0.0,733.0,40.0,734.0
832,0.0,1.0,0.0,0.0,0.0,345600.0,1.0,1122000000.0,1.0,1600000000.0,0.149366140366,5107.0,914.0,1295.0,40750.0,43000.0,42500.0,78.0,25.0,64.0,896.0,5000.0,0.0,25.0,1000000.0,950000.0,1.0,1.0,0.0,10.0,0.0,0.0,0.0,100.0,18772822.0,562229954.0,555269150.0,0.0,0.0,0.0,0.0,0.0,1.0,1.0,1.0,1.0,1.0,0.0,0.0,1.0,0.0,0.0,0.0,0.0,0.0,28.0,1.0,15035663.0,257860937.0,15005575.0,18343548.0,568887295.0,502.0,2334169500.0,0.0,1.0,1.0,0.0,1.0,0.0,0.0,1.0,1.0,1.0,1.0,2.0,1.0,0.0,0.0,0.0,2.0,0.0,0.0,1.0,1.0,3.0,50.0,50.0,1.0,0.0,0.0,0.0,0.0,0.0,0.0,0.0,0.0,0.0,0.0,2.0,2.0,0.0,1.0,1.0,0.0,1.0,0.0,0.0,0.0,0.0,0.0,1.0,0.0,0.0,1.0,0.0,0.0,0.0,1.0,10.0,0.0,0.0,0.0,0.0,0.0,11.0,0.0,0.0,0.0,0.0,0.0,0.0,0.0,0.0,0.0,1.0,1.0,0.0,0.0,0.0,0.0,1.0,1.0,1.0,0.0,0.0,0.0,0.0,0.0,0.0,1.0,1.0,0.0,0.0,0.0,0.0,0.0,1.0,1.0,0.0,1309305044.0,474.0,474.0,1149.0,1149.0,1184.0,0.0,39.0,18784.0,20977.0,20957.0,19.0,0.0,0.0,0.0,16.0,0.0,0.0,19.0,21.0,20.0,4.0,17.0,121268832.0,0.0,1410136064.0,14379638880.0,255653888.0,0.0,0.0,502.0,0.0,0.0,620.0,40.0,708.0
833,0.0,1.0,0.0,0.0,0.0,345600.0,1.0,1122000000.0,1.0,1600000000.0,0.132682085037,5030.0,914.0,1295.0,41750.0,43000.0,43000.0,74.0,25.0,64.0,896.0,5000.0,0.0,25.0,1000000.0,950000.0,1.0,0.0,0.0,10.0,0.0,0.0,0.0,500.0,18861529.0,572956269.0,560134604.0,0.0,0.0,0.0,0.0,0.0,1.0,1.0,1.0,1.0,1.0,0.0,0.0,1.0,0.0,0.0,0.0,0.0,0.0,33.0,1.0,14958351.0,263706431.0,14826090.0,18801165.0,574895137.0,511.0,2305573737.0,0.0,1.0,1.0,0.0,1.0,0.0,0.0,1.0,1.0,1.0,1.0,2.0,1.0,0.0,0.0,0.0,2.0,0.0,0.0,1.0,1.0,3.0,50.0,50.0,1.0,0.0,0.0,0.0,0.0,0.0,0.0,0.0,0.0,0.0,0.0,2.0,2.0,0.0,1.0,1.0,0.0,1.0,0.0,0.0,0.0,0.0,0.0,1.0,0.0,0.0,1.0,0.0,0.0,0.0,1.0,10.0,0.0,0.0,0.0,0.0,0.0,11.0,0.0,0.0,0.0,0.0,0.0,0.0,0.0,0.0,0.0,1.0,1.0,0.0,0.0,0.0,0.0,1.0,1.0,1.0,0.0,0.0,0.0,0.0,0.0,0.0,1.0,1.0,0.0,0.0,0.0,0.0,0.0,1.0,1.0,0.0,1286565832.0,419.0,419.0,1150.0,1150.0,1181.0,0.0,32.0,18866.0,20982.0,20962.0,66.0,0.0,0.0,0.0,17.0,0.0,0.0,19.0,21.0,20.0,3.0,17.0,112111712.0,0.0,1362223872.0,12317772256.0,227787264.0,0.0,0.0,511.0,0.0,0.0,635.0,40.0,741.0
834,0.0,1.0,0.0,0.0,0.0,345600.0,1.0,1122000000.0,1.0,1600000000.0,0.144455909729,4954.0,761.0,1295.0,41750.0,43000.0,43000.0,74.0,25.0,64.0,896.0,5000.0,0.0,25.0,1000000.0,950000.0,1.0,0.0,0.0,10.0,0.0,0.0,0.0,500.0,18186152.0,568098241.0,569548530.0,0.0,0.0,0.0,0.0,0.0,1.0,1.0,1.0,1.0,1.0,0.0,0.0,1.0,0.0,0.0,0.0,0.0,0.0,31.0,1.0,14540679.0,261843154.0,14137833.0,19372158.0,574162761.0,572.0,2247877423.0,0.0,1.0,1.0,0.0,1.0,0.0,0.0,1.0,1.0,1.0,1.0,2.0,1.0,0.0,0.0,0.0,2.0,0.0,0.0,1.0,1.0,3.0,50.0,50.0,1.0,0.0,0.0,0.0,0.0,0.0,0.0,0.0,0.0,0.0,0.0,2.0,2.0,0.0,1.0,1.0,0.0,1.0,0.0,0.0,0.0,0.0,0.0,1.0,0.0,0.0,1.0,0.0,0.0,0.0,1.0,10.0,0.0,0.0,0.0,0.0,0.0,11.0,0.0,0.0,0.0,0.0,0.0,0.0,0.0,0.0,0.0,1.0,1.0,0.0,0.0,0.0,0.0,1.0,1.0,1.0,0.0,0.0,0.0,0.0,0.0,0.0,1.0,1.0,0.0,0.0,0.0,0.0,0.0,1.0,1.0,0.0,1262689881.0,460.0,460.0,1177.0,1177.0,1209.0,0.0,35.0,19123.0,21011.0,20991.0,57.0,0.0,0.0,0.0,17.0,0.0,0.0,19.0,21.0,20.0,6.0,17.0,214045472.0,0.0,1444020480.0,13533213536.0,209795968.0,0.0,0.0,572.0,0.0,0.0,727.0,40.0,775.0
835,0.0,1.0,0.0,0.0,0.0,345600.0,1.0,1122000000.0,1.0,1600000000.0,0.131762981415,4954.0,838.0,1295.0,40750.0,42500.0,43000.0,74.0,25.0,64.0,896.0,5000.0,0.0,25.0,1000000.0,950000.0,1.0,0.0,0.0,10.0,0.0,0.0,0.0,500.0,17995521.0,572088036.0,558050148.0,0.0,0.0,0.0,0.0,0.0,1.0,1.0,1.0,1.0,1.0,0.0,0.0,1.0,0.0,0.0,0.0,0.0,0.0,33.0,1.0,14689833.0,258166124.0,14561301.0,18841697.0,565436369.0,461.0,2297124618.0,0.0,1.0,1.0,0.0,1.0,0.0,0.0,1.0,1.0,1.0,1.0,2.0,1.0,0.0,0.0,0.0,2.0,0.0,0.0,1.0,1.0,3.0,50.0,50.0,1.0,0.0,0.0,0.0,0.0,0.0,0.0,0.0,0.0,0.0,0.0,2.0,2.0,0.0,1.0,1.0,0.0,1.0,0.0,0.0,0.0,0.0,0.0,1.0,0.0,0.0,1.0,0.0,0.0,0.0,1.0,10.0,0.0,0.0,0.0,0.0,0.0,11.0,0.0,0.0,0.0,0.0,0.0,0.0,0.0,0.0,0.0,1.0,1.0,0.0,0.0,0.0,0.0,1.0,1.0,1.0,0.0,0.0,0.0,0.0,0.0,0.0,1.0,1.0,0.0,0.0,0.0,0.0,0.0,1.0,1.0,0.0,1280650278.0,429.0,429.0,1075.0,1075.0,1103.0,0.0,47.0,19079.0,20924.0,20904.0,10.0,0.0,0.0,0.0,25.0,0.0,0.0,19.0,21.0,20.0,6.0,17.0,105913216.0,0.0,1335546272.0,9708450496.0,210228928.0,0.0,0.0,461.0,0.0,0.0,546.0,40.0,655.0
836,0.0,1.0,0.0,0.0,0.0,345600.0,1.0,1122000000.0,1.0,1600000000.0,0.128525018692,5030.0,914.0,1295.0,40750.0,42000.0,43000.0,74.0,25.0,64.0,896.0,5000.0,0.0,25.0,1000000.0,950000.0,1.0,1.0,0.0,10.0,0.0,0.0,0.0,500.0,18385562.0,587449086.0,553734507.0,0.0,0.0,0.0,0.0,0.0,1.0,1.0,1.0,1.0,1.0,0.0,0.0,1.0,0.0,0.0,0.0,0.0,0.0,36.0,1.0,14572469.0,253836487.0,14679866.0,19131762.0,584316399.0,521.0,2319775625.0,0.0,1.0,1.0,0.0,1.0,0.0,0.0,1.0,1.0,1.0,1.0,2.0,1.0,0.0,0.0,0.0,2.0,0.0,0.0,1.0,1.0,3.0,50.0,50.0,1.0,0.0,0.0,0.0,0.0,0.0,0.0,0.0,0.0,0.0,0.0,2.0,2.0,0.0,1.0,1.0,0.0,1.0,0.0,0.0,0.0,0.0,0.0,1.0,0.0,0.0,1.0,0.0,0.0,0.0,1.0,11.0,0.0,0.0,0.0,0.0,0.0,12.0,0.0,0.0,0.0,0.0,0.0,0.0,0.0,0.0,0.0,1.0,1.0,0.0,0.0,0.0,0.0,1.0,1.0,1.0,0.0,0.0,0.0,0.0,0.0,0.0,1.0,1.0,0.0,0.0,0.0,0.0,0.0,1.0,1.0,0.0,1282613735.0,395.0,395.0,1146.0,1146.0,1172.0,0.0,40.0,19157.0,21127.0,21107.0,24.0,0.0,0.0,0.0,19.0,0.0,0.0,19.0,21.0,20.0,3.0,17.0,13044192.0,1933952.0,1377111552.0,19243707808.0,230407680.0,0.0,0.0,521.0,0.0,0.0,596.0,40.0,721.0
837,0.0,1.0,0.0,0.0,0.0,345600.0,1.0,1122000000.0,1.0,1600000000.0,0.132884979248,4992.0,838.0,1295.0,41750.0,42500.0,43000.0,74.0,25.0,64.0,896.0,5000.0,0.0,25.0,1000000.0,950000.0,1.0,1.0,0.0,10.0,0.0,0.0,0.0,500.0,18767832.0,565868901.0,557918539.0,0.0,0.0,0.0,0.0,0.0,1.0,1.0,1.0,1.0,1.0,0.0,0.0,1.0,0.0,0.0,0.0,0.0,0.0,33.0,1.0,14941732.0,257255411.0,14676177.0,18012807.0,580436609.0,549.0,2342680959.0,0.0,1.0,1.0,0.0,1.0,0.0,0.0,1.0,1.0,1.0,1.0,2.0,1.0,0.0,0.0,0.0,2.0,0.0,0.0,1.0,1.0,3.0,50.0,50.0,1.0,0.0,0.0,0.0,0.0,0.0,0.0,0.0,0.0,0.0,0.0,2.0,2.0,0.0,1.0,1.0,0.0,1.0,0.0,0.0,0.0,0.0,0.0,1.0,0.0,0.0,1.0,0.0,0.0,0.0,1.0,11.0,0.0,0.0,0.0,0.0,0.0,12.0,0.0,0.0,0.0,0.0,0.0,0.0,0.0,0.0,0.0,1.0,1.0,0.0,0.0,0.0,0.0,1.0,1.0,1.0,0.0,0.0,0.0,0.0,0.0,0.0,1.0,1.0,0.0,0.0,0.0,0.0,0.0,1.0,1.0,0.0,1342201877.0,437.0,437.0,1065.0,1065.0,1096.0,0.0,41.0,19231.0,21038.0,21018.0,31.0,0.0,0.0,0.0,34.0,0.0,0.0,19.0,21.0,20.0,4.0,17.0,224441952.0,0.0,1400542464.0,14901333504.0,311250752.0,0.0,0.0,549.0,0.0,0.0,684.0,40.0,734.0
838,0.0,1.0,0.0,0.0,0.0,345600.0,1.0,1122000000.0,1.0,1600000000.0,0.13381481170700002,4992.0,914.0,1219.0,42250.0,42500.0,42500.0,74.0,25.0,64.0,896.0,5000.0,0.0,25.0,1000000.0,950000.0,1.0,1.0,0.0,10.0,0.0,0.0,0.0,500.0,19345748.0,569964972.0,559527619.0,0.0,0.0,0.0,0.0,0.0,1.0,1.0,1.0,1.0,1.0,0.0,0.0,1.0,0.0,0.0,0.0,0.0,0.0,31.0,1.0,14932528.0,263914602.0,14595026.0,19187044.0,582836544.0,542.0,2262782556.0,0.0,1.0,1.0,0.0,1.0,0.0,0.0,1.0,1.0,1.0,1.0,2.0,1.0,0.0,0.0,0.0,2.0,0.0,0.0,1.0,1.0,3.0,50.0,50.0,1.0,0.0,0.0,0.0,0.0,0.0,0.0,0.0,0.0,0.0,0.0,2.0,2.0,0.0,1.0,1.0,0.0,1.0,0.0,0.0,0.0,0.0,0.0,1.0,0.0,0.0,1.0,0.0,0.0,0.0,1.0,10.0,0.0,0.0,0.0,0.0,0.0,11.0,0.0,0.0,0.0,0.0,0.0,0.0,0.0,0.0,0.0,1.0,1.0,0.0,0.0,0.0,0.0,1.0,1.0,1.0,0.0,0.0,0.0,0.0,0.0,0.0,1.0,1.0,0.0,0.0,0.0,0.0,0.0,1.0,1.0,0.0,1275338319.0,466.0,466.0,1052.0,1052.0,1082.0,0.0,42.0,19166.0,20998.0,20978.0,43.0,0.0,0.0,0.0,24.0,0.0,0.0,19.0,21.0,20.0,8.0,17.0,282096928.0,0.0,1387196032.0,14167004352.0,220370400.0,0.0,0.0,542.0,0.0,0.0,646.0,40.0,686.0
839,0.0,1.0,0.0,0.0,0.0,345600.0,1.0,1122000000.0,1.0,1600000000.0,0.137845993042,4954.0,914.0,1295.0,41000.0,42000.0,43000.0,69.0,25.0,64.0,896.0,5000.0,0.0,25.0,1000000.0,950000.0,1.0,0.0,0.0,10.0,0.0,0.0,100.0,100.0,18961800.0,568873731.0,559118491.0,0.0,0.0,0.0,0.0,0.0,1.0,1.0,1.0,1.0,1.0,0.0,0.0,1.0,0.0,0.0,0.0,0.0,0.0,33.0,1.0,15004608.0,261606139.0,14557913.0,18956823.0,575336053.0,558.0,2299205058.0,0.0,1.0,1.0,0.0,1.0,0.0,0.0,1.0,1.0,1.0,1.0,2.0,1.0,0.0,0.0,0.0,2.0,0.0,0.0,1.0,1.0,3.0,50.0,50.0,1.0,0.0,0.0,0.0,0.0,0.0,0.0,0.0,0.0,0.0,0.0,2.0,2.0,0.0,1.0,1.0,0.0,1.0,0.0,0.0,0.0,0.0,0.0,1.0,0.0,0.0,1.0,0.0,0.0,0.0,1.0,10.0,0.0,0.0,0.0,0.0,0.0,11.0,0.0,0.0,0.0,0.0,0.0,0.0,0.0,0.0,0.0,1.0,1.0,0.0,0.0,0.0,0.0,1.0,1.0,1.0,0.0,0.0,0.0,0.0,0.0,0.0,1.0,1.0,0.0,0.0,0.0,0.0,0.0,1.0,1.0,0.0,1305599927.0,534.0,534.0,1139.0,1139.0,1162.0,0.0,43.0,18983.0,21132.0,21112.0,132.0,0.0,0.0,0.0,25.0,0.0,0.0,19.0,21.0,20.0,2.0,17.0,39776832.0,0.0,1384354432.0,132130932736.0,253395328.0,0.0,0.0,558.0,0.0,0.0,796.0,40.0,959.0
840,0.0,1.0,0.0,0.0,0.0,345600.0,1.0,1122000000.0,1.0,1600000000.0,0.10347390174900001,5145.0,761.0,990.0,41166.6666667,41500.0,42666.6666667,69.0,25.0,64.0,896.0,5000.0,0.0,25.0,1000000.0,950000.0,1.0,0.0,0.0,10.0,0.0,0.0,100.0,100.0,22732602.0,590917820.0,575014510.0,0.0,0.0,0.0,0.0,0.0,1.0,1.0,1.0,1.0,1.0,0.0,0.0,1.0,0.0,0.0,0.0,0.0,0.0,33.0,1.0,14489956.0,272209733.0,14554184.0,22861342.0,596998910.0,895.0,2325551319.0,0.0,1.0,1.0,0.0,1.0,0.0,0.0,1.0,1.0,1.0,1.0,2.0,1.0,0.0,0.0,0.0,2.0,0.0,0.0,1.0,1.0,3.0,50.0,50.0,1.0,0.0,0.0,0.0,0.0,0.0,0.0,0.0,0.0,0.0,0.0,2.0,2.0,0.0,1.0,1.0,0.0,1.0,0.0,0.0,0.0,0.0,0.0,1.0,0.0,0.0,1.0,0.0,0.0,0.0,1.0,11.0,0.0,0.0,0.0,0.0,0.0,12.0,0.0,0.0,0.0,0.0,0.0,0.0,0.0,0.0,0.0,1.0,1.0,0.0,0.0,0.0,0.0,1.0,1.0,1.0,0.0,0.0,0.0,0.0,0.0,0.0,1.0,1.0,0.0,0.0,0.0,0.0,0.0,1.0,1.0,0.0,1302653550.0,745.0,745.0,1311.0,1311.0,1354.0,0.0,71.0,20096.0,21672.0,21640.0,107.0,0.0,0.0,0.0,32.0,0.0,0.0,31.0,33.0,32.0,6.0,29.0,526764416.0,0.0,1774135200.0,100563793280.0,285322560.0,0.0,0.0,895.0,0.0,0.0,1107.0,64.0,1260.0
841,0.0,1.0,0.0,0.0,0.0,345600.0,1.0,1122000000.0,1.0,1600000000.0,0.13636302947999998,5030.0,838.0,1219.0,41250.0,43000.0,43000.0,69.0,25.0,64.0,896.0,5000.0,0.0,25.0,1000000.0,950000.0,1.0,0.0,0.0,10.0,0.0,0.0,100.0,100.0,18386718.0,569598816.0,541836239.0,0.0,0.0,0.0,0.0,0.0,1.0,1.0,1.0,1.0,1.0,0.0,0.0,1.0,0.0,0.0,0.0,0.0,0.0,34.0,1.0,14590644.0,249947264.0,14654257.0,18257967.0,589719456.0,507.0,2353071051.0,0.0,1.0,1.0,0.0,1.0,0.0,0.0,1.0,1.0,1.0,1.0,2.0,1.0,0.0,0.0,0.0,2.0,0.0,0.0,1.0,1.0,3.0,50.0,50.0,1.0,0.0,0.0,0.0,0.0,0.0,0.0,0.0,0.0,0.0,0.0,2.0,2.0,0.0,1.0,1.0,0.0,1.0,0.0,0.0,0.0,0.0,0.0,1.0,0.0,0.0,1.0,0.0,0.0,0.0,1.0,10.0,0.0,0.0,0.0,0.0,0.0,11.0,0.0,0.0,0.0,0.0,0.0,0.0,0.0,0.0,0.0,1.0,1.0,0.0,0.0,0.0,0.0,1.0,1.0,1.0,0.0,0.0,0.0,0.0,0.0,0.0,1.0,1.0,0.0,0.0,0.0,0.0,0.0,1.0,1.0,0.0,1332619999.0,456.0,456.0,1095.0,1095.0,1122.0,0.0,40.0,19379.0,20949.0,20929.0,114.0,0.0,0.0,0.0,17.0,0.0,0.0,19.0,21.0,20.0,6.0,17.0,34445408.0,4494304.0,1363549248.0,16627845568.0,255376256.0,0.0,0.0,507.0,0.0,0.0,684.0,40.0,865.0
842,0.0,1.0,0.0,0.0,0.0,345600.0,1.0,1122000000.0,1.0,1600000000.0,0.157438993454,5068.0,838.0,1219.0,42000.0,42000.0,43000.0,71.0,25.0,64.0,896.0,5000.0,0.0,25.0,1000000.0,950000.0,1.0,1.0,0.0,10.0,0.0,0.0,100.0,100.0,18174065.0,577686130.0,558270306.0,0.0,0.0,0.0,0.0,0.0,1.0,1.0,1.0,1.0,1.0,0.0,0.0,1.0,0.0,0.0,0.0,0.0,0.0,32.0,1.0,14921710.0,253445518.0,14746596.0,17737558.0,581866134.0,620.0,2328542780.0,0.0,1.0,1.0,0.0,1.0,0.0,0.0,1.0,1.0,1.0,1.0,2.0,1.0,0.0,0.0,0.0,2.0,0.0,0.0,1.0,1.0,3.0,50.0,50.0,1.0,0.0,0.0,0.0,0.0,0.0,0.0,0.0,0.0,0.0,0.0,2.0,2.0,0.0,1.0,1.0,0.0,1.0,0.0,0.0,0.0,0.0,0.0,1.0,0.0,0.0,1.0,0.0,0.0,0.0,1.0,10.0,0.0,0.0,0.0,0.0,0.0,11.0,0.0,0.0,0.0,0.0,0.0,0.0,0.0,0.0,0.0,1.0,1.0,0.0,0.0,0.0,0.0,1.0,1.0,1.0,0.0,0.0,0.0,0.0,0.0,0.0,1.0,1.0,0.0,0.0,0.0,0.0,0.0,1.0,1.0,0.0,1323464513.0,476.0,476.0,1072.0,1072.0,1094.0,0.0,49.0,18726.0,21031.0,21011.0,24.0,0.0,0.0,0.0,27.0,0.0,0.0,19.0,21.0,20.0,6.0,17.0,115731296.0,0.0,1366614048.0,7401600096.0,324078528.0,0.0,0.0,620.0,0.0,0.0,734.0,40.0,821.0
843,0.0,1.0,0.0,0.0,0.0,345600.0,1.0,1122000000.0,1.0,1600000000.0,0.152589797974,4764.0,914.0,1066.0,40750.0,42500.0,43000.0,71.0,25.0,64.0,896.0,5000.0,0.0,25.0,1000000.0,950000.0,1.0,1.0,0.0,10.0,0.0,0.0,100.0,100.0,17148858.0,571871754.0,561086799.0,0.0,0.0,0.0,0.0,0.0,1.0,1.0,1.0,1.0,1.0,0.0,0.0,1.0,0.0,0.0,0.0,0.0,0.0,31.0,1.0,14411216.0,246809880.0,14189300.0,18835430.0,584753045.0,595.0,2269909577.0,0.0,1.0,1.0,0.0,1.0,0.0,0.0,1.0,1.0,1.0,1.0,2.0,1.0,0.0,0.0,0.0,2.0,0.0,0.0,1.0,1.0,3.0,50.0,50.0,1.0,0.0,0.0,0.0,0.0,0.0,0.0,0.0,0.0,0.0,0.0,2.0,2.0,0.0,1.0,1.0,0.0,1.0,0.0,0.0,0.0,0.0,0.0,1.0,0.0,0.0,1.0,0.0,0.0,0.0,1.0,10.0,0.0,0.0,0.0,0.0,0.0,11.0,0.0,0.0,0.0,0.0,0.0,0.0,0.0,0.0,0.0,1.0,1.0,0.0,0.0,0.0,0.0,1.0,1.0,1.0,0.0,0.0,0.0,0.0,0.0,0.0,1.0,1.0,0.0,0.0,0.0,0.0,0.0,1.0,1.0,0.0,1300085958.0,515.0,515.0,1126.0,1126.0,1162.0,0.0,41.0,19103.0,20939.0,20919.0,90.0,0.0,0.0,0.0,24.0,0.0,0.0,19.0,21.0,20.0,6.0,17.0,68811136.0,0.0,1472828832.0,19962696288.0,385431008.0,0.0,0.0,595.0,0.0,0.0,738.0,40.0,885.0
844,0.0,1.0,0.0,0.0,0.0,345600.0,1.0,1122000000.0,1.0,1600000000.0,0.13233399391200001,5221.0,838.0,1295.0,42750.0,43500.0,43000.0,71.0,25.0,64.0,896.0,5000.0,0.0,25.0,1000000.0,950000.0,1.0,1.0,0.0,10.0,0.0,0.0,100.0,100.0,19118739.0,573781339.0,544676985.0,0.0,0.0,0.0,0.0,0.0,1.0,1.0,1.0,1.0,1.0,0.0,0.0,1.0,0.0,0.0,0.0,0.0,0.0,32.0,1.0,14703830.0,253334171.0,14211962.0,18105055.0,570942539.0,440.0,2221319167.0,0.0,1.0,1.0,0.0,1.0,0.0,0.0,1.0,1.0,1.0,1.0,2.0,1.0,0.0,0.0,0.0,2.0,0.0,0.0,1.0,1.0,3.0,50.0,50.0,1.0,0.0,0.0,0.0,0.0,0.0,0.0,0.0,0.0,0.0,0.0,2.0,2.0,0.0,1.0,1.0,0.0,1.0,0.0,0.0,0.0,0.0,0.0,1.0,0.0,0.0,1.0,0.0,0.0,0.0,1.0,10.0,0.0,0.0,0.0,0.0,0.0,11.0,0.0,0.0,0.0,0.0,0.0,0.0,0.0,0.0,0.0,1.0,1.0,0.0,0.0,0.0,0.0,1.0,1.0,1.0,0.0,0.0,0.0,0.0,0.0,0.0,1.0,1.0,0.0,0.0,0.0,0.0,0.0,1.0,1.0,0.0,1286858952.0,419.0,419.0,1123.0,1123.0,1153.0,0.0,42.0,18741.0,20863.0,20843.0,65.0,0.0,0.0,0.0,26.0,0.0,0.0,19.0,21.0,20.0,3.0,17.0,14804928.0,0.0,1414020992.0,16357827744.0,191877664.0,0.0,0.0,440.0,0.0,0.0,583.0,40.0,652.0
845,0.0,1.0,0.0,0.0,0.0,345600.0,1.0,1122000000.0,1.0,1600000000.0,0.13775396347000002,4916.0,838.0,1371.0,41000.0,43500.0,43000.0,83.0,25.0,64.0,896.0,5000.0,0.0,25.0,1000000.0,950000.0,1.0,0.0,0.0,10.0,0.0,0.0,100.0,500.0,18459315.0,555703219.0,535336629.0,0.0,0.0,0.0,0.0,0.0,1.0,1.0,1.0,1.0,1.0,0.0,0.0,1.0,0.0,0.0,0.0,0.0,0.0,31.0,1.0,14848819.0,244893710.0,14805249.0,17818332.0,581251830.0,469.0,2311374347.0,0.0,1.0,1.0,0.0,1.0,0.0,0.0,1.0,1.0,1.0,1.0,2.0,1.0,0.0,0.0,0.0,2.0,0.0,0.0,1.0,1.0,3.0,50.0,50.0,1.0,0.0,0.0,0.0,0.0,0.0,0.0,0.0,0.0,0.0,0.0,2.0,2.0,0.0,1.0,1.0,0.0,1.0,0.0,0.0,0.0,0.0,0.0,1.0,0.0,0.0,1.0,0.0,0.0,0.0,1.0,10.0,0.0,0.0,0.0,0.0,0.0,11.0,0.0,0.0,0.0,0.0,0.0,0.0,0.0,0.0,0.0,1.0,1.0,0.0,0.0,0.0,0.0,1.0,1.0,1.0,0.0,0.0,0.0,0.0,0.0,0.0,1.0,1.0,0.0,0.0,0.0,0.0,0.0,1.0,1.0,0.0,1334609551.0,442.0,442.0,1020.0,1020.0,1046.0,0.0,25.0,18034.0,20958.0,20938.0,6.0,0.0,0.0,0.0,18.0,0.0,0.0,19.0,21.0,20.0,3.0,17.0,202372320.0,0.0,1305951424.0,7849318432.0,158497760.0,0.0,0.0,469.0,0.0,0.0,573.0,40.0,708.0
846,0.0,1.0,0.0,0.0,0.0,345600.0,1.0,1122000000.0,1.0,1600000000.0,0.121976137161,5259.0,838.0,1142.0,41000.0,42000.0,43000.0,83.0,25.0,64.0,896.0,5000.0,0.0,25.0,1000000.0,950000.0,1.0,0.0,0.0,10.0,0.0,0.0,100.0,500.0,17799485.0,566203082.0,565205479.0,0.0,0.0,0.0,0.0,0.0,1.0,1.0,1.0,1.0,1.0,0.0,0.0,1.0,0.0,0.0,0.0,0.0,0.0,29.0,1.0,14407453.0,257198934.0,14152983.0,18623887.0,578956180.0,594.0,2291131566.0,0.0,1.0,1.0,0.0,1.0,0.0,0.0,1.0,1.0,1.0,1.0,2.0,1.0,0.0,0.0,0.0,3.0,0.0,0.0,1.0,1.0,3.0,50.0,50.0,1.0,0.0,0.0,0.0,0.0,0.0,0.0,0.0,0.0,0.0,0.0,2.0,2.0,0.0,2.0,2.0,0.0,2.0,0.0,0.0,0.0,0.0,0.0,1.0,0.0,0.0,1.0,0.0,0.0,0.0,1.0,11.0,0.0,0.0,0.0,0.0,0.0,12.0,0.0,0.0,0.0,0.0,0.0,0.0,0.0,0.0,0.0,1.0,1.0,0.0,0.0,0.0,0.0,1.0,1.0,1.0,0.0,0.0,0.0,0.0,0.0,0.0,1.0,1.0,0.0,0.0,0.0,0.0,0.0,1.0,1.0,0.0,1304752203.0,538.0,538.0,1240.0,1240.0,1275.0,0.0,47.0,19301.0,21076.0,21056.0,35.0,0.0,0.0,0.0,32.0,0.0,0.0,19.0,21.0,20.0,8.0,17.0,225300576.0,3766176.0,1518560768.0,19118914336.0,286593088.0,0.0,0.0,594.0,0.0,0.0,703.0,40.0,983.0
847,0.0,1.0,0.0,0.0,0.0,345600.0,1.0,1122000000.0,1.0,1600000000.0,0.13819980621300001,5030.0,838.0,1295.0,41500.0,43000.0,43000.0,83.0,25.0,64.0,896.0,5000.0,0.0,25.0,1000000.0,950000.0,1.0,0.0,0.0,10.0,0.0,0.0,100.0,500.0,18982784.0,558308036.0,554771715.0,0.0,0.0,0.0,0.0,0.0,1.0,1.0,1.0,1.0,1.0,0.0,0.0,1.0,0.0,0.0,0.0,0.0,0.0,33.0,1.0,14573953.0,261792356.0,14174464.0,18636048.0,565443577.0,409.0,2239688596.0,0.0,1.0,1.0,0.0,1.0,0.0,0.0,1.0,1.0,1.0,1.0,2.0,1.0,0.0,0.0,0.0,2.0,0.0,0.0,1.0,1.0,3.0,50.0,50.0,1.0,0.0,0.0,0.0,0.0,0.0,0.0,0.0,0.0,0.0,0.0,2.0,2.0,0.0,1.0,1.0,0.0,1.0,0.0,0.0,0.0,0.0,0.0,1.0,0.0,0.0,1.0,0.0,0.0,0.0,1.0,10.0,0.0,0.0,0.0,0.0,0.0,11.0,0.0,0.0,0.0,0.0,0.0,0.0,0.0,0.0,0.0,1.0,1.0,0.0,0.0,0.0,0.0,1.0,1.0,1.0,0.0,0.0,0.0,0.0,0.0,0.0,1.0,1.0,0.0,0.0,0.0,0.0,0.0,1.0,1.0,0.0,1279034721.0,437.0,437.0,1077.0,1077.0,1103.0,0.0,45.0,18827.0,20891.0,20871.0,14.0,0.0,0.0,0.0,26.0,0.0,0.0,19.0,21.0,20.0,4.0,17.0,118384352.0,0.0,1360205408.0,10187117536.0,235892256.0,0.0,0.0,409.0,0.0,0.0,464.0,40.0,603.0
848,0.0,1.0,0.0,0.0,0.0,345600.0,1.0,1122000000.0,1.0,1600000000.0,0.133363962173,5183.0,914.0,1219.0,41500.0,42000.0,43000.0,79.0,25.0,64.0,896.0,5000.0,0.0,25.0,1000000.0,950000.0,1.0,1.0,0.0,10.0,0.0,0.0,100.0,500.0,18970134.0,567168814.0,556456291.0,0.0,0.0,0.0,0.0,0.0,1.0,1.0,1.0,1.0,1.0,0.0,0.0,1.0,0.0,0.0,0.0,0.0,0.0,33.0,1.0,14527998.0,256371597.0,14419397.0,19818878.0,575619214.0,490.0,2260558254.0,0.0,1.0,1.0,0.0,1.0,0.0,0.0,1.0,1.0,1.0,1.0,2.0,1.0,0.0,0.0,0.0,2.0,0.0,0.0,1.0,1.0,3.0,50.0,50.0,1.0,0.0,0.0,0.0,0.0,0.0,0.0,0.0,0.0,0.0,0.0,2.0,2.0,0.0,1.0,1.0,0.0,1.0,0.0,0.0,0.0,0.0,0.0,1.0,0.0,0.0,1.0,0.0,0.0,0.0,1.0,10.0,0.0,0.0,0.0,0.0,0.0,11.0,0.0,0.0,0.0,0.0,0.0,0.0,0.0,0.0,0.0,1.0,1.0,0.0,0.0,0.0,0.0,1.0,1.0,1.0,0.0,0.0,0.0,0.0,0.0,0.0,1.0,1.0,0.0,0.0,0.0,0.0,0.0,1.0,1.0,0.0,1269457738.0,462.0,462.0,1116.0,1116.0,1137.0,0.0,34.0,19049.0,20901.0,20881.0,37.0,0.0,0.0,0.0,15.0,0.0,0.0,19.0,21.0,20.0,6.0,17.0,36741312.0,0.0,1371031040.0,9086347936.0,255555296.0,0.0,0.0,490.0,0.0,0.0,571.0,40.0,687.0
849,0.0,1.0,0.0,0.0,0.0,345600.0,1.0,1122000000.0,1.0,1600000000.0,0.152294158936,4687.0,533.0,1371.0,41000.0,43000.0,43000.0,79.0,25.0,64.0,896.0,5000.0,0.0,25.0,1000000.0,950000.0,1.0,1.0,0.0,10.0,0.0,0.0,100.0,500.0,16590863.0,575817600.0,566653049.0,0.0,0.0,0.0,0.0,0.0,1.0,1.0,1.0,1.0,1.0,0.0,0.0,1.0,0.0,0.0,0.0,0.0,0.0,31.0,1.0,14504979.0,258530894.0,14313697.0,18084606.0,572362452.0,475.0,2267828421.0,0.0,1.0,1.0,0.0,1.0,0.0,0.0,1.0,1.0,1.0,1.0,2.0,1.0,0.0,0.0,0.0,2.0,0.0,0.0,1.0,1.0,3.0,50.0,50.0,1.0,0.0,0.0,0.0,0.0,0.0,0.0,0.0,0.0,0.0,0.0,2.0,2.0,0.0,1.0,1.0,0.0,1.0,0.0,0.0,0.0,0.0,0.0,1.0,0.0,0.0,1.0,0.0,0.0,0.0,1.0,10.0,0.0,0.0,0.0,0.0,0.0,11.0,0.0,0.0,0.0,0.0,0.0,0.0,0.0,0.0,0.0,1.0,1.0,0.0,0.0,0.0,0.0,1.0,1.0,1.0,0.0,0.0,0.0,0.0,0.0,0.0,1.0,1.0,0.0,0.0,0.0,0.0,0.0,1.0,1.0,0.0,1268593519.0,482.0,482.0,1086.0,1086.0,1115.0,0.0,45.0,18530.0,20827.0,20807.0,39.0,0.0,0.0,0.0,22.0,0.0,0.0,19.0,21.0,20.0,2.0,17.0,214119840.0,0.0,1426023424.0,13094468672.0,140245920.0,0.0,0.0,475.0,0.0,0.0,576.0,40.0,635.0
850,0.0,1.0,0.0,0.0,0.0,345600.0,1.0,1122000000.0,1.0,1600000000.0,0.147402048111,5752.0,838.0,1523.0,41250.0,42500.0,43500.0,79.0,25.0,64.0,896.0,5000.0,0.0,25.0,1000000.0,950000.0,1.0,1.0,0.0,10.0,0.0,0.0,100.0,500.0,16741518.0,566087447.0,556532455.0,0.0,0.0,0.0,0.0,0.0,1.0,1.0,1.0,1.0,1.0,0.0,0.0,1.0,0.0,0.0,0.0,0.0,0.0,32.0,1.0,14365189.0,252192777.0,14169120.0,17775833.0,588737024.0,444.0,2339651707.0,0.0,1.0,1.0,0.0,1.0,0.0,0.0,1.0,1.0,1.0,1.0,2.0,1.0,0.0,0.0,0.0,2.0,0.0,0.0,1.0,1.0,3.0,50.0,50.0,1.0,0.0,0.0,0.0,0.0,0.0,0.0,0.0,0.0,0.0,0.0,2.0,2.0,0.0,1.0,1.0,0.0,1.0,0.0,0.0,0.0,0.0,0.0,1.0,0.0,0.0,1.0,0.0,0.0,0.0,1.0,11.0,0.0,0.0,0.0,0.0,0.0,12.0,0.0,0.0,0.0,0.0,0.0,0.0,0.0,0.0,0.0,1.0,1.0,0.0,0.0,0.0,0.0,1.0,1.0,1.0,0.0,0.0,0.0,0.0,0.0,0.0,1.0,1.0,0.0,0.0,0.0,0.0,0.0,1.0,1.0,0.0,1275896147.0,455.0,455.0,1098.0,1098.0,1129.0,0.0,36.0,19001.0,20822.0,20802.0,47.0,0.0,0.0,0.0,11.0,0.0,0.0,19.0,21.0,20.0,3.0,17.0,120043328.0,0.0,1388694560.0,15807065632.0,539615360.0,0.0,0.0,444.0,0.0,0.0,520.0,40.0,540.0
851,0.0,1.0,1.0,0.0,1.0,1267200.0,1.0,1300500000.0,1.0,40800000.0,15.863795042000001,37171.0,8762.0,11581.0,41305.555555599996,42055.555555599996,42944.444444400004,72.0,25.0,64.0,896.0,5000.0,0.0,25.0,1000000.0,950000.0,1.0,0.0,0.0,10.0,0.0,0.0,0.0,100.0,72581142.0,1440768943.0,1333230605.0,0.0,0.0,0.0,0.0,0.0,1.0,1.0,1.0,1.0,1.0,0.0,0.0,1.0,0.0,0.0,0.0,0.0,0.0,32.0,1.0,108345842.0,616257476.0,111790913.0,76777911.0,1480953595.0,5952.0,80354004298.0,0.0,1.0,1.0,0.0,1.0,0.0,0.0,1.0,1.0,1.0,1.0,2.0,1.0,0.0,0.0,0.0,2.0,0.0,0.0,1.0,1.0,3.0,50.0,50.0,1.0,0.0,0.0,0.0,0.0,0.0,0.0,0.0,0.0,0.0,0.0,2.0,2.0,0.0,1.0,1.0,0.0,1.0,0.0,0.0,0.0,0.0,0.0,1.0,0.0,0.0,1.0,0.0,0.0,0.0,1.0,11.0,0.0,0.0,0.0,0.0,0.0,12.0,0.0,0.0,0.0,0.0,0.0,0.0,0.0,0.0,0.0,1.0,1.0,0.0,0.0,0.0,0.0,1.0,1.0,1.0,0.0,0.0,0.0,0.0,0.0,0.0,1.0,1.0,0.0,0.0,0.0,0.0,0.0,1.0,1.0,0.0,2631621555.0,15904.0,15904.0,25694.0,25694.0,25979.0,0.0,770.0,43006.0,30365.0,30241.0,272.0,0.0,0.0,0.0,1610.0,0.0,0.0,115.0,125.0,124.0,45.0,113.0,8193351040.0,0.0,52105072064.0,954000145760.0,9499235072.0,0.0,0.0,5952.0,0.0,0.0,8243.0,248.0,9722.0
852,0.0,1.0,1.0,0.0,1.0,1267200.0,1.0,1300500000.0,1.0,40800000.0,14.6728031635,36978.0,8837.0,11504.0,41388.8888889,42111.1111111,42944.444444400004,72.0,25.0,64.0,896.0,5000.0,0.0,25.0,1000000.0,950000.0,1.0,0.0,0.0,10.0,0.0,0.0,0.0,100.0,72302577.0,1428118854.0,1316428555.0,0.0,0.0,0.0,0.0,0.0,1.0,1.0,1.0,1.0,1.0,0.0,0.0,1.0,0.0,0.0,0.0,0.0,0.0,39.0,1.0,109759828.0,614145483.0,114221437.0,74722589.0,1451254133.0,5902.0,77617087499.0,0.0,1.0,1.0,0.0,1.0,0.0,0.0,1.0,1.0,1.0,1.0,2.0,1.0,0.0,0.0,0.0,2.0,0.0,0.0,1.0,1.0,19.0,50.0,50.0,1.0,0.0,0.0,0.0,0.0,0.0,0.0,0.0,0.0,0.0,0.0,18.0,18.0,0.0,1.0,1.0,0.0,1.0,16.0,0.0,0.0,0.0,0.0,1.0,0.0,0.0,1.0,0.0,0.0,0.0,1.0,11.0,0.0,0.0,0.0,0.0,0.0,12.0,0.0,0.0,0.0,0.0,0.0,0.0,0.0,0.0,0.0,1.0,1.0,0.0,0.0,0.0,0.0,1.0,1.0,1.0,0.0,0.0,0.0,0.0,0.0,0.0,1.0,1.0,0.0,0.0,0.0,0.0,0.0,1.0,1.0,0.0,2613040902.0,15237.0,15237.0,24548.0,24548.0,24820.0,0.0,729.0,43199.0,30087.0,29963.0,314.0,0.0,0.0,0.0,1487.0,0.0,0.0,115.0,125.0,124.0,43.0,113.0,8365051968.0,16063840.0,50221792768.0,854015105024.0,9367253696.0,0.0,0.0,5902.0,0.0,0.0,7898.0,248.0,9326.0
853,0.0,1.0,1.0,0.0,1.0,1267200.0,1.0,1300500000.0,1.0,40800000.0,14.741740942,37058.0,8533.0,11505.0,41281.25,42062.5,42937.5,72.0,25.0,64.0,896.0,5000.0,0.0,25.0,1000000.0,950000.0,1.0,0.0,0.0,10.0,0.0,0.0,0.0,100.0,69017977.0,1393523316.0,1284638790.0,0.0,0.0,0.0,0.0,0.0,1.0,1.0,1.0,1.0,1.0,0.0,0.0,1.0,0.0,0.0,0.0,0.0,0.0,33.0,1.0,106640516.0,590121804.0,111679910.0,74003024.0,1449160430.0,5654.0,76602657068.0,0.0,1.0,1.0,0.0,1.0,0.0,0.0,1.0,1.0,1.0,1.0,2.0,1.0,0.0,0.0,0.0,2.0,0.0,0.0,1.0,1.0,3.0,50.0,50.0,1.0,0.0,0.0,0.0,0.0,0.0,0.0,0.0,0.0,0.0,0.0,2.0,2.0,0.0,1.0,1.0,0.0,1.0,0.0,0.0,0.0,0.0,0.0,1.0,0.0,0.0,1.0,0.0,0.0,0.0,1.0,11.0,0.0,0.0,0.0,0.0,0.0,12.0,0.0,0.0,0.0,0.0,0.0,0.0,0.0,0.0,0.0,1.0,1.0,0.0,0.0,0.0,0.0,1.0,1.0,1.0,0.0,0.0,0.0,0.0,0.0,0.0,1.0,1.0,0.0,0.0,0.0,0.0,0.0,1.0,1.0,0.0,2574075915.0,14786.0,14786.0,24136.0,24136.0,24389.0,0.0,681.0,40864.0,30116.0,29998.0,241.0,0.0,0.0,0.0,1455.0,0.0,0.0,109.0,119.0,118.0,47.0,107.0,7122556128.0,22877664.0,48991535488.0,759865670112.0,8257667808.0,0.0,0.0,5654.0,0.0,0.0,7537.0,236.0,9121.0
854,0.0,1.0,1.0,0.0,1.0,1267200.0,1.0,1300500000.0,1.0,40800000.0,14.918775081600002,40029.0,8532.0,12344.0,41375.0,42062.5,42937.5,99.0,25.0,64.0,896.0,5000.0,0.0,25.0,1000000.0,950000.0,1.0,1.0,0.0,10.0,0.0,0.0,0.0,100.0,73937620.0,1420745452.0,1329004455.0,0.0,0.0,0.0,0.0,0.0,1.0,1.0,1.0,1.0,1.0,0.0,0.0,1.0,0.0,0.0,0.0,0.0,0.0,35.0,1.0,103667020.0,608630287.0,109064491.0,77576470.0,1454173930.0,6649.0,80336731182.0,0.0,1.0,1.0,0.0,1.0,0.0,0.0,1.0,1.0,1.0,1.0,2.0,1.0,0.0,0.0,0.0,2.0,0.0,0.0,1.0,1.0,3.0,50.0,50.0,1.0,0.0,0.0,0.0,0.0,0.0,0.0,0.0,0.0,0.0,0.0,2.0,2.0,0.0,1.0,1.0,0.0,1.0,0.0,0.0,0.0,0.0,0.0,1.0,0.0,0.0,1.0,0.0,0.0,0.0,1.0,11.0,0.0,0.0,0.0,0.0,0.0,12.0,0.0,0.0,0.0,0.0,0.0,0.0,0.0,0.0,0.0,1.0,1.0,0.0,0.0,0.0,0.0,1.0,1.0,1.0,0.0,0.0,0.0,0.0,0.0,0.0,1.0,1.0,0.0,0.0,0.0,0.0,0.0,1.0,1.0,0.0,2601826518.0,16847.0,16847.0,25839.0,25839.0,26129.0,0.0,677.0,42239.0,29978.0,29854.0,392.0,0.0,0.0,0.0,1521.0,0.0,0.0,115.0,125.0,124.0,54.0,113.0,8837207264.0,4492064.0,52613118528.0,1669260919072.0,11739239328.0,0.0,0.0,6649.0,0.0,0.0,8978.0,248.0,10353.0
855,0.0,1.0,1.0,0.0,1.0,1267200.0,1.0,1300500000.0,1.0,40800000.0,14.9713461399,40602.0,9294.0,12496.0,41333.3333333,42000.0,42833.3333333,99.0,25.0,64.0,896.0,5000.0,0.0,25.0,1000000.0,950000.0,1.0,1.0,0.0,10.0,0.0,0.0,0.0,100.0,74079506.0,1451471002.0,1336114966.0,0.0,0.0,0.0,0.0,0.0,1.0,1.0,1.0,1.0,1.0,0.0,0.0,1.0,0.0,0.0,0.0,0.0,0.0,32.0,1.0,118050369.0,613965464.0,123194469.0,78135325.0,1503033413.0,5900.0,81221600983.0,0.0,1.0,1.0,0.0,1.0,0.0,0.0,1.0,1.0,1.0,1.0,2.0,1.0,0.0,0.0,0.0,2.0,0.0,0.0,1.0,1.0,3.0,50.0,50.0,1.0,0.0,0.0,0.0,0.0,0.0,0.0,0.0,0.0,0.0,0.0,2.0,2.0,0.0,1.0,1.0,0.0,1.0,0.0,0.0,0.0,0.0,0.0,1.0,0.0,0.0,1.0,0.0,0.0,0.0,1.0,11.0,0.0,0.0,0.0,0.0,0.0,12.0,0.0,0.0,0.0,0.0,0.0,0.0,0.0,0.0,0.0,1.0,1.0,0.0,0.0,0.0,0.0,1.0,1.0,1.0,0.0,0.0,0.0,0.0,0.0,0.0,1.0,1.0,0.0,0.0,0.0,0.0,0.0,1.0,1.0,0.0,2677255159.0,15876.0,15876.0,26145.0,26145.0,26383.0,0.0,782.0,45051.0,30751.0,30621.0,326.0,0.0,0.0,0.0,1577.0,0.0,0.0,121.0,131.0,130.0,52.0,119.0,7398857728.0,21202688.0,52828766560.0,970394851296.0,9173729312.0,0.0,0.0,5900.0,0.0,0.0,8130.0,260.0,9594.0
856,0.0,1.0,1.0,0.0,1.0,1267200.0,1.0,1300500000.0,1.0,40800000.0,15.362371921500001,40718.0,8912.0,12418.0,41333.3333333,42000.0,42833.3333333,99.0,25.0,64.0,896.0,5000.0,0.0,25.0,1000000.0,950000.0,1.0,1.0,0.0,10.0,0.0,0.0,0.0,100.0,74075771.0,1473894782.0,1345715771.0,0.0,0.0,0.0,0.0,0.0,1.0,1.0,1.0,1.0,1.0,0.0,0.0,1.0,0.0,0.0,0.0,0.0,0.0,33.0,1.0,105333210.0,627002265.0,109573973.0,75918567.0,1504142651.0,5893.0,82368442894.0,0.0,1.0,1.0,0.0,1.0,0.0,0.0,1.0,1.0,1.0,1.0,2.0,1.0,0.0,0.0,0.0,2.0,0.0,0.0,1.0,1.0,3.0,50.0,50.0,1.0,0.0,0.0,0.0,0.0,0.0,0.0,0.0,0.0,0.0,0.0,2.0,2.0,0.0,1.0,1.0,0.0,1.0,0.0,0.0,0.0,0.0,0.0,1.0,0.0,0.0,1.0,0.0,0.0,0.0,1.0,11.0,0.0,0.0,0.0,0.0,0.0,12.0,0.0,0.0,0.0,0.0,0.0,0.0,0.0,0.0,0.0,1.0,1.0,0.0,0.0,0.0,0.0,1.0,1.0,1.0,0.0,0.0,0.0,0.0,0.0,0.0,1.0,1.0,0.0,0.0,0.0,0.0,0.0,1.0,1.0,0.0,2676263586.0,16192.0,16192.0,26277.0,26277.0,26503.0,0.0,767.0,44160.0,30721.0,30591.0,361.0,0.0,0.0,0.0,1574.0,0.0,0.0,121.0,131.0,130.0,53.0,119.0,7063033920.0,0.0,53371468352.0,931926648672.0,9757302560.0,0.0,0.0,5893.0,0.0,0.0,8062.0,260.0,9647.0
857,0.0,1.0,1.0,0.0,1.0,1267200.0,1.0,1300500000.0,1.0,40800000.0,14.900048971199999,41365.0,9219.0,12800.0,41437.5,41937.5,43062.5,85.0,25.0,64.0,896.0,5000.0,0.0,25.0,1000000.0,950000.0,1.0,0.0,0.0,10.0,0.0,0.0,0.0,500.0,72437314.0,1412568536.0,1294401923.0,0.0,0.0,0.0,0.0,0.0,1.0,1.0,1.0,1.0,1.0,0.0,0.0,1.0,0.0,0.0,0.0,0.0,0.0,34.0,1.0,116322888.0,579490009.0,119460954.0,74636640.0,1446600760.0,6086.0,81521703328.0,0.0,1.0,1.0,0.0,1.0,0.0,0.0,1.0,1.0,1.0,1.0,2.0,1.0,0.0,0.0,0.0,2.0,0.0,0.0,1.0,1.0,3.0,50.0,50.0,1.0,0.0,0.0,0.0,0.0,0.0,0.0,0.0,0.0,0.0,0.0,2.0,2.0,0.0,1.0,1.0,0.0,1.0,0.0,0.0,0.0,0.0,0.0,1.0,0.0,0.0,1.0,0.0,0.0,0.0,1.0,11.0,0.0,0.0,0.0,0.0,0.0,12.0,0.0,0.0,0.0,0.0,0.0,0.0,0.0,0.0,0.0,1.0,1.0,0.0,0.0,0.0,0.0,1.0,1.0,1.0,0.0,0.0,0.0,0.0,0.0,0.0,1.0,1.0,0.0,0.0,0.0,0.0,0.0,1.0,1.0,0.0,2546658795.0,16142.0,16142.0,25966.0,25966.0,26219.0,0.0,685.0,43007.0,30129.0,30005.0,274.0,0.0,0.0,0.0,1468.0,0.0,0.0,115.0,125.0,124.0,45.0,113.0,7984200736.0,29717120.0,52709651328.0,843595260512.0,11229705536.0,0.0,0.0,6086.0,0.0,0.0,8274.0,248.0,9599.0
858,0.0,1.0,1.0,0.0,1.0,1267200.0,1.0,1300500000.0,1.0,40800000.0,14.2913239002,36601.0,8304.0,11428.0,41406.25,42000.0,42875.0,85.0,25.0,64.0,896.0,5000.0,0.0,25.0,1000000.0,950000.0,1.0,0.0,0.0,10.0,0.0,0.0,0.0,500.0,71040033.0,1367850005.0,1259048791.0,0.0,0.0,0.0,0.0,0.0,1.0,1.0,1.0,1.0,1.0,0.0,0.0,1.0,0.0,0.0,0.0,0.0,0.0,35.0,1.0,103855259.0,569527807.0,107629404.0,71023832.0,1428624281.0,5659.0,75518468382.0,0.0,1.0,1.0,0.0,1.0,0.0,0.0,1.0,1.0,1.0,1.0,2.0,1.0,0.0,0.0,0.0,2.0,0.0,0.0,1.0,1.0,3.0,50.0,50.0,1.0,0.0,0.0,0.0,0.0,0.0,0.0,0.0,0.0,0.0,0.0,2.0,2.0,0.0,1.0,1.0,0.0,1.0,0.0,0.0,0.0,0.0,0.0,1.0,0.0,0.0,1.0,0.0,0.0,0.0,1.0,11.0,0.0,0.0,0.0,0.0,0.0,12.0,0.0,0.0,0.0,0.0,0.0,0.0,0.0,0.0,0.0,1.0,1.0,0.0,0.0,0.0,0.0,1.0,1.0,1.0,0.0,0.0,0.0,0.0,0.0,0.0,1.0,1.0,0.0,0.0,0.0,0.0,0.0,1.0,1.0,0.0,2565910427.0,14917.0,14917.0,23961.0,23961.0,24183.0,0.0,668.0,41483.0,29800.0,29682.0,239.0,0.0,0.0,0.0,1383.0,0.0,0.0,109.0,119.0,118.0,49.0,107.0,7567427840.0,0.0,48811584448.0,1117438118272.0,8706892000.0,0.0,0.0,5659.0,0.0,0.0,7483.0,236.0,9057.0
859,0.0,1.0,1.0,0.0,1.0,1267200.0,1.0,1300500000.0,1.0,40800000.0,15.2538740635,37357.0,8151.0,11125.0,41361.1111111,42000.0,42833.3333333,85.0,25.0,64.0,896.0,5000.0,0.0,25.0,1000000.0,950000.0,1.0,0.0,0.0,10.0,0.0,0.0,0.0,500.0,74404372.0,1394071269.0,1296716694.0,0.0,0.0,0.0,0.0,0.0,1.0,1.0,1.0,1.0,1.0,0.0,0.0,1.0,0.0,0.0,0.0,0.0,0.0,33.0,1.0,94255222.0,592756431.0,97887270.0,75274907.0,1418535695.0,6603.0,75599864131.0,0.0,1.0,1.0,0.0,1.0,0.0,0.0,1.0,1.0,1.0,1.0,2.0,1.0,0.0,0.0,0.0,2.0,0.0,0.0,1.0,1.0,3.0,50.0,50.0,1.0,0.0,0.0,0.0,0.0,0.0,0.0,0.0,0.0,0.0,0.0,2.0,2.0,0.0,1.0,1.0,0.0,1.0,0.0,0.0,0.0,0.0,0.0,1.0,0.0,0.0,1.0,0.0,0.0,0.0,1.0,11.0,0.0,0.0,0.0,0.0,0.0,12.0,0.0,0.0,0.0,0.0,0.0,0.0,0.0,0.0,0.0,1.0,1.0,0.0,0.0,0.0,0.0,1.0,1.0,1.0,0.0,0.0,0.0,0.0,0.0,0.0,1.0,1.0,0.0,0.0,0.0,0.0,0.0,1.0,1.0,0.0,2557777315.0,16143.0,16143.0,24619.0,24619.0,24856.0,0.0,683.0,43988.0,30022.0,29898.0,348.0,0.0,0.0,0.0,1413.0,0.0,0.0,115.0,125.0,124.0,47.0,113.0,8451008224.0,2571168.0,49949221728.0,2053386513632.0,10814969664.0,0.0,0.0,6603.0,0.0,0.0,8805.0,248.0,10265.0
860,0.0,1.0,1.0,0.0,1.0,1267200.0,1.0,1300500000.0,1.0,40800000.0,14.8768699169,37052.0,8379.0,11505.0,41250.0,41937.5,42875.0,70.0,25.0,64.0,896.0,5000.0,0.0,25.0,1000000.0,950000.0,1.0,1.0,0.0,10.0,0.0,0.0,0.0,500.0,67983871.0,1401608828.0,1287955020.0,0.0,0.0,0.0,0.0,0.0,1.0,1.0,1.0,1.0,1.0,0.0,0.0,1.0,0.0,0.0,0.0,0.0,0.0,32.0,1.0,94825514.0,569166454.0,99526427.0,70654396.0,1453678435.0,5806.0,76343177348.0,0.0,1.0,1.0,0.0,1.0,0.0,0.0,1.0,1.0,1.0,1.0,2.0,1.0,0.0,0.0,0.0,2.0,0.0,0.0,1.0,1.0,3.0,50.0,50.0,1.0,0.0,0.0,0.0,0.0,0.0,0.0,0.0,0.0,0.0,0.0,2.0,2.0,0.0,1.0,1.0,0.0,1.0,0.0,0.0,0.0,0.0,0.0,1.0,0.0,0.0,1.0,0.0,0.0,0.0,1.0,11.0,0.0,0.0,0.0,0.0,0.0,12.0,0.0,0.0,0.0,0.0,0.0,0.0,0.0,0.0,0.0,1.0,1.0,0.0,0.0,0.0,0.0,1.0,1.0,1.0,0.0,0.0,0.0,0.0,0.0,0.0,1.0,1.0,0.0,0.0,0.0,0.0,0.0,1.0,1.0,0.0,2595984783.0,15223.0,15223.0,24201.0,24201.0,24434.0,0.0,638.0,40710.0,29496.0,29378.0,325.0,0.0,0.0,0.0,1354.0,0.0,0.0,109.0,119.0,118.0,46.0,107.0,7567307488.0,3642304.0,49311162752.0,799415256224.0,11654765472.0,0.0,0.0,5806.0,0.0,0.0,7700.0,236.0,9079.0
861,0.0,1.0,1.0,0.0,1.0,1267200.0,1.0,1300500000.0,1.0,40800000.0,15.7076821327,36673.0,9142.0,11658.0,41444.444444400004,42000.0,42944.444444400004,70.0,25.0,64.0,896.0,5000.0,0.0,25.0,1000000.0,950000.0,1.0,1.0,0.0,10.0,0.0,0.0,0.0,500.0,76813070.0,1435736813.0,1344267503.0,0.0,0.0,0.0,0.0,0.0,1.0,1.0,1.0,1.0,1.0,0.0,0.0,1.0,0.0,0.0,0.0,0.0,0.0,28.0,1.0,112230060.0,637433895.0,117083003.0,75552581.0,1463466096.0,6228.0,78933168710.0,0.0,1.0,1.0,0.0,1.0,0.0,0.0,1.0,1.0,1.0,1.0,2.0,1.0,0.0,0.0,0.0,2.0,0.0,0.0,1.0,1.0,3.0,50.0,50.0,1.0,0.0,0.0,0.0,0.0,0.0,0.0,0.0,0.0,0.0,0.0,2.0,2.0,0.0,1.0,1.0,0.0,1.0,0.0,0.0,0.0,0.0,0.0,1.0,0.0,0.0,1.0,0.0,0.0,0.0,1.0,11.0,0.0,0.0,0.0,0.0,0.0,12.0,0.0,0.0,0.0,0.0,0.0,0.0,0.0,0.0,0.0,1.0,1.0,0.0,0.0,0.0,0.0,1.0,1.0,1.0,0.0,0.0,0.0,0.0,0.0,0.0,1.0,1.0,0.0,0.0,0.0,0.0,0.0,1.0,1.0,0.0,2601170447.0,16122.0,16122.0,25097.0,25097.0,25363.0,0.0,779.0,43235.0,30095.0,29971.0,298.0,0.0,0.0,0.0,1536.0,0.0,0.0,115.0,125.0,124.0,59.0,113.0,7389942336.0,5157952.0,51505506272.0,971301810336.0,10626658304.0,0.0,0.0,6228.0,0.0,0.0,8409.0,248.0,9797.0
862,0.0,1.0,1.0,0.0,1.0,1267200.0,1.0,1300500000.0,1.0,40800000.0,16.0990490913,29959.0,6855.0,9295.0,41392.8571429,42071.4285714,42857.1428571,70.0,25.0,64.0,896.0,5000.0,0.0,25.0,1000000.0,950000.0,1.0,1.0,0.0,10.0,0.0,0.0,0.0,500.0,70839882.0,1387100938.0,1276857593.0,0.0,0.0,0.0,0.0,0.0,1.0,1.0,1.0,1.0,1.0,0.0,0.0,1.0,0.0,0.0,0.0,0.0,0.0,32.0,1.0,90270529.0,568246442.0,89827177.0,71696772.0,1428829695.0,8318.0,72982104264.0,0.0,1.0,1.0,0.0,1.0,0.0,0.0,1.0,1.0,1.0,1.0,2.0,1.0,0.0,0.0,0.0,2.0,0.0,0.0,1.0,1.0,3.0,50.0,50.0,1.0,0.0,0.0,0.0,0.0,0.0,0.0,0.0,0.0,0.0,0.0,2.0,2.0,0.0,1.0,1.0,0.0,1.0,0.0,0.0,0.0,0.0,0.0,1.0,0.0,0.0,1.0,0.0,0.0,0.0,1.0,11.0,0.0,0.0,0.0,0.0,0.0,12.0,0.0,0.0,0.0,0.0,0.0,0.0,0.0,0.0,0.0,1.0,1.0,0.0,0.0,0.0,0.0,1.0,1.0,1.0,0.0,0.0,0.0,0.0,0.0,0.0,1.0,1.0,0.0,0.0,0.0,0.0,0.0,1.0,1.0,0.0,2577261297.0,17341.0,17341.0,23607.0,23607.0,23885.0,0.0,543.0,36416.0,28036.0,27936.0,331.0,0.0,0.0,0.0,1101.0,0.0,0.0,91.0,101.0,100.0,44.0,89.0,10196708160.0,0.0,47883192832.0,819860618176.0,20165509824.0,0.0,0.0,8318.0,0.0,0.0,10359.0,200.0,11433.0
863,0.0,1.0,1.0,0.0,1.0,1267200.0,1.0,1300500000.0,1.0,40800000.0,14.3743951321,36790.0,8457.0,11503.0,41500.0,42222.22222219999,42944.444444400004,69.0,25.0,64.0,896.0,5000.0,0.0,25.0,1000000.0,950000.0,1.0,0.0,0.0,10.0,0.0,0.0,100.0,100.0,72261697.0,1463757752.0,1340386806.0,0.0,0.0,0.0,0.0,0.0,1.0,1.0,1.0,1.0,1.0,0.0,0.0,1.0,0.0,0.0,0.0,0.0,0.0,30.0,1.0,104794558.0,626988261.0,109849241.0,75116293.0,1492056907.0,5684.0,77282961903.0,0.0,1.0,1.0,0.0,1.0,0.0,0.0,1.0,1.0,1.0,1.0,2.0,1.0,0.0,0.0,0.0,2.0,0.0,0.0,1.0,1.0,3.0,50.0,50.0,1.0,0.0,0.0,0.0,0.0,0.0,0.0,0.0,0.0,0.0,0.0,2.0,2.0,0.0,1.0,1.0,0.0,1.0,0.0,0.0,0.0,0.0,0.0,1.0,0.0,0.0,1.0,0.0,0.0,0.0,1.0,11.0,0.0,0.0,0.0,0.0,0.0,12.0,0.0,0.0,0.0,0.0,0.0,0.0,0.0,0.0,0.0,1.0,1.0,0.0,0.0,0.0,0.0,1.0,1.0,1.0,0.0,0.0,0.0,0.0,0.0,0.0,1.0,1.0,0.0,0.0,0.0,0.0,0.0,1.0,1.0,0.0,2642233505.0,15579.0,15579.0,24602.0,24602.0,24860.0,0.0,693.0,42797.0,29970.0,29846.0,278.0,0.0,0.0,0.0,1588.0,0.0,0.0,115.0,125.0,124.0,39.0,113.0,7408761632.0,0.0,50411755936.0,820693964512.0,8025148000.0,0.0,0.0,5684.0,0.0,0.0,7904.0,248.0,9398.0
864,0.0,1.0,1.0,0.0,1.0,1267200.0,1.0,1300500000.0,1.0,40800000.0,15.543771982200001,41136.0,8914.0,12723.0,41500.0,42300.0,43050.0,69.0,25.0,64.0,896.0,5000.0,0.0,25.0,1000000.0,950000.0,1.0,0.0,0.0,10.0,0.0,0.0,100.0,100.0,76696827.0,1483832494.0,1389239142.0,0.0,0.0,0.0,0.0,0.0,1.0,1.0,1.0,1.0,1.0,0.0,0.0,1.0,0.0,0.0,0.0,0.0,0.0,33.0,1.0,106310193.0,630126676.0,110217301.0,81854991.0,1547328257.0,6431.0,81974666351.0,0.0,1.0,1.0,0.0,1.0,0.0,0.0,1.0,1.0,1.0,1.0,2.0,1.0,0.0,0.0,0.0,2.0,0.0,0.0,1.0,1.0,3.0,50.0,50.0,1.0,0.0,0.0,0.0,0.0,0.0,0.0,0.0,0.0,0.0,0.0,2.0,2.0,0.0,1.0,1.0,0.0,1.0,0.0,0.0,0.0,0.0,0.0,1.0,0.0,0.0,1.0,0.0,0.0,0.0,1.0,11.0,0.0,0.0,0.0,0.0,0.0,12.0,0.0,0.0,0.0,0.0,0.0,0.0,0.0,0.0,0.0,1.0,1.0,0.0,0.0,0.0,0.0,1.0,1.0,1.0,0.0,0.0,0.0,0.0,0.0,0.0,1.0,1.0,0.0,0.0,0.0,0.0,0.0,1.0,1.0,0.0,2809194907.0,16722.0,16722.0,27287.0,27287.0,27595.0,0.0,840.0,46053.0,31368.0,31232.0,328.0,0.0,0.0,0.0,1722.0,0.0,0.0,127.0,137.0,136.0,63.0,125.0,9794126528.0,7534144.0,53564874272.0,1133557741984.0,9976661600.0,0.0,0.0,6431.0,0.0,0.0,8896.0,272.0,10463.0
865,0.0,1.0,1.0,0.0,1.0,1267200.0,1.0,1300500000.0,1.0,40800000.0,14.3752970695,36561.0,8609.0,11275.0,41406.25,42250.0,42875.0,69.0,25.0,64.0,896.0,5000.0,0.0,25.0,1000000.0,950000.0,1.0,0.0,0.0,10.0,0.0,0.0,100.0,100.0,67085544.0,1366312650.0,1267062490.0,0.0,0.0,0.0,0.0,0.0,1.0,1.0,1.0,1.0,1.0,0.0,0.0,1.0,0.0,0.0,0.0,0.0,0.0,33.0,1.0,104142157.0,589345734.0,109294732.0,70875255.0,1421156716.0,5311.0,75470013439.0,0.0,1.0,1.0,0.0,1.0,0.0,0.0,1.0,1.0,1.0,1.0,2.0,1.0,0.0,0.0,0.0,2.0,0.0,0.0,1.0,1.0,3.0,50.0,50.0,1.0,0.0,0.0,0.0,0.0,0.0,0.0,0.0,0.0,0.0,0.0,2.0,2.0,0.0,1.0,1.0,0.0,1.0,0.0,0.0,0.0,0.0,0.0,1.0,0.0,0.0,1.0,0.0,0.0,0.0,1.0,11.0,0.0,0.0,0.0,0.0,0.0,12.0,0.0,0.0,0.0,0.0,0.0,0.0,0.0,0.0,0.0,1.0,1.0,0.0,0.0,0.0,0.0,1.0,1.0,1.0,0.0,0.0,0.0,0.0,0.0,0.0,1.0,1.0,0.0,0.0,0.0,0.0,0.0,1.0,1.0,0.0,2538611311.0,14874.0,14874.0,24124.0,24124.0,24361.0,0.0,692.0,41542.0,29610.0,29492.0,238.0,0.0,0.0,0.0,1431.0,0.0,0.0,109.0,119.0,118.0,37.0,107.0,6878988160.0,0.0,49042849760.0,821335556960.0,8188508736.0,0.0,0.0,5311.0,0.0,0.0,7254.0,236.0,8937.0
866,0.0,1.0,1.0,0.0,1.0,1267200.0,1.0,1300500000.0,1.0,40800000.0,15.3190159798,38496.0,8377.0,11123.0,41500.0,42166.6666667,43000.0,88.0,25.0,64.0,896.0,5000.0,0.0,25.0,1000000.0,950000.0,1.0,1.0,0.0,10.0,0.0,0.0,100.0,100.0,77700461.0,1473246727.0,1362417050.0,0.0,0.0,0.0,0.0,0.0,1.0,1.0,1.0,1.0,1.0,0.0,0.0,1.0,0.0,0.0,0.0,0.0,0.0,31.0,1.0,100916514.0,603280127.0,107099473.0,80030696.0,1488673671.0,8071.0,79069809436.0,0.0,1.0,1.0,0.0,1.0,0.0,0.0,1.0,1.0,1.0,1.0,2.0,1.0,0.0,0.0,0.0,2.0,0.0,0.0,1.0,1.0,3.0,50.0,50.0,1.0,0.0,0.0,0.0,0.0,0.0,0.0,0.0,0.0,0.0,0.0,2.0,2.0,0.0,1.0,1.0,0.0,1.0,0.0,0.0,0.0,0.0,0.0,1.0,0.0,0.0,1.0,0.0,0.0,0.0,1.0,11.0,0.0,0.0,0.0,0.0,0.0,12.0,0.0,0.0,0.0,0.0,0.0,0.0,0.0,0.0,0.0,1.0,1.0,0.0,0.0,0.0,0.0,1.0,1.0,1.0,0.0,0.0,0.0,0.0,0.0,0.0,1.0,1.0,0.0,0.0,0.0,0.0,0.0,1.0,1.0,0.0,2648674306.0,17784.0,17784.0,25270.0,25270.0,25552.0,0.0,778.0,42955.0,30243.0,30119.0,407.0,0.0,0.0,0.0,1522.0,0.0,0.0,115.0,125.0,124.0,52.0,113.0,7481995008.0,0.0,51832144128.0,1206656654048.0,14111807488.0,0.0,0.0,8071.0,0.0,0.0,10307.0,248.0,11666.0
867,0.0,1.0,1.0,0.0,1.0,1267200.0,1.0,1300500000.0,1.0,40800000.0,14.635982036600002,32787.0,7696.0,10210.0,41562.5,42312.5,43000.0,88.0,25.0,64.0,896.0,5000.0,0.0,25.0,1000000.0,950000.0,1.0,1.0,0.0,10.0,0.0,0.0,100.0,100.0,70292145.0,1368913741.0,1255695394.0,0.0,0.0,0.0,0.0,0.0,1.0,1.0,1.0,1.0,1.0,0.0,0.0,1.0,0.0,0.0,0.0,0.0,0.0,32.0,1.0,104049040.0,554726185.0,109329152.0,71829938.0,1387609431.0,5936.0,76669123774.0,0.0,1.0,1.0,0.0,1.0,0.0,0.0,1.0,1.0,1.0,1.0,2.0,1.0,0.0,0.0,0.0,2.0,0.0,0.0,1.0,1.0,3.0,50.0,50.0,1.0,0.0,0.0,0.0,0.0,0.0,0.0,0.0,0.0,0.0,0.0,2.0,2.0,0.0,1.0,1.0,0.0,1.0,0.0,0.0,0.0,0.0,0.0,1.0,0.0,0.0,1.0,0.0,0.0,0.0,1.0,11.0,0.0,0.0,0.0,0.0,0.0,12.0,0.0,0.0,0.0,0.0,0.0,0.0,0.0,0.0,0.0,1.0,1.0,0.0,0.0,0.0,0.0,1.0,1.0,1.0,0.0,0.0,0.0,0.0,0.0,0.0,1.0,1.0,0.0,0.0,0.0,0.0,0.0,1.0,1.0,0.0,2472231936.0,15520.0,15520.0,24661.0,24661.0,24927.0,0.0,676.0,40141.0,29230.0,29118.0,276.0,0.0,0.0,0.0,1401.0,0.0,0.0,103.0,113.0,112.0,40.0,101.0,7276322368.0,0.0,49471347072.0,908269761728.0,9382163712.0,0.0,0.0,5936.0,0.0,0.0,7926.0,224.0,9427.0
868,0.0,1.0,1.0,0.0,1.0,1267200.0,1.0,1300500000.0,1.0,40800000.0,14.3791670799,36749.0,8687.0,11428.0,41468.75,42187.5,43125.0,88.0,25.0,64.0,896.0,5000.0,0.0,25.0,1000000.0,950000.0,1.0,1.0,0.0,10.0,0.0,0.0,100.0,100.0,69736254.0,1365349230.0,1236301799.0,0.0,0.0,0.0,0.0,0.0,1.0,1.0,1.0,1.0,1.0,0.0,0.0,1.0,0.0,0.0,0.0,0.0,0.0,32.0,1.0,100400678.0,555625034.0,102823441.0,72261306.0,1413843522.0,5369.0,73525869517.0,0.0,1.0,1.0,0.0,1.0,0.0,0.0,1.0,1.0,1.0,1.0,2.0,1.0,0.0,0.0,0.0,2.0,0.0,0.0,1.0,1.0,3.0,50.0,50.0,1.0,0.0,0.0,0.0,0.0,0.0,0.0,0.0,0.0,0.0,0.0,2.0,2.0,0.0,1.0,1.0,0.0,1.0,0.0,0.0,0.0,0.0,0.0,1.0,0.0,0.0,1.0,0.0,0.0,0.0,1.0,11.0,0.0,0.0,0.0,0.0,0.0,12.0,0.0,0.0,0.0,0.0,0.0,0.0,0.0,0.0,0.0,1.0,1.0,0.0,0.0,0.0,0.0,1.0,1.0,1.0,0.0,0.0,0.0,0.0,0.0,0.0,1.0,1.0,0.0,0.0,0.0,0.0,0.0,1.0,1.0,0.0,2516295979.0,14588.0,14588.0,23892.0,23892.0,24090.0,0.0,669.0,40906.0,29421.0,29303.0,259.0,0.0,0.0,0.0,1383.0,0.0,0.0,109.0,119.0,118.0,51.0,107.0,7593265952.0,11446848.0,47719563424.0,729881599552.0,8724380640.0,0.0,0.0,5369.0,0.0,0.0,7478.0,236.0,8830.0
869,0.0,1.0,1.0,0.0,1.0,1267200.0,1.0,1300500000.0,1.0,40800000.0,15.7766737938,40945.0,9294.0,12723.0,41575.0,42150.0,43000.0,99.0,25.0,64.0,896.0,5000.0,0.0,25.0,1000000.0,950000.0,1.0,0.0,0.0,10.0,0.0,0.0,100.0,500.0,78817400.0,1511754885.0,1408319792.0,0.0,0.0,0.0,0.0,0.0,1.0,1.0,1.0,1.0,1.0,0.0,0.0,1.0,0.0,0.0,0.0,0.0,0.0,34.0,1.0,116416653.0,649680953.0,120505804.0,81376303.0,1559857739.0,6448.0,83106670463.0,0.0,1.0,1.0,0.0,1.0,0.0,0.0,1.0,1.0,1.0,1.0,2.0,1.0,0.0,0.0,0.0,2.0,0.0,0.0,1.0,1.0,3.0,50.0,50.0,1.0,0.0,0.0,0.0,0.0,0.0,0.0,0.0,0.0,0.0,0.0,2.0,2.0,0.0,1.0,1.0,0.0,1.0,0.0,0.0,0.0,0.0,0.0,1.0,0.0,0.0,1.0,0.0,0.0,0.0,1.0,11.0,0.0,0.0,0.0,0.0,0.0,12.0,0.0,0.0,0.0,0.0,0.0,0.0,0.0,0.0,0.0,1.0,1.0,0.0,0.0,0.0,0.0,1.0,1.0,1.0,0.0,0.0,0.0,0.0,0.0,0.0,1.0,1.0,0.0,0.0,0.0,0.0,0.0,1.0,1.0,0.0,2797361964.0,16595.0,16595.0,26671.0,26671.0,26972.0,0.0,818.0,46660.0,31709.0,31573.0,264.0,0.0,0.0,0.0,1732.0,0.0,0.0,127.0,137.0,136.0,48.0,125.0,5977094048.0,2346432.0,53902506016.0,907292068352.0,9283439648.0,0.0,0.0,6448.0,0.0,0.0,8971.0,272.0,10569.0
870,0.0,1.0,1.0,0.0,1.0,1267200.0,1.0,1300500000.0,1.0,40800000.0,16.2040359974,34908.0,7313.0,10207.0,41531.25,42187.5,43062.5,99.0,25.0,64.0,896.0,5000.0,0.0,25.0,1000000.0,950000.0,1.0,0.0,0.0,10.0,0.0,0.0,100.0,500.0,73347550.0,1416086480.0,1285824424.0,0.0,0.0,0.0,0.0,0.0,1.0,1.0,1.0,1.0,1.0,0.0,0.0,1.0,0.0,0.0,0.0,0.0,0.0,32.0,1.0,95121296.0,553331791.0,98422912.0,76352699.0,1457653056.0,7803.0,77277921854.0,0.0,1.0,1.0,0.0,1.0,0.0,0.0,1.0,1.0,1.0,1.0,2.0,1.0,0.0,0.0,0.0,2.0,0.0,0.0,1.0,1.0,3.0,50.0,50.0,1.0,0.0,0.0,0.0,0.0,0.0,0.0,0.0,0.0,0.0,0.0,2.0,2.0,0.0,1.0,1.0,0.0,1.0,0.0,0.0,0.0,0.0,0.0,1.0,0.0,0.0,1.0,0.0,0.0,0.0,1.0,11.0,0.0,0.0,0.0,0.0,0.0,12.0,0.0,0.0,0.0,0.0,0.0,0.0,0.0,0.0,0.0,1.0,1.0,0.0,0.0,0.0,0.0,1.0,1.0,1.0,0.0,0.0,0.0,0.0,0.0,0.0,1.0,1.0,0.0,0.0,0.0,0.0,0.0,1.0,1.0,0.0,2589629781.0,17173.0,17173.0,24528.0,24528.0,24774.0,0.0,631.0,41329.0,29329.0,29217.0,340.0,0.0,0.0,0.0,1303.0,0.0,0.0,103.0,113.0,112.0,49.0,101.0,8222069216.0,0.0,50307186976.0,1009375487456.0,18905447904.0,0.0,0.0,7803.0,0.0,0.0,9671.0,224.0,10957.0
871,0.0,1.0,1.0,0.0,1.0,1267200.0,1.0,1300500000.0,1.0,40800000.0,14.5202281475,36944.0,8304.0,11428.0,41583.3333333,42166.6666667,42944.444444400004,99.0,25.0,64.0,896.0,5000.0,0.0,25.0,1000000.0,950000.0,1.0,0.0,0.0,10.0,0.0,0.0,100.0,500.0,70707865.0,1414818985.0,1305507103.0,0.0,0.0,0.0,0.0,0.0,1.0,1.0,1.0,1.0,1.0,0.0,0.0,1.0,0.0,0.0,0.0,0.0,0.0,31.0,1.0,100843673.0,594791484.0,108447948.0,74305149.0,1468672570.0,5346.0,79165053698.0,0.0,1.0,1.0,0.0,1.0,0.0,0.0,1.0,1.0,1.0,1.0,2.0,1.0,0.0,0.0,0.0,2.0,0.0,0.0,1.0,1.0,3.0,50.0,50.0,1.0,0.0,0.0,0.0,0.0,0.0,0.0,0.0,0.0,0.0,0.0,2.0,2.0,0.0,1.0,1.0,0.0,1.0,0.0,0.0,0.0,0.0,0.0,1.0,0.0,0.0,1.0,0.0,0.0,0.0,1.0,11.0,0.0,0.0,0.0,0.0,0.0,12.0,0.0,0.0,0.0,0.0,0.0,0.0,0.0,0.0,0.0,1.0,1.0,0.0,0.0,0.0,0.0,1.0,1.0,1.0,0.0,0.0,0.0,0.0,0.0,0.0,1.0,1.0,0.0,0.0,0.0,0.0,0.0,1.0,1.0,0.0,2589974471.0,15157.0,15157.0,25250.0,25250.0,25463.0,0.0,718.0,43663.0,29901.0,29777.0,315.0,0.0,0.0,0.0,1485.0,0.0,0.0,115.0,125.0,124.0,40.0,113.0,7535523840.0,0.0,51205574912.0,846786012128.0,9198765728.0,0.0,0.0,5346.0,0.0,0.0,7337.0,248.0,8738.0
872,0.0,1.0,1.0,0.0,1.0,1267200.0,1.0,1300500000.0,1.0,40800000.0,15.7858822346,41129.0,8683.0,12571.0,41555.555555599996,42277.77777780001,43000.0,100.0,25.0,64.0,896.0,5000.0,0.0,25.0,1000000.0,950000.0,1.0,1.0,0.0,10.0,0.0,0.0,100.0,500.0,77658216.0,1483447418.0,1375898384.0,0.0,0.0,0.0,0.0,0.0,1.0,1.0,1.0,1.0,1.0,0.0,0.0,1.0,0.0,0.0,0.0,0.0,0.0,34.0,1.0,110075115.0,623651269.0,115980284.0,80734262.0,1517095968.0,6970.0,82636563078.0,0.0,1.0,1.0,0.0,1.0,0.0,0.0,1.0,1.0,1.0,1.0,2.0,1.0,0.0,0.0,0.0,2.0,0.0,0.0,1.0,1.0,3.0,50.0,50.0,1.0,0.0,0.0,0.0,0.0,0.0,0.0,0.0,0.0,0.0,0.0,2.0,2.0,0.0,1.0,1.0,0.0,1.0,0.0,0.0,0.0,0.0,0.0,1.0,0.0,0.0,1.0,0.0,0.0,0.0,1.0,11.0,0.0,0.0,0.0,0.0,0.0,12.0,0.0,0.0,0.0,0.0,0.0,0.0,0.0,0.0,0.0,1.0,1.0,0.0,0.0,0.0,0.0,1.0,1.0,1.0,0.0,0.0,0.0,0.0,0.0,0.0,1.0,1.0,0.0,0.0,0.0,0.0,0.0,1.0,1.0,0.0,2739077194.0,17481.0,17481.0,26563.0,26563.0,26833.0,0.0,806.0,44951.0,30822.0,30692.0,300.0,0.0,0.0,0.0,1710.0,0.0,0.0,121.0,131.0,130.0,51.0,119.0,8365848448.0,0.0,53952187456.0,1033492191808.0,10907556736.0,0.0,0.0,6970.0,0.0,0.0,9419.0,260.0,11006.0
873,0.0,1.0,1.0,0.0,1.0,1267200.0,1.0,1300500000.0,1.0,40800000.0,15.572713136700001,33508.0,7542.0,10514.0,41656.25,42375.0,43000.0,100.0,25.0,64.0,896.0,5000.0,0.0,25.0,1000000.0,950000.0,1.0,1.0,0.0,10.0,0.0,0.0,100.0,500.0,69360864.0,1411209759.0,1284981020.0,0.0,0.0,0.0,0.0,0.0,1.0,1.0,1.0,1.0,1.0,0.0,0.0,1.0,0.0,0.0,0.0,0.0,0.0,33.0,1.0,101139280.0,577572724.0,105143470.0,72309897.0,1430484028.0,6360.0,76787893108.0,0.0,1.0,1.0,0.0,1.0,0.0,0.0,1.0,1.0,1.0,1.0,2.0,1.0,0.0,0.0,0.0,2.0,0.0,0.0,1.0,1.0,3.0,50.0,50.0,1.0,0.0,0.0,0.0,0.0,0.0,0.0,0.0,0.0,0.0,0.0,2.0,2.0,0.0,1.0,1.0,0.0,1.0,0.0,0.0,0.0,0.0,0.0,1.0,0.0,0.0,1.0,0.0,0.0,0.0,1.0,11.0,0.0,0.0,0.0,0.0,0.0,12.0,0.0,0.0,0.0,0.0,0.0,0.0,0.0,0.0,0.0,1.0,1.0,0.0,0.0,0.0,0.0,1.0,1.0,1.0,0.0,0.0,0.0,0.0,0.0,0.0,1.0,1.0,0.0,0.0,0.0,0.0,0.0,1.0,1.0,0.0,2532908190.0,15835.0,15835.0,24204.0,24204.0,24456.0,0.0,627.0,40317.0,29238.0,29126.0,273.0,0.0,0.0,0.0,1335.0,0.0,0.0,103.0,113.0,112.0,46.0,101.0,6724265088.0,0.0,49191028224.0,921492350368.0,11569802592.0,0.0,0.0,6360.0,0.0,0.0,8215.0,224.0,9645.0
874,0.0,1.0,1.0,0.0,1.0,1267200.0,1.0,1300500000.0,1.0,40800000.0,14.383549928699999,37703.0,8532.0,11123.0,41500.0,42277.77777780001,43000.0,100.0,25.0,64.0,896.0,5000.0,0.0,25.0,1000000.0,950000.0,1.0,1.0,0.0,10.0,0.0,0.0,100.0,500.0,74538907.0,1460192577.0,1342879335.0,0.0,0.0,0.0,0.0,0.0,1.0,1.0,1.0,1.0,1.0,0.0,0.0,1.0,0.0,0.0,0.0,0.0,0.0,35.0,1.0,102727745.0,615905136.0,106815346.0,78024475.0,1504785444.0,6050.0,79091852900.0,0.0,1.0,1.0,0.0,1.0,0.0,0.0,1.0,1.0,1.0,1.0,2.0,1.0,0.0,0.0,0.0,2.0,0.0,0.0,1.0,1.0,3.0,50.0,50.0,1.0,0.0,0.0,0.0,0.0,0.0,0.0,0.0,0.0,0.0,0.0,2.0,2.0,0.0,1.0,1.0,0.0,1.0,0.0,0.0,0.0,0.0,0.0,1.0,0.0,0.0,1.0,0.0,0.0,0.0,1.0,11.0,0.0,0.0,0.0,0.0,0.0,12.0,0.0,0.0,0.0,0.0,0.0,0.0,0.0,0.0,0.0,1.0,1.0,0.0,0.0,0.0,0.0,1.0,1.0,1.0,0.0,0.0,0.0,0.0,0.0,0.0,1.0,1.0,0.0,0.0,0.0,0.0,0.0,1.0,1.0,0.0,2678348910.0,15835.0,15835.0,25705.0,25705.0,25938.0,0.0,731.0,43281.0,30487.0,30363.0,290.0,0.0,0.0,0.0,1544.0,0.0,0.0,115.0,125.0,124.0,50.0,113.0,7885686400.0,0.0,51328700064.0,879764809568.0,9651491232.0,0.0,0.0,6050.0,0.0,0.0,8302.0,248.0,9865.0
875,0.0,1.0,0.0,0.0,0.0,499200.0,1.0,854250000.0,1.0,408000000.0,0.261204957962,8119.0,1067.0,2590.0,41375.0,42250.0,43000.0,89.0,25.0,64.0,896.0,5000.0,0.0,25.0,1000000.0,950000.0,1.0,0.0,0.0,10.0,0.0,0.0,0.0,100.0,24972371.0,643663317.0,640126797.0,0.0,0.0,0.0,0.0,0.0,1.0,1.0,1.0,1.0,1.0,0.0,0.0,1.0,0.0,0.0,0.0,0.0,0.0,30.0,1.0,16670814.0,277731100.0,16480236.0,25577605.0,658268604.0,1325.0,3462785729.0,0.0,1.0,1.0,0.0,1.0,0.0,0.0,1.0,1.0,1.0,1.0,2.0,1.0,0.0,0.0,0.0,2.0,0.0,0.0,1.0,1.0,3.0,50.0,50.0,1.0,0.0,0.0,0.0,0.0,0.0,0.0,0.0,0.0,0.0,0.0,2.0,2.0,0.0,1.0,1.0,0.0,1.0,0.0,0.0,0.0,0.0,0.0,1.0,0.0,0.0,1.0,0.0,0.0,0.0,1.0,11.0,0.0,0.0,0.0,0.0,0.0,12.0,0.0,0.0,0.0,0.0,0.0,0.0,0.0,0.0,0.0,1.0,1.0,0.0,0.0,0.0,0.0,1.0,1.0,1.0,0.0,0.0,0.0,0.0,0.0,0.0,1.0,1.0,0.0,0.0,0.0,0.0,0.0,1.0,1.0,0.0,1379659907.0,1234.0,1234.0,1617.0,1617.0,1647.0,0.0,78.0,22114.0,21982.0,21948.0,39.0,0.0,0.0,0.0,60.0,0.0,0.0,31.0,35.0,34.0,9.0,29.0,34407264.0,0.0,2202915232.0,100346966720.0,690998432.0,0.0,0.0,1325.0,0.0,0.0,1470.0,68.0,1694.0
876,0.0,1.0,0.0,0.0,0.0,499200.0,1.0,854250000.0,1.0,408000000.0,0.27471399307300004,7816.0,913.0,2591.0,41750.0,42500.0,43000.0,89.0,25.0,64.0,896.0,5000.0,0.0,25.0,1000000.0,950000.0,1.0,0.0,0.0,10.0,0.0,0.0,0.0,100.0,21426421.0,632815045.0,612934940.0,0.0,0.0,0.0,0.0,0.0,1.0,1.0,1.0,1.0,1.0,0.0,0.0,1.0,0.0,0.0,0.0,0.0,0.0,28.0,1.0,15452472.0,260874255.0,15388802.0,21761057.0,635887974.0,872.0,3300717518.0,0.0,1.0,1.0,0.0,1.0,0.0,0.0,1.0,1.0,1.0,1.0,2.0,1.0,0.0,0.0,0.0,2.0,0.0,0.0,1.0,1.0,3.0,50.0,50.0,1.0,0.0,0.0,0.0,0.0,0.0,0.0,0.0,0.0,0.0,0.0,2.0,2.0,0.0,1.0,1.0,0.0,1.0,0.0,0.0,0.0,0.0,0.0,1.0,0.0,0.0,1.0,0.0,0.0,0.0,1.0,11.0,0.0,0.0,0.0,0.0,0.0,12.0,0.0,0.0,0.0,0.0,0.0,0.0,0.0,0.0,0.0,1.0,1.0,0.0,0.0,0.0,0.0,1.0,1.0,1.0,0.0,0.0,0.0,0.0,0.0,0.0,1.0,1.0,0.0,0.0,0.0,0.0,0.0,1.0,1.0,0.0,1345161660.0,896.0,896.0,1545.0,1545.0,1578.0,0.0,54.0,20118.0,21459.0,21432.0,27.0,0.0,0.0,0.0,41.0,0.0,0.0,25.0,28.0,27.0,7.0,23.0,416519552.0,0.0,2056831584.0,24635906912.0,441596928.0,0.0,0.0,872.0,0.0,0.0,1040.0,54.0,1224.0
877,0.0,1.0,0.0,0.0,0.0,499200.0,1.0,854250000.0,1.0,408000000.0,0.22757196426399998,8232.0,1143.0,2667.0,41500.0,42500.0,43000.0,89.0,25.0,64.0,896.0,5000.0,0.0,25.0,1000000.0,950000.0,1.0,0.0,0.0,10.0,0.0,0.0,0.0,100.0,22173090.0,634010799.0,630489682.0,0.0,0.0,0.0,0.0,0.0,1.0,1.0,1.0,1.0,1.0,0.0,0.0,1.0,0.0,0.0,0.0,0.0,0.0,31.0,1.0,16222399.0,274609837.0,15973061.0,21836826.0,638574856.0,972.0,3382054507.0,0.0,1.0,1.0,0.0,1.0,0.0,0.0,1.0,1.0,1.0,1.0,2.0,1.0,0.0,0.0,0.0,2.0,0.0,0.0,1.0,1.0,3.0,50.0,50.0,1.0,0.0,0.0,0.0,0.0,0.0,0.0,0.0,0.0,0.0,0.0,2.0,2.0,0.0,1.0,1.0,0.0,1.0,0.0,0.0,0.0,0.0,0.0,1.0,0.0,0.0,1.0,0.0,0.0,0.0,1.0,10.0,0.0,0.0,0.0,0.0,0.0,11.0,0.0,0.0,0.0,0.0,0.0,0.0,0.0,0.0,0.0,1.0,1.0,0.0,0.0,0.0,0.0,1.0,1.0,1.0,0.0,0.0,0.0,0.0,0.0,0.0,1.0,1.0,0.0,0.0,0.0,0.0,0.0,1.0,1.0,0.0,1322102045.0,949.0,949.0,1528.0,1528.0,1566.0,0.0,60.0,20704.0,21488.0,21461.0,38.0,0.0,0.0,0.0,38.0,0.0,0.0,25.0,28.0,27.0,8.0,23.0,215434112.0,0.0,1978062464.0,18388473472.0,444554688.0,0.0,0.0,972.0,0.0,0.0,1117.0,54.0,1308.0
878,0.0,1.0,0.0,0.0,0.0,499200.0,1.0,854250000.0,1.0,408000000.0,0.284707069397,7892.0,990.0,2514.0,41375.0,42250.0,42750.0,81.0,25.0,64.0,896.0,5000.0,0.0,25.0,1000000.0,950000.0,1.0,1.0,0.0,10.0,0.0,0.0,0.0,100.0,23617631.0,652105433.0,638386295.0,0.0,0.0,0.0,0.0,0.0,1.0,1.0,1.0,1.0,1.0,0.0,0.0,1.0,0.0,0.0,0.0,0.0,0.0,34.0,1.0,16397315.0,273055548.0,15870132.0,24552043.0,644833264.0,1034.0,3502998839.0,0.0,1.0,1.0,0.0,1.0,0.0,0.0,1.0,1.0,1.0,1.0,2.0,1.0,0.0,0.0,0.0,2.0,0.0,0.0,1.0,1.0,3.0,50.0,50.0,1.0,0.0,0.0,0.0,0.0,0.0,0.0,0.0,0.0,0.0,0.0,2.0,2.0,0.0,1.0,1.0,0.0,1.0,0.0,0.0,0.0,0.0,0.0,1.0,0.0,0.0,1.0,0.0,0.0,0.0,1.0,11.0,0.0,0.0,0.0,0.0,0.0,12.0,0.0,0.0,0.0,0.0,0.0,0.0,0.0,0.0,0.0,1.0,1.0,0.0,0.0,0.0,0.0,1.0,1.0,1.0,0.0,0.0,0.0,0.0,0.0,0.0,1.0,1.0,0.0,0.0,0.0,0.0,0.0,1.0,1.0,0.0,1328413430.0,898.0,898.0,1651.0,1651.0,1682.0,0.0,89.0,22210.0,22029.0,21995.0,57.0,0.0,0.0,0.0,61.0,0.0,0.0,31.0,35.0,34.0,9.0,29.0,248255168.0,0.0,2170785696.0,22823843392.0,600343008.0,0.0,0.0,1034.0,0.0,0.0,1264.0,68.0,1408.0
879,0.0,1.0,0.0,0.0,0.0,499200.0,1.0,854250000.0,1.0,408000000.0,0.233293056488,8042.0,1142.0,2590.0,41375.0,42000.0,42750.0,81.0,25.0,64.0,896.0,5000.0,0.0,25.0,1000000.0,950000.0,1.0,1.0,0.0,10.0,0.0,0.0,0.0,100.0,24648714.0,648297363.0,631992196.0,0.0,0.0,0.0,0.0,0.0,1.0,1.0,1.0,1.0,1.0,0.0,0.0,1.0,0.0,0.0,0.0,0.0,0.0,31.0,1.0,16048170.0,268525358.0,16155079.0,24002642.0,650341415.0,1069.0,3557971933.0,0.0,1.0,1.0,0.0,1.0,0.0,0.0,1.0,1.0,1.0,1.0,2.0,1.0,0.0,0.0,0.0,2.0,0.0,0.0,1.0,1.0,3.0,50.0,50.0,1.0,0.0,0.0,0.0,0.0,0.0,0.0,0.0,0.0,0.0,0.0,2.0,2.0,0.0,1.0,1.0,0.0,1.0,0.0,0.0,0.0,0.0,0.0,1.0,0.0,0.0,1.0,0.0,0.0,0.0,1.0,10.0,0.0,0.0,0.0,0.0,0.0,11.0,0.0,0.0,0.0,0.0,0.0,0.0,0.0,0.0,0.0,1.0,1.0,0.0,0.0,0.0,0.0,1.0,1.0,1.0,0.0,0.0,0.0,0.0,0.0,0.0,1.0,1.0,0.0,0.0,0.0,0.0,0.0,1.0,1.0,0.0,1355693598.0,928.0,928.0,1540.0,1540.0,1573.0,0.0,89.0,21959.0,21854.0,21820.0,39.0,0.0,0.0,0.0,62.0,0.0,0.0,31.0,35.0,34.0,18.0,29.0,241632064.0,0.0,2164598240.0,28710198560.0,602267456.0,0.0,0.0,1069.0,0.0,0.0,1269.0,68.0,1434.0
880,0.0,1.0,0.0,0.0,0.0,499200.0,1.0,854250000.0,1.0,408000000.0,0.296300888062,8196.0,914.0,2820.0,41375.0,42000.0,43000.0,81.0,25.0,64.0,896.0,5000.0,0.0,25.0,1000000.0,950000.0,1.0,1.0,0.0,10.0,0.0,0.0,0.0,100.0,22076085.0,652988287.0,624466963.0,0.0,0.0,0.0,0.0,0.0,1.0,1.0,1.0,1.0,1.0,0.0,0.0,1.0,0.0,0.0,0.0,0.0,0.0,32.0,1.0,15726028.0,266265314.0,15533245.0,23049742.0,652923816.0,932.0,3462301472.0,0.0,1.0,1.0,0.0,1.0,0.0,0.0,1.0,1.0,1.0,1.0,2.0,1.0,0.0,0.0,0.0,2.0,0.0,0.0,1.0,1.0,3.0,50.0,50.0,1.0,0.0,0.0,0.0,0.0,0.0,0.0,0.0,0.0,0.0,0.0,2.0,2.0,0.0,1.0,1.0,0.0,1.0,0.0,0.0,0.0,0.0,0.0,1.0,0.0,0.0,1.0,0.0,0.0,0.0,1.0,11.0,0.0,0.0,0.0,0.0,0.0,12.0,0.0,0.0,0.0,0.0,0.0,0.0,0.0,0.0,0.0,1.0,1.0,0.0,0.0,0.0,0.0,1.0,1.0,1.0,0.0,0.0,0.0,0.0,0.0,0.0,1.0,1.0,0.0,0.0,0.0,0.0,0.0,1.0,1.0,0.0,1325201156.0,912.0,912.0,1646.0,1646.0,1678.0,0.0,61.0,21921.0,21897.0,21863.0,61.0,0.0,0.0,0.0,49.0,0.0,0.0,31.0,35.0,34.0,8.0,29.0,326825760.0,0.0,2247816864.0,43339752224.0,597761504.0,0.0,0.0,932.0,0.0,0.0,1091.0,68.0,1391.0
881,0.0,1.0,0.0,0.0,0.0,499200.0,1.0,854250000.0,1.0,408000000.0,0.23173713684099997,7739.0,990.0,2210.0,41000.0,42250.0,43000.0,98.0,25.0,64.0,896.0,5000.0,0.0,25.0,1000000.0,950000.0,1.0,0.0,0.0,10.0,0.0,0.0,0.0,500.0,23418563.0,644645151.0,626331965.0,0.0,0.0,0.0,0.0,0.0,1.0,1.0,1.0,1.0,1.0,0.0,0.0,1.0,0.0,0.0,0.0,0.0,0.0,33.0,1.0,15895330.0,269814664.0,16123840.0,23289036.0,658465118.0,1141.0,3443784588.0,0.0,1.0,1.0,0.0,1.0,0.0,0.0,1.0,1.0,1.0,1.0,2.0,1.0,0.0,0.0,0.0,2.0,0.0,0.0,1.0,1.0,3.0,50.0,50.0,1.0,0.0,0.0,0.0,0.0,0.0,0.0,0.0,0.0,0.0,0.0,2.0,2.0,0.0,1.0,1.0,0.0,1.0,0.0,0.0,0.0,0.0,0.0,1.0,0.0,0.0,1.0,0.0,0.0,0.0,1.0,11.0,0.0,0.0,0.0,0.0,0.0,12.0,0.0,0.0,0.0,0.0,0.0,0.0,0.0,0.0,0.0,1.0,1.0,0.0,0.0,0.0,0.0,1.0,1.0,1.0,0.0,0.0,0.0,0.0,0.0,0.0,1.0,1.0,0.0,0.0,0.0,0.0,0.0,1.0,1.0,0.0,1343574434.0,1025.0,1025.0,1637.0,1637.0,1672.0,0.0,74.0,21633.0,21892.0,21858.0,40.0,0.0,0.0,0.0,39.0,0.0,0.0,31.0,35.0,34.0,9.0,29.0,335828576.0,0.0,2130023968.0,20163449952.0,507772832.0,0.0,0.0,1141.0,0.0,0.0,1281.0,68.0,1550.0
882,0.0,1.0,0.0,0.0,0.0,499200.0,1.0,854250000.0,1.0,408000000.0,0.23302602767900002,7930.0,990.0,2362.0,41250.0,42000.0,42666.6666667,98.0,25.0,64.0,896.0,5000.0,0.0,25.0,1000000.0,950000.0,1.0,0.0,0.0,10.0,0.0,0.0,0.0,500.0,26279233.0,649578606.0,627830418.0,0.0,0.0,0.0,0.0,0.0,1.0,1.0,1.0,1.0,1.0,0.0,0.0,1.0,0.0,0.0,0.0,0.0,0.0,32.0,1.0,16135467.0,277235058.0,15826696.0,26171584.0,655060861.0,943.0,3457248705.0,0.0,1.0,1.0,0.0,1.0,0.0,0.0,1.0,1.0,1.0,1.0,2.0,1.0,0.0,0.0,0.0,2.0,0.0,0.0,1.0,1.0,3.0,50.0,50.0,1.0,0.0,0.0,0.0,0.0,0.0,0.0,0.0,0.0,0.0,0.0,2.0,2.0,0.0,1.0,1.0,0.0,1.0,0.0,0.0,0.0,0.0,0.0,1.0,0.0,0.0,1.0,0.0,0.0,0.0,1.0,10.0,0.0,0.0,0.0,0.0,0.0,11.0,0.0,0.0,0.0,0.0,0.0,0.0,0.0,0.0,0.0,1.0,1.0,0.0,0.0,0.0,0.0,1.0,1.0,1.0,0.0,0.0,0.0,0.0,0.0,0.0,1.0,1.0,0.0,0.0,0.0,0.0,0.0,1.0,1.0,0.0,1342498212.0,879.0,879.0,1656.0,1656.0,1692.0,0.0,86.0,22483.0,22138.0,22098.0,118.0,0.0,0.0,0.0,54.0,0.0,0.0,37.0,41.0,40.0,6.0,35.0,346283872.0,0.0,2245083168.0,32945184480.0,570521024.0,0.0,0.0,943.0,0.0,0.0,1217.0,80.0,1368.0
883,0.0,1.0,0.0,0.0,0.0,499200.0,1.0,854250000.0,1.0,408000000.0,0.24036598205600002,8082.0,1066.0,2514.0,41375.0,42250.0,42750.0,98.0,25.0,64.0,896.0,5000.0,0.0,25.0,1000000.0,950000.0,1.0,0.0,0.0,10.0,0.0,0.0,0.0,500.0,23646055.0,664159965.0,651757458.0,0.0,0.0,0.0,0.0,0.0,1.0,1.0,1.0,1.0,1.0,0.0,0.0,1.0,0.0,0.0,0.0,0.0,0.0,29.0,1.0,16681245.0,276704034.0,16376795.0,25607872.0,659389511.0,1189.0,3450170227.0,0.0,1.0,1.0,0.0,1.0,0.0,0.0,1.0,1.0,1.0,1.0,2.0,1.0,0.0,0.0,0.0,2.0,0.0,0.0,1.0,1.0,3.0,50.0,50.0,1.0,0.0,0.0,0.0,0.0,0.0,0.0,0.0,0.0,0.0,0.0,2.0,2.0,0.0,1.0,1.0,0.0,1.0,0.0,0.0,0.0,0.0,0.0,1.0,0.0,0.0,1.0,0.0,0.0,0.0,1.0,11.0,0.0,0.0,0.0,0.0,0.0,12.0,0.0,0.0,0.0,0.0,0.0,0.0,0.0,0.0,0.0,1.0,1.0,0.0,0.0,0.0,0.0,1.0,1.0,1.0,0.0,0.0,0.0,0.0,0.0,0.0,1.0,1.0,0.0,0.0,0.0,0.0,0.0,1.0,1.0,0.0,1333890811.0,1020.0,1020.0,1663.0,1663.0,1702.0,0.0,88.0,22491.0,22098.0,22064.0,147.0,0.0,0.0,0.0,53.0,0.0,0.0,31.0,35.0,34.0,10.0,29.0,233215136.0,0.0,2174705920.0,27106033344.0,560557920.0,0.0,0.0,1189.0,0.0,0.0,1500.0,68.0,1607.0
884,0.0,1.0,0.0,0.0,0.0,499200.0,1.0,854250000.0,1.0,408000000.0,0.254534006119,8006.0,990.0,2362.0,41375.0,42250.0,42750.0,70.0,25.0,64.0,896.0,5000.0,0.0,25.0,1000000.0,950000.0,1.0,1.0,0.0,10.0,0.0,0.0,0.0,500.0,24376503.0,634141344.0,617488514.0,0.0,0.0,0.0,0.0,0.0,1.0,1.0,1.0,1.0,1.0,0.0,0.0,1.0,0.0,0.0,0.0,0.0,0.0,35.0,1.0,15629651.0,264190368.0,15796216.0,23606854.0,659413593.0,878.0,3480430986.0,0.0,1.0,1.0,0.0,1.0,0.0,0.0,1.0,1.0,1.0,1.0,2.0,1.0,0.0,0.0,0.0,2.0,0.0,0.0,1.0,1.0,3.0,50.0,50.0,1.0,0.0,0.0,0.0,0.0,0.0,0.0,0.0,0.0,0.0,0.0,2.0,2.0,0.0,1.0,1.0,0.0,1.0,0.0,0.0,0.0,0.0,0.0,1.0,0.0,0.0,1.0,0.0,0.0,0.0,1.0,11.0,0.0,0.0,0.0,0.0,0.0,12.0,0.0,0.0,0.0,0.0,0.0,0.0,0.0,0.0,0.0,1.0,1.0,0.0,0.0,0.0,0.0,1.0,1.0,1.0,0.0,0.0,0.0,0.0,0.0,0.0,1.0,1.0,0.0,0.0,0.0,0.0,0.0,1.0,1.0,0.0,1391705890.0,806.0,806.0,1545.0,1545.0,1578.0,0.0,72.0,21784.0,21873.0,21839.0,30.0,0.0,0.0,0.0,43.0,0.0,0.0,31.0,35.0,34.0,11.0,29.0,180659136.0,0.0,2108433248.0,26919707648.0,635330944.0,0.0,0.0,878.0,0.0,0.0,1046.0,68.0,1252.0
885,0.0,1.0,0.0,0.0,0.0,499200.0,1.0,854250000.0,1.0,408000000.0,0.234003067017,8158.0,1218.0,2667.0,40750.0,42250.0,42750.0,70.0,25.0,64.0,896.0,5000.0,0.0,25.0,1000000.0,950000.0,1.0,1.0,0.0,10.0,0.0,0.0,0.0,500.0,23635625.0,642280498.0,623445793.0,0.0,0.0,0.0,0.0,0.0,1.0,1.0,1.0,1.0,1.0,0.0,0.0,1.0,0.0,0.0,0.0,0.0,0.0,33.0,1.0,15909009.0,269795557.0,15731492.0,22303180.0,650224804.0,947.0,3468891096.0,0.0,1.0,1.0,0.0,1.0,0.0,0.0,1.0,1.0,1.0,1.0,2.0,1.0,0.0,0.0,0.0,2.0,0.0,0.0,1.0,1.0,3.0,50.0,50.0,1.0,0.0,0.0,0.0,0.0,0.0,0.0,0.0,0.0,0.0,0.0,2.0,2.0,0.0,1.0,1.0,0.0,1.0,0.0,0.0,0.0,0.0,0.0,1.0,0.0,0.0,1.0,0.0,0.0,0.0,1.0,11.0,0.0,0.0,0.0,0.0,0.0,12.0,0.0,0.0,0.0,0.0,0.0,0.0,0.0,0.0,0.0,1.0,1.0,0.0,0.0,0.0,0.0,1.0,1.0,1.0,0.0,0.0,0.0,0.0,0.0,0.0,1.0,1.0,0.0,0.0,0.0,0.0,0.0,1.0,1.0,0.0,1350989225.0,863.0,863.0,1594.0,1594.0,1627.0,0.0,83.0,21688.0,21845.0,21812.0,12.0,0.0,0.0,0.0,56.0,0.0,0.0,31.0,34.0,33.0,8.0,29.0,32051136.0,0.0,2060162944.0,23723740480.0,442833152.0,0.0,0.0,947.0,0.0,0.0,1088.0,66.0,1291.0
886,0.0,1.0,0.0,0.0,0.0,499200.0,1.0,854250000.0,1.0,408000000.0,0.236701965332,16009.0,1904.0,4266.0,41750.0,42000.0,42500.0,70.0,25.0,64.0,896.0,5000.0,0.0,25.0,1000000.0,950000.0,1.0,1.0,0.0,10.0,0.0,0.0,0.0,500.0,25633369.0,660924185.0,643401984.0,0.0,0.0,0.0,0.0,0.0,1.0,1.0,1.0,1.0,1.0,0.0,0.0,1.0,0.0,0.0,0.0,0.0,0.0,35.0,1.0,16095552.0,271890268.0,15967654.0,27437839.0,670773999.0,1355.0,3420071227.0,0.0,1.0,1.0,0.0,1.0,0.0,0.0,1.0,1.0,1.0,1.0,2.0,1.0,0.0,0.0,0.0,2.0,0.0,0.0,1.0,1.0,3.0,50.0,50.0,1.0,0.0,0.0,0.0,0.0,0.0,0.0,0.0,0.0,0.0,0.0,2.0,2.0,0.0,1.0,1.0,0.0,1.0,0.0,0.0,0.0,0.0,0.0,1.0,0.0,0.0,1.0,0.0,0.0,0.0,1.0,11.0,0.0,0.0,0.0,0.0,0.0,12.0,0.0,0.0,0.0,0.0,0.0,0.0,0.0,0.0,0.0,1.0,1.0,0.0,0.0,0.0,0.0,1.0,1.0,1.0,0.0,0.0,0.0,0.0,0.0,0.0,1.0,1.0,0.0,0.0,0.0,0.0,0.0,1.0,1.0,0.0,1365988727.0,1239.0,1239.0,1740.0,1740.0,1779.0,0.0,99.0,22624.0,22187.0,22148.0,95.0,0.0,0.0,0.0,60.0,0.0,0.0,37.0,40.0,39.0,12.0,35.0,333781248.0,0.0,2327377088.0,31785432416.0,498542176.0,0.0,0.0,1355.0,0.0,0.0,1556.0,78.0,1711.0
887,0.0,1.0,0.0,0.0,0.0,499200.0,1.0,854250000.0,1.0,408000000.0,0.264881134033,7892.0,990.0,2514.0,41000.0,41750.0,42500.0,69.0,25.0,64.0,896.0,5000.0,0.0,25.0,1000000.0,950000.0,1.0,0.0,0.0,10.0,0.0,0.0,100.0,100.0,24240568.0,653779687.0,630840482.0,0.0,0.0,0.0,0.0,0.0,1.0,1.0,1.0,1.0,1.0,0.0,0.0,1.0,0.0,0.0,0.0,0.0,0.0,33.0,1.0,16278495.0,277190385.0,15700830.0,24668525.0,646908145.0,1015.0,3441311850.0,0.0,1.0,1.0,0.0,1.0,0.0,0.0,1.0,1.0,1.0,1.0,2.0,1.0,0.0,0.0,0.0,2.0,0.0,0.0,1.0,1.0,3.0,50.0,50.0,1.0,0.0,0.0,0.0,0.0,0.0,0.0,0.0,0.0,0.0,0.0,2.0,2.0,0.0,1.0,1.0,0.0,1.0,0.0,0.0,0.0,0.0,0.0,1.0,0.0,0.0,1.0,0.0,0.0,0.0,1.0,11.0,0.0,0.0,0.0,0.0,0.0,12.0,0.0,0.0,0.0,0.0,0.0,0.0,0.0,0.0,0.0,1.0,1.0,0.0,0.0,0.0,0.0,1.0,1.0,1.0,0.0,0.0,0.0,0.0,0.0,0.0,1.0,1.0,0.0,0.0,0.0,0.0,0.0,1.0,1.0,0.0,1317970907.0,861.0,861.0,1589.0,1589.0,1619.0,0.0,69.0,21747.0,22141.0,22107.0,59.0,0.0,0.0,0.0,46.0,0.0,0.0,31.0,35.0,34.0,12.0,29.0,283672352.0,0.0,2126016032.0,15322475488.0,756427264.0,0.0,0.0,1015.0,0.0,0.0,1199.0,68.0,1420.0
888,0.0,1.0,0.0,0.0,0.0,499200.0,1.0,854250000.0,1.0,408000000.0,0.265285968781,7968.0,837.0,2362.0,41125.0,41750.0,42500.0,69.0,25.0,64.0,896.0,5000.0,0.0,25.0,1000000.0,950000.0,1.0,0.0,0.0,10.0,0.0,0.0,100.0,100.0,23317014.0,646273705.0,617063698.0,0.0,0.0,0.0,0.0,0.0,1.0,1.0,1.0,1.0,1.0,0.0,0.0,1.0,0.0,0.0,0.0,0.0,0.0,31.0,1.0,15788820.0,267764065.0,15533500.0,23444556.0,655850338.0,997.0,3313395297.0,0.0,1.0,1.0,0.0,1.0,0.0,0.0,1.0,1.0,1.0,1.0,2.0,1.0,0.0,0.0,0.0,2.0,0.0,0.0,1.0,1.0,3.0,50.0,50.0,1.0,0.0,0.0,0.0,0.0,0.0,0.0,0.0,0.0,0.0,0.0,2.0,2.0,0.0,1.0,1.0,0.0,1.0,0.0,0.0,0.0,0.0,0.0,1.0,0.0,0.0,1.0,0.0,0.0,0.0,1.0,10.0,0.0,0.0,0.0,0.0,0.0,11.0,0.0,0.0,0.0,0.0,0.0,0.0,0.0,0.0,0.0,1.0,1.0,0.0,0.0,0.0,0.0,1.0,1.0,1.0,0.0,0.0,0.0,0.0,0.0,0.0,1.0,1.0,0.0,0.0,0.0,0.0,0.0,1.0,1.0,0.0,1358564917.0,847.0,847.0,1615.0,1615.0,1647.0,0.0,92.0,22188.0,21895.0,21861.0,64.0,0.0,0.0,0.0,61.0,0.0,0.0,31.0,35.0,34.0,8.0,29.0,337163424.0,0.0,2220811232.0,42716167072.0,572675168.0,0.0,0.0,997.0,0.0,0.0,1171.0,68.0,1367.0
889,0.0,1.0,0.0,0.0,0.0,499200.0,1.0,854250000.0,1.0,408000000.0,0.229632854462,8232.0,1142.0,2590.0,41166.6666667,41666.6666667,42500.0,69.0,25.0,64.0,896.0,5000.0,0.0,25.0,1000000.0,950000.0,1.0,0.0,0.0,10.0,0.0,0.0,100.0,100.0,24276379.0,643128382.0,632128159.0,0.0,0.0,0.0,0.0,0.0,1.0,1.0,1.0,1.0,1.0,0.0,0.0,1.0,0.0,0.0,0.0,0.0,0.0,34.0,1.0,16263920.0,277365305.0,15756913.0,24634979.0,674394247.0,1083.0,3544243531.0,0.0,1.0,1.0,0.0,1.0,0.0,0.0,1.0,1.0,1.0,1.0,2.0,1.0,0.0,0.0,0.0,2.0,0.0,0.0,1.0,1.0,3.0,50.0,50.0,1.0,0.0,0.0,0.0,0.0,0.0,0.0,0.0,0.0,0.0,0.0,2.0,2.0,0.0,1.0,1.0,0.0,1.0,0.0,0.0,0.0,0.0,0.0,1.0,0.0,0.0,1.0,0.0,0.0,0.0,1.0,11.0,0.0,0.0,0.0,0.0,0.0,12.0,0.0,0.0,0.0,0.0,0.0,0.0,0.0,0.0,0.0,1.0,1.0,0.0,0.0,0.0,0.0,1.0,1.0,1.0,0.0,0.0,0.0,0.0,0.0,0.0,1.0,1.0,0.0,0.0,0.0,0.0,0.0,1.0,1.0,0.0,1393817459.0,945.0,945.0,1656.0,1656.0,1688.0,0.0,83.0,23181.0,22261.0,22221.0,42.0,0.0,0.0,0.0,57.0,0.0,0.0,37.0,41.0,40.0,7.0,35.0,442493952.0,0.0,2223128736.0,34847259840.0,526604608.0,0.0,0.0,1083.0,0.0,0.0,1243.0,80.0,1489.0
890,0.0,1.0,0.0,0.0,0.0,499200.0,1.0,854250000.0,1.0,408000000.0,0.217560052872,9222.0,1219.0,2362.0,41125.0,41625.0,42500.0,68.0,25.0,64.0,896.0,5000.0,0.0,25.0,1000000.0,950000.0,1.0,1.0,0.0,10.0,0.0,0.0,100.0,100.0,27392369.0,672790140.0,642942307.0,0.0,0.0,0.0,0.0,0.0,1.0,1.0,1.0,1.0,1.0,0.0,0.0,1.0,0.0,0.0,0.0,0.0,0.0,34.0,1.0,16477833.0,280474770.0,16485266.0,27277465.0,682680281.0,1110.0,3636584259.0,0.0,1.0,1.0,0.0,1.0,0.0,0.0,1.0,1.0,1.0,1.0,2.0,1.0,0.0,0.0,0.0,2.0,0.0,0.0,1.0,1.0,3.0,50.0,50.0,1.0,0.0,0.0,0.0,0.0,0.0,0.0,0.0,0.0,0.0,0.0,2.0,2.0,0.0,1.0,1.0,0.0,1.0,0.0,0.0,0.0,0.0,0.0,1.0,0.0,0.0,1.0,0.0,0.0,0.0,1.0,11.0,0.0,0.0,0.0,0.0,0.0,12.0,0.0,0.0,0.0,0.0,0.0,0.0,0.0,0.0,0.0,1.0,1.0,0.0,0.0,0.0,0.0,1.0,1.0,1.0,0.0,0.0,0.0,0.0,0.0,0.0,1.0,1.0,0.0,0.0,0.0,0.0,0.0,1.0,1.0,0.0,1368699162.0,1064.0,1064.0,1679.0,1679.0,1721.0,0.0,87.0,23851.0,22480.0,22434.0,74.0,0.0,0.0,0.0,50.0,0.0,0.0,43.0,47.0,46.0,12.0,41.0,275813632.0,0.0,2319262720.0,27727384192.0,876721856.0,0.0,0.0,1110.0,0.0,0.0,1305.0,92.0,1512.0
891,0.0,1.0,0.0,0.0,0.0,499200.0,1.0,854250000.0,1.0,408000000.0,0.230749130249,8080.0,1143.0,2591.0,40875.0,41750.0,42750.0,68.0,25.0,64.0,896.0,5000.0,0.0,25.0,1000000.0,950000.0,1.0,1.0,0.0,10.0,0.0,0.0,100.0,100.0,23480737.0,647500686.0,634938003.0,0.0,0.0,0.0,0.0,0.0,1.0,1.0,1.0,1.0,1.0,0.0,0.0,1.0,0.0,0.0,0.0,0.0,0.0,29.0,1.0,16090732.0,271185129.0,16140402.0,23890081.0,651263730.0,1114.0,3465721972.0,0.0,1.0,1.0,0.0,1.0,0.0,0.0,1.0,1.0,1.0,1.0,2.0,1.0,0.0,0.0,0.0,2.0,0.0,0.0,1.0,1.0,3.0,50.0,50.0,1.0,0.0,0.0,0.0,0.0,0.0,0.0,0.0,0.0,0.0,0.0,2.0,2.0,0.0,1.0,1.0,0.0,1.0,0.0,0.0,0.0,0.0,0.0,1.0,0.0,0.0,1.0,0.0,0.0,0.0,1.0,11.0,0.0,0.0,0.0,0.0,0.0,12.0,0.0,0.0,0.0,0.0,0.0,0.0,0.0,0.0,0.0,1.0,1.0,0.0,0.0,0.0,0.0,1.0,1.0,1.0,0.0,0.0,0.0,0.0,0.0,0.0,1.0,1.0,0.0,0.0,0.0,0.0,0.0,1.0,1.0,0.0,1363418922.0,908.0,908.0,1548.0,1548.0,1582.0,0.0,78.0,21492.0,21979.0,21945.0,120.0,0.0,0.0,0.0,58.0,0.0,0.0,31.0,35.0,34.0,13.0,29.0,247038304.0,0.0,2146268576.0,41142225216.0,467769984.0,0.0,0.0,1114.0,0.0,0.0,1334.0,68.0,1456.0
892,0.0,1.0,0.0,0.0,0.0,499200.0,1.0,854250000.0,1.0,408000000.0,0.271007061005,7930.0,990.0,2743.0,41125.0,42000.0,42750.0,68.0,25.0,64.0,896.0,5000.0,0.0,25.0,1000000.0,950000.0,1.0,1.0,0.0,10.0,0.0,0.0,100.0,100.0,23953508.0,653738277.0,636475255.0,0.0,0.0,0.0,0.0,0.0,1.0,1.0,1.0,1.0,1.0,0.0,0.0,1.0,0.0,0.0,0.0,0.0,0.0,30.0,1.0,15862287.0,272159641.0,15825116.0,25045384.0,671492448.0,1222.0,3577288397.0,0.0,1.0,1.0,0.0,1.0,0.0,0.0,1.0,1.0,1.0,1.0,2.0,1.0,0.0,0.0,0.0,2.0,0.0,0.0,1.0,1.0,3.0,50.0,50.0,1.0,0.0,0.0,0.0,0.0,0.0,0.0,0.0,0.0,0.0,0.0,2.0,2.0,0.0,1.0,1.0,0.0,1.0,0.0,0.0,0.0,0.0,0.0,1.0,0.0,0.0,1.0,0.0,0.0,0.0,1.0,10.0,0.0,0.0,0.0,0.0,0.0,11.0,0.0,0.0,0.0,0.0,0.0,0.0,0.0,0.0,0.0,1.0,1.0,0.0,0.0,0.0,0.0,1.0,1.0,1.0,0.0,0.0,0.0,0.0,0.0,0.0,1.0,1.0,0.0,0.0,0.0,0.0,0.0,1.0,1.0,0.0,1386817957.0,1069.0,1069.0,1587.0,1587.0,1623.0,0.0,86.0,21673.0,21935.0,21901.0,43.0,0.0,0.0,0.0,64.0,0.0,0.0,31.0,35.0,34.0,7.0,29.0,253578816.0,204672.0,2142701792.0,29276147520.0,423336672.0,0.0,0.0,1222.0,0.0,0.0,1433.0,68.0,1605.0
893,0.0,1.0,0.0,0.0,0.0,499200.0,1.0,854250000.0,1.0,408000000.0,0.255675792694,7816.0,837.0,2362.0,41000.0,41750.0,42500.0,97.0,25.0,64.0,896.0,5000.0,0.0,25.0,1000000.0,950000.0,1.0,0.0,0.0,10.0,0.0,0.0,100.0,500.0,23480768.0,642301956.0,623098172.0,0.0,0.0,0.0,0.0,0.0,1.0,1.0,1.0,1.0,1.0,0.0,0.0,1.0,0.0,0.0,0.0,0.0,0.0,34.0,1.0,16006108.0,269828564.0,16080188.0,23639867.0,654471875.0,1032.0,3492364219.0,0.0,1.0,1.0,0.0,1.0,0.0,0.0,1.0,1.0,1.0,1.0,2.0,1.0,0.0,0.0,0.0,2.0,0.0,0.0,1.0,1.0,3.0,50.0,50.0,1.0,0.0,0.0,0.0,0.0,0.0,0.0,0.0,0.0,0.0,0.0,2.0,2.0,0.0,1.0,1.0,0.0,1.0,0.0,0.0,0.0,0.0,0.0,1.0,0.0,0.0,1.0,0.0,0.0,0.0,1.0,11.0,0.0,0.0,0.0,0.0,0.0,12.0,0.0,0.0,0.0,0.0,0.0,0.0,0.0,0.0,0.0,1.0,1.0,0.0,0.0,0.0,0.0,1.0,1.0,1.0,0.0,0.0,0.0,0.0,0.0,0.0,1.0,1.0,0.0,0.0,0.0,0.0,0.0,1.0,1.0,0.0,1345215899.0,902.0,902.0,1548.0,1548.0,1578.0,0.0,91.0,21927.0,21854.0,21820.0,60.0,0.0,0.0,0.0,58.0,0.0,0.0,31.0,35.0,34.0,8.0,29.0,239280544.0,0.0,2149583072.0,16615997312.0,525587584.0,0.0,0.0,1032.0,0.0,0.0,1183.0,68.0,1438.0
894,0.0,1.0,0.0,0.0,0.0,499200.0,1.0,854250000.0,1.0,408000000.0,0.23757410049400002,8232.0,1066.0,2667.0,41125.0,41750.0,42750.0,97.0,25.0,64.0,896.0,5000.0,0.0,25.0,1000000.0,950000.0,1.0,0.0,0.0,10.0,0.0,0.0,100.0,500.0,21913192.0,638940485.0,610601354.0,0.0,0.0,0.0,0.0,0.0,1.0,1.0,1.0,1.0,1.0,0.0,0.0,1.0,0.0,0.0,0.0,0.0,0.0,35.0,1.0,15997745.0,273128092.0,15878949.0,23362275.0,675478567.0,1100.0,3513505250.0,0.0,1.0,1.0,0.0,1.0,0.0,0.0,1.0,1.0,1.0,1.0,2.0,1.0,0.0,0.0,0.0,2.0,0.0,0.0,1.0,1.0,3.0,50.0,50.0,1.0,0.0,0.0,0.0,0.0,0.0,0.0,0.0,0.0,0.0,0.0,2.0,2.0,0.0,1.0,1.0,0.0,1.0,0.0,0.0,0.0,0.0,0.0,1.0,0.0,0.0,1.0,0.0,0.0,0.0,1.0,11.0,0.0,0.0,0.0,0.0,0.0,12.0,0.0,0.0,0.0,0.0,0.0,0.0,0.0,0.0,0.0,1.0,1.0,0.0,0.0,0.0,0.0,1.0,1.0,1.0,0.0,0.0,0.0,0.0,0.0,0.0,1.0,1.0,0.0,0.0,0.0,0.0,0.0,1.0,1.0,0.0,1365366580.0,923.0,923.0,1501.0,1501.0,1544.0,0.0,56.0,21659.0,21936.0,21902.0,39.0,0.0,0.0,0.0,39.0,0.0,0.0,31.0,35.0,34.0,7.0,29.0,133346464.0,0.0,2063436192.0,17933067264.0,462123264.0,0.0,0.0,1100.0,0.0,0.0,1342.0,68.0,1465.0
895,0.0,1.0,0.0,0.0,0.0,499200.0,1.0,854250000.0,1.0,408000000.0,0.224449872971,15249.0,1752.0,3885.0,41187.5,41625.0,42500.0,97.0,25.0,64.0,896.0,5000.0,0.0,25.0,1000000.0,950000.0,1.0,0.0,0.0,10.0,0.0,0.0,100.0,500.0,31079380.0,697359847.0,662728308.0,0.0,0.0,0.0,0.0,0.0,1.0,1.0,1.0,1.0,1.0,0.0,0.0,1.0,0.0,0.0,0.0,0.0,0.0,29.0,1.0,16684173.0,285986426.0,16702124.0,32062172.0,694230833.0,1356.0,3581739831.0,0.0,1.0,1.0,0.0,1.0,0.0,0.0,1.0,1.0,1.0,1.0,2.0,1.0,0.0,0.0,0.0,2.0,0.0,0.0,1.0,1.0,3.0,50.0,50.0,1.0,0.0,0.0,0.0,0.0,0.0,0.0,0.0,0.0,0.0,0.0,2.0,2.0,0.0,1.0,1.0,0.0,1.0,0.0,0.0,0.0,0.0,0.0,1.0,0.0,0.0,1.0,0.0,0.0,0.0,1.0,11.0,0.0,0.0,0.0,0.0,0.0,12.0,0.0,0.0,0.0,0.0,0.0,0.0,0.0,0.0,0.0,1.0,1.0,0.0,0.0,0.0,0.0,1.0,1.0,1.0,0.0,0.0,0.0,0.0,0.0,0.0,1.0,1.0,0.0,0.0,0.0,0.0,0.0,1.0,1.0,0.0,1444407214.0,1196.0,1196.0,1956.0,1956.0,1998.0,0.0,139.0,25114.0,23326.0,23268.0,177.0,0.0,0.0,0.0,67.0,0.0,0.0,55.0,59.0,58.0,22.0,53.0,565844576.0,0.0,2702395616.0,52909778112.0,706358912.0,0.0,0.0,1356.0,0.0,0.0,1634.0,116.0,1950.0
896,0.0,1.0,0.0,0.0,0.0,499200.0,1.0,854250000.0,1.0,408000000.0,0.238210916519,15745.0,1828.0,4724.0,41250.0,41500.0,42500.0,89.0,25.0,64.0,896.0,5000.0,0.0,25.0,1000000.0,950000.0,1.0,1.0,0.0,10.0,0.0,0.0,100.0,500.0,32161227.0,698673946.0,673367231.0,0.0,0.0,0.0,0.0,0.0,1.0,1.0,1.0,1.0,1.0,0.0,0.0,1.0,0.0,0.0,0.0,0.0,0.0,34.0,1.0,16653416.0,289473750.0,16808448.0,30983566.0,717526988.0,1454.0,3812108531.0,0.0,1.0,1.0,0.0,1.0,0.0,0.0,1.0,1.0,1.0,1.0,2.0,1.0,0.0,0.0,0.0,2.0,0.0,0.0,1.0,1.0,3.0,50.0,50.0,1.0,0.0,0.0,0.0,0.0,0.0,0.0,0.0,0.0,0.0,0.0,2.0,2.0,0.0,1.0,1.0,0.0,1.0,0.0,0.0,0.0,0.0,0.0,1.0,0.0,0.0,1.0,0.0,0.0,0.0,1.0,10.0,0.0,0.0,0.0,0.0,0.0,11.0,0.0,0.0,0.0,0.0,0.0,0.0,0.0,0.0,0.0,1.0,1.0,0.0,0.0,0.0,0.0,1.0,1.0,1.0,0.0,0.0,0.0,0.0,0.0,0.0,1.0,1.0,0.0,0.0,0.0,0.0,0.0,1.0,1.0,0.0,1455590939.0,1171.0,1171.0,1897.0,1897.0,1947.0,0.0,124.0,25885.0,23462.0,23404.0,67.0,0.0,0.0,0.0,82.0,0.0,0.0,55.0,59.0,58.0,10.0,53.0,273480320.0,0.0,2539684128.0,34594244608.0,738053856.0,0.0,0.0,1454.0,0.0,0.0,1687.0,116.0,1930.0
897,0.0,1.0,0.0,0.0,0.0,499200.0,1.0,854250000.0,1.0,408000000.0,0.281420946121,7739.0,1067.0,2514.0,40000.0,42000.0,42500.0,89.0,25.0,64.0,896.0,5000.0,0.0,25.0,1000000.0,950000.0,1.0,1.0,0.0,10.0,0.0,0.0,100.0,500.0,21246831.0,629022685.0,607823195.0,0.0,0.0,0.0,0.0,0.0,1.0,1.0,1.0,1.0,1.0,0.0,0.0,1.0,0.0,0.0,0.0,0.0,0.0,30.0,1.0,15480688.0,260871705.0,15597559.0,22330624.0,653643531.0,929.0,3338771936.0,0.0,1.0,1.0,0.0,1.0,0.0,0.0,1.0,1.0,1.0,1.0,2.0,1.0,0.0,0.0,0.0,2.0,0.0,0.0,1.0,1.0,3.0,50.0,50.0,1.0,0.0,0.0,0.0,0.0,0.0,0.0,0.0,0.0,0.0,0.0,2.0,2.0,0.0,1.0,1.0,0.0,1.0,0.0,0.0,0.0,0.0,0.0,1.0,0.0,0.0,1.0,0.0,0.0,0.0,1.0,10.0,0.0,0.0,0.0,0.0,0.0,11.0,0.0,0.0,0.0,0.0,0.0,0.0,0.0,0.0,0.0,1.0,1.0,0.0,0.0,0.0,0.0,1.0,1.0,1.0,0.0,0.0,0.0,0.0,0.0,0.0,1.0,1.0,0.0,0.0,0.0,0.0,0.0,1.0,1.0,0.0,1338594643.0,940.0,940.0,1522.0,1522.0,1553.0,0.0,64.0,19818.0,21421.0,21394.0,29.0,0.0,0.0,0.0,49.0,0.0,0.0,25.0,28.0,27.0,7.0,23.0,337680224.0,0.0,2035002784.0,22334993216.0,459645600.0,0.0,0.0,929.0,0.0,0.0,1096.0,54.0,1275.0
898,0.0,1.0,0.0,0.0,0.0,499200.0,1.0,854250000.0,1.0,408000000.0,0.227826118469,3812.0,457.0,1067.0,41250.0,41500.0,42750.0,89.0,25.0,64.0,896.0,5000.0,0.0,25.0,1000000.0,950000.0,1.0,1.0,0.0,10.0,0.0,0.0,100.0,500.0,19711261.0,616686716.0,588677211.0,0.0,0.0,0.0,0.0,0.0,1.0,1.0,1.0,1.0,1.0,0.0,0.0,1.0,0.0,0.0,0.0,0.0,0.0,32.0,1.0,15504591.0,259140276.0,15244409.0,20178643.0,624261405.0,761.0,3130924002.0,0.0,1.0,1.0,0.0,1.0,0.0,0.0,1.0,1.0,1.0,1.0,2.0,1.0,0.0,0.0,0.0,2.0,0.0,0.0,1.0,1.0,3.0,50.0,50.0,1.0,0.0,0.0,0.0,0.0,0.0,0.0,0.0,0.0,0.0,0.0,2.0,2.0,0.0,1.0,1.0,0.0,1.0,0.0,0.0,0.0,0.0,0.0,1.0,0.0,0.0,1.0,0.0,0.0,0.0,1.0,10.0,0.0,0.0,0.0,0.0,0.0,11.0,0.0,0.0,0.0,0.0,0.0,0.0,0.0,0.0,0.0,1.0,1.0,0.0,0.0,0.0,0.0,1.0,1.0,1.0,0.0,0.0,0.0,0.0,0.0,0.0,1.0,1.0,0.0,0.0,0.0,0.0,0.0,1.0,1.0,0.0,1336049895.0,843.0,843.0,1537.0,1537.0,1568.0,0.0,58.0,20331.0,21421.0,21395.0,34.0,0.0,0.0,0.0,31.0,0.0,0.0,25.0,27.0,26.0,8.0,23.0,117502624.0,1491904.0,2080506176.0,32379056832.0,379684896.0,0.0,0.0,761.0,0.0,0.0,892.0,52.0,1041.0
899,0.0,1.0,0.0,0.0,1.0,1728000.0,1.0,943500000.0,1.0,665600000.0,0.156231880188,4232.0,609.0,1372.0,40000.0,42500.0,42500.0,97.0,25.0,64.0,896.0,5000.0,0.0,25.0,1000000.0,950000.0,1.0,0.0,0.0,10.0,0.0,0.0,0.0,100.0,19246037.0,571674471.0,561361088.0,0.0,0.0,0.0,0.0,0.0,1.0,1.0,1.0,1.0,1.0,0.0,0.0,1.0,0.0,0.0,0.0,0.0,0.0,30.0,1.0,14561086.0,261865680.0,14623372.0,18613963.0,575948777.0,571.0,2676298205.0,0.0,1.0,1.0,0.0,1.0,0.0,0.0,1.0,1.0,1.0,1.0,2.0,1.0,0.0,0.0,0.0,2.0,0.0,0.0,1.0,1.0,3.0,50.0,50.0,1.0,0.0,0.0,0.0,0.0,0.0,0.0,0.0,0.0,0.0,0.0,2.0,2.0,0.0,1.0,1.0,0.0,1.0,0.0,0.0,0.0,0.0,0.0,1.0,0.0,0.0,1.0,0.0,0.0,0.0,1.0,10.0,0.0,0.0,0.0,0.0,0.0,11.0,0.0,0.0,0.0,0.0,0.0,0.0,0.0,0.0,0.0,1.0,1.0,0.0,0.0,0.0,0.0,1.0,1.0,1.0,0.0,0.0,0.0,0.0,0.0,0.0,1.0,1.0,0.0,0.0,0.0,0.0,0.0,1.0,1.0,0.0,1292531709.0,563.0,563.0,1176.0,1176.0,1209.0,0.0,42.0,18330.0,21027.0,21007.0,18.0,0.0,0.0,0.0,50.0,0.0,0.0,19.0,21.0,20.0,6.0,17.0,207946880.0,0.0,1535087456.0,16152963040.0,87304096.0,0.0,0.0,571.0,0.0,0.0,682.0,40.0,822.0
900,0.0,1.0,0.0,0.0,1.0,1728000.0,1.0,943500000.0,1.0,665600000.0,0.15244889259299998,9034.0,1294.0,2820.0,40750.0,42250.0,42500.0,97.0,25.0,64.0,896.0,5000.0,0.0,25.0,1000000.0,950000.0,1.0,0.0,0.0,10.0,0.0,0.0,0.0,100.0,23154264.0,590676076.0,585805638.0,0.0,0.0,0.0,0.0,0.0,1.0,1.0,1.0,1.0,1.0,0.0,0.0,1.0,0.0,0.0,0.0,0.0,0.0,34.0,1.0,14867374.0,269425098.0,14416863.0,23022764.0,602334184.0,704.0,2802450587.0,0.0,1.0,1.0,0.0,1.0,0.0,0.0,1.0,1.0,1.0,1.0,2.0,1.0,0.0,0.0,0.0,2.0,0.0,0.0,1.0,1.0,3.0,50.0,50.0,1.0,0.0,0.0,0.0,0.0,0.0,0.0,0.0,0.0,0.0,0.0,2.0,2.0,0.0,1.0,1.0,0.0,1.0,0.0,0.0,0.0,0.0,0.0,1.0,0.0,0.0,1.0,0.0,0.0,0.0,1.0,10.0,0.0,0.0,0.0,0.0,0.0,11.0,0.0,0.0,0.0,0.0,0.0,0.0,0.0,0.0,0.0,1.0,1.0,0.0,0.0,0.0,0.0,1.0,1.0,1.0,0.0,0.0,0.0,0.0,0.0,0.0,1.0,1.0,0.0,0.0,0.0,0.0,0.0,1.0,1.0,0.0,1346385813.0,655.0,655.0,1367.0,1367.0,1404.0,0.0,58.0,21604.0,21883.0,21849.0,71.0,0.0,0.0,0.0,77.0,0.0,0.0,31.0,35.0,34.0,12.0,29.0,338554112.0,165952.0,1729209312.0,22468058304.0,224815904.0,0.0,0.0,704.0,0.0,0.0,941.0,68.0,1105.0
901,0.0,1.0,0.0,0.0,1.0,1728000.0,1.0,943500000.0,1.0,665600000.0,0.154573917389,9034.0,1294.0,2896.0,40750.0,42250.0,43000.0,97.0,25.0,64.0,896.0,5000.0,0.0,25.0,1000000.0,950000.0,1.0,0.0,0.0,10.0,0.0,0.0,0.0,100.0,21796522.0,592403972.0,569519226.0,0.0,0.0,0.0,0.0,0.0,1.0,1.0,1.0,1.0,1.0,0.0,0.0,1.0,0.0,0.0,0.0,0.0,0.0,35.0,1.0,14994783.0,269823397.0,14619268.0,24346616.0,595963385.0,820.0,2818317419.0,0.0,1.0,1.0,0.0,1.0,0.0,0.0,1.0,1.0,1.0,1.0,2.0,1.0,0.0,0.0,0.0,2.0,0.0,0.0,1.0,1.0,3.0,50.0,50.0,1.0,0.0,0.0,0.0,0.0,0.0,0.0,0.0,0.0,0.0,0.0,2.0,2.0,0.0,1.0,1.0,0.0,1.0,0.0,0.0,0.0,0.0,0.0,1.0,0.0,0.0,1.0,0.0,0.0,0.0,1.0,11.0,0.0,0.0,0.0,0.0,0.0,12.0,0.0,0.0,0.0,0.0,0.0,0.0,0.0,0.0,0.0,1.0,1.0,0.0,0.0,0.0,0.0,1.0,1.0,1.0,0.0,0.0,0.0,0.0,0.0,0.0,1.0,1.0,0.0,0.0,0.0,0.0,0.0,1.0,1.0,0.0,1338905564.0,649.0,649.0,1289.0,1289.0,1322.0,0.0,77.0,21575.0,21849.0,21815.0,68.0,0.0,0.0,0.0,82.0,0.0,0.0,31.0,35.0,34.0,9.0,29.0,221400096.0,2285568.0,1655105792.0,30558611136.0,153221504.0,0.0,0.0,820.0,0.0,0.0,990.0,68.0,1154.0
902,0.0,1.0,0.0,0.0,1.0,1728000.0,1.0,943500000.0,1.0,665600000.0,0.160648107529,10023.0,1294.0,2818.0,41250.0,42000.0,42750.0,91.0,25.0,64.0,896.0,5000.0,0.0,25.0,1000000.0,950000.0,1.0,1.0,0.0,10.0,0.0,0.0,0.0,100.0,21789012.0,590625374.0,571170647.0,0.0,0.0,0.0,0.0,0.0,1.0,1.0,1.0,1.0,1.0,0.0,0.0,1.0,0.0,0.0,0.0,0.0,0.0,30.0,1.0,14806284.0,263592949.0,14361477.0,23713700.0,594950830.0,698.0,2751101525.0,0.0,1.0,1.0,0.0,1.0,0.0,0.0,1.0,1.0,1.0,1.0,2.0,1.0,0.0,0.0,0.0,2.0,0.0,0.0,1.0,1.0,3.0,50.0,50.0,1.0,0.0,0.0,0.0,0.0,0.0,0.0,0.0,0.0,0.0,0.0,2.0,2.0,0.0,1.0,1.0,0.0,1.0,0.0,0.0,0.0,0.0,0.0,1.0,0.0,0.0,1.0,0.0,0.0,0.0,1.0,10.0,0.0,0.0,0.0,0.0,0.0,11.0,0.0,0.0,0.0,0.0,0.0,0.0,0.0,0.0,0.0,1.0,1.0,0.0,0.0,0.0,0.0,1.0,1.0,1.0,0.0,0.0,0.0,0.0,0.0,0.0,1.0,1.0,0.0,0.0,0.0,0.0,0.0,1.0,1.0,0.0,1322228930.0,582.0,582.0,1263.0,1263.0,1302.0,0.0,74.0,21380.0,21829.0,21795.0,86.0,0.0,0.0,0.0,83.0,0.0,0.0,31.0,35.0,34.0,11.0,29.0,257323968.0,0.0,1649334208.0,20443373952.0,162359488.0,0.0,0.0,698.0,0.0,0.0,909.0,68.0,1070.0
903,0.0,1.0,0.0,0.0,1.0,1728000.0,1.0,943500000.0,1.0,665600000.0,0.156339883804,9794.0,1218.0,2818.0,41250.0,42000.0,42750.0,91.0,25.0,64.0,896.0,5000.0,0.0,25.0,1000000.0,950000.0,1.0,1.0,0.0,10.0,0.0,0.0,0.0,100.0,23349724.0,593961641.0,576045510.0,0.0,0.0,0.0,0.0,0.0,1.0,1.0,1.0,1.0,1.0,0.0,0.0,1.0,0.0,0.0,0.0,0.0,0.0,30.0,1.0,14670334.0,273301670.0,14254596.0,23566564.0,597037400.0,736.0,2740330799.0,0.0,1.0,1.0,0.0,1.0,0.0,0.0,1.0,1.0,1.0,1.0,2.0,1.0,0.0,0.0,0.0,2.0,0.0,0.0,1.0,1.0,3.0,50.0,50.0,1.0,0.0,0.0,0.0,0.0,0.0,0.0,0.0,0.0,0.0,0.0,2.0,2.0,0.0,1.0,1.0,0.0,1.0,0.0,0.0,0.0,0.0,0.0,1.0,0.0,0.0,1.0,0.0,0.0,0.0,1.0,11.0,0.0,0.0,0.0,0.0,0.0,12.0,0.0,0.0,0.0,0.0,0.0,0.0,0.0,0.0,0.0,1.0,1.0,0.0,0.0,0.0,0.0,1.0,1.0,1.0,0.0,0.0,0.0,0.0,0.0,0.0,1.0,1.0,0.0,0.0,0.0,0.0,0.0,1.0,1.0,0.0,1321576532.0,650.0,650.0,1334.0,1334.0,1362.0,0.0,60.0,21499.0,21904.0,21870.0,94.0,0.0,0.0,0.0,76.0,0.0,0.0,31.0,35.0,34.0,11.0,29.0,234134592.0,0.0,1693163040.0,22062863744.0,145813664.0,0.0,0.0,736.0,0.0,0.0,1000.0,68.0,1206.0
904,0.0,1.0,0.0,0.0,1.0,1728000.0,1.0,943500000.0,1.0,665600000.0,0.154863119125,4611.0,609.0,1371.0,40250.0,42500.0,42500.0,91.0,25.0,64.0,896.0,5000.0,0.0,25.0,1000000.0,950000.0,1.0,1.0,0.0,10.0,0.0,0.0,0.0,100.0,18366601.0,566706029.0,549950013.0,0.0,0.0,0.0,0.0,0.0,1.0,1.0,1.0,1.0,1.0,0.0,0.0,1.0,0.0,0.0,0.0,0.0,0.0,33.0,1.0,14137227.0,258174966.0,14056452.0,20416092.0,577797557.0,545.0,2529016990.0,0.0,1.0,1.0,0.0,1.0,0.0,0.0,1.0,1.0,1.0,1.0,2.0,1.0,0.0,0.0,0.0,2.0,0.0,0.0,1.0,1.0,3.0,50.0,50.0,1.0,0.0,0.0,0.0,0.0,0.0,0.0,0.0,0.0,0.0,0.0,2.0,2.0,0.0,1.0,1.0,0.0,1.0,0.0,0.0,0.0,0.0,0.0,1.0,0.0,0.0,1.0,0.0,0.0,0.0,1.0,10.0,0.0,0.0,0.0,0.0,0.0,11.0,0.0,0.0,0.0,0.0,0.0,0.0,0.0,0.0,0.0,1.0,1.0,0.0,0.0,0.0,0.0,1.0,1.0,1.0,0.0,0.0,0.0,0.0,0.0,0.0,1.0,1.0,0.0,0.0,0.0,0.0,0.0,1.0,1.0,0.0,1308331014.0,569.0,569.0,1207.0,1207.0,1237.0,0.0,39.0,18350.0,21020.0,21000.0,44.0,0.0,0.0,0.0,47.0,0.0,0.0,19.0,21.0,20.0,6.0,17.0,116700352.0,0.0,1528176256.0,22410868896.0,81606624.0,0.0,0.0,545.0,0.0,0.0,651.0,40.0,833.0
905,0.0,1.0,0.0,0.0,1.0,1728000.0,1.0,943500000.0,1.0,665600000.0,0.15430498123199998,4687.0,609.0,1371.0,40750.0,42500.0,42500.0,80.0,25.0,64.0,896.0,5000.0,0.0,25.0,1000000.0,950000.0,1.0,0.0,0.0,10.0,0.0,0.0,0.0,500.0,19426196.0,573935147.0,562046621.0,0.0,0.0,0.0,0.0,0.0,1.0,1.0,1.0,1.0,1.0,0.0,0.0,1.0,0.0,0.0,0.0,0.0,0.0,34.0,1.0,14444059.0,263031208.0,14486866.0,19465622.0,576747355.0,570.0,2639794359.0,0.0,1.0,1.0,0.0,1.0,0.0,0.0,1.0,1.0,1.0,1.0,2.0,1.0,0.0,0.0,0.0,2.0,0.0,0.0,1.0,1.0,3.0,50.0,50.0,1.0,0.0,0.0,0.0,0.0,0.0,0.0,0.0,0.0,0.0,0.0,2.0,2.0,0.0,1.0,1.0,0.0,1.0,0.0,0.0,0.0,0.0,0.0,1.0,0.0,0.0,1.0,0.0,0.0,0.0,1.0,10.0,0.0,0.0,0.0,0.0,0.0,11.0,0.0,0.0,0.0,0.0,0.0,0.0,0.0,0.0,0.0,1.0,1.0,0.0,0.0,0.0,0.0,1.0,1.0,1.0,0.0,0.0,0.0,0.0,0.0,0.0,1.0,1.0,0.0,0.0,0.0,0.0,0.0,1.0,1.0,0.0,1292558272.0,575.0,575.0,1133.0,1133.0,1167.0,0.0,39.0,18258.0,20941.0,20921.0,67.0,0.0,0.0,0.0,51.0,0.0,0.0,19.0,21.0,20.0,5.0,17.0,123245632.0,0.0,1522609888.0,23896298784.0,98311200.0,0.0,0.0,570.0,0.0,0.0,707.0,40.0,905.0
906,0.0,1.0,0.0,0.0,1.0,1728000.0,1.0,943500000.0,1.0,665600000.0,0.155215024948,9832.0,1218.0,2818.0,41250.0,42000.0,42750.0,80.0,25.0,64.0,896.0,5000.0,0.0,25.0,1000000.0,950000.0,1.0,0.0,0.0,10.0,0.0,0.0,0.0,500.0,24521574.0,594823341.0,581435488.0,0.0,0.0,0.0,0.0,0.0,1.0,1.0,1.0,1.0,1.0,0.0,0.0,1.0,0.0,0.0,0.0,0.0,0.0,34.0,1.0,15333291.0,280562834.0,14655479.0,25009815.0,604619755.0,755.0,2778281553.0,0.0,1.0,1.0,0.0,1.0,0.0,0.0,1.0,1.0,1.0,1.0,2.0,1.0,0.0,0.0,0.0,2.0,0.0,0.0,1.0,1.0,3.0,50.0,50.0,1.0,0.0,0.0,0.0,0.0,0.0,0.0,0.0,0.0,0.0,0.0,2.0,2.0,0.0,1.0,1.0,0.0,1.0,0.0,0.0,0.0,0.0,0.0,1.0,0.0,0.0,1.0,0.0,0.0,0.0,1.0,10.0,0.0,0.0,0.0,0.0,0.0,11.0,0.0,0.0,0.0,0.0,0.0,0.0,0.0,0.0,0.0,1.0,1.0,0.0,0.0,0.0,0.0,1.0,1.0,1.0,0.0,0.0,0.0,0.0,0.0,0.0,1.0,1.0,0.0,0.0,0.0,0.0,0.0,1.0,1.0,0.0,1342157029.0,715.0,715.0,1329.0,1329.0,1368.0,0.0,75.0,21458.0,21877.0,21843.0,37.0,0.0,0.0,0.0,72.0,0.0,0.0,31.0,35.0,34.0,8.0,29.0,212689344.0,0.0,1703068096.0,23815981568.0,183513344.0,0.0,0.0,755.0,0.0,0.0,935.0,68.0,1181.0
907,0.0,1.0,0.0,0.0,1.0,1728000.0,1.0,943500000.0,1.0,665600000.0,0.155183076859,9794.0,1218.0,2818.0,40500.0,41750.0,42500.0,80.0,25.0,64.0,896.0,5000.0,0.0,25.0,1000000.0,950000.0,1.0,0.0,0.0,10.0,0.0,0.0,0.0,500.0,23281359.0,577497823.0,581422405.0,0.0,0.0,0.0,0.0,0.0,1.0,1.0,1.0,1.0,1.0,0.0,0.0,1.0,0.0,0.0,0.0,0.0,0.0,35.0,1.0,14442483.0,270654980.0,14230003.0,23120784.0,603547666.0,738.0,2809364963.0,0.0,1.0,1.0,0.0,1.0,0.0,0.0,1.0,1.0,1.0,1.0,2.0,1.0,0.0,0.0,0.0,2.0,0.0,0.0,1.0,1.0,3.0,50.0,50.0,1.0,0.0,0.0,0.0,0.0,0.0,0.0,0.0,0.0,0.0,0.0,2.0,2.0,0.0,1.0,1.0,0.0,1.0,0.0,0.0,0.0,0.0,0.0,1.0,0.0,0.0,1.0,0.0,0.0,0.0,1.0,10.0,0.0,0.0,0.0,0.0,0.0,11.0,0.0,0.0,0.0,0.0,0.0,0.0,0.0,0.0,0.0,1.0,1.0,0.0,0.0,0.0,0.0,1.0,1.0,1.0,0.0,0.0,0.0,0.0,0.0,0.0,1.0,1.0,0.0,0.0,0.0,0.0,0.0,1.0,1.0,0.0,1356553380.0,598.0,598.0,1287.0,1287.0,1329.0,0.0,64.0,21391.0,21733.0,21699.0,47.0,0.0,0.0,0.0,64.0,0.0,0.0,31.0,35.0,34.0,9.0,29.0,334208832.0,2199232.0,1694121568.0,36876033248.0,213511552.0,0.0,0.0,738.0,0.0,0.0,893.0,68.0,1029.0
908,0.0,1.0,0.0,0.0,1.0,1728000.0,1.0,943500000.0,1.0,665600000.0,0.158249139786,8881.0,1219.0,2743.0,40750.0,42500.0,43000.0,78.0,25.0,64.0,896.0,5000.0,0.0,25.0,1000000.0,950000.0,1.0,1.0,0.0,10.0,0.0,0.0,0.0,500.0,19741329.0,561151333.0,567813054.0,0.0,0.0,0.0,0.0,0.0,1.0,1.0,1.0,1.0,1.0,0.0,0.0,1.0,0.0,0.0,0.0,0.0,0.0,34.0,1.0,14876538.0,264908079.0,14165732.0,20423196.0,575610661.0,568.0,2704205868.0,0.0,1.0,1.0,0.0,1.0,0.0,0.0,1.0,1.0,1.0,1.0,2.0,1.0,0.0,0.0,0.0,2.0,0.0,0.0,1.0,1.0,3.0,50.0,50.0,1.0,0.0,0.0,0.0,0.0,0.0,0.0,0.0,0.0,0.0,0.0,2.0,2.0,0.0,1.0,1.0,0.0,1.0,0.0,0.0,0.0,0.0,0.0,1.0,0.0,0.0,1.0,0.0,0.0,0.0,1.0,10.0,0.0,0.0,0.0,0.0,0.0,11.0,0.0,0.0,0.0,0.0,0.0,0.0,0.0,0.0,0.0,1.0,1.0,0.0,0.0,0.0,0.0,1.0,1.0,1.0,0.0,0.0,0.0,0.0,0.0,0.0,1.0,1.0,0.0,0.0,0.0,0.0,0.0,1.0,1.0,0.0,1288899121.0,549.0,549.0,1287.0,1287.0,1311.0,0.0,58.0,20117.0,21418.0,21391.0,59.0,0.0,0.0,0.0,61.0,0.0,0.0,25.0,28.0,27.0,5.0,23.0,118506272.0,0.0,1593821312.0,19691861056.0,118452320.0,0.0,0.0,568.0,0.0,0.0,754.0,54.0,956.0
909,0.0,1.0,0.0,0.0,1.0,1728000.0,1.0,943500000.0,1.0,665600000.0,0.155710935593,8881.0,1219.0,2743.0,40750.0,42000.0,42500.0,78.0,25.0,64.0,896.0,5000.0,0.0,25.0,1000000.0,950000.0,1.0,1.0,0.0,10.0,0.0,0.0,0.0,500.0,22987005.0,572537414.0,566334717.0,0.0,0.0,0.0,0.0,0.0,1.0,1.0,1.0,1.0,1.0,0.0,0.0,1.0,0.0,0.0,0.0,0.0,0.0,34.0,1.0,14476233.0,267004003.0,14010456.0,21807922.0,575579528.0,558.0,2580333981.0,0.0,1.0,1.0,0.0,1.0,0.0,0.0,1.0,1.0,1.0,1.0,2.0,1.0,0.0,0.0,0.0,2.0,0.0,0.0,1.0,1.0,3.0,50.0,50.0,1.0,0.0,0.0,0.0,0.0,0.0,0.0,0.0,0.0,0.0,0.0,2.0,2.0,0.0,1.0,1.0,0.0,1.0,0.0,0.0,0.0,0.0,0.0,1.0,0.0,0.0,1.0,0.0,0.0,0.0,1.0,11.0,0.0,0.0,0.0,0.0,0.0,12.0,0.0,0.0,0.0,0.0,0.0,0.0,0.0,0.0,0.0,1.0,1.0,0.0,0.0,0.0,0.0,1.0,1.0,1.0,0.0,0.0,0.0,0.0,0.0,0.0,1.0,1.0,0.0,0.0,0.0,0.0,0.0,1.0,1.0,0.0,1298904659.0,537.0,537.0,1244.0,1244.0,1270.0,0.0,58.0,20237.0,21409.0,21382.0,166.0,0.0,0.0,0.0,70.0,0.0,0.0,25.0,28.0,27.0,4.0,23.0,218205856.0,0.0,1608200064.0,22537324960.0,81205920.0,0.0,0.0,558.0,0.0,0.0,816.0,54.0,1014.0
910,0.0,1.0,0.0,0.0,1.0,1728000.0,1.0,943500000.0,1.0,665600000.0,0.153319835663,9034.0,1295.0,2820.0,41125.0,42000.0,43000.0,78.0,25.0,64.0,896.0,5000.0,0.0,25.0,1000000.0,950000.0,1.0,1.0,0.0,10.0,0.0,0.0,0.0,500.0,22381731.0,594692782.0,582743612.0,0.0,0.0,0.0,0.0,0.0,1.0,1.0,1.0,1.0,1.0,0.0,0.0,1.0,0.0,0.0,0.0,0.0,0.0,35.0,1.0,14866789.0,261546384.0,14868238.0,24062846.0,593261736.0,668.0,2877248321.0,0.0,1.0,1.0,0.0,1.0,0.0,0.0,1.0,1.0,1.0,1.0,2.0,1.0,0.0,0.0,0.0,2.0,0.0,0.0,1.0,1.0,3.0,50.0,50.0,1.0,0.0,0.0,0.0,0.0,0.0,0.0,0.0,0.0,0.0,0.0,2.0,2.0,0.0,1.0,1.0,0.0,1.0,0.0,0.0,0.0,0.0,0.0,1.0,0.0,0.0,1.0,0.0,0.0,0.0,1.0,10.0,0.0,0.0,0.0,0.0,0.0,11.0,0.0,0.0,0.0,0.0,0.0,0.0,0.0,0.0,0.0,1.0,1.0,0.0,0.0,0.0,0.0,1.0,1.0,1.0,0.0,0.0,0.0,0.0,0.0,0.0,1.0,1.0,0.0,0.0,0.0,0.0,0.0,1.0,1.0,0.0,1349331042.0,600.0,600.0,1408.0,1408.0,1446.0,0.0,67.0,21484.0,21846.0,21812.0,38.0,0.0,0.0,0.0,69.0,0.0,0.0,31.0,35.0,34.0,14.0,29.0,232792128.0,0.0,1696709344.0,20352849376.0,156132672.0,0.0,0.0,668.0,0.0,0.0,882.0,68.0,1045.0
911,0.0,1.0,0.0,0.0,1.0,1728000.0,1.0,943500000.0,1.0,665600000.0,0.159600019455,9072.0,1295.0,2896.0,40750.0,42250.0,42500.0,96.0,25.0,64.0,896.0,5000.0,0.0,25.0,1000000.0,950000.0,1.0,0.0,0.0,10.0,0.0,0.0,100.0,100.0,22702549.0,598354438.0,577412762.0,0.0,0.0,0.0,0.0,0.0,1.0,1.0,1.0,1.0,1.0,0.0,0.0,1.0,0.0,0.0,0.0,0.0,0.0,35.0,1.0,15152908.0,268507961.0,14855362.0,24143822.0,606259040.0,768.0,2850379089.0,0.0,1.0,1.0,0.0,1.0,0.0,0.0,1.0,1.0,1.0,1.0,2.0,1.0,0.0,0.0,0.0,2.0,0.0,0.0,1.0,1.0,3.0,50.0,50.0,1.0,0.0,0.0,0.0,0.0,0.0,0.0,0.0,0.0,0.0,0.0,2.0,2.0,0.0,1.0,1.0,0.0,1.0,0.0,0.0,0.0,0.0,0.0,1.0,0.0,0.0,1.0,0.0,0.0,0.0,1.0,11.0,0.0,0.0,0.0,0.0,0.0,12.0,0.0,0.0,0.0,0.0,0.0,0.0,0.0,0.0,0.0,1.0,1.0,0.0,0.0,0.0,0.0,1.0,1.0,1.0,0.0,0.0,0.0,0.0,0.0,0.0,1.0,1.0,0.0,0.0,0.0,0.0,0.0,1.0,1.0,0.0,1349502107.0,636.0,636.0,1304.0,1304.0,1335.0,0.0,75.0,21564.0,21870.0,21836.0,44.0,0.0,0.0,0.0,85.0,0.0,0.0,31.0,35.0,34.0,9.0,29.0,261007968.0,2043104.0,1686982976.0,25807486752.0,194349472.0,0.0,0.0,768.0,0.0,0.0,999.0,68.0,1139.0
912,0.0,1.0,0.0,0.0,1.0,1728000.0,1.0,943500000.0,1.0,665600000.0,0.158749103546,9110.0,1294.0,2820.0,40750.0,42500.0,43000.0,96.0,25.0,64.0,896.0,5000.0,0.0,25.0,1000000.0,950000.0,1.0,0.0,0.0,10.0,0.0,0.0,100.0,100.0,20461327.0,584242759.0,575653547.0,0.0,0.0,0.0,0.0,0.0,1.0,1.0,1.0,1.0,1.0,0.0,0.0,1.0,0.0,0.0,0.0,0.0,0.0,34.0,1.0,14802634.0,271505323.0,14534074.0,21650274.0,593843678.0,744.0,2695290278.0,0.0,1.0,1.0,0.0,1.0,0.0,0.0,1.0,1.0,1.0,1.0,2.0,1.0,0.0,0.0,0.0,2.0,0.0,0.0,1.0,1.0,3.0,50.0,50.0,1.0,0.0,0.0,0.0,0.0,0.0,0.0,0.0,0.0,0.0,0.0,2.0,2.0,0.0,1.0,1.0,0.0,1.0,0.0,0.0,0.0,0.0,0.0,1.0,0.0,0.0,1.0,0.0,0.0,0.0,1.0,10.0,0.0,0.0,0.0,0.0,0.0,11.0,0.0,0.0,0.0,0.0,0.0,0.0,0.0,0.0,0.0,1.0,1.0,0.0,0.0,0.0,0.0,1.0,1.0,1.0,0.0,0.0,0.0,0.0,0.0,0.0,1.0,1.0,0.0,0.0,0.0,0.0,0.0,1.0,1.0,0.0,1322161493.0,702.0,702.0,1329.0,1329.0,1360.0,0.0,44.0,20519.0,21559.0,21532.0,44.0,0.0,0.0,0.0,65.0,0.0,0.0,25.0,28.0,27.0,12.0,23.0,18207008.0,0.0,1612024608.0,21561389600.0,129181440.0,0.0,0.0,744.0,0.0,0.0,900.0,54.0,1183.0
913,0.0,1.0,0.0,0.0,1.0,1728000.0,1.0,943500000.0,1.0,665600000.0,0.154767990112,4270.0,533.0,1372.0,40750.0,42000.0,42500.0,96.0,25.0,64.0,896.0,5000.0,0.0,25.0,1000000.0,950000.0,1.0,0.0,0.0,10.0,0.0,0.0,100.0,100.0,18449363.0,559862356.0,560051377.0,0.0,0.0,0.0,0.0,0.0,1.0,1.0,1.0,1.0,1.0,0.0,0.0,1.0,0.0,0.0,0.0,0.0,0.0,35.0,1.0,14676572.0,258105879.0,14686622.0,19175870.0,579897438.0,588.0,2679465339.0,0.0,1.0,1.0,0.0,1.0,0.0,0.0,1.0,1.0,1.0,1.0,2.0,1.0,0.0,0.0,0.0,2.0,0.0,0.0,1.0,1.0,3.0,50.0,50.0,1.0,0.0,0.0,0.0,0.0,0.0,0.0,0.0,0.0,0.0,0.0,2.0,2.0,0.0,1.0,1.0,0.0,1.0,0.0,0.0,0.0,0.0,0.0,1.0,0.0,0.0,1.0,0.0,0.0,0.0,1.0,10.0,0.0,0.0,0.0,0.0,0.0,11.0,0.0,0.0,0.0,0.0,0.0,0.0,0.0,0.0,0.0,1.0,1.0,0.0,0.0,0.0,0.0,1.0,1.0,1.0,0.0,0.0,0.0,0.0,0.0,0.0,1.0,1.0,0.0,0.0,0.0,0.0,0.0,1.0,1.0,0.0,1283512850.0,664.0,664.0,1199.0,1199.0,1229.0,0.0,44.0,18460.0,20934.0,20914.0,22.0,0.0,0.0,0.0,56.0,0.0,0.0,19.0,21.0,20.0,4.0,17.0,16063584.0,0.0,1551779008.0,14466540864.0,75624544.0,0.0,0.0,588.0,0.0,0.0,702.0,40.0,914.0
914,0.0,1.0,0.0,0.0,1.0,1728000.0,1.0,943500000.0,1.0,665600000.0,0.155399084091,9072.0,1295.0,2744.0,41250.0,42000.0,42750.0,78.0,25.0,64.0,896.0,5000.0,0.0,25.0,1000000.0,950000.0,1.0,1.0,0.0,10.0,0.0,0.0,100.0,100.0,22090268.0,596861448.0,569048234.0,0.0,0.0,0.0,0.0,0.0,1.0,1.0,1.0,1.0,1.0,0.0,0.0,1.0,0.0,0.0,0.0,0.0,0.0,32.0,1.0,14979117.0,262570455.0,14575111.0,23120231.0,605378612.0,676.0,2861018086.0,0.0,1.0,1.0,0.0,1.0,0.0,0.0,1.0,1.0,1.0,1.0,2.0,1.0,0.0,0.0,0.0,2.0,0.0,0.0,1.0,1.0,3.0,50.0,50.0,1.0,0.0,0.0,0.0,0.0,0.0,0.0,0.0,0.0,0.0,0.0,2.0,2.0,0.0,1.0,1.0,0.0,1.0,0.0,0.0,0.0,0.0,0.0,1.0,0.0,0.0,1.0,0.0,0.0,0.0,1.0,10.0,0.0,0.0,0.0,0.0,0.0,11.0,0.0,0.0,0.0,0.0,0.0,0.0,0.0,0.0,0.0,1.0,1.0,0.0,0.0,0.0,0.0,1.0,1.0,1.0,0.0,0.0,0.0,0.0,0.0,0.0,1.0,1.0,0.0,0.0,0.0,0.0,0.0,1.0,1.0,0.0,1356509645.0,554.0,554.0,1255.0,1255.0,1289.0,0.0,73.0,21927.0,21852.0,21818.0,41.0,0.0,0.0,0.0,76.0,0.0,0.0,31.0,35.0,34.0,8.0,29.0,215531808.0,2179264.0,1669494432.0,24774822656.0,207486400.0,0.0,0.0,676.0,0.0,0.0,846.0,68.0,1047.0
915,0.0,1.0,0.0,0.0,1.0,1728000.0,1.0,943500000.0,1.0,665600000.0,0.155449151993,4270.0,609.0,1371.0,40500.0,42500.0,42500.0,78.0,25.0,64.0,896.0,5000.0,0.0,25.0,1000000.0,950000.0,1.0,1.0,0.0,10.0,0.0,0.0,100.0,100.0,19343879.0,566154460.0,543488508.0,0.0,0.0,0.0,0.0,0.0,1.0,1.0,1.0,1.0,1.0,0.0,0.0,1.0,0.0,0.0,0.0,0.0,0.0,35.0,1.0,14263964.0,257525865.0,14286146.0,18779977.0,599410144.0,607.0,2677201436.0,0.0,1.0,1.0,0.0,1.0,0.0,0.0,1.0,1.0,1.0,1.0,2.0,1.0,0.0,0.0,0.0,2.0,0.0,0.0,1.0,1.0,3.0,50.0,50.0,1.0,0.0,0.0,0.0,0.0,0.0,0.0,0.0,0.0,0.0,0.0,2.0,2.0,0.0,1.0,1.0,0.0,1.0,0.0,0.0,0.0,0.0,0.0,1.0,0.0,0.0,1.0,0.0,0.0,0.0,1.0,10.0,0.0,0.0,0.0,0.0,0.0,11.0,0.0,0.0,0.0,0.0,0.0,0.0,0.0,0.0,0.0,1.0,1.0,0.0,0.0,0.0,0.0,1.0,1.0,1.0,0.0,0.0,0.0,0.0,0.0,0.0,1.0,1.0,0.0,0.0,0.0,0.0,0.0,1.0,1.0,0.0,1336342030.0,525.0,525.0,1170.0,1170.0,1203.0,0.0,49.0,18552.0,21000.0,20980.0,62.0,0.0,0.0,0.0,50.0,0.0,0.0,19.0,21.0,20.0,9.0,17.0,126507040.0,0.0,1555035424.0,22786272480.0,122878304.0,0.0,0.0,607.0,0.0,0.0,745.0,40.0,853.0
916,0.0,1.0,0.0,0.0,1.0,1728000.0,1.0,943500000.0,1.0,665600000.0,0.15390110015900002,10556.0,1370.0,4190.0,41250.0,42000.0,43000.0,78.0,25.0,64.0,896.0,5000.0,0.0,25.0,1000000.0,950000.0,1.0,1.0,0.0,10.0,0.0,0.0,100.0,100.0,23333544.0,602869124.0,590717791.0,0.0,0.0,0.0,0.0,0.0,1.0,1.0,1.0,1.0,1.0,0.0,0.0,1.0,0.0,0.0,0.0,0.0,0.0,30.0,1.0,15522572.0,273255786.0,14583247.0,25402326.0,609678960.0,928.0,2848821255.0,0.0,1.0,1.0,0.0,1.0,0.0,0.0,1.0,1.0,1.0,1.0,2.0,1.0,0.0,0.0,0.0,2.0,0.0,0.0,1.0,1.0,3.0,50.0,50.0,1.0,0.0,0.0,0.0,0.0,0.0,0.0,0.0,0.0,0.0,0.0,2.0,2.0,0.0,1.0,1.0,0.0,1.0,0.0,0.0,0.0,0.0,0.0,1.0,0.0,0.0,1.0,0.0,0.0,0.0,1.0,10.0,0.0,0.0,0.0,0.0,0.0,11.0,0.0,0.0,0.0,0.0,0.0,0.0,0.0,0.0,0.0,1.0,1.0,0.0,0.0,0.0,0.0,1.0,1.0,1.0,0.0,0.0,0.0,0.0,0.0,0.0,1.0,1.0,0.0,0.0,0.0,0.0,0.0,1.0,1.0,0.0,1334847637.0,906.0,906.0,1341.0,1341.0,1372.0,0.0,61.0,21350.0,21712.0,21678.0,107.0,0.0,0.0,0.0,68.0,0.0,0.0,31.0,35.0,34.0,12.0,29.0,45307712.0,0.0,1690641216.0,29155527552.0,188323232.0,0.0,0.0,928.0,0.0,0.0,1175.0,68.0,1291.0
917,0.0,1.0,0.0,0.0,1.0,1728000.0,1.0,943500000.0,1.0,665600000.0,0.170777797699,8996.0,1218.0,2744.0,41625.0,42000.0,42500.0,72.0,25.0,64.0,896.0,5000.0,0.0,25.0,1000000.0,950000.0,1.0,0.0,0.0,10.0,0.0,0.0,100.0,500.0,23556708.0,591422331.0,574619826.0,0.0,0.0,0.0,0.0,0.0,1.0,1.0,1.0,1.0,1.0,0.0,0.0,1.0,0.0,0.0,0.0,0.0,0.0,35.0,1.0,14659286.0,258038962.0,14671240.0,23547033.0,592912377.0,696.0,2828226585.0,0.0,1.0,1.0,0.0,1.0,0.0,0.0,1.0,1.0,1.0,1.0,2.0,1.0,0.0,0.0,0.0,2.0,0.0,0.0,1.0,1.0,3.0,50.0,50.0,1.0,0.0,0.0,0.0,0.0,0.0,0.0,0.0,0.0,0.0,0.0,2.0,2.0,0.0,1.0,1.0,0.0,1.0,0.0,0.0,0.0,0.0,0.0,1.0,0.0,0.0,1.0,0.0,0.0,0.0,1.0,11.0,0.0,0.0,0.0,0.0,0.0,12.0,0.0,0.0,0.0,0.0,0.0,0.0,0.0,0.0,0.0,1.0,1.0,0.0,0.0,0.0,0.0,1.0,1.0,1.0,0.0,0.0,0.0,0.0,0.0,0.0,1.0,1.0,0.0,0.0,0.0,0.0,0.0,1.0,1.0,0.0,1368608652.0,622.0,622.0,1286.0,1286.0,1319.0,0.0,65.0,21654.0,21809.0,21775.0,59.0,0.0,0.0,0.0,78.0,0.0,0.0,31.0,35.0,34.0,9.0,29.0,42390592.0,1938272.0,1689865248.0,34168534048.0,222955648.0,0.0,0.0,696.0,0.0,0.0,931.0,68.0,1072.0
918,0.0,1.0,0.0,0.0,1.0,1728000.0,1.0,943500000.0,1.0,665600000.0,0.153746128082,8995.0,1219.0,2743.0,41500.0,42000.0,43000.0,72.0,25.0,64.0,896.0,5000.0,0.0,25.0,1000000.0,950000.0,1.0,0.0,0.0,10.0,0.0,0.0,100.0,500.0,21898871.0,567463322.0,567600287.0,0.0,0.0,0.0,0.0,0.0,1.0,1.0,1.0,1.0,1.0,0.0,0.0,1.0,0.0,0.0,0.0,0.0,0.0,35.0,1.0,14817120.0,256440005.0,14505066.0,20833965.0,583416344.0,600.0,2676104865.0,0.0,1.0,1.0,0.0,1.0,0.0,0.0,1.0,1.0,1.0,1.0,2.0,1.0,0.0,0.0,0.0,2.0,0.0,0.0,1.0,1.0,3.0,50.0,50.0,1.0,0.0,0.0,0.0,0.0,0.0,0.0,0.0,0.0,0.0,0.0,2.0,2.0,0.0,1.0,1.0,0.0,1.0,0.0,0.0,0.0,0.0,0.0,1.0,0.0,0.0,1.0,0.0,0.0,0.0,1.0,10.0,0.0,0.0,0.0,0.0,0.0,11.0,0.0,0.0,0.0,0.0,0.0,0.0,0.0,0.0,0.0,1.0,1.0,0.0,0.0,0.0,0.0,1.0,1.0,1.0,0.0,0.0,0.0,0.0,0.0,0.0,1.0,1.0,0.0,0.0,0.0,0.0,0.0,1.0,1.0,0.0,1342854727.0,499.0,499.0,1224.0,1224.0,1252.0,0.0,64.0,20811.0,21426.0,21399.0,41.0,0.0,0.0,0.0,65.0,0.0,0.0,25.0,28.0,27.0,6.0,23.0,29093120.0,0.0,1618927904.0,15394858432.0,129783136.0,0.0,0.0,600.0,0.0,0.0,715.0,54.0,869.0
919,0.0,1.0,0.0,0.0,1.0,1728000.0,1.0,943500000.0,1.0,665600000.0,0.155614852905,8995.0,1219.0,2744.0,41125.0,41750.0,42750.0,72.0,25.0,64.0,896.0,5000.0,0.0,25.0,1000000.0,950000.0,1.0,0.0,0.0,10.0,0.0,0.0,100.0,500.0,24895808.0,596872232.0,599609641.0,0.0,0.0,0.0,0.0,0.0,1.0,1.0,1.0,1.0,1.0,0.0,0.0,1.0,0.0,0.0,0.0,0.0,0.0,31.0,1.0,15157174.0,278416429.0,14844959.0,23385847.0,602603793.0,821.0,2800691752.0,0.0,1.0,1.0,0.0,1.0,0.0,0.0,1.0,1.0,1.0,1.0,2.0,1.0,0.0,0.0,0.0,2.0,0.0,0.0,1.0,1.0,3.0,50.0,50.0,1.0,0.0,0.0,0.0,0.0,0.0,0.0,0.0,0.0,0.0,0.0,2.0,2.0,0.0,1.0,1.0,0.0,1.0,0.0,0.0,0.0,0.0,0.0,1.0,0.0,0.0,1.0,0.0,0.0,0.0,1.0,10.0,0.0,0.0,0.0,0.0,0.0,11.0,0.0,0.0,0.0,0.0,0.0,0.0,0.0,0.0,0.0,1.0,1.0,0.0,0.0,0.0,0.0,1.0,1.0,1.0,0.0,0.0,0.0,0.0,0.0,0.0,1.0,1.0,0.0,0.0,0.0,0.0,0.0,1.0,1.0,0.0,1364815949.0,605.0,605.0,1225.0,1225.0,1260.0,0.0,61.0,21843.0,21847.0,21813.0,75.0,0.0,0.0,0.0,81.0,0.0,0.0,31.0,35.0,34.0,12.0,29.0,218893792.0,0.0,1701216800.0,23137890144.0,200696320.0,0.0,0.0,821.0,0.0,0.0,1065.0,68.0,1242.0
920,0.0,1.0,0.0,0.0,1.0,1728000.0,1.0,943500000.0,1.0,665600000.0,0.154147863388,9222.0,1370.0,2970.0,40750.0,41750.0,42750.0,91.0,25.0,64.0,896.0,5000.0,0.0,25.0,1000000.0,950000.0,1.0,1.0,0.0,10.0,0.0,0.0,100.0,500.0,22385644.0,607409132.0,590212637.0,0.0,0.0,0.0,0.0,0.0,1.0,1.0,1.0,1.0,1.0,0.0,0.0,1.0,0.0,0.0,0.0,0.0,0.0,36.0,1.0,14842998.0,272721345.0,14773692.0,23955426.0,599072697.0,712.0,2863063223.0,0.0,1.0,1.0,0.0,1.0,0.0,0.0,1.0,1.0,1.0,1.0,2.0,1.0,0.0,0.0,0.0,2.0,0.0,0.0,1.0,1.0,3.0,50.0,50.0,1.0,0.0,0.0,0.0,0.0,0.0,0.0,0.0,0.0,0.0,0.0,2.0,2.0,0.0,1.0,1.0,0.0,1.0,0.0,0.0,0.0,0.0,0.0,1.0,0.0,0.0,1.0,0.0,0.0,0.0,1.0,11.0,0.0,0.0,0.0,0.0,0.0,12.0,0.0,0.0,0.0,0.0,0.0,0.0,0.0,0.0,0.0,1.0,1.0,0.0,0.0,0.0,0.0,1.0,1.0,1.0,0.0,0.0,0.0,0.0,0.0,0.0,1.0,1.0,0.0,0.0,0.0,0.0,0.0,1.0,1.0,0.0,1319133359.0,591.0,591.0,1374.0,1374.0,1407.0,0.0,66.0,21662.0,21828.0,21794.0,51.0,0.0,0.0,0.0,70.0,0.0,0.0,31.0,35.0,34.0,9.0,29.0,229473408.0,2016576.0,1680126432.0,22714868672.0,142417376.0,0.0,0.0,712.0,0.0,0.0,854.0,68.0,1054.0
921,0.0,1.0,0.0,0.0,1.0,1728000.0,1.0,943500000.0,1.0,665600000.0,0.15606808662399999,8958.0,1219.0,2820.0,40750.0,41750.0,42500.0,91.0,25.0,64.0,896.0,5000.0,0.0,25.0,1000000.0,950000.0,1.0,1.0,0.0,10.0,0.0,0.0,100.0,500.0,22841387.0,606318896.0,594041429.0,0.0,0.0,0.0,0.0,0.0,1.0,1.0,1.0,1.0,1.0,0.0,0.0,1.0,0.0,0.0,0.0,0.0,0.0,29.0,1.0,14104545.0,281449581.0,14177604.0,25015236.0,611715150.0,808.0,2795686161.0,0.0,1.0,1.0,0.0,1.0,0.0,0.0,1.0,1.0,1.0,1.0,2.0,1.0,0.0,0.0,0.0,2.0,0.0,0.0,1.0,1.0,3.0,50.0,50.0,1.0,0.0,0.0,0.0,0.0,0.0,0.0,0.0,0.0,0.0,0.0,2.0,2.0,0.0,1.0,1.0,0.0,1.0,0.0,0.0,0.0,0.0,0.0,1.0,0.0,0.0,1.0,0.0,0.0,0.0,1.0,10.0,0.0,0.0,0.0,0.0,0.0,11.0,0.0,0.0,0.0,0.0,0.0,0.0,0.0,0.0,0.0,1.0,1.0,0.0,0.0,0.0,0.0,1.0,1.0,1.0,0.0,0.0,0.0,0.0,0.0,0.0,1.0,1.0,0.0,0.0,0.0,0.0,0.0,1.0,1.0,0.0,1367410356.0,651.0,651.0,1317.0,1317.0,1353.0,0.0,60.0,21748.0,21868.0,21834.0,45.0,0.0,0.0,0.0,76.0,0.0,0.0,31.0,35.0,34.0,7.0,29.0,29745472.0,0.0,1721202528.0,26647833120.0,195614336.0,0.0,0.0,808.0,0.0,0.0,988.0,68.0,1240.0
922,0.0,1.0,0.0,0.0,1.0,1728000.0,1.0,943500000.0,1.0,665600000.0,0.159815073013,8996.0,1295.0,2820.0,41125.0,42000.0,42500.0,91.0,25.0,64.0,896.0,5000.0,0.0,25.0,1000000.0,950000.0,1.0,1.0,0.0,10.0,0.0,0.0,100.0,500.0,23106568.0,594896445.0,579067313.0,0.0,0.0,0.0,0.0,0.0,1.0,1.0,1.0,1.0,1.0,0.0,0.0,1.0,0.0,0.0,0.0,0.0,0.0,35.0,1.0,15411555.0,277890085.0,15088352.0,22850537.0,604017249.0,694.0,2850130591.0,0.0,1.0,1.0,0.0,1.0,0.0,0.0,1.0,1.0,1.0,1.0,2.0,1.0,0.0,0.0,0.0,2.0,0.0,0.0,1.0,1.0,3.0,50.0,50.0,1.0,0.0,0.0,0.0,0.0,0.0,0.0,0.0,0.0,0.0,0.0,2.0,2.0,0.0,1.0,1.0,0.0,1.0,0.0,0.0,0.0,0.0,0.0,1.0,0.0,0.0,1.0,0.0,0.0,0.0,1.0,10.0,0.0,0.0,0.0,0.0,0.0,11.0,0.0,0.0,0.0,0.0,0.0,0.0,0.0,0.0,0.0,1.0,1.0,0.0,0.0,0.0,0.0,1.0,1.0,1.0,0.0,0.0,0.0,0.0,0.0,0.0,1.0,1.0,0.0,0.0,0.0,0.0,0.0,1.0,1.0,0.0,1359072701.0,536.0,536.0,1297.0,1297.0,1334.0,0.0,54.0,21221.0,21836.0,21802.0,32.0,0.0,0.0,0.0,75.0,0.0,0.0,31.0,35.0,34.0,11.0,29.0,28076320.0,0.0,1664322368.0,26143800608.0,171950240.0,0.0,0.0,694.0,0.0,0.0,874.0,68.0,1096.0
923,0.0,1.0,1.0,1.0,1.0,1113600.0,1.0,586500000.0,1.0,1600000000.0,0.151722192764,10213.0,1066.0,2590.0,40625.0,42000.0,42500.0,72.0,25.0,64.0,896.0,5000.0,0.0,25.0,1000000.0,950000.0,1.0,0.0,0.0,10.0,0.0,0.0,0.0,100.0,22577836.0,568041466.0,566196196.0,0.0,0.0,0.0,0.0,0.0,1.0,1.0,1.0,1.0,1.0,0.0,0.0,1.0,0.0,0.0,0.0,0.0,0.0,33.0,1.0,14657576.0,271458615.0,14410748.0,24613975.0,590485043.0,548.0,2337061981.0,0.0,1.0,1.0,0.0,1.0,0.0,0.0,1.0,1.0,1.0,1.0,2.0,1.0,0.0,0.0,0.0,2.0,0.0,0.0,1.0,1.0,3.0,50.0,50.0,1.0,0.0,0.0,0.0,0.0,0.0,0.0,0.0,0.0,0.0,0.0,2.0,2.0,0.0,1.0,1.0,0.0,1.0,0.0,0.0,0.0,0.0,0.0,1.0,0.0,0.0,1.0,0.0,0.0,0.0,1.0,10.0,0.0,0.0,0.0,0.0,0.0,11.0,0.0,0.0,0.0,0.0,0.0,0.0,0.0,0.0,0.0,1.0,1.0,0.0,0.0,0.0,0.0,1.0,1.0,1.0,0.0,0.0,0.0,0.0,0.0,0.0,1.0,1.0,0.0,0.0,0.0,0.0,0.0,1.0,1.0,0.0,1336251312.0,410.0,410.0,1129.0,1129.0,1157.0,0.0,82.0,21828.0,21753.0,21719.0,71.0,0.0,0.0,0.0,73.0,0.0,0.0,31.0,35.0,34.0,11.0,29.0,124810080.0,0.0,1503141856.0,33844357376.0,82927264.0,0.0,0.0,548.0,0.0,0.0,755.0,68.0,875.0
924,0.0,1.0,1.0,1.0,1.0,1113600.0,1.0,586500000.0,1.0,1600000000.0,0.150525808334,10175.0,990.0,2590.0,41500.0,42000.0,43000.0,72.0,25.0,64.0,896.0,5000.0,0.0,25.0,1000000.0,950000.0,1.0,0.0,0.0,10.0,0.0,0.0,0.0,100.0,22880734.0,565549642.0,563410069.0,0.0,0.0,0.0,0.0,0.0,1.0,1.0,1.0,1.0,1.0,0.0,0.0,1.0,0.0,0.0,0.0,0.0,0.0,30.0,1.0,14298730.0,283384257.0,14712722.0,23648219.0,577878272.0,588.0,2333095769.0,0.0,1.0,1.0,0.0,1.0,0.0,0.0,1.0,1.0,1.0,1.0,2.0,1.0,0.0,0.0,0.0,2.0,0.0,0.0,1.0,1.0,3.0,50.0,50.0,1.0,0.0,0.0,0.0,0.0,0.0,0.0,0.0,0.0,0.0,0.0,2.0,2.0,0.0,1.0,1.0,0.0,1.0,0.0,0.0,0.0,0.0,0.0,1.0,0.0,0.0,1.0,0.0,0.0,0.0,1.0,10.0,0.0,0.0,0.0,0.0,0.0,11.0,0.0,0.0,0.0,0.0,0.0,0.0,0.0,0.0,0.0,1.0,1.0,0.0,0.0,0.0,0.0,1.0,1.0,1.0,0.0,0.0,0.0,0.0,0.0,0.0,1.0,1.0,0.0,0.0,0.0,0.0,0.0,1.0,1.0,0.0,1378794907.0,425.0,425.0,1277.0,1277.0,1317.0,0.0,88.0,21848.0,21789.0,21755.0,33.0,0.0,0.0,0.0,72.0,0.0,0.0,31.0,35.0,34.0,8.0,29.0,26875680.0,0.0,1517363264.0,24242450912.0,99585568.0,0.0,0.0,588.0,0.0,0.0,764.0,68.0,896.0
925,0.0,1.0,1.0,1.0,1.0,1113600.0,1.0,586500000.0,1.0,1600000000.0,0.150431156158,10061.0,990.0,2437.0,41000.0,41750.0,42500.0,72.0,25.0,64.0,896.0,5000.0,0.0,25.0,1000000.0,950000.0,1.0,0.0,0.0,10.0,0.0,0.0,0.0,100.0,23541664.0,577086630.0,554015652.0,0.0,0.0,0.0,0.0,0.0,1.0,1.0,1.0,1.0,1.0,0.0,0.0,1.0,0.0,0.0,0.0,0.0,0.0,30.0,1.0,13826712.0,273567516.0,13739988.0,23485461.0,587885852.0,555.0,2256313560.0,0.0,1.0,1.0,0.0,1.0,0.0,0.0,1.0,1.0,1.0,1.0,2.0,1.0,0.0,0.0,0.0,2.0,0.0,0.0,1.0,1.0,3.0,50.0,50.0,1.0,0.0,0.0,0.0,0.0,0.0,0.0,0.0,0.0,0.0,0.0,2.0,2.0,0.0,1.0,1.0,0.0,1.0,0.0,0.0,0.0,0.0,0.0,1.0,0.0,0.0,1.0,0.0,0.0,0.0,1.0,10.0,0.0,0.0,0.0,0.0,0.0,11.0,0.0,0.0,0.0,0.0,0.0,0.0,0.0,0.0,0.0,1.0,1.0,0.0,0.0,0.0,0.0,1.0,1.0,1.0,0.0,0.0,0.0,0.0,0.0,0.0,1.0,1.0,0.0,0.0,0.0,0.0,0.0,1.0,1.0,0.0,1366356798.0,447.0,447.0,1223.0,1223.0,1253.0,0.0,87.0,21493.0,21922.0,21888.0,77.0,0.0,0.0,0.0,78.0,0.0,0.0,31.0,35.0,34.0,8.0,29.0,18298272.0,0.0,1530150400.0,21767101984.0,77966912.0,0.0,0.0,555.0,0.0,0.0,788.0,68.0,1045.0
926,0.0,1.0,1.0,1.0,1.0,1113600.0,1.0,586500000.0,1.0,1600000000.0,0.157270908356,10175.0,1066.0,2514.0,41375.0,42000.0,43000.0,96.0,25.0,64.0,896.0,5000.0,0.0,25.0,1000000.0,950000.0,1.0,1.0,0.0,10.0,0.0,0.0,0.0,100.0,23078614.0,571699898.0,550582679.0,0.0,0.0,0.0,0.0,0.0,1.0,1.0,1.0,1.0,1.0,0.0,0.0,1.0,0.0,0.0,0.0,0.0,0.0,31.0,1.0,13763586.0,267557211.0,13741972.0,24108745.0,575685069.0,497.0,2223442380.0,0.0,1.0,1.0,0.0,1.0,0.0,0.0,1.0,1.0,1.0,1.0,2.0,1.0,0.0,0.0,0.0,2.0,0.0,0.0,1.0,1.0,3.0,50.0,50.0,1.0,0.0,0.0,0.0,0.0,0.0,0.0,0.0,0.0,0.0,0.0,2.0,2.0,0.0,1.0,1.0,0.0,1.0,0.0,0.0,0.0,0.0,0.0,1.0,0.0,0.0,1.0,0.0,0.0,0.0,1.0,10.0,0.0,0.0,0.0,0.0,0.0,11.0,0.0,0.0,0.0,0.0,0.0,0.0,0.0,0.0,0.0,1.0,1.0,0.0,0.0,0.0,0.0,1.0,1.0,1.0,0.0,0.0,0.0,0.0,0.0,0.0,1.0,1.0,0.0,0.0,0.0,0.0,0.0,1.0,1.0,0.0,1317577448.0,426.0,426.0,1230.0,1230.0,1269.0,0.0,70.0,21624.0,21787.0,21753.0,68.0,0.0,0.0,0.0,62.0,0.0,0.0,31.0,35.0,34.0,11.0,29.0,115802528.0,0.0,1503684896.0,26085839296.0,56117504.0,0.0,0.0,497.0,0.0,0.0,730.0,68.0,846.0
927,0.0,1.0,1.0,1.0,1.0,1113600.0,1.0,586500000.0,1.0,1600000000.0,0.157346963882,10289.0,989.0,2590.0,40875.0,42000.0,43000.0,96.0,25.0,64.0,896.0,5000.0,0.0,25.0,1000000.0,950000.0,1.0,1.0,0.0,10.0,0.0,0.0,0.0,100.0,22465180.0,556793147.0,544308436.0,0.0,0.0,0.0,0.0,0.0,1.0,1.0,1.0,1.0,1.0,0.0,0.0,1.0,0.0,0.0,0.0,0.0,0.0,34.0,1.0,14501121.0,258790296.0,14169139.0,24039924.0,567260991.0,473.0,2284451779.0,0.0,1.0,1.0,0.0,1.0,0.0,0.0,1.0,1.0,1.0,1.0,2.0,1.0,0.0,0.0,0.0,2.0,0.0,0.0,1.0,1.0,3.0,50.0,50.0,1.0,0.0,0.0,0.0,0.0,0.0,0.0,0.0,0.0,0.0,0.0,2.0,2.0,0.0,1.0,1.0,0.0,1.0,0.0,0.0,0.0,0.0,0.0,1.0,0.0,0.0,1.0,0.0,0.0,0.0,1.0,10.0,0.0,0.0,0.0,0.0,0.0,11.0,0.0,0.0,0.0,0.0,0.0,0.0,0.0,0.0,0.0,1.0,1.0,0.0,0.0,0.0,0.0,1.0,1.0,1.0,0.0,0.0,0.0,0.0,0.0,0.0,1.0,1.0,0.0,0.0,0.0,0.0,0.0,1.0,1.0,0.0,1330294958.0,414.0,414.0,1218.0,1218.0,1248.0,0.0,94.0,21658.0,21772.0,21738.0,33.0,0.0,0.0,0.0,78.0,0.0,0.0,31.0,35.0,34.0,8.0,29.0,15915392.0,0.0,1434922048.0,19858275488.0,51244320.0,0.0,0.0,473.0,0.0,0.0,638.0,68.0,807.0
928,0.0,1.0,1.0,1.0,1.0,1113600.0,1.0,586500000.0,1.0,1600000000.0,0.150450944901,10175.0,1066.0,2590.0,41375.0,42250.0,43000.0,96.0,25.0,64.0,896.0,5000.0,0.0,25.0,1000000.0,950000.0,1.0,1.0,0.0,10.0,0.0,0.0,0.0,100.0,22569042.0,558772088.0,563558139.0,0.0,0.0,0.0,0.0,0.0,1.0,1.0,1.0,1.0,1.0,0.0,0.0,1.0,0.0,0.0,0.0,0.0,0.0,33.0,1.0,14491472.0,285672968.0,14346827.0,22313973.0,590208543.0,501.0,2252111601.0,0.0,1.0,1.0,0.0,1.0,0.0,0.0,1.0,1.0,1.0,1.0,2.0,1.0,0.0,0.0,0.0,2.0,0.0,0.0,1.0,1.0,3.0,50.0,50.0,1.0,0.0,0.0,0.0,0.0,0.0,0.0,0.0,0.0,0.0,0.0,2.0,2.0,0.0,1.0,1.0,0.0,1.0,0.0,0.0,0.0,0.0,0.0,1.0,0.0,0.0,1.0,0.0,0.0,0.0,1.0,10.0,0.0,0.0,0.0,0.0,0.0,11.0,0.0,0.0,0.0,0.0,0.0,0.0,0.0,0.0,0.0,1.0,1.0,0.0,0.0,0.0,0.0,1.0,1.0,1.0,0.0,0.0,0.0,0.0,0.0,0.0,1.0,1.0,0.0,0.0,0.0,0.0,0.0,1.0,1.0,0.0,1373301579.0,442.0,442.0,1166.0,1166.0,1200.0,0.0,85.0,21169.0,21765.0,21731.0,34.0,0.0,0.0,0.0,76.0,0.0,0.0,31.0,35.0,34.0,7.0,29.0,19840096.0,0.0,1477167104.0,25457046496.0,68167200.0,0.0,0.0,501.0,0.0,0.0,674.0,68.0,798.0
929,0.0,1.0,1.0,1.0,1.0,1113600.0,1.0,586500000.0,1.0,1600000000.0,0.158488988876,10137.0,989.0,2513.0,41250.0,42000.0,43000.0,89.0,25.0,64.0,896.0,5000.0,0.0,25.0,1000000.0,950000.0,1.0,0.0,0.0,10.0,0.0,0.0,0.0,500.0,23304468.0,566902332.0,547717825.0,0.0,0.0,0.0,0.0,0.0,1.0,1.0,1.0,1.0,1.0,0.0,0.0,1.0,0.0,0.0,0.0,0.0,0.0,33.0,1.0,13779977.0,260473076.0,13970117.0,23164894.0,578807789.0,543.0,2242671806.0,0.0,1.0,1.0,0.0,1.0,0.0,0.0,1.0,1.0,1.0,1.0,2.0,1.0,0.0,0.0,0.0,2.0,0.0,0.0,1.0,1.0,3.0,50.0,50.0,1.0,0.0,0.0,0.0,0.0,0.0,0.0,0.0,0.0,0.0,0.0,2.0,2.0,0.0,1.0,1.0,0.0,1.0,0.0,0.0,0.0,0.0,0.0,1.0,0.0,0.0,1.0,0.0,0.0,0.0,1.0,10.0,0.0,0.0,0.0,0.0,0.0,11.0,0.0,0.0,0.0,0.0,0.0,0.0,0.0,0.0,0.0,1.0,1.0,0.0,0.0,0.0,0.0,1.0,1.0,1.0,0.0,0.0,0.0,0.0,0.0,0.0,1.0,1.0,0.0,0.0,0.0,0.0,0.0,1.0,1.0,0.0,1371009515.0,453.0,453.0,1235.0,1235.0,1270.0,0.0,84.0,21547.0,21806.0,21772.0,62.0,0.0,0.0,0.0,74.0,0.0,0.0,31.0,35.0,34.0,8.0,29.0,23182720.0,2090688.0,1505709920.0,22071745248.0,46913696.0,0.0,0.0,543.0,0.0,0.0,744.0,68.0,959.0
930,0.0,1.0,1.0,1.0,1.0,1113600.0,1.0,586500000.0,1.0,1600000000.0,0.150517940521,10175.0,990.0,2513.0,41250.0,41750.0,43000.0,89.0,25.0,64.0,896.0,5000.0,0.0,25.0,1000000.0,950000.0,1.0,0.0,0.0,10.0,0.0,0.0,0.0,500.0,24050758.0,584731586.0,562492038.0,0.0,0.0,0.0,0.0,0.0,1.0,1.0,1.0,1.0,1.0,0.0,0.0,1.0,0.0,0.0,0.0,0.0,0.0,32.0,1.0,14244274.0,275181590.0,13937142.0,24005144.0,584309246.0,578.0,2249406514.0,0.0,1.0,1.0,0.0,1.0,0.0,0.0,1.0,1.0,1.0,1.0,2.0,1.0,0.0,0.0,0.0,2.0,0.0,0.0,1.0,1.0,3.0,50.0,50.0,1.0,0.0,0.0,0.0,0.0,0.0,0.0,0.0,0.0,0.0,0.0,2.0,2.0,0.0,1.0,1.0,0.0,1.0,0.0,0.0,0.0,0.0,0.0,1.0,0.0,0.0,1.0,0.0,0.0,0.0,1.0,10.0,0.0,0.0,0.0,0.0,0.0,11.0,0.0,0.0,0.0,0.0,0.0,0.0,0.0,0.0,0.0,1.0,1.0,0.0,0.0,0.0,0.0,1.0,1.0,1.0,0.0,0.0,0.0,0.0,0.0,0.0,1.0,1.0,0.0,0.0,0.0,0.0,0.0,1.0,1.0,0.0,1349574737.0,448.0,448.0,1265.0,1265.0,1302.0,0.0,80.0,21721.0,21836.0,21802.0,84.0,0.0,0.0,0.0,79.0,0.0,0.0,31.0,35.0,34.0,11.0,29.0,25054528.0,0.0,1533566784.0,29191542112.0,53573024.0,0.0,0.0,578.0,0.0,0.0,810.0,68.0,1010.0
931,0.0,1.0,1.0,1.0,1.0,1113600.0,1.0,586500000.0,1.0,1600000000.0,0.150460958481,10099.0,990.0,2437.0,41375.0,42250.0,43000.0,89.0,25.0,64.0,896.0,5000.0,0.0,25.0,1000000.0,950000.0,1.0,0.0,0.0,10.0,0.0,0.0,0.0,500.0,23997933.0,570563133.0,559601502.0,0.0,0.0,0.0,0.0,0.0,1.0,1.0,1.0,1.0,1.0,0.0,0.0,1.0,0.0,0.0,0.0,0.0,0.0,32.0,1.0,13776407.0,265521164.0,13978970.0,23500161.0,573260634.0,482.0,2229389041.0,0.0,1.0,1.0,0.0,1.0,0.0,0.0,1.0,1.0,1.0,1.0,2.0,1.0,0.0,0.0,0.0,2.0,0.0,0.0,1.0,1.0,3.0,50.0,50.0,1.0,0.0,0.0,0.0,0.0,0.0,0.0,0.0,0.0,0.0,0.0,2.0,2.0,0.0,1.0,1.0,0.0,1.0,0.0,0.0,0.0,0.0,0.0,1.0,0.0,0.0,1.0,0.0,0.0,0.0,1.0,10.0,0.0,0.0,0.0,0.0,0.0,11.0,0.0,0.0,0.0,0.0,0.0,0.0,0.0,0.0,0.0,1.0,1.0,0.0,0.0,0.0,0.0,1.0,1.0,1.0,0.0,0.0,0.0,0.0,0.0,0.0,1.0,1.0,0.0,0.0,0.0,0.0,0.0,1.0,1.0,0.0,1373731340.0,462.0,462.0,1250.0,1250.0,1279.0,0.0,77.0,21128.0,21829.0,21795.0,29.0,0.0,0.0,0.0,73.0,0.0,0.0,31.0,35.0,34.0,6.0,29.0,111876608.0,0.0,1516688768.0,21849744576.0,90988128.0,0.0,0.0,482.0,0.0,0.0,662.0,68.0,817.0
932,0.0,1.0,1.0,1.0,1.0,1113600.0,1.0,586500000.0,1.0,1600000000.0,0.158270835876,10137.0,1066.0,2437.0,41375.0,42250.0,43000.0,79.0,25.0,64.0,896.0,5000.0,0.0,25.0,1000000.0,950000.0,1.0,1.0,0.0,10.0,0.0,0.0,0.0,500.0,23957404.0,571729486.0,565128489.0,0.0,0.0,0.0,0.0,0.0,1.0,1.0,1.0,1.0,1.0,0.0,0.0,1.0,0.0,0.0,0.0,0.0,0.0,32.0,1.0,14038661.0,275063323.0,14009595.0,23660402.0,594616352.0,469.0,2225873775.0,0.0,1.0,1.0,0.0,1.0,0.0,0.0,1.0,1.0,1.0,1.0,2.0,1.0,0.0,0.0,0.0,2.0,0.0,0.0,1.0,1.0,3.0,50.0,50.0,1.0,0.0,0.0,0.0,0.0,0.0,0.0,0.0,0.0,0.0,0.0,2.0,2.0,0.0,1.0,1.0,0.0,1.0,0.0,0.0,0.0,0.0,0.0,1.0,0.0,0.0,1.0,0.0,0.0,0.0,1.0,11.0,0.0,0.0,0.0,0.0,0.0,12.0,0.0,0.0,0.0,0.0,0.0,0.0,0.0,0.0,0.0,1.0,1.0,0.0,0.0,0.0,0.0,1.0,1.0,1.0,0.0,0.0,0.0,0.0,0.0,0.0,1.0,1.0,0.0,0.0,0.0,0.0,0.0,1.0,1.0,0.0,1361458871.0,430.0,430.0,1307.0,1307.0,1342.0,0.0,78.0,21394.0,21776.0,21742.0,137.0,0.0,0.0,0.0,75.0,0.0,0.0,31.0,35.0,34.0,11.0,29.0,125581056.0,2769056.0,1527395392.0,30766311968.0,42820224.0,0.0,0.0,469.0,0.0,0.0,760.0,68.0,901.0
933,0.0,1.0,1.0,1.0,1.0,1113600.0,1.0,586500000.0,1.0,1600000000.0,0.150127887726,10175.0,1066.0,2590.0,41875.0,42250.0,43000.0,79.0,25.0,64.0,896.0,5000.0,0.0,25.0,1000000.0,950000.0,1.0,1.0,0.0,10.0,0.0,0.0,0.0,500.0,24640940.0,582242389.0,573250960.0,0.0,0.0,0.0,0.0,0.0,1.0,1.0,1.0,1.0,1.0,0.0,0.0,1.0,0.0,0.0,0.0,0.0,0.0,32.0,1.0,14895126.0,294136199.0,14160849.0,23791217.0,572510741.0,586.0,2246916381.0,0.0,1.0,1.0,0.0,1.0,0.0,0.0,1.0,1.0,1.0,1.0,2.0,1.0,0.0,0.0,0.0,2.0,0.0,0.0,1.0,1.0,3.0,50.0,50.0,1.0,0.0,0.0,0.0,0.0,0.0,0.0,0.0,0.0,0.0,0.0,2.0,2.0,0.0,1.0,1.0,0.0,1.0,0.0,0.0,0.0,0.0,0.0,1.0,0.0,0.0,1.0,0.0,0.0,0.0,1.0,10.0,0.0,0.0,0.0,0.0,0.0,11.0,0.0,0.0,0.0,0.0,0.0,0.0,0.0,0.0,0.0,1.0,1.0,0.0,0.0,0.0,0.0,1.0,1.0,1.0,0.0,0.0,0.0,0.0,0.0,0.0,1.0,1.0,0.0,0.0,0.0,0.0,0.0,1.0,1.0,0.0,1338546073.0,463.0,463.0,1221.0,1221.0,1261.0,0.0,85.0,21461.0,21816.0,21782.0,35.0,0.0,0.0,0.0,82.0,0.0,0.0,31.0,35.0,34.0,10.0,29.0,119075616.0,0.0,1503892224.0,29506647456.0,71603104.0,0.0,0.0,586.0,0.0,0.0,777.0,68.0,912.0
934,0.0,1.0,1.0,1.0,1.0,1113600.0,1.0,586500000.0,1.0,1600000000.0,0.15134215354900002,10213.0,1066.0,2437.0,41000.0,42000.0,43000.0,79.0,25.0,64.0,896.0,5000.0,0.0,25.0,1000000.0,950000.0,1.0,1.0,0.0,10.0,0.0,0.0,0.0,500.0,21645942.0,565207425.0,559698592.0,0.0,0.0,0.0,0.0,0.0,1.0,1.0,1.0,1.0,1.0,0.0,0.0,1.0,0.0,0.0,0.0,0.0,0.0,35.0,1.0,14144239.0,278174601.0,14159736.0,23417182.0,580757333.0,518.0,2344989409.0,0.0,1.0,1.0,0.0,1.0,0.0,0.0,1.0,1.0,1.0,1.0,2.0,1.0,0.0,0.0,0.0,2.0,0.0,0.0,1.0,1.0,3.0,50.0,50.0,1.0,0.0,0.0,0.0,0.0,0.0,0.0,0.0,0.0,0.0,0.0,2.0,2.0,0.0,1.0,1.0,0.0,1.0,0.0,0.0,0.0,0.0,0.0,1.0,0.0,0.0,1.0,0.0,0.0,0.0,1.0,10.0,0.0,0.0,0.0,0.0,0.0,11.0,0.0,0.0,0.0,0.0,0.0,0.0,0.0,0.0,0.0,1.0,1.0,0.0,0.0,0.0,0.0,1.0,1.0,1.0,0.0,0.0,0.0,0.0,0.0,0.0,1.0,1.0,0.0,0.0,0.0,0.0,0.0,1.0,1.0,0.0,1350129565.0,435.0,435.0,1196.0,1196.0,1229.0,0.0,76.0,21498.0,21760.0,21726.0,18.0,0.0,0.0,0.0,72.0,0.0,0.0,31.0,35.0,34.0,7.0,29.0,11656064.0,0.0,1496706432.0,22129000832.0,80207840.0,0.0,0.0,518.0,0.0,0.0,683.0,68.0,789.0
935,0.0,1.0,1.0,1.0,1.0,1113600.0,1.0,586500000.0,1.0,1600000000.0,0.157366991043,10137.0,1066.0,2513.0,41000.0,42250.0,43000.0,69.0,25.0,64.0,896.0,5000.0,0.0,25.0,1000000.0,950000.0,1.0,0.0,0.0,10.0,0.0,0.0,100.0,100.0,22989942.0,577881477.0,569460912.0,0.0,0.0,0.0,0.0,0.0,1.0,1.0,1.0,1.0,1.0,0.0,0.0,1.0,0.0,0.0,0.0,0.0,0.0,30.0,1.0,14424524.0,282123659.0,14362895.0,23332061.0,579397291.0,574.0,2273464739.0,0.0,1.0,1.0,0.0,1.0,0.0,0.0,1.0,1.0,1.0,1.0,2.0,1.0,0.0,0.0,0.0,2.0,0.0,0.0,1.0,1.0,3.0,50.0,50.0,1.0,0.0,0.0,0.0,0.0,0.0,0.0,0.0,0.0,0.0,0.0,2.0,2.0,0.0,1.0,1.0,0.0,1.0,0.0,0.0,0.0,0.0,0.0,1.0,0.0,0.0,1.0,0.0,0.0,0.0,1.0,10.0,0.0,0.0,0.0,0.0,0.0,11.0,0.0,0.0,0.0,0.0,0.0,0.0,0.0,0.0,0.0,1.0,1.0,0.0,0.0,0.0,0.0,1.0,1.0,1.0,0.0,0.0,0.0,0.0,0.0,0.0,1.0,1.0,0.0,0.0,0.0,0.0,0.0,1.0,1.0,0.0,1361298825.0,440.0,440.0,1289.0,1289.0,1319.0,0.0,76.0,21920.0,21797.0,21763.0,65.0,0.0,0.0,0.0,66.0,0.0,0.0,31.0,35.0,34.0,9.0,29.0,22650720.0,0.0,1539233824.0,35812617888.0,88385120.0,0.0,0.0,574.0,0.0,0.0,764.0,68.0,849.0
936,0.0,1.0,1.0,1.0,1.0,1113600.0,1.0,586500000.0,1.0,1600000000.0,0.150640010834,10175.0,1066.0,2513.0,41000.0,42250.0,43000.0,69.0,25.0,64.0,896.0,5000.0,0.0,25.0,1000000.0,950000.0,1.0,0.0,0.0,10.0,0.0,0.0,100.0,100.0,23226559.0,567498438.0,569737811.0,0.0,0.0,0.0,0.0,0.0,1.0,1.0,1.0,1.0,1.0,0.0,0.0,1.0,0.0,0.0,0.0,0.0,0.0,34.0,1.0,13860043.0,262887742.0,13844023.0,24161400.0,578831634.0,556.0,2261610026.0,0.0,1.0,1.0,0.0,1.0,0.0,0.0,1.0,1.0,1.0,1.0,2.0,1.0,0.0,0.0,0.0,2.0,0.0,0.0,1.0,1.0,3.0,50.0,50.0,1.0,0.0,0.0,0.0,0.0,0.0,0.0,0.0,0.0,0.0,0.0,2.0,2.0,0.0,1.0,1.0,0.0,1.0,0.0,0.0,0.0,0.0,0.0,1.0,0.0,0.0,1.0,0.0,0.0,0.0,1.0,11.0,0.0,0.0,0.0,0.0,0.0,12.0,0.0,0.0,0.0,0.0,0.0,0.0,0.0,0.0,0.0,1.0,1.0,0.0,0.0,0.0,0.0,1.0,1.0,1.0,0.0,0.0,0.0,0.0,0.0,0.0,1.0,1.0,0.0,0.0,0.0,0.0,0.0,1.0,1.0,0.0,1337169257.0,436.0,436.0,1284.0,1284.0,1321.0,0.0,84.0,21518.0,21848.0,21814.0,94.0,0.0,0.0,0.0,80.0,0.0,0.0,31.0,35.0,34.0,6.0,29.0,117035872.0,0.0,1507881568.0,23119788064.0,72687808.0,0.0,0.0,556.0,0.0,0.0,776.0,68.0,923.0
937,0.0,1.0,1.0,1.0,1.0,1113600.0,1.0,586500000.0,1.0,1600000000.0,0.15176987648,10213.0,1066.0,2590.0,41375.0,42250.0,43000.0,69.0,25.0,64.0,896.0,5000.0,0.0,25.0,1000000.0,950000.0,1.0,0.0,0.0,10.0,0.0,0.0,100.0,100.0,21488941.0,574800759.0,553130560.0,0.0,0.0,0.0,0.0,0.0,3.0,3.0,1.0,3.0,3.0,0.0,0.0,3.0,0.0,0.0,0.0,0.0,0.0,34.0,3.0,13945858.0,260809664.0,13772091.0,23914049.0,576289705.0,444.0,2280700765.0,0.0,1.0,1.0,0.0,1.0,0.0,0.0,1.0,1.0,1.0,1.0,2.0,1.0,0.0,0.0,0.0,2.0,0.0,0.0,1.0,1.0,5.0,52.0,52.0,1.0,0.0,0.0,0.0,0.0,0.0,0.0,0.0,0.0,0.0,0.0,4.0,4.0,0.0,1.0,1.0,0.0,1.0,2.0,0.0,0.0,0.0,0.0,1.0,0.0,0.0,1.0,0.0,0.0,0.0,1.0,10.0,0.0,0.0,0.0,0.0,0.0,11.0,0.0,0.0,0.0,0.0,0.0,0.0,0.0,0.0,0.0,1.0,1.0,0.0,0.0,0.0,0.0,1.0,1.0,1.0,0.0,0.0,0.0,0.0,0.0,0.0,1.0,1.0,0.0,0.0,0.0,0.0,0.0,1.0,1.0,0.0,1325545609.0,397.0,397.0,1177.0,1177.0,1209.0,2.0,82.0,21296.0,21691.0,21657.0,17.0,0.0,0.0,0.0,61.0,0.0,0.0,31.0,35.0,34.0,10.0,29.0,15775776.0,2010400.0,1410874752.0,12678775712.0,62238400.0,0.0,0.0,444.0,0.0,0.0,572.0,68.0,719.0
938,0.0,1.0,1.0,1.0,1.0,1113600.0,1.0,586500000.0,1.0,1600000000.0,0.1576359272,10213.0,990.0,2437.0,41000.0,42250.0,43000.0,94.0,25.0,64.0,896.0,5000.0,0.0,25.0,1000000.0,950000.0,1.0,1.0,0.0,10.0,0.0,0.0,100.0,100.0,22014871.0,575057295.0,546599674.0,0.0,0.0,0.0,0.0,0.0,1.0,1.0,1.0,1.0,1.0,0.0,0.0,1.0,0.0,0.0,0.0,0.0,0.0,36.0,1.0,13959046.0,267413972.0,13756140.0,21713179.0,586051615.0,490.0,2272995201.0,0.0,1.0,1.0,0.0,1.0,0.0,0.0,1.0,1.0,1.0,1.0,2.0,1.0,0.0,0.0,0.0,2.0,0.0,0.0,1.0,1.0,3.0,50.0,50.0,1.0,0.0,0.0,0.0,0.0,0.0,0.0,0.0,0.0,0.0,0.0,2.0,2.0,0.0,1.0,1.0,0.0,1.0,0.0,0.0,0.0,0.0,0.0,1.0,0.0,0.0,1.0,0.0,0.0,0.0,1.0,11.0,0.0,0.0,0.0,0.0,0.0,12.0,0.0,0.0,0.0,0.0,0.0,0.0,0.0,0.0,0.0,1.0,1.0,0.0,0.0,0.0,0.0,1.0,1.0,1.0,0.0,0.0,0.0,0.0,0.0,0.0,1.0,1.0,0.0,0.0,0.0,0.0,0.0,1.0,1.0,0.0,1331579641.0,437.0,437.0,1162.0,1162.0,1196.0,0.0,81.0,21101.0,21763.0,21729.0,50.0,0.0,0.0,0.0,75.0,0.0,0.0,31.0,35.0,34.0,6.0,29.0,25299520.0,1906240.0,1483603392.0,27936642688.0,73590880.0,0.0,0.0,490.0,0.0,0.0,648.0,68.0,825.0
939,0.0,1.0,1.0,1.0,1.0,1113600.0,1.0,586500000.0,1.0,1600000000.0,0.150713920593,10137.0,913.0,2590.0,41500.0,42250.0,43000.0,94.0,25.0,64.0,896.0,5000.0,0.0,25.0,1000000.0,950000.0,1.0,1.0,0.0,10.0,0.0,0.0,100.0,100.0,23257177.0,569925505.0,557427060.0,0.0,0.0,0.0,0.0,0.0,1.0,1.0,1.0,1.0,1.0,0.0,0.0,1.0,0.0,0.0,0.0,0.0,0.0,33.0,1.0,14242638.0,266681159.0,13679039.0,23786439.0,581522978.0,558.0,2231828264.0,0.0,1.0,1.0,0.0,1.0,0.0,0.0,1.0,1.0,1.0,1.0,2.0,1.0,0.0,0.0,0.0,2.0,0.0,0.0,1.0,1.0,3.0,50.0,50.0,1.0,0.0,0.0,0.0,0.0,0.0,0.0,0.0,0.0,0.0,0.0,2.0,2.0,0.0,1.0,1.0,0.0,1.0,0.0,0.0,0.0,0.0,0.0,1.0,0.0,0.0,1.0,0.0,0.0,0.0,1.0,10.0,0.0,0.0,0.0,0.0,0.0,11.0,0.0,0.0,0.0,0.0,0.0,0.0,0.0,0.0,0.0,1.0,1.0,0.0,0.0,0.0,0.0,1.0,1.0,1.0,0.0,0.0,0.0,0.0,0.0,0.0,1.0,1.0,0.0,0.0,0.0,0.0,0.0,1.0,1.0,0.0,1336295487.0,431.0,431.0,1156.0,1156.0,1184.0,0.0,72.0,21708.0,21809.0,21775.0,64.0,0.0,0.0,0.0,63.0,0.0,0.0,31.0,35.0,34.0,6.0,29.0,21121856.0,0.0,1497566592.0,19557946880.0,66833632.0,0.0,0.0,558.0,0.0,0.0,776.0,68.0,880.0
940,0.0,1.0,1.0,1.0,1.0,1113600.0,1.0,586500000.0,1.0,1600000000.0,0.150926113129,10175.0,1066.0,2590.0,41625.0,42250.0,43000.0,94.0,25.0,64.0,896.0,5000.0,0.0,25.0,1000000.0,950000.0,1.0,1.0,0.0,10.0,0.0,0.0,100.0,100.0,21695301.0,580610226.0,556201867.0,0.0,0.0,0.0,0.0,0.0,1.0,1.0,1.0,1.0,1.0,0.0,0.0,1.0,0.0,0.0,0.0,0.0,0.0,33.0,1.0,14029606.0,277843442.0,14230662.0,23442661.0,586388251.0,514.0,2276033485.0,0.0,1.0,1.0,0.0,1.0,0.0,0.0,1.0,1.0,1.0,1.0,2.0,1.0,0.0,0.0,0.0,2.0,0.0,0.0,1.0,1.0,3.0,50.0,50.0,1.0,0.0,0.0,0.0,0.0,0.0,0.0,0.0,0.0,0.0,0.0,2.0,2.0,0.0,1.0,1.0,0.0,1.0,0.0,0.0,0.0,0.0,0.0,1.0,0.0,0.0,1.0,0.0,0.0,0.0,1.0,10.0,0.0,0.0,0.0,0.0,0.0,11.0,0.0,0.0,0.0,0.0,0.0,0.0,0.0,0.0,0.0,1.0,1.0,0.0,0.0,0.0,0.0,1.0,1.0,1.0,0.0,0.0,0.0,0.0,0.0,0.0,1.0,1.0,0.0,0.0,0.0,0.0,0.0,1.0,1.0,0.0,1391638606.0,473.0,473.0,1242.0,1242.0,1277.0,0.0,85.0,21577.0,21788.0,21754.0,19.0,0.0,0.0,0.0,74.0,0.0,0.0,31.0,35.0,34.0,11.0,29.0,18820704.0,0.0,1506014208.0,22044697408.0,66132704.0,0.0,0.0,514.0,0.0,0.0,706.0,68.0,870.0
941,0.0,1.0,1.0,1.0,1.0,1113600.0,1.0,586500000.0,1.0,1600000000.0,0.157886981964,11089.0,1066.0,2666.0,41375.0,42250.0,43000.0,82.0,25.0,64.0,896.0,5000.0,0.0,25.0,1000000.0,950000.0,1.0,0.0,0.0,10.0,0.0,0.0,100.0,500.0,22547812.0,567613673.0,552691426.0,0.0,0.0,0.0,0.0,0.0,1.0,1.0,1.0,1.0,1.0,0.0,0.0,1.0,0.0,0.0,0.0,0.0,0.0,36.0,1.0,14029846.0,270366719.0,13797276.0,23701341.0,578514376.0,525.0,2287076871.0,0.0,1.0,1.0,0.0,1.0,0.0,0.0,1.0,1.0,1.0,1.0,2.0,1.0,0.0,0.0,0.0,2.0,0.0,0.0,1.0,1.0,3.0,50.0,50.0,1.0,0.0,0.0,0.0,0.0,0.0,0.0,0.0,0.0,0.0,0.0,2.0,2.0,0.0,1.0,1.0,0.0,1.0,0.0,0.0,0.0,0.0,0.0,1.0,0.0,0.0,1.0,0.0,0.0,0.0,1.0,11.0,0.0,0.0,0.0,0.0,0.0,12.0,0.0,0.0,0.0,0.0,0.0,0.0,0.0,0.0,0.0,1.0,1.0,0.0,0.0,0.0,0.0,1.0,1.0,1.0,0.0,0.0,0.0,0.0,0.0,0.0,1.0,1.0,0.0,0.0,0.0,0.0,0.0,1.0,1.0,0.0,1346826404.0,420.0,420.0,1168.0,1168.0,1204.0,0.0,79.0,21686.0,21851.0,21817.0,31.0,0.0,0.0,0.0,68.0,0.0,0.0,31.0,35.0,34.0,7.0,29.0,19149856.0,2551040.0,1492590400.0,16148040032.0,65073280.0,0.0,0.0,525.0,0.0,0.0,675.0,68.0,849.0
942,0.0,1.0,1.0,1.0,1.0,1113600.0,1.0,586500000.0,1.0,1600000000.0,0.153278112411,11127.0,1066.0,2590.0,41625.0,42500.0,43000.0,82.0,25.0,64.0,896.0,5000.0,0.0,25.0,1000000.0,950000.0,1.0,0.0,0.0,10.0,0.0,0.0,100.0,500.0,23173691.0,561457930.0,570977073.0,0.0,0.0,0.0,0.0,0.0,1.0,1.0,1.0,1.0,1.0,0.0,0.0,1.0,0.0,0.0,0.0,0.0,0.0,34.0,1.0,14193663.0,275143545.0,13927020.0,23847212.0,563325350.0,558.0,2286321065.0,0.0,1.0,1.0,0.0,1.0,0.0,0.0,1.0,1.0,1.0,1.0,2.0,1.0,0.0,0.0,0.0,2.0,0.0,0.0,1.0,1.0,3.0,50.0,50.0,1.0,0.0,0.0,0.0,0.0,0.0,0.0,0.0,0.0,0.0,0.0,2.0,2.0,0.0,1.0,1.0,0.0,1.0,0.0,0.0,0.0,0.0,0.0,1.0,0.0,0.0,1.0,0.0,0.0,0.0,1.0,10.0,0.0,0.0,0.0,0.0,0.0,11.0,0.0,0.0,0.0,0.0,0.0,0.0,0.0,0.0,0.0,1.0,1.0,0.0,0.0,0.0,0.0,1.0,1.0,1.0,0.0,0.0,0.0,0.0,0.0,0.0,1.0,1.0,0.0,0.0,0.0,0.0,0.0,1.0,1.0,0.0,1313257299.0,486.0,486.0,1263.0,1263.0,1296.0,0.0,81.0,21558.0,21882.0,21848.0,26.0,0.0,0.0,0.0,73.0,0.0,0.0,31.0,35.0,34.0,10.0,29.0,11511648.0,0.0,1472025920.0,10703060736.0,73430912.0,0.0,0.0,558.0,0.0,0.0,728.0,68.0,903.0
943,0.0,1.0,1.0,1.0,1.0,1113600.0,1.0,586500000.0,1.0,1600000000.0,0.150516986847,10975.0,990.0,2513.0,41125.0,42250.0,43000.0,82.0,25.0,64.0,896.0,5000.0,0.0,25.0,1000000.0,950000.0,1.0,0.0,0.0,10.0,0.0,0.0,100.0,500.0,24535152.0,564482258.0,564528168.0,0.0,0.0,0.0,0.0,0.0,1.0,1.0,1.0,1.0,1.0,0.0,0.0,1.0,0.0,0.0,0.0,0.0,0.0,34.0,1.0,14078480.0,275240992.0,13892854.0,23839290.0,587976126.0,592.0,2267466142.0,0.0,1.0,1.0,0.0,1.0,0.0,0.0,1.0,1.0,1.0,1.0,2.0,1.0,0.0,0.0,0.0,2.0,0.0,0.0,1.0,1.0,3.0,50.0,50.0,1.0,0.0,0.0,0.0,0.0,0.0,0.0,0.0,0.0,0.0,0.0,2.0,2.0,0.0,1.0,1.0,0.0,1.0,0.0,0.0,0.0,0.0,0.0,1.0,0.0,0.0,1.0,0.0,0.0,0.0,1.0,11.0,0.0,0.0,0.0,0.0,0.0,12.0,0.0,0.0,0.0,0.0,0.0,0.0,0.0,0.0,0.0,1.0,1.0,0.0,0.0,0.0,0.0,1.0,1.0,1.0,0.0,0.0,0.0,0.0,0.0,0.0,1.0,1.0,0.0,0.0,0.0,0.0,0.0,1.0,1.0,0.0,1379255866.0,449.0,449.0,1240.0,1240.0,1278.0,0.0,94.0,21784.0,21762.0,21728.0,62.0,0.0,0.0,0.0,88.0,0.0,0.0,31.0,35.0,34.0,11.0,29.0,121062176.0,0.0,1530419168.0,29003023520.0,60722240.0,0.0,0.0,592.0,0.0,0.0,820.0,68.0,892.0
944,0.0,1.0,1.0,1.0,1.0,1113600.0,1.0,586500000.0,1.0,1600000000.0,0.157371997833,11051.0,1066.0,2590.0,41125.0,42250.0,43000.0,68.0,25.0,64.0,896.0,5000.0,0.0,25.0,1000000.0,950000.0,1.0,1.0,0.0,10.0,0.0,0.0,100.0,500.0,22065983.0,561915614.0,549759137.0,0.0,0.0,0.0,0.0,0.0,1.0,1.0,1.0,1.0,1.0,0.0,0.0,1.0,0.0,0.0,0.0,0.0,0.0,35.0,1.0,14213493.0,267381070.0,14201892.0,22405135.0,573298157.0,504.0,2334866826.0,0.0,1.0,1.0,0.0,1.0,0.0,0.0,1.0,1.0,1.0,1.0,2.0,1.0,0.0,0.0,0.0,2.0,0.0,0.0,1.0,1.0,3.0,50.0,50.0,1.0,0.0,0.0,0.0,0.0,0.0,0.0,0.0,0.0,0.0,0.0,2.0,2.0,0.0,1.0,1.0,0.0,1.0,0.0,0.0,0.0,0.0,0.0,1.0,0.0,0.0,1.0,0.0,0.0,0.0,1.0,10.0,0.0,0.0,0.0,0.0,0.0,11.0,0.0,0.0,0.0,0.0,0.0,0.0,0.0,0.0,0.0,1.0,1.0,0.0,0.0,0.0,0.0,1.0,1.0,1.0,0.0,0.0,0.0,0.0,0.0,0.0,1.0,1.0,0.0,0.0,0.0,0.0,0.0,1.0,1.0,0.0,1344619257.0,489.0,489.0,1148.0,1148.0,1188.0,0.0,75.0,21824.0,21716.0,21682.0,21.0,0.0,0.0,0.0,75.0,0.0,0.0,31.0,35.0,34.0,10.0,29.0,12107840.0,0.0,1488583104.0,23708473312.0,60664864.0,0.0,0.0,504.0,0.0,0.0,672.0,68.0,892.0
945,0.0,1.0,1.0,1.0,1.0,1113600.0,1.0,586500000.0,1.0,1600000000.0,0.150080919266,5335.0,457.0,1295.0,41375.0,42250.0,43000.0,68.0,25.0,64.0,896.0,5000.0,0.0,25.0,1000000.0,950000.0,1.0,1.0,0.0,10.0,0.0,0.0,100.0,500.0,21060889.0,563576504.0,549235146.0,0.0,0.0,0.0,0.0,0.0,1.0,1.0,1.0,1.0,1.0,0.0,0.0,1.0,0.0,0.0,0.0,0.0,0.0,30.0,1.0,14490059.0,261790632.0,14057483.0,21154776.0,555474695.0,443.0,2162295643.0,0.0,1.0,1.0,0.0,1.0,0.0,0.0,1.0,1.0,1.0,1.0,2.0,1.0,0.0,0.0,0.0,2.0,0.0,0.0,1.0,1.0,3.0,50.0,50.0,1.0,0.0,0.0,0.0,0.0,0.0,0.0,0.0,0.0,0.0,0.0,2.0,2.0,0.0,1.0,1.0,0.0,1.0,0.0,0.0,0.0,0.0,0.0,1.0,0.0,0.0,1.0,0.0,0.0,0.0,1.0,10.0,0.0,0.0,0.0,0.0,0.0,11.0,0.0,0.0,0.0,0.0,0.0,0.0,0.0,0.0,0.0,1.0,1.0,0.0,0.0,0.0,0.0,1.0,1.0,1.0,0.0,0.0,0.0,0.0,0.0,0.0,1.0,1.0,0.0,0.0,0.0,0.0,0.0,1.0,1.0,0.0,1307627027.0,424.0,424.0,1144.0,1144.0,1179.0,0.0,67.0,20715.0,21395.0,21368.0,24.0,0.0,0.0,0.0,64.0,0.0,0.0,25.0,28.0,27.0,4.0,23.0,106120864.0,0.0,1408149056.0,19296799008.0,55328992.0,0.0,0.0,443.0,0.0,0.0,573.0,54.0,688.0
946,0.0,1.0,1.0,1.0,1.0,1113600.0,1.0,586500000.0,1.0,1600000000.0,0.150796890259,11013.0,989.0,2590.0,42000.0,42250.0,43250.0,68.0,25.0,64.0,896.0,5000.0,0.0,25.0,1000000.0,950000.0,1.0,1.0,0.0,10.0,0.0,0.0,100.0,500.0,22796176.0,563137305.0,559002429.0,0.0,0.0,0.0,0.0,0.0,1.0,1.0,1.0,1.0,1.0,0.0,0.0,1.0,0.0,0.0,0.0,0.0,0.0,31.0,1.0,14182931.0,262367325.0,13833316.0,23538475.0,592475480.0,565.0,2239571294.0,0.0,1.0,1.0,0.0,1.0,0.0,0.0,1.0,1.0,1.0,1.0,2.0,1.0,0.0,0.0,0.0,2.0,0.0,0.0,1.0,1.0,3.0,50.0,50.0,1.0,0.0,0.0,0.0,0.0,0.0,0.0,0.0,0.0,0.0,0.0,2.0,2.0,0.0,1.0,1.0,0.0,1.0,0.0,0.0,0.0,0.0,0.0,1.0,0.0,0.0,1.0,0.0,0.0,0.0,1.0,11.0,0.0,0.0,0.0,0.0,0.0,12.0,0.0,0.0,0.0,0.0,0.0,0.0,0.0,0.0,0.0,1.0,1.0,0.0,0.0,0.0,0.0,1.0,1.0,1.0,0.0,0.0,0.0,0.0,0.0,0.0,1.0,1.0,0.0,0.0,0.0,0.0,0.0,1.0,1.0,0.0,1346675504.0,409.0,409.0,1215.0,1215.0,1242.0,0.0,82.0,21515.0,21949.0,21915.0,28.0,0.0,0.0,0.0,66.0,0.0,0.0,31.0,35.0,34.0,7.0,29.0,12409952.0,0.0,1487914784.0,22911040704.0,96947392.0,0.0,0.0,565.0,0.0,0.0,752.0,68.0,868.0
947,0.0,1.0,0.0,1.0,1.0,1728000.0,1.0,229500000.0,1.0,800000000.0,0.34786391258199995,13073.0,1142.0,4115.0,41375.0,42000.0,43250.0,94.0,25.0,64.0,896.0,5000.0,0.0,25.0,1000000.0,950000.0,1.0,0.0,0.0,10.0,0.0,0.0,0.0,100.0,29734651.0,627996511.0,613765822.0,0.0,0.0,0.0,0.0,0.0,1.0,1.0,1.0,1.0,1.0,0.0,0.0,1.0,0.0,0.0,0.0,0.0,0.0,34.0,1.0,14919352.0,286700160.0,14900715.0,30391199.0,644931703.0,828.0,3015549745.0,0.0,1.0,1.0,0.0,1.0,0.0,0.0,1.0,1.0,1.0,1.0,2.0,1.0,0.0,0.0,0.0,2.0,0.0,0.0,1.0,1.0,3.0,50.0,50.0,1.0,0.0,0.0,0.0,0.0,0.0,0.0,0.0,0.0,0.0,0.0,2.0,2.0,0.0,1.0,1.0,0.0,1.0,0.0,0.0,0.0,0.0,0.0,1.0,0.0,0.0,1.0,0.0,0.0,0.0,1.0,10.0,0.0,0.0,0.0,0.0,0.0,11.0,0.0,0.0,0.0,0.0,0.0,0.0,0.0,0.0,0.0,1.0,1.0,0.0,0.0,0.0,0.0,1.0,1.0,1.0,0.0,0.0,0.0,0.0,0.0,0.0,1.0,1.0,0.0,0.0,0.0,0.0,0.0,1.0,1.0,0.0,1470000863.0,648.0,648.0,1498.0,1498.0,1534.0,0.0,136.0,25713.0,23291.0,23236.0,45.0,0.0,0.0,0.0,157.0,0.0,0.0,49.0,56.0,55.0,16.0,47.0,23546976.0,0.0,1879918848.0,22342576928.0,151327808.0,0.0,0.0,828.0,0.0,0.0,1186.0,110.0,1377.0
948,0.0,1.0,0.0,1.0,1.0,1728000.0,1.0,229500000.0,1.0,800000000.0,0.338331222534,17609.0,1751.0,5410.0,41500.0,42166.6666667,43000.0,94.0,25.0,64.0,896.0,5000.0,0.0,25.0,1000000.0,950000.0,1.0,0.0,0.0,10.0,0.0,0.0,0.0,100.0,30747934.0,622902332.0,624186466.0,0.0,0.0,0.0,0.0,0.0,1.0,1.0,1.0,1.0,1.0,0.0,0.0,1.0,0.0,0.0,0.0,0.0,0.0,32.0,1.0,14878616.0,290729836.0,14439911.0,29403404.0,635127990.0,888.0,2845922815.0,0.0,1.0,1.0,0.0,1.0,0.0,0.0,1.0,1.0,1.0,1.0,2.0,1.0,0.0,0.0,0.0,2.0,0.0,0.0,1.0,1.0,3.0,50.0,50.0,1.0,0.0,0.0,0.0,0.0,0.0,0.0,0.0,0.0,0.0,0.0,2.0,2.0,0.0,1.0,1.0,0.0,1.0,0.0,0.0,0.0,0.0,0.0,1.0,0.0,0.0,1.0,0.0,0.0,0.0,1.0,10.0,0.0,0.0,0.0,0.0,0.0,11.0,0.0,0.0,0.0,0.0,0.0,0.0,0.0,0.0,0.0,1.0,1.0,0.0,0.0,0.0,0.0,1.0,1.0,1.0,0.0,0.0,0.0,0.0,0.0,0.0,1.0,1.0,0.0,0.0,0.0,0.0,0.0,1.0,1.0,0.0,1401169720.0,625.0,625.0,1476.0,1476.0,1512.0,0.0,145.0,25506.0,23314.0,23259.0,52.0,0.0,0.0,0.0,169.0,0.0,0.0,49.0,56.0,55.0,9.0,47.0,135188256.0,0.0,1914486016.0,27637242272.0,111534112.0,0.0,0.0,888.0,0.0,0.0,1273.0,110.0,1427.0
949,0.0,1.0,0.0,1.0,1.0,1728000.0,1.0,229500000.0,1.0,800000000.0,0.334177970886,17645.0,1675.0,5487.0,41312.5,42250.0,43000.0,94.0,25.0,64.0,896.0,5000.0,0.0,25.0,1000000.0,950000.0,1.0,0.0,0.0,10.0,0.0,0.0,0.0,100.0,32586387.0,626970949.0,634282861.0,0.0,0.0,0.0,0.0,0.0,1.0,1.0,1.0,1.0,1.0,0.0,0.0,1.0,0.0,0.0,0.0,0.0,0.0,35.0,1.0,15181808.0,308435431.0,15093487.0,32420106.0,666318778.0,1005.0,3112351262.0,0.0,1.0,1.0,0.0,1.0,0.0,0.0,1.0,1.0,1.0,1.0,2.0,1.0,0.0,0.0,0.0,2.0,0.0,0.0,1.0,1.0,3.0,50.0,50.0,1.0,0.0,0.0,0.0,0.0,0.0,0.0,0.0,0.0,0.0,0.0,2.0,2.0,0.0,1.0,1.0,0.0,1.0,0.0,0.0,0.0,0.0,0.0,1.0,0.0,0.0,1.0,0.0,0.0,0.0,1.0,10.0,0.0,0.0,0.0,0.0,0.0,11.0,0.0,0.0,0.0,0.0,0.0,0.0,0.0,0.0,0.0,1.0,1.0,0.0,0.0,0.0,0.0,1.0,1.0,1.0,0.0,0.0,0.0,0.0,0.0,0.0,1.0,1.0,0.0,0.0,0.0,0.0,0.0,1.0,1.0,0.0,1517430766.0,653.0,653.0,1586.0,1586.0,1626.0,0.0,143.0,26689.0,23609.0,23547.0,140.0,0.0,0.0,0.0,158.0,0.0,0.0,55.0,63.0,62.0,9.0,53.0,252923136.0,0.0,2019631712.0,22986260544.0,174427840.0,0.0,0.0,1005.0,0.0,0.0,1439.0,124.0,1675.0
950,0.0,1.0,0.0,1.0,1.0,1728000.0,1.0,229500000.0,1.0,800000000.0,0.346165895462,14329.0,1217.0,4570.0,41416.6666667,42166.6666667,43166.6666667,86.0,25.0,64.0,896.0,5000.0,0.0,25.0,1000000.0,950000.0,1.0,1.0,0.0,10.0,0.0,0.0,0.0,100.0,27866082.0,593808999.0,587176231.0,0.0,0.0,0.0,0.0,0.0,1.0,1.0,1.0,1.0,1.0,0.0,0.0,1.0,0.0,0.0,0.0,0.0,0.0,33.0,1.0,14577312.0,277829964.0,14355255.0,29151649.0,615519472.0,779.0,2763322218.0,0.0,1.0,1.0,0.0,1.0,0.0,0.0,1.0,1.0,1.0,1.0,2.0,1.0,0.0,0.0,0.0,2.0,0.0,0.0,1.0,1.0,3.0,50.0,50.0,1.0,0.0,0.0,0.0,0.0,0.0,0.0,0.0,0.0,0.0,0.0,2.0,2.0,0.0,1.0,1.0,0.0,1.0,0.0,0.0,0.0,0.0,0.0,1.0,0.0,0.0,1.0,0.0,0.0,0.0,1.0,11.0,0.0,0.0,0.0,0.0,0.0,12.0,0.0,0.0,0.0,0.0,0.0,0.0,0.0,0.0,0.0,1.0,1.0,0.0,0.0,0.0,0.0,1.0,1.0,1.0,0.0,0.0,0.0,0.0,0.0,0.0,1.0,1.0,0.0,0.0,0.0,0.0,0.0,1.0,1.0,0.0,1370224375.0,637.0,637.0,1415.0,1415.0,1449.0,0.0,114.0,24303.0,22871.0,22823.0,67.0,0.0,0.0,0.0,141.0,0.0,0.0,43.0,49.0,48.0,13.0,41.0,122297120.0,0.0,1802103872.0,25024355584.0,130443008.0,0.0,0.0,779.0,0.0,0.0,1102.0,96.0,1260.0
951,0.0,1.0,0.0,1.0,1.0,1728000.0,1.0,229500000.0,1.0,800000000.0,0.338193178177,17533.0,1751.0,5334.0,41333.3333333,42000.0,43000.0,86.0,25.0,64.0,896.0,5000.0,0.0,25.0,1000000.0,950000.0,1.0,1.0,0.0,10.0,0.0,0.0,0.0,100.0,30023720.0,642162928.0,634282055.0,0.0,0.0,0.0,0.0,0.0,1.0,1.0,1.0,1.0,1.0,0.0,0.0,1.0,0.0,0.0,0.0,0.0,0.0,35.0,1.0,15127088.0,322327036.0,14570595.0,31182830.0,620487084.0,892.0,2974841060.0,0.0,1.0,1.0,0.0,1.0,0.0,0.0,1.0,1.0,1.0,1.0,2.0,1.0,0.0,0.0,0.0,2.0,0.0,0.0,1.0,1.0,3.0,50.0,50.0,1.0,0.0,0.0,0.0,0.0,0.0,0.0,0.0,0.0,0.0,0.0,2.0,2.0,0.0,1.0,1.0,0.0,1.0,0.0,0.0,0.0,0.0,0.0,1.0,0.0,0.0,1.0,0.0,0.0,0.0,1.0,10.0,0.0,0.0,0.0,0.0,0.0,11.0,0.0,0.0,0.0,0.0,0.0,0.0,0.0,0.0,0.0,1.0,1.0,0.0,0.0,0.0,0.0,1.0,1.0,1.0,0.0,0.0,0.0,0.0,0.0,0.0,1.0,1.0,0.0,0.0,0.0,0.0,0.0,1.0,1.0,0.0,1399514885.0,651.0,651.0,1590.0,1590.0,1628.0,0.0,137.0,25455.0,23329.0,23274.0,51.0,0.0,0.0,0.0,166.0,0.0,0.0,49.0,56.0,55.0,13.0,47.0,135952160.0,0.0,1920719328.0,29743017024.0,166810592.0,0.0,0.0,892.0,0.0,0.0,1324.0,110.0,1442.0
952,0.0,1.0,0.0,1.0,1.0,1728000.0,1.0,229500000.0,1.0,800000000.0,0.343793869019,17455.0,1599.0,5334.0,41333.3333333,42166.6666667,43166.6666667,86.0,25.0,64.0,896.0,5000.0,0.0,25.0,1000000.0,950000.0,1.0,1.0,0.0,10.0,0.0,0.0,0.0,100.0,30971364.0,627666493.0,625809368.0,0.0,0.0,0.0,0.0,0.0,1.0,1.0,1.0,1.0,1.0,0.0,0.0,1.0,0.0,0.0,0.0,0.0,0.0,35.0,1.0,14841808.0,283425993.0,14712907.0,28789625.0,631892737.0,847.0,3006785672.0,0.0,1.0,1.0,0.0,1.0,0.0,0.0,1.0,1.0,1.0,1.0,2.0,1.0,0.0,0.0,0.0,2.0,0.0,0.0,1.0,1.0,3.0,50.0,50.0,1.0,0.0,0.0,0.0,0.0,0.0,0.0,0.0,0.0,0.0,0.0,2.0,2.0,0.0,1.0,1.0,0.0,1.0,0.0,0.0,0.0,0.0,0.0,1.0,0.0,0.0,1.0,0.0,0.0,0.0,1.0,10.0,0.0,0.0,0.0,0.0,0.0,11.0,0.0,0.0,0.0,0.0,0.0,0.0,0.0,0.0,0.0,1.0,1.0,0.0,0.0,0.0,0.0,1.0,1.0,1.0,0.0,0.0,0.0,0.0,0.0,0.0,1.0,1.0,0.0,0.0,0.0,0.0,0.0,1.0,1.0,0.0,1443944411.0,633.0,633.0,1514.0,1514.0,1553.0,0.0,130.0,25266.0,23275.0,23220.0,73.0,0.0,0.0,0.0,146.0,0.0,0.0,49.0,56.0,55.0,13.0,47.0,133472544.0,0.0,1928314496.0,23485203200.0,108273728.0,0.0,0.0,847.0,0.0,0.0,1242.0,110.0,1498.0
953,0.0,1.0,0.0,1.0,1.0,1728000.0,1.0,229500000.0,1.0,800000000.0,0.346220970154,17571.0,1675.0,5411.0,41333.3333333,42000.0,43166.6666667,98.0,25.0,64.0,896.0,5000.0,0.0,25.0,1000000.0,950000.0,1.0,0.0,0.0,10.0,0.0,0.0,0.0,500.0,28644442.0,643362315.0,618289865.0,0.0,0.0,0.0,0.0,0.0,1.0,1.0,1.0,1.0,1.0,0.0,0.0,1.0,0.0,0.0,0.0,0.0,0.0,35.0,1.0,14805506.0,300724733.0,14615183.0,30515393.0,638235955.0,838.0,2997551405.0,0.0,1.0,1.0,0.0,1.0,0.0,0.0,1.0,1.0,1.0,1.0,2.0,1.0,0.0,0.0,0.0,2.0,0.0,0.0,1.0,1.0,3.0,50.0,50.0,1.0,0.0,0.0,0.0,0.0,0.0,0.0,0.0,0.0,0.0,0.0,2.0,2.0,0.0,1.0,1.0,0.0,1.0,0.0,0.0,0.0,0.0,0.0,1.0,0.0,0.0,1.0,0.0,0.0,0.0,1.0,10.0,0.0,0.0,0.0,0.0,0.0,11.0,0.0,0.0,0.0,0.0,0.0,0.0,0.0,0.0,0.0,1.0,1.0,0.0,0.0,0.0,0.0,1.0,1.0,1.0,0.0,0.0,0.0,0.0,0.0,0.0,1.0,1.0,0.0,0.0,0.0,0.0,0.0,1.0,1.0,0.0,1444043729.0,619.0,619.0,1503.0,1503.0,1541.0,0.0,126.0,25963.0,23174.0,23119.0,45.0,0.0,0.0,0.0,154.0,0.0,0.0,49.0,56.0,55.0,14.0,47.0,231388704.0,0.0,1876951808.0,23214570624.0,116767712.0,0.0,0.0,838.0,0.0,0.0,1194.0,110.0,1375.0
954,0.0,1.0,0.0,1.0,1.0,1728000.0,1.0,229500000.0,1.0,800000000.0,0.338920116425,17569.0,1751.0,5334.0,41083.3333333,42000.0,43000.0,98.0,25.0,64.0,896.0,5000.0,0.0,25.0,1000000.0,950000.0,1.0,0.0,0.0,10.0,0.0,0.0,0.0,500.0,28548896.0,631086620.0,588360384.0,0.0,0.0,0.0,0.0,0.0,1.0,1.0,1.0,1.0,1.0,0.0,0.0,1.0,0.0,0.0,0.0,0.0,0.0,35.0,1.0,14677236.0,294752525.0,14625258.0,30106327.0,650192707.0,798.0,2998193136.0,0.0,1.0,1.0,0.0,1.0,0.0,0.0,1.0,1.0,1.0,1.0,2.0,1.0,0.0,0.0,0.0,2.0,0.0,0.0,1.0,1.0,3.0,50.0,50.0,1.0,0.0,0.0,0.0,0.0,0.0,0.0,0.0,0.0,0.0,0.0,2.0,2.0,0.0,1.0,1.0,0.0,1.0,0.0,0.0,0.0,0.0,0.0,1.0,0.0,0.0,1.0,0.0,0.0,0.0,1.0,10.0,0.0,0.0,0.0,0.0,0.0,11.0,0.0,0.0,0.0,0.0,0.0,0.0,0.0,0.0,0.0,1.0,1.0,0.0,0.0,0.0,0.0,1.0,1.0,1.0,0.0,0.0,0.0,0.0,0.0,0.0,1.0,1.0,0.0,0.0,0.0,0.0,0.0,1.0,1.0,0.0,1494213379.0,670.0,670.0,1584.0,1584.0,1617.0,0.0,129.0,25164.0,23175.0,23120.0,51.0,0.0,0.0,0.0,174.0,0.0,0.0,49.0,56.0,55.0,16.0,47.0,335715936.0,71872.0,1899688704.0,25395693376.0,102254912.0,0.0,0.0,798.0,0.0,0.0,1111.0,110.0,1364.0
955,0.0,1.0,0.0,1.0,1.0,1728000.0,1.0,229500000.0,1.0,800000000.0,0.335261106491,13187.0,1294.0,4115.0,41333.3333333,42166.6666667,43000.0,98.0,25.0,64.0,896.0,5000.0,0.0,25.0,1000000.0,950000.0,1.0,0.0,0.0,10.0,0.0,0.0,0.0,500.0,27734937.0,598914667.0,590520327.0,0.0,0.0,0.0,0.0,0.0,1.0,1.0,1.0,1.0,1.0,0.0,0.0,1.0,0.0,0.0,0.0,0.0,0.0,31.0,1.0,15080997.0,280728107.0,15152034.0,28971520.0,628884646.0,900.0,2890533055.0,0.0,1.0,1.0,0.0,1.0,0.0,0.0,1.0,1.0,1.0,1.0,2.0,1.0,0.0,0.0,0.0,2.0,0.0,0.0,1.0,1.0,3.0,50.0,50.0,1.0,0.0,0.0,0.0,0.0,0.0,0.0,0.0,0.0,0.0,0.0,2.0,2.0,0.0,1.0,1.0,0.0,1.0,0.0,0.0,0.0,0.0,0.0,1.0,0.0,0.0,1.0,0.0,0.0,0.0,1.0,10.0,0.0,0.0,0.0,0.0,0.0,11.0,0.0,0.0,0.0,0.0,0.0,0.0,0.0,0.0,0.0,1.0,1.0,0.0,0.0,0.0,0.0,1.0,1.0,1.0,0.0,0.0,0.0,0.0,0.0,0.0,1.0,1.0,0.0,0.0,0.0,0.0,0.0,1.0,1.0,0.0,1421466743.0,678.0,678.0,1404.0,1404.0,1438.0,0.0,117.0,24474.0,22972.0,22924.0,78.0,0.0,0.0,0.0,143.0,0.0,0.0,43.0,49.0,48.0,11.0,41.0,140436608.0,0.0,1843443232.0,34275881440.0,124214496.0,0.0,0.0,900.0,0.0,0.0,1300.0,96.0,1500.0
956,0.0,1.0,0.0,1.0,1.0,1728000.0,1.0,229500000.0,1.0,800000000.0,0.345761060715,13035.0,1218.0,4115.0,41333.3333333,42166.6666667,43000.0,97.0,25.0,64.0,896.0,5000.0,0.0,25.0,1000000.0,950000.0,1.0,1.0,0.0,10.0,0.0,0.0,0.0,500.0,25543531.0,620466220.0,596662173.0,0.0,0.0,0.0,0.0,0.0,1.0,1.0,1.0,1.0,1.0,0.0,0.0,1.0,0.0,0.0,0.0,0.0,0.0,34.0,1.0,14969734.0,303387310.0,14766431.0,28409259.0,623906795.0,724.0,2888781740.0,0.0,1.0,1.0,0.0,1.0,0.0,0.0,1.0,1.0,1.0,1.0,2.0,1.0,0.0,0.0,0.0,2.0,0.0,0.0,1.0,1.0,3.0,50.0,50.0,1.0,0.0,0.0,0.0,0.0,0.0,0.0,0.0,0.0,0.0,0.0,2.0,2.0,0.0,1.0,1.0,0.0,1.0,0.0,0.0,0.0,0.0,0.0,1.0,0.0,0.0,1.0,0.0,0.0,0.0,1.0,10.0,0.0,0.0,0.0,0.0,0.0,11.0,0.0,0.0,0.0,0.0,0.0,0.0,0.0,0.0,0.0,1.0,1.0,0.0,0.0,0.0,0.0,1.0,1.0,1.0,0.0,0.0,0.0,0.0,0.0,0.0,1.0,1.0,0.0,0.0,0.0,0.0,0.0,1.0,1.0,0.0,1426829231.0,615.0,615.0,1405.0,1405.0,1441.0,0.0,117.0,23521.0,22779.0,22731.0,54.0,0.0,0.0,0.0,160.0,0.0,0.0,43.0,49.0,48.0,10.0,41.0,228724032.0,0.0,1815133760.0,29329433888.0,81214208.0,0.0,0.0,724.0,0.0,0.0,1089.0,96.0,1308.0
957,0.0,1.0,0.0,1.0,1.0,1728000.0,1.0,229500000.0,1.0,800000000.0,0.352890968323,17531.0,1827.0,5334.0,41333.3333333,42000.0,43166.6666667,97.0,25.0,64.0,896.0,5000.0,0.0,25.0,1000000.0,950000.0,1.0,1.0,0.0,10.0,0.0,0.0,0.0,500.0,29913141.0,638809286.0,601069735.0,0.0,0.0,0.0,0.0,0.0,1.0,1.0,1.0,1.0,1.0,0.0,0.0,1.0,0.0,0.0,0.0,0.0,0.0,32.0,1.0,15173053.0,280451410.0,14901926.0,30691006.0,642454042.0,946.0,2970881851.0,0.0,1.0,1.0,0.0,1.0,0.0,0.0,1.0,1.0,1.0,1.0,2.0,1.0,0.0,0.0,0.0,2.0,0.0,0.0,1.0,1.0,3.0,50.0,50.0,1.0,0.0,0.0,0.0,0.0,0.0,0.0,0.0,0.0,0.0,0.0,2.0,2.0,0.0,1.0,1.0,0.0,1.0,0.0,0.0,0.0,0.0,0.0,1.0,0.0,0.0,1.0,0.0,0.0,0.0,1.0,10.0,0.0,0.0,0.0,0.0,0.0,11.0,0.0,0.0,0.0,0.0,0.0,0.0,0.0,0.0,0.0,1.0,1.0,0.0,0.0,0.0,0.0,1.0,1.0,1.0,0.0,0.0,0.0,0.0,0.0,0.0,1.0,1.0,0.0,0.0,0.0,0.0,0.0,1.0,1.0,0.0,1437565109.0,637.0,637.0,1540.0,1540.0,1577.0,0.0,135.0,25904.0,23267.0,23212.0,51.0,0.0,0.0,0.0,174.0,0.0,0.0,49.0,56.0,55.0,17.0,47.0,231418400.0,0.0,1898909632.0,87156892512.0,172589568.0,0.0,0.0,946.0,0.0,0.0,1352.0,110.0,1560.0
958,0.0,1.0,0.0,1.0,1.0,1728000.0,1.0,229500000.0,1.0,800000000.0,0.338412046432,17457.0,1675.0,5334.0,41250.0,42000.0,43000.0,97.0,25.0,64.0,896.0,5000.0,0.0,25.0,1000000.0,950000.0,1.0,1.0,0.0,10.0,0.0,0.0,0.0,500.0,30416931.0,610297658.0,606280456.0,0.0,0.0,0.0,0.0,0.0,1.0,1.0,1.0,1.0,1.0,0.0,0.0,1.0,0.0,0.0,0.0,0.0,0.0,35.0,1.0,15296832.0,296719312.0,15073825.0,29546192.0,631505077.0,912.0,2926625560.0,0.0,1.0,1.0,0.0,1.0,0.0,0.0,1.0,1.0,1.0,1.0,2.0,1.0,0.0,0.0,0.0,2.0,0.0,0.0,1.0,1.0,3.0,50.0,50.0,1.0,0.0,0.0,0.0,0.0,0.0,0.0,0.0,0.0,0.0,0.0,2.0,2.0,0.0,1.0,1.0,0.0,1.0,0.0,0.0,0.0,0.0,0.0,1.0,0.0,0.0,1.0,0.0,0.0,0.0,1.0,10.0,0.0,0.0,0.0,0.0,0.0,11.0,0.0,0.0,0.0,0.0,0.0,0.0,0.0,0.0,0.0,1.0,1.0,0.0,0.0,0.0,0.0,1.0,1.0,1.0,0.0,0.0,0.0,0.0,0.0,0.0,1.0,1.0,0.0,0.0,0.0,0.0,0.0,1.0,1.0,0.0,1440282046.0,681.0,681.0,1494.0,1494.0,1534.0,0.0,138.0,26286.0,23325.0,23270.0,52.0,0.0,0.0,0.0,161.0,0.0,0.0,49.0,56.0,55.0,16.0,47.0,139831168.0,41824.0,1933869344.0,35078670752.0,139171168.0,0.0,0.0,912.0,0.0,0.0,1249.0,110.0,1581.0
959,0.0,1.0,0.0,1.0,1.0,1728000.0,1.0,229500000.0,1.0,800000000.0,0.34689998626699997,13072.0,1294.0,4192.0,41187.5,42000.0,43000.0,97.0,25.0,64.0,896.0,5000.0,0.0,25.0,1000000.0,950000.0,1.0,0.0,0.0,10.0,0.0,0.0,100.0,100.0,30412399.0,620450288.0,619067861.0,0.0,0.0,0.0,0.0,0.0,1.0,1.0,1.0,1.0,1.0,0.0,0.0,1.0,0.0,0.0,0.0,0.0,0.0,34.0,1.0,14865594.0,318586050.0,14510833.0,30593105.0,615550646.0,798.0,2893585921.0,0.0,1.0,1.0,0.0,1.0,0.0,0.0,1.0,1.0,1.0,1.0,2.0,1.0,0.0,0.0,0.0,2.0,0.0,0.0,1.0,1.0,3.0,50.0,50.0,1.0,0.0,0.0,0.0,0.0,0.0,0.0,0.0,0.0,0.0,0.0,2.0,2.0,0.0,1.0,1.0,0.0,1.0,0.0,0.0,0.0,0.0,0.0,1.0,0.0,0.0,1.0,0.0,0.0,0.0,1.0,10.0,0.0,0.0,0.0,0.0,0.0,11.0,0.0,0.0,0.0,0.0,0.0,0.0,0.0,0.0,0.0,1.0,1.0,0.0,0.0,0.0,0.0,1.0,1.0,1.0,0.0,0.0,0.0,0.0,0.0,0.0,1.0,1.0,0.0,0.0,0.0,0.0,0.0,1.0,1.0,0.0,1423315329.0,620.0,620.0,1471.0,1471.0,1509.0,0.0,125.0,25284.0,23177.0,23122.0,65.0,0.0,0.0,0.0,157.0,0.0,0.0,49.0,56.0,55.0,17.0,47.0,340632640.0,0.0,1837195104.0,26225391584.0,120133984.0,0.0,0.0,798.0,0.0,0.0,1166.0,110.0,1422.0
960,0.0,1.0,0.0,1.0,1.0,1728000.0,1.0,229500000.0,1.0,800000000.0,0.3341588974,17607.0,1675.0,5334.0,41166.6666667,42000.0,43000.0,97.0,25.0,64.0,896.0,5000.0,0.0,25.0,1000000.0,950000.0,1.0,0.0,0.0,10.0,0.0,0.0,100.0,100.0,29913910.0,629512898.0,630315642.0,0.0,0.0,0.0,0.0,0.0,1.0,1.0,1.0,1.0,1.0,0.0,0.0,1.0,0.0,0.0,0.0,0.0,0.0,35.0,1.0,15008195.0,324351528.0,14959179.0,30817112.0,656771579.0,823.0,2990324575.0,0.0,1.0,1.0,0.0,1.0,0.0,0.0,1.0,1.0,1.0,1.0,2.0,1.0,0.0,0.0,0.0,2.0,0.0,0.0,1.0,1.0,3.0,50.0,50.0,1.0,0.0,0.0,0.0,0.0,0.0,0.0,0.0,0.0,0.0,0.0,2.0,2.0,0.0,1.0,1.0,0.0,1.0,0.0,0.0,0.0,0.0,0.0,1.0,0.0,0.0,1.0,0.0,0.0,0.0,1.0,10.0,0.0,0.0,0.0,0.0,0.0,11.0,0.0,0.0,0.0,0.0,0.0,0.0,0.0,0.0,0.0,1.0,1.0,0.0,0.0,0.0,0.0,1.0,1.0,1.0,0.0,0.0,0.0,0.0,0.0,0.0,1.0,1.0,0.0,0.0,0.0,0.0,0.0,1.0,1.0,0.0,1521077472.0,688.0,688.0,1539.0,1539.0,1576.0,0.0,133.0,25494.0,23174.0,23119.0,59.0,0.0,0.0,0.0,155.0,0.0,0.0,49.0,56.0,55.0,9.0,47.0,337037120.0,0.0,1948245216.0,38044031872.0,125846048.0,0.0,0.0,823.0,0.0,0.0,1155.0,110.0,1474.0
961,0.0,1.0,0.0,1.0,1.0,1728000.0,1.0,229500000.0,1.0,800000000.0,0.33391594886799997,17683.0,1675.0,5564.0,41333.3333333,42166.6666667,43000.0,97.0,25.0,64.0,896.0,5000.0,0.0,25.0,1000000.0,950000.0,1.0,0.0,0.0,10.0,0.0,0.0,100.0,100.0,29462205.0,627248912.0,622835415.0,0.0,0.0,0.0,0.0,0.0,1.0,1.0,1.0,1.0,1.0,0.0,0.0,1.0,0.0,0.0,0.0,0.0,0.0,34.0,1.0,15224987.0,319559341.0,15054161.0,30266376.0,628114496.0,798.0,2981361541.0,0.0,1.0,1.0,0.0,1.0,0.0,0.0,1.0,1.0,1.0,1.0,2.0,1.0,0.0,0.0,0.0,2.0,0.0,0.0,1.0,1.0,3.0,50.0,50.0,1.0,0.0,0.0,0.0,0.0,0.0,0.0,0.0,0.0,0.0,0.0,2.0,2.0,0.0,1.0,1.0,0.0,1.0,0.0,0.0,0.0,0.0,0.0,1.0,0.0,0.0,1.0,0.0,0.0,0.0,1.0,10.0,0.0,0.0,0.0,0.0,0.0,11.0,0.0,0.0,0.0,0.0,0.0,0.0,0.0,0.0,0.0,1.0,1.0,0.0,0.0,0.0,0.0,1.0,1.0,1.0,0.0,0.0,0.0,0.0,0.0,0.0,1.0,1.0,0.0,0.0,0.0,0.0,0.0,1.0,1.0,0.0,1465231399.0,614.0,614.0,1619.0,1619.0,1662.0,0.0,131.0,25571.0,23103.0,23048.0,58.0,0.0,0.0,0.0,153.0,0.0,0.0,49.0,56.0,55.0,17.0,47.0,42798400.0,0.0,1844109536.0,20675692448.0,137391232.0,0.0,0.0,798.0,0.0,0.0,1172.0,110.0,1353.0
962,0.0,1.0,0.0,1.0,1.0,1728000.0,1.0,229500000.0,1.0,800000000.0,0.34718513488799996,12922.0,1294.0,3886.0,41187.5,41875.0,43000.0,86.0,25.0,64.0,896.0,5000.0,0.0,25.0,1000000.0,950000.0,1.0,1.0,0.0,10.0,0.0,0.0,100.0,100.0,32002758.0,580638560.0,591348823.0,0.0,0.0,0.0,0.0,0.0,1.0,1.0,1.0,1.0,1.0,0.0,0.0,1.0,0.0,0.0,0.0,0.0,0.0,33.0,1.0,14787708.0,289121674.0,14159491.0,31369745.0,616998891.0,818.0,2809478790.0,0.0,1.0,1.0,0.0,1.0,0.0,0.0,1.0,1.0,1.0,1.0,2.0,1.0,0.0,0.0,0.0,2.0,0.0,0.0,1.0,1.0,3.0,50.0,50.0,1.0,0.0,0.0,0.0,0.0,0.0,0.0,0.0,0.0,0.0,0.0,2.0,2.0,0.0,1.0,1.0,0.0,1.0,0.0,0.0,0.0,0.0,0.0,1.0,0.0,0.0,1.0,0.0,0.0,0.0,1.0,10.0,0.0,0.0,0.0,0.0,0.0,11.0,0.0,0.0,0.0,0.0,0.0,0.0,0.0,0.0,0.0,1.0,1.0,0.0,0.0,0.0,0.0,1.0,1.0,1.0,0.0,0.0,0.0,0.0,0.0,0.0,1.0,1.0,0.0,0.0,0.0,0.0,0.0,1.0,1.0,0.0,1409103744.0,663.0,663.0,1384.0,1384.0,1416.0,0.0,133.0,25824.0,23284.0,23229.0,73.0,0.0,0.0,0.0,168.0,0.0,0.0,49.0,56.0,55.0,9.0,47.0,227066528.0,0.0,1862294304.0,39644446080.0,155151936.0,0.0,0.0,818.0,0.0,0.0,1228.0,110.0,1398.0
963,0.0,1.0,0.0,1.0,1.0,1728000.0,1.0,229500000.0,1.0,800000000.0,0.341066837311,17457.0,1599.0,5334.0,41083.3333333,42000.0,43000.0,86.0,25.0,64.0,896.0,5000.0,0.0,25.0,1000000.0,950000.0,1.0,1.0,0.0,10.0,0.0,0.0,100.0,100.0,32501405.0,626226982.0,600919428.0,0.0,0.0,0.0,0.0,0.0,1.0,1.0,1.0,1.0,1.0,0.0,0.0,1.0,0.0,0.0,0.0,0.0,0.0,34.0,1.0,14851999.0,290556312.0,14703868.0,30313966.0,626844571.0,933.0,2868807067.0,0.0,1.0,1.0,0.0,1.0,0.0,0.0,1.0,1.0,1.0,1.0,2.0,1.0,0.0,0.0,0.0,2.0,0.0,0.0,1.0,1.0,3.0,50.0,50.0,1.0,0.0,0.0,0.0,0.0,0.0,0.0,0.0,0.0,0.0,0.0,2.0,2.0,0.0,1.0,1.0,0.0,1.0,0.0,0.0,0.0,0.0,0.0,1.0,0.0,0.0,1.0,0.0,0.0,0.0,1.0,10.0,0.0,0.0,0.0,0.0,0.0,11.0,0.0,0.0,0.0,0.0,0.0,0.0,0.0,0.0,0.0,1.0,1.0,0.0,0.0,0.0,0.0,1.0,1.0,1.0,0.0,0.0,0.0,0.0,0.0,0.0,1.0,1.0,0.0,0.0,0.0,0.0,0.0,1.0,1.0,0.0,1424658498.0,607.0,607.0,1456.0,1456.0,1490.0,0.0,136.0,25602.0,23318.0,23263.0,89.0,0.0,0.0,0.0,143.0,0.0,0.0,49.0,56.0,55.0,12.0,47.0,38634400.0,0.0,1917799712.0,22682289248.0,118724160.0,0.0,0.0,933.0,0.0,0.0,1301.0,110.0,1487.0
964,0.0,1.0,0.0,1.0,1.0,1728000.0,1.0,229500000.0,1.0,800000000.0,0.33631300926200003,17493.0,1751.0,5333.0,41333.3333333,42000.0,43000.0,86.0,25.0,64.0,896.0,5000.0,0.0,25.0,1000000.0,950000.0,1.0,1.0,0.0,10.0,0.0,0.0,100.0,100.0,30686336.0,607945849.0,597945477.0,0.0,0.0,0.0,0.0,0.0,1.0,1.0,1.0,1.0,1.0,0.0,0.0,1.0,0.0,0.0,0.0,0.0,0.0,35.0,1.0,15482249.0,301048957.0,15306929.0,29498764.0,619913523.0,807.0,2937559187.0,0.0,1.0,1.0,0.0,1.0,0.0,0.0,1.0,1.0,1.0,1.0,2.0,1.0,0.0,0.0,0.0,2.0,0.0,0.0,1.0,1.0,3.0,50.0,50.0,1.0,0.0,0.0,0.0,0.0,0.0,0.0,0.0,0.0,0.0,0.0,2.0,2.0,0.0,1.0,1.0,0.0,1.0,0.0,0.0,0.0,0.0,0.0,1.0,0.0,0.0,1.0,0.0,0.0,0.0,1.0,10.0,0.0,0.0,0.0,0.0,0.0,11.0,0.0,0.0,0.0,0.0,0.0,0.0,0.0,0.0,0.0,1.0,1.0,0.0,0.0,0.0,0.0,1.0,1.0,1.0,0.0,0.0,0.0,0.0,0.0,0.0,1.0,1.0,0.0,0.0,0.0,0.0,0.0,1.0,1.0,0.0,1433703096.0,673.0,673.0,1521.0,1521.0,1561.0,0.0,122.0,24846.0,23181.0,23126.0,66.0,0.0,0.0,0.0,173.0,0.0,0.0,49.0,56.0,55.0,16.0,47.0,133975968.0,52320.0,1853343136.0,27387669440.0,106068800.0,0.0,0.0,807.0,0.0,0.0,1137.0,110.0,1349.0
965,0.0,1.0,0.0,1.0,1.0,1728000.0,1.0,229500000.0,1.0,800000000.0,0.34608602523800003,17571.0,1751.0,5334.0,41062.5,42000.0,43000.0,90.0,25.0,64.0,896.0,5000.0,0.0,25.0,1000000.0,950000.0,1.0,0.0,0.0,10.0,0.0,0.0,100.0,500.0,31727862.0,639157036.0,646789851.0,0.0,0.0,0.0,0.0,0.0,1.0,1.0,1.0,1.0,1.0,0.0,0.0,1.0,0.0,0.0,0.0,0.0,0.0,31.0,1.0,15429022.0,310678369.0,14952038.0,32348342.0,635752923.0,1007.0,3023711421.0,0.0,1.0,1.0,0.0,1.0,0.0,0.0,1.0,1.0,1.0,1.0,2.0,1.0,0.0,0.0,0.0,2.0,0.0,0.0,1.0,1.0,3.0,50.0,50.0,1.0,0.0,0.0,0.0,0.0,0.0,0.0,0.0,0.0,0.0,0.0,2.0,2.0,0.0,1.0,1.0,0.0,1.0,0.0,0.0,0.0,0.0,0.0,1.0,0.0,0.0,1.0,0.0,0.0,0.0,1.0,10.0,0.0,0.0,0.0,0.0,0.0,11.0,0.0,0.0,0.0,0.0,0.0,0.0,0.0,0.0,0.0,1.0,1.0,0.0,0.0,0.0,0.0,1.0,1.0,1.0,0.0,0.0,0.0,0.0,0.0,0.0,1.0,1.0,0.0,0.0,0.0,0.0,0.0,1.0,1.0,0.0,1424031596.0,737.0,737.0,1558.0,1558.0,1600.0,0.0,132.0,27057.0,23717.0,23655.0,103.0,0.0,0.0,0.0,162.0,0.0,0.0,55.0,63.0,62.0,23.0,53.0,251192352.0,0.0,1982442528.0,36063415200.0,171392448.0,0.0,0.0,1007.0,0.0,0.0,1450.0,124.0,1701.0
966,0.0,1.0,0.0,1.0,1.0,1728000.0,1.0,229500000.0,1.0,800000000.0,0.33982896804799995,13110.0,1294.0,4115.0,41187.5,42000.0,43000.0,90.0,25.0,64.0,896.0,5000.0,0.0,25.0,1000000.0,950000.0,1.0,0.0,0.0,10.0,0.0,0.0,100.0,500.0,29806525.0,637655284.0,610392788.0,0.0,0.0,0.0,0.0,0.0,1.0,1.0,1.0,1.0,1.0,0.0,0.0,1.0,0.0,0.0,0.0,0.0,0.0,35.0,1.0,14662333.0,294936772.0,14686835.0,30210008.0,633693534.0,790.0,2965021695.0,0.0,1.0,1.0,0.0,1.0,0.0,0.0,1.0,1.0,1.0,1.0,2.0,1.0,0.0,0.0,0.0,2.0,0.0,0.0,1.0,1.0,3.0,50.0,50.0,1.0,0.0,0.0,0.0,0.0,0.0,0.0,0.0,0.0,0.0,0.0,2.0,2.0,0.0,1.0,1.0,0.0,1.0,0.0,0.0,0.0,0.0,0.0,1.0,0.0,0.0,1.0,0.0,0.0,0.0,1.0,10.0,0.0,0.0,0.0,0.0,0.0,11.0,0.0,0.0,0.0,0.0,0.0,0.0,0.0,0.0,0.0,1.0,1.0,0.0,0.0,0.0,0.0,1.0,1.0,1.0,0.0,0.0,0.0,0.0,0.0,0.0,1.0,1.0,0.0,0.0,0.0,0.0,0.0,1.0,1.0,0.0,1449611140.0,653.0,653.0,1495.0,1495.0,1528.0,0.0,141.0,25766.0,23110.0,23055.0,54.0,0.0,0.0,0.0,163.0,0.0,0.0,49.0,56.0,55.0,11.0,47.0,233919872.0,0.0,1932762528.0,25333831104.0,125636864.0,0.0,0.0,790.0,0.0,0.0,1152.0,110.0,1394.0
967,0.0,1.0,0.0,1.0,1.0,1728000.0,1.0,229500000.0,1.0,800000000.0,0.334186077118,17495.0,1675.0,5334.0,41083.3333333,42000.0,43000.0,90.0,25.0,64.0,896.0,5000.0,0.0,25.0,1000000.0,950000.0,1.0,0.0,0.0,10.0,0.0,0.0,100.0,500.0,29277202.0,637990392.0,611686431.0,0.0,0.0,0.0,0.0,0.0,1.0,1.0,1.0,1.0,1.0,0.0,0.0,1.0,0.0,0.0,0.0,0.0,0.0,35.0,1.0,14932295.0,311465902.0,14980235.0,29586063.0,634682983.0,790.0,2956374756.0,0.0,1.0,1.0,0.0,1.0,0.0,0.0,1.0,1.0,1.0,1.0,2.0,1.0,0.0,0.0,0.0,2.0,0.0,0.0,1.0,1.0,3.0,50.0,50.0,1.0,0.0,0.0,0.0,0.0,0.0,0.0,0.0,0.0,0.0,0.0,2.0,2.0,0.0,1.0,1.0,0.0,1.0,0.0,0.0,0.0,0.0,0.0,1.0,0.0,0.0,1.0,0.0,0.0,0.0,1.0,11.0,0.0,0.0,0.0,0.0,0.0,12.0,0.0,0.0,0.0,0.0,0.0,0.0,0.0,0.0,0.0,1.0,1.0,0.0,0.0,0.0,0.0,1.0,1.0,1.0,0.0,0.0,0.0,0.0,0.0,0.0,1.0,1.0,0.0,0.0,0.0,0.0,0.0,1.0,1.0,0.0,1412691749.0,609.0,609.0,1515.0,1515.0,1549.0,0.0,134.0,25230.0,23079.0,23024.0,48.0,0.0,0.0,0.0,169.0,0.0,0.0,49.0,56.0,55.0,17.0,47.0,40329984.0,0.0,1851419008.0,31304435872.0,85019456.0,0.0,0.0,790.0,0.0,0.0,1146.0,110.0,1347.0
968,0.0,1.0,0.0,1.0,1.0,1728000.0,1.0,229500000.0,1.0,800000000.0,0.348259925842,12996.0,1294.0,4192.0,41250.0,42000.0,43000.0,79.0,25.0,64.0,896.0,5000.0,0.0,25.0,1000000.0,950000.0,1.0,1.0,0.0,10.0,0.0,0.0,100.0,500.0,29764384.0,614607187.0,598087050.0,0.0,0.0,0.0,0.0,0.0,1.0,1.0,1.0,1.0,1.0,0.0,0.0,1.0,0.0,0.0,0.0,0.0,0.0,35.0,1.0,15066395.0,284071354.0,14704718.0,30312416.0,618817893.0,768.0,2948591446.0,0.0,1.0,1.0,0.0,1.0,0.0,0.0,1.0,1.0,1.0,1.0,2.0,1.0,0.0,0.0,0.0,2.0,0.0,0.0,1.0,1.0,3.0,50.0,50.0,1.0,0.0,0.0,0.0,0.0,0.0,0.0,0.0,0.0,0.0,0.0,2.0,2.0,0.0,1.0,1.0,0.0,1.0,0.0,0.0,0.0,0.0,0.0,1.0,0.0,0.0,1.0,0.0,0.0,0.0,1.0,10.0,0.0,0.0,0.0,0.0,0.0,11.0,0.0,0.0,0.0,0.0,0.0,0.0,0.0,0.0,0.0,1.0,1.0,0.0,0.0,0.0,0.0,1.0,1.0,1.0,0.0,0.0,0.0,0.0,0.0,0.0,1.0,1.0,0.0,0.0,0.0,0.0,0.0,1.0,1.0,0.0,1395028251.0,636.0,636.0,1422.0,1422.0,1461.0,0.0,132.0,25600.0,23015.0,22960.0,45.0,0.0,0.0,0.0,170.0,0.0,0.0,49.0,56.0,55.0,16.0,47.0,319844128.0,0.0,1830770784.0,33777414208.0,122726432.0,0.0,0.0,768.0,0.0,0.0,1073.0,110.0,1239.0
969,0.0,1.0,0.0,1.0,1.0,1728000.0,1.0,229500000.0,1.0,800000000.0,0.33851313591,17493.0,1751.0,5334.0,41166.6666667,42000.0,43000.0,79.0,25.0,64.0,896.0,5000.0,0.0,25.0,1000000.0,950000.0,1.0,1.0,0.0,10.0,0.0,0.0,100.0,500.0,29689217.0,620782030.0,611662435.0,0.0,0.0,0.0,0.0,0.0,1.0,1.0,1.0,1.0,1.0,0.0,0.0,1.0,0.0,0.0,0.0,0.0,0.0,35.0,1.0,14931012.0,310407797.0,14712968.0,31411431.0,636752603.0,917.0,2939409034.0,0.0,1.0,1.0,0.0,1.0,0.0,0.0,1.0,1.0,1.0,1.0,2.0,1.0,0.0,0.0,0.0,2.0,0.0,0.0,1.0,1.0,3.0,50.0,50.0,1.0,0.0,0.0,0.0,0.0,0.0,0.0,0.0,0.0,0.0,0.0,2.0,2.0,0.0,1.0,1.0,0.0,1.0,0.0,0.0,0.0,0.0,0.0,1.0,0.0,0.0,1.0,0.0,0.0,0.0,1.0,10.0,0.0,0.0,0.0,0.0,0.0,11.0,0.0,0.0,0.0,0.0,0.0,0.0,0.0,0.0,0.0,1.0,1.0,0.0,0.0,0.0,0.0,1.0,1.0,1.0,0.0,0.0,0.0,0.0,0.0,0.0,1.0,1.0,0.0,0.0,0.0,0.0,0.0,1.0,1.0,0.0,1459296020.0,641.0,641.0,1452.0,1452.0,1485.0,0.0,151.0,25411.0,23252.0,23197.0,78.0,0.0,0.0,0.0,165.0,0.0,0.0,49.0,56.0,55.0,14.0,47.0,238615104.0,0.0,1932272640.0,34404262944.0,157934656.0,0.0,0.0,917.0,0.0,0.0,1352.0,110.0,1497.0
970,0.0,1.0,0.0,1.0,1.0,1728000.0,1.0,229500000.0,1.0,800000000.0,0.335974931717,17571.0,1827.0,5410.0,41166.6666667,42000.0,43000.0,79.0,25.0,64.0,896.0,5000.0,0.0,25.0,1000000.0,950000.0,1.0,1.0,0.0,10.0,0.0,0.0,100.0,500.0,29070930.0,614628543.0,610223350.0,0.0,0.0,0.0,0.0,0.0,1.0,1.0,1.0,1.0,1.0,0.0,0.0,1.0,0.0,0.0,0.0,0.0,0.0,32.0,1.0,15587029.0,298119356.0,15686239.0,30252150.0,630155158.0,894.0,2989764051.0,0.0,1.0,1.0,0.0,1.0,0.0,0.0,1.0,1.0,1.0,1.0,2.0,1.0,0.0,0.0,0.0,2.0,0.0,0.0,1.0,1.0,3.0,50.0,50.0,1.0,0.0,0.0,0.0,0.0,0.0,0.0,0.0,0.0,0.0,0.0,2.0,2.0,0.0,1.0,1.0,0.0,1.0,0.0,0.0,0.0,0.0,0.0,1.0,0.0,0.0,1.0,0.0,0.0,0.0,1.0,10.0,0.0,0.0,0.0,0.0,0.0,11.0,0.0,0.0,0.0,0.0,0.0,0.0,0.0,0.0,0.0,1.0,1.0,0.0,0.0,0.0,0.0,1.0,1.0,1.0,0.0,0.0,0.0,0.0,0.0,0.0,1.0,1.0,0.0,0.0,0.0,0.0,0.0,1.0,1.0,0.0,1447699249.0,602.0,602.0,1496.0,1496.0,1539.0,0.0,134.0,25687.0,23259.0,23204.0,50.0,0.0,0.0,0.0,165.0,0.0,0.0,49.0,56.0,55.0,16.0,47.0,325780480.0,0.0,1873852000.0,30806610240.0,129299200.0,0.0,0.0,894.0,0.0,0.0,1206.0,110.0,1412.0
971,0.0,1.0,0.0,1.0,0.0,652800.0,1.0,318750000.0,1.0,40800000.0,15.2231729031,26724.0,2133.0,8384.0,40718.75,41375.0,42500.0,72.0,25.0,64.0,896.0,5000.0,0.0,25.0,1000000.0,950000.0,1.0,0.0,0.0,10.0,0.0,0.0,0.0,100.0,76391777.0,1506346731.0,1394713391.0,0.0,0.0,0.0,0.0,0.0,1.0,1.0,1.0,1.0,1.0,0.0,0.0,1.0,0.0,0.0,0.0,0.0,0.0,30.0,1.0,87919865.0,544990674.0,91041244.0,80240247.0,1524259524.0,10976.0,67757302901.0,0.0,1.0,1.0,0.0,1.0,0.0,0.0,1.0,1.0,1.0,1.0,2.0,1.0,0.0,0.0,0.0,2.0,0.0,0.0,1.0,1.0,3.0,50.0,50.0,1.0,0.0,0.0,0.0,0.0,0.0,0.0,0.0,0.0,0.0,0.0,2.0,2.0,0.0,1.0,1.0,0.0,1.0,0.0,0.0,0.0,0.0,0.0,1.0,0.0,0.0,1.0,0.0,0.0,0.0,1.0,11.0,0.0,0.0,0.0,0.0,0.0,12.0,0.0,0.0,0.0,0.0,0.0,0.0,0.0,0.0,0.0,1.0,1.0,0.0,0.0,0.0,0.0,1.0,1.0,1.0,0.0,0.0,0.0,0.0,0.0,0.0,1.0,1.0,0.0,0.0,0.0,0.0,0.0,1.0,1.0,0.0,2575761269.0,19105.0,19105.0,22947.0,22947.0,23148.0,0.0,645.0,40148.0,29347.0,29235.0,402.0,0.0,0.0,0.0,980.0,0.0,0.0,103.0,113.0,112.0,50.0,101.0,8237157568.0,0.0,47428807168.0,968140843264.0,23496365760.0,0.0,0.0,10976.0,0.0,0.0,12772.0,224.0,13653.0
972,0.0,1.0,0.0,1.0,0.0,652800.0,1.0,318750000.0,1.0,40800000.0,15.0693490505,26686.0,2363.0,8916.0,40750.0,41375.0,42500.0,72.0,25.0,64.0,896.0,5000.0,0.0,25.0,1000000.0,950000.0,1.0,0.0,0.0,10.0,0.0,0.0,0.0,100.0,82297904.0,1536861775.0,1422734081.0,0.0,0.0,0.0,0.0,0.0,1.0,1.0,1.0,1.0,1.0,0.0,0.0,1.0,0.0,0.0,0.0,0.0,0.0,30.0,1.0,92586849.0,560686887.0,95435202.0,82967584.0,1551535711.0,12294.0,68207587877.0,0.0,1.0,1.0,0.0,1.0,0.0,0.0,1.0,1.0,1.0,1.0,2.0,1.0,0.0,0.0,0.0,2.0,0.0,0.0,1.0,1.0,3.0,50.0,50.0,1.0,0.0,0.0,0.0,0.0,0.0,0.0,0.0,0.0,0.0,0.0,2.0,2.0,0.0,1.0,1.0,0.0,1.0,0.0,0.0,0.0,0.0,0.0,1.0,0.0,0.0,1.0,0.0,0.0,0.0,1.0,11.0,0.0,0.0,0.0,0.0,0.0,12.0,0.0,0.0,0.0,0.0,0.0,0.0,0.0,0.0,0.0,1.0,1.0,0.0,0.0,0.0,0.0,1.0,1.0,1.0,0.0,0.0,0.0,0.0,0.0,0.0,1.0,1.0,0.0,0.0,0.0,0.0,0.0,1.0,1.0,0.0,2648694042.0,20822.0,20822.0,23298.0,23298.0,23535.0,0.0,621.0,39524.0,28917.0,28805.0,340.0,0.0,0.0,0.0,1062.0,0.0,0.0,103.0,113.0,112.0,50.0,101.0,9413656576.0,14861216.0,47569938176.0,1348088567040.0,15977985568.0,0.0,0.0,12294.0,0.0,0.0,14326.0,224.0,15503.0
973,0.0,1.0,0.0,1.0,0.0,652800.0,1.0,318750000.0,1.0,40800000.0,14.6726539135,26572.0,2284.0,8764.0,40593.75,41187.5,42500.0,72.0,25.0,64.0,896.0,5000.0,0.0,25.0,1000000.0,950000.0,1.0,0.0,0.0,10.0,0.0,0.0,0.0,100.0,80528852.0,1526700579.0,1416524102.0,0.0,0.0,0.0,0.0,0.0,1.0,1.0,1.0,1.0,1.0,0.0,0.0,1.0,0.0,0.0,0.0,0.0,0.0,29.0,1.0,92306593.0,538109116.0,96422084.0,80558279.0,1535694699.0,11769.0,69994813384.0,0.0,1.0,1.0,0.0,1.0,0.0,0.0,1.0,1.0,1.0,1.0,2.0,1.0,0.0,0.0,0.0,2.0,0.0,0.0,1.0,1.0,3.0,50.0,50.0,1.0,0.0,0.0,0.0,0.0,0.0,0.0,0.0,0.0,0.0,0.0,2.0,2.0,0.0,1.0,1.0,0.0,1.0,0.0,0.0,0.0,0.0,0.0,1.0,0.0,0.0,1.0,0.0,0.0,0.0,1.0,11.0,0.0,0.0,0.0,0.0,0.0,12.0,0.0,0.0,0.0,0.0,0.0,0.0,0.0,0.0,0.0,1.0,1.0,0.0,0.0,0.0,0.0,1.0,1.0,1.0,0.0,0.0,0.0,0.0,0.0,0.0,1.0,1.0,0.0,0.0,0.0,0.0,0.0,1.0,1.0,0.0,2574882958.0,20247.0,20247.0,24606.0,24606.0,24819.0,0.0,622.0,39721.0,29487.0,29375.0,304.0,0.0,0.0,0.0,1020.0,0.0,0.0,103.0,113.0,112.0,45.0,101.0,7587923584.0,26294144.0,48069460128.0,920266053952.0,18593088864.0,0.0,0.0,11769.0,0.0,0.0,13734.0,224.0,15238.0
974,0.0,1.0,0.0,1.0,0.0,652800.0,1.0,318750000.0,1.0,40800000.0,14.0980429649,29926.0,2439.0,9831.0,40472.22222219999,41000.0,42222.22222219999,73.0,25.0,64.0,896.0,5000.0,0.0,25.0,1000000.0,950000.0,1.0,1.0,0.0,10.0,0.0,0.0,0.0,100.0,81139891.0,1549940566.0,1419014792.0,0.0,0.0,0.0,0.0,0.0,1.0,1.0,1.0,1.0,1.0,0.0,0.0,1.0,0.0,0.0,0.0,0.0,0.0,30.0,1.0,104647675.0,560231612.0,109757756.0,84758887.0,1585840230.0,10560.0,73853706659.0,0.0,1.0,1.0,0.0,1.0,0.0,0.0,1.0,1.0,1.0,1.0,2.0,1.0,0.0,0.0,0.0,2.0,0.0,0.0,1.0,1.0,3.0,50.0,50.0,1.0,0.0,0.0,0.0,0.0,0.0,0.0,0.0,0.0,0.0,0.0,2.0,2.0,0.0,1.0,1.0,0.0,1.0,0.0,0.0,0.0,0.0,0.0,1.0,0.0,0.0,1.0,0.0,0.0,0.0,1.0,11.0,0.0,0.0,0.0,0.0,0.0,12.0,0.0,0.0,0.0,0.0,0.0,0.0,0.0,0.0,0.0,1.0,1.0,0.0,0.0,0.0,0.0,1.0,1.0,1.0,0.0,0.0,0.0,0.0,0.0,0.0,1.0,1.0,0.0,0.0,0.0,0.0,0.0,1.0,1.0,0.0,2638061066.0,19414.0,19414.0,24110.0,24110.0,24296.0,0.0,763.0,42937.0,29790.0,29666.0,376.0,0.0,0.0,0.0,1168.0,0.0,0.0,115.0,125.0,124.0,49.0,113.0,9142311840.0,49203296.0,50789148032.0,1412033127392.0,18068125728.0,0.0,0.0,10560.0,0.0,0.0,12401.0,248.0,13474.0
975,0.0,1.0,0.0,1.0,0.0,652800.0,1.0,318750000.0,1.0,40800000.0,15.3872821331,32938.0,2744.0,10746.0,40277.77777780001,41000.0,42111.1111111,73.0,25.0,64.0,896.0,5000.0,0.0,25.0,1000000.0,950000.0,1.0,1.0,0.0,10.0,0.0,0.0,0.0,100.0,86650976.0,1622790624.0,1489662700.0,0.0,0.0,0.0,0.0,0.0,1.0,1.0,1.0,1.0,1.0,0.0,0.0,1.0,0.0,0.0,0.0,0.0,0.0,31.0,1.0,99315335.0,583133490.0,102240697.0,89933601.0,1658523889.0,12472.0,75083115663.0,0.0,1.0,1.0,0.0,1.0,0.0,0.0,1.0,1.0,1.0,1.0,2.0,1.0,0.0,0.0,0.0,2.0,0.0,0.0,1.0,1.0,4.0,50.0,50.0,1.0,0.0,0.0,0.0,0.0,0.0,0.0,0.0,0.0,0.0,0.0,3.0,3.0,0.0,1.0,1.0,0.0,1.0,1.0,0.0,0.0,0.0,0.0,1.0,0.0,0.0,1.0,0.0,0.0,0.0,1.0,11.0,0.0,0.0,0.0,0.0,0.0,12.0,0.0,0.0,0.0,0.0,0.0,0.0,0.0,0.0,0.0,1.0,1.0,0.0,0.0,0.0,0.0,1.0,1.0,1.0,0.0,0.0,0.0,0.0,0.0,0.0,1.0,1.0,0.0,0.0,0.0,0.0,0.0,1.0,1.0,0.0,2779027968.0,21519.0,21519.0,24496.0,24496.0,24740.0,0.0,764.0,45148.0,30801.0,30671.0,284.0,0.0,0.0,0.0,1266.0,0.0,0.0,121.0,131.0,130.0,51.0,119.0,7226145248.0,0.0,52012022432.0,1910308999456.0,16172735680.0,0.0,0.0,12472.0,0.0,0.0,14628.0,260.0,16123.0
976,0.0,1.0,0.0,1.0,0.0,652800.0,1.0,318750000.0,1.0,40800000.0,14.3080029488,26419.0,2210.0,8308.0,40214.2857143,40785.7142857,42071.4285714,73.0,25.0,64.0,896.0,5000.0,0.0,25.0,1000000.0,950000.0,1.0,1.0,0.0,10.0,0.0,0.0,0.0,100.0,79164970.0,1501924825.0,1403184911.0,0.0,0.0,0.0,0.0,0.0,1.0,1.0,1.0,1.0,1.0,0.0,0.0,1.0,0.0,0.0,0.0,0.0,0.0,31.0,1.0,92468993.0,558806415.0,95859122.0,79052443.0,1549767662.0,11856.0,68276758809.0,0.0,1.0,1.0,0.0,1.0,0.0,0.0,1.0,1.0,1.0,1.0,2.0,1.0,0.0,0.0,0.0,2.0,0.0,0.0,1.0,1.0,3.0,50.0,50.0,1.0,0.0,0.0,0.0,0.0,0.0,0.0,0.0,0.0,0.0,0.0,2.0,2.0,0.0,1.0,1.0,0.0,1.0,0.0,0.0,0.0,0.0,0.0,1.0,0.0,0.0,1.0,0.0,0.0,0.0,1.0,11.0,0.0,0.0,0.0,0.0,0.0,12.0,0.0,0.0,0.0,0.0,0.0,0.0,0.0,0.0,0.0,1.0,1.0,0.0,0.0,0.0,0.0,1.0,1.0,1.0,0.0,0.0,0.0,0.0,0.0,0.0,1.0,1.0,0.0,0.0,0.0,0.0,0.0,1.0,1.0,0.0,2601605224.0,20099.0,20099.0,23011.0,23011.0,23223.0,0.0,603.0,38956.0,28764.0,28658.0,255.0,0.0,0.0,0.0,1016.0,0.0,0.0,97.0,107.0,106.0,45.0,95.0,8573914464.0,0.0,47645878272.0,1212862941152.0,17972687264.0,0.0,0.0,11856.0,0.0,0.0,13932.0,212.0,15103.0
977,0.0,1.0,0.0,1.0,0.0,652800.0,1.0,318750000.0,1.0,40800000.0,14.378098010999999,26495.0,2287.0,8764.0,40125.0,40937.5,42000.0,69.0,25.0,64.0,896.0,5000.0,0.0,25.0,1000000.0,950000.0,1.0,0.0,0.0,10.0,0.0,0.0,0.0,500.0,81770605.0,1536925395.0,1394324442.0,0.0,0.0,0.0,0.0,0.0,1.0,1.0,1.0,1.0,1.0,0.0,0.0,1.0,0.0,0.0,0.0,0.0,0.0,32.0,1.0,99104036.0,542914323.0,101526259.0,83382646.0,1521954819.0,11837.0,69065182560.0,0.0,1.0,1.0,0.0,1.0,0.0,0.0,1.0,1.0,1.0,1.0,2.0,1.0,0.0,0.0,0.0,2.0,0.0,0.0,1.0,1.0,3.0,50.0,50.0,1.0,0.0,0.0,0.0,0.0,0.0,0.0,0.0,0.0,0.0,0.0,2.0,2.0,0.0,1.0,1.0,0.0,1.0,0.0,0.0,0.0,0.0,0.0,1.0,0.0,0.0,1.0,0.0,0.0,0.0,1.0,11.0,0.0,0.0,0.0,0.0,0.0,12.0,0.0,0.0,0.0,0.0,0.0,0.0,0.0,0.0,0.0,1.0,1.0,0.0,0.0,0.0,0.0,1.0,1.0,1.0,0.0,0.0,0.0,0.0,0.0,0.0,1.0,1.0,0.0,0.0,0.0,0.0,0.0,1.0,1.0,0.0,2580722135.0,20573.0,20573.0,22225.0,22225.0,22464.0,0.0,623.0,40125.0,28982.0,28870.0,343.0,0.0,0.0,0.0,1092.0,0.0,0.0,103.0,113.0,112.0,53.0,101.0,9310928064.0,2230528.0,48190651328.0,1543407877376.0,16186999776.0,0.0,0.0,11837.0,0.0,0.0,13826.0,224.0,15134.0
978,0.0,1.0,0.0,1.0,0.0,652800.0,1.0,318750000.0,1.0,40800000.0,15.098238945,32710.0,2667.0,10670.0,40083.3333333,40777.77777780001,41944.444444400004,69.0,25.0,64.0,896.0,5000.0,0.0,25.0,1000000.0,950000.0,1.0,0.0,0.0,10.0,0.0,0.0,0.0,500.0,84679084.0,1585426243.0,1450618217.0,0.0,0.0,0.0,0.0,0.0,1.0,1.0,1.0,1.0,1.0,0.0,0.0,1.0,0.0,0.0,0.0,0.0,0.0,30.0,1.0,106385613.0,584424922.0,108549989.0,86007091.0,1583842621.0,10128.0,75406495537.0,0.0,1.0,1.0,0.0,1.0,0.0,0.0,1.0,1.0,1.0,1.0,2.0,1.0,0.0,0.0,0.0,2.0,0.0,0.0,1.0,1.0,3.0,50.0,50.0,1.0,0.0,0.0,0.0,0.0,0.0,0.0,0.0,0.0,0.0,0.0,2.0,2.0,0.0,1.0,1.0,0.0,1.0,0.0,0.0,0.0,0.0,0.0,1.0,0.0,0.0,1.0,0.0,0.0,0.0,1.0,11.0,0.0,0.0,0.0,0.0,0.0,12.0,0.0,0.0,0.0,0.0,0.0,0.0,0.0,0.0,0.0,1.0,1.0,0.0,0.0,0.0,0.0,1.0,1.0,1.0,0.0,0.0,0.0,0.0,0.0,0.0,1.0,1.0,0.0,0.0,0.0,0.0,0.0,1.0,1.0,0.0,2606800579.0,19433.0,19433.0,24894.0,24894.0,25149.0,0.0,795.0,45291.0,30560.0,30430.0,327.0,0.0,0.0,0.0,1274.0,0.0,0.0,121.0,131.0,130.0,46.0,119.0,9703361600.0,34361248.0,52267907488.0,2005586696416.0,15943800288.0,0.0,0.0,10128.0,0.0,0.0,12169.0,260.0,13595.0
979,0.0,1.0,0.0,1.0,0.0,652800.0,1.0,318750000.0,1.0,40800000.0,14.4592511654,26839.0,2439.0,8612.0,39937.5,40687.5,41937.5,69.0,25.0,64.0,896.0,5000.0,0.0,25.0,1000000.0,950000.0,1.0,0.0,0.0,10.0,0.0,0.0,0.0,500.0,74335505.0,1457800647.0,1343849384.0,0.0,0.0,0.0,0.0,0.0,1.0,1.0,1.0,1.0,1.0,0.0,0.0,1.0,0.0,0.0,0.0,0.0,0.0,47.0,1.0,96469257.0,535013463.0,99081271.0,76091757.0,1487015060.0,9815.0,69293842350.0,0.0,1.0,1.0,0.0,1.0,0.0,0.0,1.0,1.0,1.0,1.0,2.0,1.0,0.0,0.0,0.0,2.0,0.0,0.0,1.0,1.0,3.0,50.0,50.0,1.0,0.0,0.0,0.0,0.0,0.0,0.0,0.0,0.0,0.0,0.0,2.0,2.0,0.0,1.0,1.0,0.0,1.0,0.0,0.0,0.0,0.0,0.0,1.0,0.0,0.0,1.0,0.0,0.0,0.0,1.0,11.0,0.0,0.0,0.0,0.0,0.0,12.0,0.0,0.0,0.0,0.0,0.0,0.0,0.0,0.0,0.0,1.0,1.0,0.0,0.0,0.0,0.0,1.0,1.0,1.0,0.0,0.0,0.0,0.0,0.0,0.0,1.0,1.0,0.0,0.0,0.0,0.0,0.0,1.0,1.0,0.0,2506854206.0,18318.0,18318.0,22443.0,22443.0,22639.0,0.0,621.0,39493.0,28965.0,28853.0,263.0,0.0,0.0,0.0,1067.0,0.0,0.0,103.0,113.0,112.0,51.0,101.0,8427267328.0,0.0,47629930496.0,862904809120.0,16159905856.0,0.0,0.0,9815.0,0.0,0.0,11721.0,224.0,12929.0
980,0.0,1.0,0.0,1.0,0.0,652800.0,1.0,318750000.0,1.0,40800000.0,14.013791084300001,29547.0,2515.0,9679.0,39843.75,40500.0,41750.0,82.0,25.0,64.0,896.0,5000.0,0.0,25.0,1000000.0,950000.0,1.0,1.0,0.0,10.0,0.0,0.0,0.0,500.0,79407413.0,1491630835.0,1374403614.0,0.0,0.0,0.0,0.0,0.0,1.0,1.0,1.0,1.0,1.0,0.0,0.0,1.0,0.0,0.0,0.0,0.0,0.0,31.0,1.0,94081721.0,559915434.0,95547627.0,81424934.0,1521888428.0,10866.0,69531203957.0,0.0,1.0,1.0,0.0,1.0,0.0,0.0,1.0,1.0,1.0,1.0,2.0,1.0,0.0,0.0,0.0,2.0,0.0,0.0,1.0,1.0,3.0,50.0,50.0,1.0,0.0,0.0,0.0,0.0,0.0,0.0,0.0,0.0,0.0,0.0,2.0,2.0,0.0,1.0,1.0,0.0,1.0,0.0,0.0,0.0,0.0,0.0,1.0,0.0,0.0,1.0,0.0,0.0,0.0,1.0,11.0,0.0,0.0,0.0,0.0,0.0,12.0,0.0,0.0,0.0,0.0,0.0,0.0,0.0,0.0,0.0,1.0,1.0,0.0,0.0,0.0,0.0,1.0,1.0,1.0,0.0,0.0,0.0,0.0,0.0,0.0,1.0,1.0,0.0,0.0,0.0,0.0,0.0,1.0,1.0,0.0,2598229794.0,19453.0,19453.0,23094.0,23094.0,23259.0,0.0,666.0,41741.0,29885.0,29767.0,298.0,0.0,0.0,0.0,1198.0,0.0,0.0,109.0,119.0,118.0,35.0,107.0,9455374464.0,23066176.0,48391709376.0,851161085664.0,15342594784.0,0.0,0.0,10866.0,0.0,0.0,12835.0,236.0,14241.0
981,0.0,1.0,0.0,1.0,0.0,652800.0,1.0,318750000.0,1.0,40800000.0,15.383621931099999,29888.0,2592.0,9679.0,39805.555555599996,40500.0,41555.555555599996,82.0,25.0,64.0,896.0,5000.0,0.0,25.0,1000000.0,950000.0,1.0,1.0,0.0,10.0,0.0,0.0,0.0,500.0,80275350.0,1550047906.0,1432800807.0,0.0,0.0,0.0,0.0,0.0,1.0,1.0,1.0,1.0,1.0,0.0,0.0,1.0,0.0,0.0,0.0,0.0,0.0,34.0,1.0,111345606.0,596753073.0,112924008.0,83022114.0,1598457171.0,10068.0,74930561751.0,0.0,1.0,1.0,0.0,1.0,0.0,0.0,1.0,1.0,1.0,1.0,2.0,1.0,0.0,0.0,0.0,2.0,0.0,0.0,1.0,1.0,3.0,50.0,50.0,1.0,0.0,0.0,0.0,0.0,0.0,0.0,0.0,0.0,0.0,0.0,2.0,2.0,0.0,1.0,1.0,0.0,1.0,0.0,0.0,0.0,0.0,0.0,1.0,0.0,0.0,1.0,0.0,0.0,0.0,1.0,11.0,0.0,0.0,0.0,0.0,0.0,12.0,0.0,0.0,0.0,0.0,0.0,0.0,0.0,0.0,0.0,1.0,1.0,0.0,0.0,0.0,0.0,1.0,1.0,1.0,0.0,0.0,0.0,0.0,0.0,0.0,1.0,1.0,0.0,0.0,0.0,0.0,0.0,1.0,1.0,0.0,2622844038.0,19306.0,19306.0,24820.0,24820.0,25085.0,0.0,732.0,43677.0,30279.0,30155.0,277.0,0.0,0.0,0.0,1213.0,0.0,0.0,115.0,125.0,124.0,61.0,113.0,7822537472.0,0.0,51798681408.0,1480761702240.0,15678803456.0,0.0,0.0,10068.0,0.0,0.0,12277.0,248.0,13701.0
982,0.0,1.0,0.0,1.0,0.0,652800.0,1.0,318750000.0,1.0,40800000.0,14.1601128578,29888.0,2592.0,9679.0,39625.0,40500.0,41562.5,82.0,25.0,64.0,896.0,5000.0,0.0,25.0,1000000.0,950000.0,1.0,1.0,0.0,10.0,0.0,0.0,0.0,500.0,77292717.0,1490827682.0,1358738743.0,0.0,0.0,0.0,0.0,0.0,1.0,1.0,1.0,1.0,1.0,0.0,0.0,1.0,0.0,0.0,0.0,0.0,0.0,31.0,1.0,94470702.0,547154232.0,97480177.0,80221304.0,1521515080.0,9939.0,68218800902.0,0.0,1.0,1.0,0.0,1.0,0.0,0.0,1.0,1.0,1.0,1.0,2.0,1.0,0.0,0.0,0.0,2.0,0.0,0.0,1.0,1.0,3.0,50.0,50.0,1.0,0.0,0.0,0.0,0.0,0.0,0.0,0.0,0.0,0.0,0.0,2.0,2.0,0.0,1.0,1.0,0.0,1.0,0.0,0.0,0.0,0.0,0.0,1.0,0.0,0.0,1.0,0.0,0.0,0.0,1.0,11.0,0.0,0.0,0.0,0.0,0.0,12.0,0.0,0.0,0.0,0.0,0.0,0.0,0.0,0.0,0.0,1.0,1.0,0.0,0.0,0.0,0.0,1.0,1.0,1.0,0.0,0.0,0.0,0.0,0.0,0.0,1.0,1.0,0.0,0.0,0.0,0.0,0.0,1.0,1.0,0.0,2574853567.0,18467.0,18467.0,23246.0,23246.0,23481.0,0.0,662.0,41572.0,29459.0,29341.0,200.0,0.0,0.0,0.0,1127.0,0.0,0.0,109.0,119.0,118.0,46.0,107.0,7742214592.0,5931776.0,46735196672.0,819864238592.0,13281266880.0,0.0,0.0,9939.0,0.0,0.0,11813.0,236.0,13151.0
983,0.0,1.0,0.0,1.0,0.0,652800.0,1.0,318750000.0,1.0,40800000.0,13.9631140232,29623.0,2439.0,9602.0,39694.444444400004,40388.8888889,41500.0,87.0,25.0,64.0,896.0,5000.0,0.0,25.0,1000000.0,950000.0,1.0,0.0,0.0,10.0,0.0,0.0,100.0,100.0,80923490.0,1519995581.0,1404013536.0,0.0,0.0,0.0,0.0,0.0,1.0,1.0,1.0,1.0,1.0,0.0,0.0,1.0,0.0,0.0,0.0,0.0,0.0,33.0,1.0,94263224.0,546524397.0,96395482.0,81934938.0,1525943843.0,10216.0,71283016324.0,0.0,1.0,1.0,0.0,1.0,0.0,0.0,1.0,1.0,1.0,1.0,2.0,1.0,0.0,0.0,0.0,2.0,0.0,0.0,1.0,1.0,3.0,50.0,50.0,1.0,0.0,0.0,0.0,0.0,0.0,0.0,0.0,0.0,0.0,0.0,2.0,2.0,0.0,1.0,1.0,0.0,1.0,0.0,0.0,0.0,0.0,0.0,1.0,0.0,0.0,1.0,0.0,0.0,0.0,1.0,11.0,0.0,0.0,0.0,0.0,0.0,12.0,0.0,0.0,0.0,0.0,0.0,0.0,0.0,0.0,0.0,1.0,1.0,0.0,0.0,0.0,0.0,1.0,1.0,1.0,0.0,0.0,0.0,0.0,0.0,0.0,1.0,1.0,0.0,0.0,0.0,0.0,0.0,1.0,1.0,0.0,2526373719.0,18759.0,18759.0,23077.0,23077.0,23303.0,0.0,659.0,44271.0,29949.0,29825.0,267.0,0.0,0.0,0.0,1159.0,0.0,0.0,115.0,125.0,124.0,52.0,113.0,7215539744.0,0.0,48774976384.0,1282458080672.0,15231776992.0,0.0,0.0,10216.0,0.0,0.0,12089.0,248.0,13395.0
984,0.0,1.0,0.0,1.0,0.0,652800.0,1.0,318750000.0,1.0,40800000.0,15.2925541401,26763.0,2440.0,8764.0,39750.0,40375.0,41500.0,87.0,25.0,64.0,896.0,5000.0,0.0,25.0,1000000.0,950000.0,1.0,0.0,0.0,10.0,0.0,0.0,100.0,100.0,79542842.0,1508344277.0,1385986649.0,0.0,0.0,0.0,0.0,0.0,1.0,1.0,1.0,1.0,1.0,0.0,0.0,1.0,0.0,0.0,0.0,0.0,0.0,32.0,1.0,93099702.0,540232473.0,96946299.0,81424376.0,1526330019.0,10840.0,69542260825.0,0.0,1.0,1.0,0.0,1.0,0.0,0.0,1.0,1.0,1.0,1.0,2.0,1.0,0.0,0.0,0.0,2.0,0.0,0.0,1.0,1.0,3.0,50.0,50.0,1.0,0.0,0.0,0.0,0.0,0.0,0.0,0.0,0.0,0.0,0.0,2.0,2.0,0.0,1.0,1.0,0.0,1.0,0.0,0.0,0.0,0.0,0.0,1.0,0.0,0.0,1.0,0.0,0.0,0.0,1.0,11.0,0.0,0.0,0.0,0.0,0.0,12.0,0.0,0.0,0.0,0.0,0.0,0.0,0.0,0.0,0.0,1.0,1.0,0.0,0.0,0.0,0.0,1.0,1.0,1.0,0.0,0.0,0.0,0.0,0.0,0.0,1.0,1.0,0.0,0.0,0.0,0.0,0.0,1.0,1.0,0.0,2567245286.0,19428.0,19428.0,23598.0,23598.0,23791.0,0.0,674.0,39276.0,29322.0,29210.0,339.0,0.0,0.0,0.0,1143.0,0.0,0.0,103.0,113.0,112.0,46.0,101.0,8553259648.0,0.0,48071751904.0,1191329529664.0,15650121248.0,0.0,0.0,10840.0,0.0,0.0,13019.0,224.0,14305.0
985,0.0,1.0,0.0,1.0,0.0,652800.0,1.0,318750000.0,1.0,40800000.0,14.618421793,26573.0,2440.0,8764.0,39562.5,40187.5,41250.0,87.0,25.0,64.0,896.0,5000.0,0.0,25.0,1000000.0,950000.0,1.0,0.0,0.0,10.0,0.0,0.0,100.0,100.0,77712377.0,1465738597.0,1351599634.0,0.0,0.0,0.0,0.0,0.0,1.0,1.0,1.0,1.0,1.0,0.0,0.0,1.0,0.0,0.0,0.0,0.0,0.0,33.0,1.0,96142861.0,538677012.0,96754286.0,79040091.0,1482368439.0,10284.0,67955020050.0,0.0,1.0,1.0,0.0,1.0,0.0,0.0,1.0,1.0,1.0,1.0,2.0,1.0,0.0,0.0,0.0,2.0,0.0,0.0,1.0,1.0,3.0,50.0,50.0,1.0,0.0,0.0,0.0,0.0,0.0,0.0,0.0,0.0,0.0,0.0,2.0,2.0,0.0,1.0,1.0,0.0,1.0,0.0,0.0,0.0,0.0,0.0,1.0,0.0,0.0,1.0,0.0,0.0,0.0,1.0,11.0,0.0,0.0,0.0,0.0,0.0,12.0,0.0,0.0,0.0,0.0,0.0,0.0,0.0,0.0,0.0,1.0,1.0,0.0,0.0,0.0,0.0,1.0,1.0,1.0,0.0,0.0,0.0,0.0,0.0,0.0,1.0,1.0,0.0,0.0,0.0,0.0,0.0,1.0,1.0,0.0,2509209816.0,18725.0,18725.0,22342.0,22342.0,22536.0,0.0,631.0,38653.0,29141.0,29029.0,260.0,0.0,0.0,0.0,1047.0,0.0,0.0,103.0,113.0,112.0,41.0,101.0,8003976640.0,3522080.0,47231589952.0,839177483808.0,15174184576.0,0.0,0.0,10284.0,0.0,0.0,12104.0,224.0,13474.0
986,0.0,1.0,0.0,1.0,0.0,652800.0,1.0,318750000.0,1.0,40800000.0,14.3897340298,29736.0,2592.0,9527.0,39500.0,40250.0,41250.0,69.0,25.0,64.0,896.0,5000.0,0.0,25.0,1000000.0,950000.0,1.0,1.0,0.0,10.0,0.0,0.0,100.0,100.0,76847863.0,1481098887.0,1372084446.0,0.0,0.0,0.0,0.0,0.0,1.0,1.0,1.0,1.0,1.0,0.0,0.0,1.0,0.0,0.0,0.0,0.0,0.0,33.0,1.0,90347008.0,561222677.0,95179598.0,81001349.0,1524335434.0,9460.0,69975890986.0,0.0,1.0,1.0,0.0,1.0,0.0,0.0,1.0,1.0,1.0,1.0,2.0,1.0,0.0,0.0,0.0,2.0,0.0,0.0,1.0,1.0,3.0,50.0,50.0,1.0,0.0,0.0,0.0,0.0,0.0,0.0,0.0,0.0,0.0,0.0,2.0,2.0,0.0,1.0,1.0,0.0,1.0,0.0,0.0,0.0,0.0,0.0,1.0,0.0,0.0,1.0,0.0,0.0,0.0,1.0,11.0,0.0,0.0,0.0,0.0,0.0,12.0,0.0,0.0,0.0,0.0,0.0,0.0,0.0,0.0,0.0,1.0,1.0,0.0,0.0,0.0,0.0,1.0,1.0,1.0,0.0,0.0,0.0,0.0,0.0,0.0,1.0,1.0,0.0,0.0,0.0,0.0,0.0,1.0,1.0,0.0,2544634515.0,17813.0,17813.0,22599.0,22599.0,22809.0,0.0,695.0,41928.0,29750.0,29632.0,265.0,0.0,0.0,0.0,1059.0,0.0,0.0,109.0,119.0,118.0,44.0,107.0,8192495648.0,6027488.0,48227632512.0,1143784974304.0,14443973888.0,0.0,0.0,9460.0,0.0,0.0,11338.0,236.0,12677.0
987,0.0,1.0,0.0,1.0,0.0,652800.0,1.0,318750000.0,1.0,40800000.0,15.2866370678,23179.0,1982.0,7469.0,39437.5,40250.0,41250.0,69.0,25.0,64.0,896.0,5000.0,0.0,25.0,1000000.0,950000.0,1.0,1.0,0.0,10.0,0.0,0.0,100.0,100.0,84063900.0,1594900177.0,1449134493.0,0.0,0.0,0.0,0.0,0.0,1.0,1.0,1.0,1.0,1.0,0.0,0.0,1.0,0.0,0.0,0.0,0.0,0.0,45.0,1.0,90634378.0,566961223.0,93734361.0,87453779.0,1602732858.0,14519.0,70396886530.0,0.0,1.0,1.0,0.0,1.0,0.0,0.0,1.0,1.0,1.0,1.0,2.0,1.0,0.0,0.0,0.0,2.0,0.0,0.0,1.0,1.0,3.0,50.0,50.0,1.0,0.0,0.0,0.0,0.0,0.0,0.0,0.0,0.0,0.0,0.0,2.0,2.0,0.0,1.0,1.0,0.0,1.0,0.0,0.0,0.0,0.0,0.0,1.0,0.0,0.0,1.0,0.0,0.0,0.0,1.0,11.0,0.0,0.0,0.0,0.0,0.0,12.0,0.0,0.0,0.0,0.0,0.0,0.0,0.0,0.0,0.0,1.0,1.0,0.0,0.0,0.0,0.0,1.0,1.0,1.0,0.0,0.0,0.0,0.0,0.0,0.0,1.0,1.0,0.0,0.0,0.0,0.0,0.0,1.0,1.0,0.0,2689739351.0,23258.0,23258.0,23519.0,23519.0,23745.0,0.0,561.0,38338.0,28540.0,28434.0,276.0,0.0,0.0,0.0,912.0,0.0,0.0,97.0,107.0,106.0,51.0,95.0,8216546688.0,49379936.0,48677489504.0,1531631148320.0,20758374944.0,0.0,0.0,14519.0,0.0,0.0,16467.0,212.0,17838.0
988,0.0,1.0,0.0,1.0,0.0,652800.0,1.0,318750000.0,1.0,40800000.0,14.2089309692,29888.0,2592.0,9527.0,39388.8888889,40111.1111111,41111.1111111,69.0,25.0,64.0,896.0,5000.0,0.0,25.0,1000000.0,950000.0,1.0,1.0,0.0,10.0,0.0,0.0,100.0,100.0,82001422.0,1514600653.0,1404352642.0,0.0,0.0,0.0,0.0,0.0,1.0,1.0,1.0,1.0,1.0,0.0,0.0,1.0,0.0,0.0,0.0,0.0,0.0,32.0,1.0,101556121.0,570502625.0,103937065.0,80859717.0,1548008747.0,10543.0,71773356846.0,0.0,1.0,1.0,0.0,1.0,0.0,0.0,1.0,1.0,1.0,1.0,2.0,1.0,0.0,0.0,0.0,2.0,0.0,0.0,1.0,1.0,3.0,50.0,50.0,1.0,0.0,0.0,0.0,0.0,0.0,0.0,0.0,0.0,0.0,0.0,2.0,2.0,0.0,1.0,1.0,0.0,1.0,0.0,0.0,0.0,0.0,0.0,1.0,0.0,0.0,1.0,0.0,0.0,0.0,1.0,11.0,0.0,0.0,0.0,0.0,0.0,12.0,0.0,0.0,0.0,0.0,0.0,0.0,0.0,0.0,0.0,1.0,1.0,0.0,0.0,0.0,0.0,1.0,1.0,1.0,0.0,0.0,0.0,0.0,0.0,0.0,1.0,1.0,0.0,0.0,0.0,0.0,0.0,1.0,1.0,0.0,2621027642.0,19629.0,19629.0,24073.0,24073.0,24297.0,0.0,664.0,43459.0,29823.0,29699.0,266.0,0.0,0.0,0.0,1129.0,0.0,0.0,115.0,125.0,124.0,53.0,113.0,8285087904.0,0.0,49540922528.0,1018409522624.0,15565013984.0,0.0,0.0,10543.0,0.0,0.0,12355.0,248.0,13845.0
989,0.0,1.0,0.0,1.0,0.0,652800.0,1.0,318750000.0,1.0,40800000.0,13.941337108599999,28516.0,2283.0,8534.0,39343.75,40000.0,41250.0,92.0,25.0,64.0,896.0,5000.0,0.0,25.0,1000000.0,950000.0,1.0,0.0,0.0,10.0,0.0,0.0,100.0,500.0,73751320.0,1464912184.0,1344698277.0,0.0,0.0,0.0,0.0,0.0,1.0,1.0,1.0,1.0,1.0,0.0,0.0,1.0,0.0,0.0,0.0,0.0,0.0,26.0,1.0,89551597.0,543212749.0,92532329.0,74996584.0,1490860921.0,9322.0,68841233614.0,0.0,1.0,1.0,0.0,1.0,0.0,0.0,1.0,1.0,1.0,1.0,2.0,1.0,0.0,0.0,0.0,2.0,0.0,0.0,1.0,1.0,3.0,50.0,50.0,1.0,0.0,0.0,0.0,0.0,0.0,0.0,0.0,0.0,0.0,0.0,2.0,2.0,0.0,1.0,1.0,0.0,1.0,0.0,0.0,0.0,0.0,0.0,1.0,0.0,0.0,1.0,0.0,0.0,0.0,1.0,11.0,0.0,0.0,0.0,0.0,0.0,12.0,0.0,0.0,0.0,0.0,0.0,0.0,0.0,0.0,0.0,1.0,1.0,0.0,0.0,0.0,0.0,1.0,1.0,1.0,0.0,0.0,0.0,0.0,0.0,0.0,1.0,1.0,0.0,0.0,0.0,0.0,0.0,1.0,1.0,0.0,2502487187.0,17936.0,17936.0,23668.0,23668.0,23876.0,0.0,613.0,39287.0,29287.0,29175.0,227.0,0.0,0.0,0.0,1044.0,0.0,0.0,103.0,113.0,112.0,46.0,101.0,7214904960.0,9884768.0,47855758496.0,1643876918624.0,13937697376.0,0.0,0.0,9322.0,0.0,0.0,11198.0,224.0,12383.0
990,0.0,1.0,0.0,1.0,0.0,652800.0,1.0,318750000.0,1.0,40800000.0,15.325948,26611.0,2363.0,8612.0,39357.1428571,40000.0,41214.2857143,92.0,25.0,64.0,896.0,5000.0,0.0,25.0,1000000.0,950000.0,1.0,0.0,0.0,10.0,0.0,0.0,100.0,500.0,73778200.0,1450244229.0,1334575135.0,0.0,0.0,0.0,0.0,0.0,1.0,1.0,1.0,1.0,1.0,0.0,0.0,1.0,0.0,0.0,0.0,0.0,0.0,34.0,1.0,89248724.0,536703212.0,92104691.0,75657099.0,1482983684.0,10131.0,70415417749.0,0.0,1.0,1.0,0.0,1.0,0.0,0.0,1.0,1.0,1.0,1.0,2.0,1.0,0.0,0.0,0.0,2.0,0.0,0.0,1.0,1.0,3.0,50.0,50.0,1.0,0.0,0.0,0.0,0.0,0.0,0.0,0.0,0.0,0.0,0.0,2.0,2.0,0.0,1.0,1.0,0.0,1.0,0.0,0.0,0.0,0.0,0.0,1.0,0.0,0.0,1.0,0.0,0.0,0.0,1.0,11.0,0.0,0.0,0.0,0.0,0.0,12.0,0.0,0.0,0.0,0.0,0.0,0.0,0.0,0.0,0.0,1.0,1.0,0.0,0.0,0.0,0.0,1.0,1.0,1.0,0.0,0.0,0.0,0.0,0.0,0.0,1.0,1.0,0.0,0.0,0.0,0.0,0.0,1.0,1.0,0.0,2501384578.0,18940.0,18940.0,22847.0,22847.0,23027.0,0.0,551.0,38293.0,28370.0,28264.0,264.0,0.0,0.0,0.0,1008.0,0.0,0.0,97.0,107.0,106.0,42.0,95.0,8444602208.0,9774720.0,48206722688.0,1530829130368.0,16543608512.0,0.0,0.0,10131.0,0.0,0.0,12062.0,212.0,13316.0
991,0.0,1.0,0.0,1.0,0.0,652800.0,1.0,318750000.0,1.0,40800000.0,13.971628904300001,29469.0,2592.0,9679.0,39281.25,39937.5,41125.0,92.0,25.0,64.0,896.0,5000.0,0.0,25.0,1000000.0,950000.0,1.0,0.0,0.0,10.0,0.0,0.0,100.0,500.0,78824363.0,1506196623.0,1394596572.0,0.0,0.0,0.0,0.0,0.0,1.0,1.0,1.0,1.0,1.0,0.0,0.0,1.0,0.0,0.0,0.0,0.0,0.0,32.0,1.0,90532487.0,544885485.0,92018498.0,81078965.0,1543152932.0,11248.0,68799979363.0,0.0,1.0,1.0,0.0,1.0,0.0,0.0,1.0,1.0,1.0,1.0,2.0,1.0,0.0,0.0,0.0,2.0,0.0,0.0,1.0,1.0,3.0,50.0,50.0,1.0,0.0,0.0,0.0,0.0,0.0,0.0,0.0,0.0,0.0,0.0,2.0,2.0,0.0,1.0,1.0,0.0,1.0,0.0,0.0,0.0,0.0,0.0,1.0,0.0,0.0,1.0,0.0,0.0,0.0,1.0,11.0,0.0,0.0,0.0,0.0,0.0,12.0,0.0,0.0,0.0,0.0,0.0,0.0,0.0,0.0,0.0,1.0,1.0,0.0,0.0,0.0,0.0,1.0,1.0,1.0,0.0,0.0,0.0,0.0,0.0,0.0,1.0,1.0,0.0,0.0,0.0,0.0,0.0,1.0,1.0,0.0,2615521244.0,19780.0,19780.0,22997.0,22997.0,23197.0,0.0,618.0,41330.0,29808.0,29690.0,301.0,0.0,0.0,0.0,1104.0,0.0,0.0,109.0,119.0,118.0,43.0,107.0,7606311840.0,0.0,48015477728.0,978414448064.0,15500478432.0,0.0,0.0,11248.0,0.0,0.0,13093.0,236.0,14760.0
992,0.0,1.0,0.0,1.0,0.0,652800.0,1.0,318750000.0,1.0,40800000.0,14.251611947999999,29662.0,2592.0,9679.0,39250.0,39937.5,41187.5,84.0,25.0,64.0,896.0,5000.0,0.0,25.0,1000000.0,950000.0,1.0,1.0,0.0,10.0,0.0,0.0,100.0,500.0,77444830.0,1517234673.0,1404916987.0,0.0,0.0,0.0,0.0,0.0,1.0,1.0,1.0,1.0,1.0,0.0,0.0,1.0,0.0,0.0,0.0,0.0,0.0,32.0,1.0,92892825.0,559987624.0,93405449.0,81125480.0,1541628529.0,10021.0,69962166181.0,0.0,1.0,1.0,0.0,1.0,0.0,0.0,1.0,1.0,1.0,1.0,2.0,1.0,0.0,0.0,0.0,2.0,0.0,0.0,1.0,1.0,3.0,50.0,50.0,1.0,0.0,0.0,0.0,0.0,0.0,0.0,0.0,0.0,0.0,0.0,2.0,2.0,0.0,1.0,1.0,0.0,1.0,0.0,0.0,0.0,0.0,0.0,1.0,0.0,0.0,1.0,0.0,0.0,0.0,1.0,11.0,0.0,0.0,0.0,0.0,0.0,12.0,0.0,0.0,0.0,0.0,0.0,0.0,0.0,0.0,0.0,1.0,1.0,0.0,0.0,0.0,0.0,1.0,1.0,1.0,0.0,0.0,0.0,0.0,0.0,0.0,1.0,1.0,0.0,0.0,0.0,0.0,0.0,1.0,1.0,0.0,2575663021.0,18878.0,18878.0,22917.0,22917.0,23149.0,0.0,665.0,40920.0,29448.0,29330.0,358.0,0.0,0.0,0.0,1141.0,0.0,0.0,109.0,119.0,118.0,47.0,107.0,8842698464.0,18562976.0,48628324000.0,1076992650176.0,14859573824.0,0.0,0.0,10021.0,0.0,0.0,12080.0,236.0,13412.0
993,0.0,1.0,0.0,1.0,0.0,652800.0,1.0,318750000.0,1.0,40800000.0,15.2386848927,23026.0,1982.0,7393.0,39281.25,40000.0,41250.0,84.0,25.0,64.0,896.0,5000.0,0.0,25.0,1000000.0,950000.0,1.0,1.0,0.0,10.0,0.0,0.0,100.0,500.0,83845636.0,1541387943.0,1422108575.0,0.0,0.0,0.0,0.0,0.0,1.0,1.0,1.0,1.0,1.0,0.0,0.0,1.0,0.0,0.0,0.0,0.0,0.0,31.0,1.0,88373191.0,553318617.0,89749739.0,86477846.0,1552474121.0,13911.0,68671499423.0,0.0,1.0,1.0,0.0,1.0,0.0,0.0,1.0,1.0,1.0,1.0,2.0,1.0,0.0,0.0,0.0,2.0,0.0,0.0,1.0,1.0,3.0,50.0,50.0,1.0,0.0,0.0,0.0,0.0,0.0,0.0,0.0,0.0,0.0,0.0,2.0,2.0,0.0,1.0,1.0,0.0,1.0,0.0,0.0,0.0,0.0,0.0,1.0,0.0,0.0,1.0,0.0,0.0,0.0,1.0,11.0,0.0,0.0,0.0,0.0,0.0,12.0,0.0,0.0,0.0,0.0,0.0,0.0,0.0,0.0,0.0,1.0,1.0,0.0,0.0,0.0,0.0,1.0,1.0,1.0,0.0,0.0,0.0,0.0,0.0,0.0,1.0,1.0,0.0,0.0,0.0,0.0,0.0,1.0,1.0,0.0,2650925404.0,22831.0,22831.0,23454.0,23454.0,23644.0,0.0,618.0,38760.0,28603.0,28497.0,273.0,0.0,0.0,0.0,1137.0,0.0,0.0,97.0,107.0,106.0,41.0,95.0,8996925280.0,735904.0,49446273696.0,1260381753312.0,19329919904.0,0.0,0.0,13911.0,0.0,0.0,16131.0,212.0,17440.0
994,0.0,1.0,0.0,1.0,0.0,652800.0,1.0,318750000.0,1.0,40800000.0,14.0503718853,26345.0,2363.0,8536.0,39281.25,39875.0,41187.5,84.0,25.0,64.0,896.0,5000.0,0.0,25.0,1000000.0,950000.0,1.0,1.0,0.0,10.0,0.0,0.0,100.0,500.0,73297987.0,1428003411.0,1305618965.0,0.0,0.0,0.0,0.0,0.0,1.0,1.0,1.0,1.0,1.0,0.0,0.0,1.0,0.0,0.0,0.0,0.0,0.0,35.0,1.0,94089267.0,520024448.0,97708331.0,75898830.0,1459569040.0,8960.0,68032282492.0,0.0,1.0,1.0,0.0,1.0,0.0,0.0,1.0,1.0,1.0,1.0,2.0,1.0,0.0,0.0,0.0,2.0,0.0,0.0,1.0,1.0,3.0,50.0,50.0,1.0,0.0,0.0,0.0,0.0,0.0,0.0,0.0,0.0,0.0,0.0,2.0,2.0,0.0,1.0,1.0,0.0,1.0,0.0,0.0,0.0,0.0,0.0,1.0,0.0,0.0,1.0,0.0,0.0,0.0,1.0,11.0,0.0,0.0,0.0,0.0,0.0,12.0,0.0,0.0,0.0,0.0,0.0,0.0,0.0,0.0,0.0,1.0,1.0,0.0,0.0,0.0,0.0,1.0,1.0,1.0,0.0,0.0,0.0,0.0,0.0,0.0,1.0,1.0,0.0,0.0,0.0,0.0,0.0,1.0,1.0,0.0,2462637557.0,17155.0,17155.0,22310.0,22310.0,22512.0,0.0,642.0,40418.0,29310.0,29198.0,278.0,0.0,0.0,0.0,1034.0,0.0,0.0,103.0,113.0,112.0,49.0,101.0,6760744832.0,0.0,46294419104.0,867339512096.0,14557729728.0,0.0,0.0,8960.0,0.0,0.0,10794.0,224.0,12062.0
995,0.0,1.0,1.0,0.0,0.0,960000.0,1.0,1300500000.0,1.0,1600000000.0,0.0979270935059,6019.0,990.0,1980.0,39250.0,42000.0,42000.0,93.0,25.0,64.0,896.0,5000.0,0.0,25.0,1000000.0,950000.0,1.0,0.0,0.0,10.0,0.0,0.0,0.0,100.0,18958763.0,568889564.0,554507563.0,0.0,0.0,0.0,0.0,0.0,1.0,1.0,1.0,1.0,1.0,0.0,0.0,1.0,0.0,0.0,0.0,0.0,0.0,26.0,1.0,14408394.0,253078342.0,14533196.0,18625131.0,576617810.0,637.0,2273493652.0,0.0,1.0,1.0,0.0,1.0,0.0,0.0,1.0,1.0,1.0,1.0,2.0,1.0,0.0,0.0,0.0,2.0,0.0,0.0,1.0,1.0,3.0,50.0,50.0,1.0,0.0,0.0,0.0,0.0,0.0,0.0,0.0,0.0,0.0,0.0,2.0,2.0,0.0,1.0,1.0,0.0,1.0,0.0,0.0,0.0,0.0,0.0,1.0,0.0,0.0,1.0,0.0,0.0,0.0,1.0,10.0,0.0,0.0,0.0,0.0,0.0,11.0,0.0,0.0,0.0,0.0,0.0,0.0,0.0,0.0,0.0,1.0,1.0,0.0,0.0,0.0,0.0,1.0,1.0,1.0,0.0,0.0,0.0,0.0,0.0,0.0,1.0,1.0,0.0,0.0,0.0,0.0,0.0,1.0,1.0,0.0,1271983050.0,587.0,587.0,1059.0,1059.0,1094.0,0.0,40.0,18078.0,20872.0,20852.0,94.0,0.0,0.0,0.0,40.0,0.0,0.0,19.0,21.0,20.0,8.0,17.0,209450912.0,852192.0,1343073920.0,8752106208.0,100092000.0,0.0,0.0,637.0,0.0,0.0,788.0,40.0,869.0
996,0.0,1.0,1.0,0.0,0.0,960000.0,1.0,1300500000.0,1.0,1600000000.0,0.09772896766660001,5335.0,1142.0,1371.0,41750.0,42500.0,41500.0,93.0,25.0,64.0,896.0,5000.0,0.0,25.0,1000000.0,950000.0,1.0,0.0,0.0,10.0,0.0,0.0,0.0,100.0,18050721.0,543092877.0,540064695.0,0.0,0.0,0.0,0.0,0.0,1.0,1.0,1.0,1.0,1.0,0.0,0.0,1.0,0.0,0.0,0.0,0.0,0.0,28.0,1.0,14172163.0,258098804.0,14009567.0,17246188.0,565643409.0,439.0,2178894651.0,0.0,1.0,1.0,0.0,1.0,0.0,0.0,1.0,1.0,1.0,1.0,2.0,1.0,0.0,0.0,0.0,2.0,0.0,0.0,1.0,1.0,3.0,50.0,50.0,1.0,0.0,0.0,0.0,0.0,0.0,0.0,0.0,0.0,0.0,0.0,2.0,2.0,0.0,1.0,1.0,0.0,1.0,0.0,0.0,0.0,0.0,0.0,1.0,0.0,0.0,1.0,0.0,0.0,0.0,1.0,11.0,0.0,0.0,0.0,0.0,0.0,12.0,0.0,0.0,0.0,0.0,0.0,0.0,0.0,0.0,0.0,1.0,1.0,0.0,0.0,0.0,0.0,1.0,1.0,1.0,0.0,0.0,0.0,0.0,0.0,0.0,1.0,1.0,0.0,0.0,0.0,0.0,0.0,1.0,1.0,0.0,1288529240.0,405.0,405.0,1090.0,1090.0,1115.0,0.0,36.0,18450.0,20983.0,20963.0,75.0,0.0,0.0,0.0,44.0,0.0,0.0,19.0,21.0,20.0,5.0,17.0,107085568.0,0.0,1353764448.0,12008165280.0,63228704.0,0.0,0.0,439.0,0.0,0.0,538.0,40.0,679.0
997,0.0,1.0,1.0,0.0,0.0,960000.0,1.0,1300500000.0,1.0,1600000000.0,0.0979640483856,5373.0,1066.0,1371.0,39500.0,42500.0,41500.0,93.0,25.0,64.0,896.0,5000.0,0.0,25.0,1000000.0,950000.0,1.0,0.0,0.0,10.0,0.0,0.0,0.0,100.0,17486337.0,559269108.0,532875301.0,0.0,0.0,0.0,0.0,0.0,1.0,1.0,1.0,1.0,1.0,0.0,0.0,1.0,0.0,0.0,0.0,0.0,0.0,34.0,1.0,13915181.0,242850737.0,13695846.0,18470608.0,564547458.0,443.0,2201426945.0,0.0,1.0,1.0,0.0,1.0,0.0,0.0,1.0,1.0,1.0,1.0,2.0,1.0,0.0,0.0,0.0,2.0,0.0,0.0,1.0,1.0,3.0,50.0,50.0,1.0,0.0,0.0,0.0,0.0,0.0,0.0,0.0,0.0,0.0,0.0,2.0,2.0,0.0,1.0,1.0,0.0,1.0,0.0,0.0,0.0,0.0,0.0,1.0,0.0,0.0,1.0,0.0,0.0,0.0,1.0,10.0,0.0,0.0,0.0,0.0,0.0,11.0,0.0,0.0,0.0,0.0,0.0,0.0,0.0,0.0,0.0,1.0,1.0,0.0,0.0,0.0,0.0,1.0,1.0,1.0,0.0,0.0,0.0,0.0,0.0,0.0,1.0,1.0,0.0,0.0,0.0,0.0,0.0,1.0,1.0,0.0,1288844198.0,446.0,446.0,1041.0,1041.0,1070.0,0.0,48.0,18800.0,20838.0,20818.0,157.0,0.0,0.0,0.0,47.0,0.0,0.0,19.0,21.0,20.0,6.0,17.0,13084416.0,0.0,1280674080.0,17275601664.0,67617728.0,0.0,0.0,443.0,0.0,0.0,629.0,40.0,718.0
998,0.0,1.0,1.0,0.0,0.0,960000.0,1.0,1300500000.0,1.0,1600000000.0,0.0962479114532,5450.0,1142.0,1295.0,39500.0,41500.0,41500.0,87.0,25.0,64.0,896.0,5000.0,0.0,25.0,1000000.0,950000.0,1.0,1.0,0.0,10.0,0.0,0.0,0.0,100.0,17981740.0,550715437.0,526857784.0,0.0,0.0,0.0,0.0,0.0,1.0,1.0,1.0,1.0,1.0,0.0,0.0,1.0,0.0,0.0,0.0,0.0,0.0,32.0,1.0,14086508.0,252473180.0,14066067.0,18164094.0,568235363.0,540.0,2163254417.0,0.0,1.0,1.0,0.0,1.0,0.0,0.0,1.0,1.0,1.0,1.0,2.0,1.0,0.0,0.0,0.0,2.0,0.0,0.0,1.0,1.0,3.0,50.0,50.0,1.0,0.0,0.0,0.0,0.0,0.0,0.0,0.0,0.0,0.0,0.0,2.0,2.0,0.0,1.0,1.0,0.0,1.0,0.0,0.0,0.0,0.0,0.0,1.0,0.0,0.0,1.0,0.0,0.0,0.0,1.0,10.0,0.0,0.0,0.0,0.0,0.0,11.0,0.0,0.0,0.0,0.0,0.0,0.0,0.0,0.0,0.0,1.0,1.0,0.0,0.0,0.0,0.0,1.0,1.0,1.0,0.0,0.0,0.0,0.0,0.0,0.0,1.0,1.0,0.0,0.0,0.0,0.0,0.0,1.0,1.0,0.0,1301567154.0,509.0,509.0,1127.0,1127.0,1161.0,0.0,49.0,18747.0,20877.0,20857.0,44.0,0.0,0.0,0.0,47.0,0.0,0.0,19.0,21.0,20.0,5.0,17.0,13549344.0,0.0,1377838880.0,16176395872.0,119400128.0,0.0,0.0,540.0,0.0,0.0,632.0,40.0,674.0
999,0.0,1.0,1.0,0.0,0.0,960000.0,1.0,1300500000.0,1.0,1600000000.0,0.0965909957886,5450.0,1066.0,1295.0,39500.0,42500.0,42000.0,87.0,25.0,64.0,896.0,5000.0,0.0,25.0,1000000.0,950000.0,1.0,1.0,0.0,10.0,0.0,0.0,0.0,100.0,19039552.0,557938533.0,543219132.0,0.0,0.0,0.0,0.0,0.0,1.0,1.0,1.0,1.0,1.0,0.0,0.0,1.0,0.0,0.0,0.0,0.0,0.0,33.0,1.0,14187770.0,257980792.0,13992836.0,18938792.0,558327710.0,546.0,2154771613.0,0.0,1.0,1.0,0.0,1.0,0.0,0.0,1.0,1.0,1.0,1.0,2.0,1.0,0.0,0.0,0.0,2.0,0.0,0.0,1.0,1.0,3.0,50.0,50.0,1.0,0.0,0.0,0.0,0.0,0.0,0.0,0.0,0.0,0.0,0.0,2.0,2.0,0.0,1.0,1.0,0.0,1.0,0.0,0.0,0.0,0.0,0.0,1.0,0.0,0.0,1.0,0.0,0.0,0.0,1.0,11.0,0.0,0.0,0.0,0.0,0.0,12.0,0.0,0.0,0.0,0.0,0.0,0.0,0.0,0.0,0.0,1.0,1.0,0.0,0.0,0.0,0.0,1.0,1.0,1.0,0.0,0.0,0.0,0.0,0.0,0.0,1.0,1.0,0.0,0.0,0.0,0.0,0.0,1.0,1.0,0.0,1309755806.0,504.0,504.0,1133.0,1133.0,1165.0,0.0,34.0,19177.0,20868.0,20848.0,82.0,0.0,0.0,0.0,50.0,0.0,0.0,19.0,21.0,20.0,8.0,17.0,219861184.0,0.0,1391369216.0,14159155392.0,100951872.0,0.0,0.0,546.0,0.0,0.0,681.0,40.0,693.0
1000,0.0,1.0,1.0,0.0,0.0,960000.0,1.0,1300500000.0,1.0,1600000000.0,0.0967390537262,5450.0,1066.0,1371.0,39750.0,42500.0,42000.0,87.0,25.0,64.0,896.0,5000.0,0.0,25.0,1000000.0,950000.0,1.0,1.0,0.0,10.0,0.0,0.0,0.0,100.0,18251993.0,561254906.0,547278148.0,0.0,0.0,0.0,0.0,0.0,1.0,1.0,1.0,1.0,1.0,0.0,0.0,1.0,0.0,0.0,0.0,0.0,0.0,34.0,1.0,14432766.0,255170233.0,14262725.0,18613442.0,562946102.0,446.0,2201674798.0,0.0,1.0,1.0,0.0,1.0,0.0,0.0,1.0,1.0,1.0,1.0,2.0,1.0,0.0,0.0,0.0,2.0,0.0,0.0,1.0,1.0,3.0,50.0,50.0,1.0,0.0,0.0,0.0,0.0,0.0,0.0,0.0,0.0,0.0,0.0,2.0,2.0,0.0,1.0,1.0,0.0,1.0,0.0,0.0,0.0,0.0,0.0,1.0,0.0,0.0,1.0,0.0,0.0,0.0,1.0,10.0,0.0,0.0,0.0,0.0,0.0,11.0,0.0,0.0,0.0,0.0,0.0,0.0,0.0,0.0,0.0,1.0,1.0,0.0,0.0,0.0,0.0,1.0,1.0,1.0,0.0,0.0,0.0,0.0,0.0,0.0,1.0,1.0,0.0,0.0,0.0,0.0,0.0,1.0,1.0,0.0,1299856680.0,466.0,466.0,1080.0,1080.0,1107.0,0.0,42.0,18848.0,20939.0,20919.0,36.0,0.0,0.0,0.0,41.0,0.0,0.0,19.0,21.0,20.0,8.0,17.0,14412832.0,0.0,1311491744.0,13894778400.0,86591232.0,0.0,0.0,446.0,0.0,0.0,542.0,40.0,654.0
1001,0.0,1.0,1.0,0.0,0.0,960000.0,1.0,1300500000.0,1.0,1600000000.0,0.09655404090880002,5450.0,1142.0,1295.0,41500.0,41500.0,41500.0,82.0,25.0,64.0,896.0,5000.0,0.0,25.0,1000000.0,950000.0,1.0,0.0,0.0,10.0,0.0,0.0,0.0,500.0,16802506.0,570093609.0,540623835.0,0.0,0.0,0.0,0.0,0.0,1.0,1.0,1.0,1.0,1.0,0.0,0.0,1.0,0.0,0.0,0.0,0.0,0.0,32.0,1.0,13851421.0,252633416.0,13961320.0,18156567.0,570594467.0,580.0,2207397205.0,0.0,1.0,1.0,0.0,1.0,0.0,0.0,1.0,1.0,1.0,1.0,2.0,1.0,0.0,0.0,0.0,2.0,0.0,0.0,1.0,1.0,3.0,50.0,50.0,1.0,0.0,0.0,0.0,0.0,0.0,0.0,0.0,0.0,0.0,0.0,2.0,2.0,0.0,1.0,1.0,0.0,1.0,0.0,0.0,0.0,0.0,0.0,1.0,0.0,0.0,1.0,0.0,0.0,0.0,1.0,11.0,0.0,0.0,0.0,0.0,0.0,12.0,0.0,0.0,0.0,0.0,0.0,0.0,0.0,0.0,0.0,1.0,1.0,0.0,0.0,0.0,0.0,1.0,1.0,1.0,0.0,0.0,0.0,0.0,0.0,0.0,1.0,1.0,0.0,0.0,0.0,0.0,0.0,1.0,1.0,0.0,1306346427.0,539.0,539.0,1123.0,1123.0,1160.0,0.0,50.0,19021.0,20926.0,20906.0,32.0,0.0,0.0,0.0,61.0,0.0,0.0,19.0,21.0,20.0,7.0,17.0,8909216.0,1407360.0,1407689056.0,22844999008.0,116043616.0,0.0,0.0,580.0,0.0,0.0,705.0,40.0,825.0
1002,0.0,1.0,1.0,0.0,0.0,960000.0,1.0,1300500000.0,1.0,1600000000.0,0.0958609580994,5411.0,1142.0,1371.0,39750.0,42500.0,41500.0,82.0,25.0,64.0,896.0,5000.0,0.0,25.0,1000000.0,950000.0,1.0,0.0,0.0,10.0,0.0,0.0,0.0,500.0,17851173.0,564506284.0,549608174.0,0.0,0.0,0.0,0.0,0.0,1.0,1.0,1.0,1.0,1.0,0.0,0.0,1.0,0.0,0.0,0.0,0.0,0.0,32.0,1.0,13902915.0,247906621.0,13820322.0,19355653.0,564774178.0,502.0,2192633902.0,0.0,1.0,1.0,0.0,1.0,0.0,0.0,1.0,1.0,1.0,1.0,2.0,1.0,0.0,0.0,0.0,2.0,0.0,0.0,1.0,1.0,3.0,50.0,50.0,1.0,0.0,0.0,0.0,0.0,0.0,0.0,0.0,0.0,0.0,0.0,2.0,2.0,0.0,1.0,1.0,0.0,1.0,0.0,0.0,0.0,0.0,0.0,1.0,0.0,0.0,1.0,0.0,0.0,0.0,1.0,10.0,0.0,0.0,0.0,0.0,0.0,11.0,0.0,0.0,0.0,0.0,0.0,0.0,0.0,0.0,0.0,1.0,1.0,0.0,0.0,0.0,0.0,1.0,1.0,1.0,0.0,0.0,0.0,0.0,0.0,0.0,1.0,1.0,0.0,0.0,0.0,0.0,0.0,1.0,1.0,0.0,1277387322.0,398.0,398.0,1083.0,1083.0,1117.0,0.0,44.0,18949.0,20927.0,20907.0,62.0,0.0,0.0,0.0,49.0,0.0,0.0,19.0,21.0,20.0,6.0,17.0,19723488.0,0.0,1373520512.0,14900326112.0,76379040.0,0.0,0.0,502.0,0.0,0.0,625.0,40.0,697.0
1003,0.0,1.0,1.0,0.0,0.0,960000.0,1.0,1300500000.0,1.0,1600000000.0,0.09576201438899999,5450.0,1219.0,1371.0,39750.0,42000.0,42000.0,82.0,25.0,64.0,896.0,5000.0,0.0,25.0,1000000.0,950000.0,1.0,0.0,0.0,10.0,0.0,0.0,0.0,500.0,18346620.0,556309007.0,546902354.0,0.0,0.0,0.0,0.0,0.0,1.0,1.0,1.0,1.0,1.0,0.0,0.0,1.0,0.0,0.0,0.0,0.0,0.0,32.0,1.0,14443536.0,262399851.0,14357505.0,18649093.0,557392104.0,503.0,2211737783.0,0.0,1.0,1.0,0.0,1.0,0.0,0.0,1.0,1.0,1.0,1.0,2.0,1.0,0.0,0.0,0.0,2.0,0.0,0.0,1.0,1.0,3.0,50.0,50.0,1.0,0.0,0.0,0.0,0.0,0.0,0.0,0.0,0.0,0.0,0.0,2.0,2.0,0.0,1.0,1.0,0.0,1.0,0.0,0.0,0.0,0.0,0.0,1.0,0.0,0.0,1.0,0.0,0.0,0.0,1.0,10.0,0.0,0.0,0.0,0.0,0.0,11.0,0.0,0.0,0.0,0.0,0.0,0.0,0.0,0.0,0.0,1.0,1.0,0.0,0.0,0.0,0.0,1.0,1.0,1.0,0.0,0.0,0.0,0.0,0.0,0.0,1.0,1.0,0.0,0.0,0.0,0.0,0.0,1.0,1.0,0.0,1284223478.0,406.0,406.0,1127.0,1127.0,1154.0,0.0,47.0,19004.0,21086.0,21066.0,246.0,0.0,0.0,0.0,46.0,0.0,0.0,19.0,21.0,20.0,6.0,17.0,26249344.0,0.0,1391411648.0,12948352960.0,94927072.0,0.0,0.0,503.0,0.0,0.0,807.0,40.0,903.0
1004,0.0,1.0,1.0,0.0,0.0,960000.0,1.0,1300500000.0,1.0,1600000000.0,0.09894394874569999,5411.0,1142.0,1371.0,39750.0,42500.0,42000.0,86.0,25.0,64.0,896.0,5000.0,0.0,25.0,1000000.0,950000.0,1.0,1.0,0.0,10.0,0.0,0.0,0.0,500.0,18477729.0,550110266.0,544352753.0,0.0,0.0,0.0,0.0,0.0,1.0,1.0,1.0,1.0,1.0,0.0,0.0,1.0,0.0,0.0,0.0,0.0,0.0,34.0,1.0,14381426.0,253860804.0,13548285.0,18581951.0,555154597.0,489.0,2121894541.0,0.0,1.0,1.0,0.0,1.0,0.0,0.0,1.0,1.0,1.0,1.0,2.0,1.0,0.0,0.0,0.0,2.0,0.0,0.0,1.0,1.0,3.0,50.0,50.0,1.0,0.0,0.0,0.0,0.0,0.0,0.0,0.0,0.0,0.0,0.0,2.0,2.0,0.0,1.0,1.0,0.0,1.0,0.0,0.0,0.0,0.0,0.0,1.0,0.0,0.0,1.0,0.0,0.0,0.0,1.0,11.0,0.0,0.0,0.0,0.0,0.0,12.0,0.0,0.0,0.0,0.0,0.0,0.0,0.0,0.0,0.0,1.0,1.0,0.0,0.0,0.0,0.0,1.0,1.0,1.0,0.0,0.0,0.0,0.0,0.0,0.0,1.0,1.0,0.0,0.0,0.0,0.0,0.0,1.0,1.0,0.0,1256532334.0,457.0,457.0,1013.0,1013.0,1048.0,0.0,42.0,18969.0,20986.0,20966.0,26.0,0.0,0.0,0.0,36.0,0.0,0.0,19.0,21.0,20.0,6.0,17.0,12700320.0,1502944.0,1295460064.0,22302360512.0,87891424.0,0.0,0.0,489.0,0.0,0.0,571.0,40.0,738.0
1005,0.0,1.0,1.0,0.0,0.0,960000.0,1.0,1300500000.0,1.0,1600000000.0,0.0953109264374,5411.0,1142.0,1371.0,39750.0,43000.0,42000.0,86.0,25.0,64.0,896.0,5000.0,0.0,25.0,1000000.0,950000.0,1.0,1.0,0.0,10.0,0.0,0.0,0.0,500.0,17410511.0,569514428.0,539050964.0,0.0,0.0,0.0,0.0,0.0,1.0,1.0,1.0,1.0,1.0,0.0,0.0,1.0,0.0,0.0,0.0,0.0,0.0,32.0,1.0,14746205.0,253570066.0,14249597.0,18339711.0,573934217.0,457.0,2245788359.0,0.0,1.0,1.0,0.0,1.0,0.0,0.0,1.0,1.0,1.0,1.0,2.0,1.0,0.0,0.0,0.0,2.0,0.0,0.0,1.0,1.0,3.0,50.0,50.0,1.0,0.0,0.0,0.0,0.0,0.0,0.0,0.0,0.0,0.0,0.0,2.0,2.0,0.0,1.0,1.0,0.0,1.0,0.0,0.0,0.0,0.0,0.0,1.0,0.0,0.0,1.0,0.0,0.0,0.0,1.0,10.0,0.0,0.0,0.0,0.0,0.0,11.0,0.0,0.0,0.0,0.0,0.0,0.0,0.0,0.0,0.0,1.0,1.0,0.0,0.0,0.0,0.0,1.0,1.0,1.0,0.0,0.0,0.0,0.0,0.0,0.0,1.0,1.0,0.0,0.0,0.0,0.0,0.0,1.0,1.0,0.0,1305149491.0,399.0,399.0,1106.0,1106.0,1133.0,0.0,42.0,18808.0,20951.0,20931.0,25.0,0.0,0.0,0.0,33.0,0.0,0.0,19.0,21.0,20.0,6.0,17.0,20489920.0,0.0,1294881952.0,13820564608.0,85992704.0,0.0,0.0,457.0,0.0,0.0,508.0,40.0,613.0
1006,0.0,1.0,1.0,0.0,0.0,960000.0,1.0,1300500000.0,1.0,1600000000.0,0.09666800498960001,5866.0,1142.0,1370.0,39750.0,42000.0,42000.0,86.0,25.0,64.0,896.0,5000.0,0.0,25.0,1000000.0,950000.0,1.0,1.0,0.0,10.0,0.0,0.0,0.0,500.0,18339278.0,552334895.0,543978016.0,0.0,0.0,0.0,0.0,0.0,1.0,1.0,1.0,1.0,1.0,0.0,0.0,1.0,0.0,0.0,0.0,0.0,0.0,32.0,1.0,14352913.0,261530782.0,14286933.0,18847633.0,560306388.0,510.0,2217368647.0,0.0,1.0,1.0,0.0,1.0,0.0,0.0,1.0,1.0,1.0,1.0,2.0,1.0,0.0,0.0,0.0,2.0,0.0,0.0,1.0,1.0,3.0,50.0,50.0,1.0,0.0,0.0,0.0,0.0,0.0,0.0,0.0,0.0,0.0,0.0,2.0,2.0,0.0,1.0,1.0,0.0,1.0,0.0,0.0,0.0,0.0,0.0,1.0,0.0,0.0,1.0,0.0,0.0,0.0,1.0,10.0,0.0,0.0,0.0,0.0,0.0,11.0,0.0,0.0,0.0,0.0,0.0,0.0,0.0,0.0,0.0,1.0,1.0,0.0,0.0,0.0,0.0,1.0,1.0,1.0,0.0,0.0,0.0,0.0,0.0,0.0,1.0,1.0,0.0,0.0,0.0,0.0,0.0,1.0,1.0,0.0,1309221754.0,424.0,424.0,1164.0,1164.0,1194.0,0.0,38.0,18919.0,21017.0,20997.0,143.0,0.0,0.0,0.0,41.0,0.0,0.0,19.0,21.0,20.0,8.0,17.0,27764800.0,0.0,1373390784.0,14798446720.0,77836224.0,0.0,0.0,510.0,0.0,0.0,679.0,40.0,746.0
1007,0.0,1.0,1.0,0.0,0.0,960000.0,1.0,1300500000.0,1.0,1600000000.0,0.0955238342285,5450.0,1142.0,1371.0,39750.0,42500.0,42000.0,83.0,25.0,64.0,896.0,5000.0,0.0,25.0,1000000.0,950000.0,1.0,0.0,0.0,10.0,0.0,0.0,100.0,100.0,18781594.0,559435252.0,544937209.0,0.0,0.0,0.0,0.0,0.0,1.0,1.0,1.0,1.0,1.0,0.0,0.0,1.0,0.0,0.0,0.0,0.0,0.0,34.0,1.0,14522713.0,249869716.0,14025028.0,18322255.0,555342315.0,473.0,2174604228.0,0.0,1.0,1.0,0.0,1.0,0.0,0.0,1.0,1.0,1.0,1.0,2.0,1.0,0.0,0.0,0.0,2.0,0.0,0.0,1.0,1.0,3.0,50.0,50.0,1.0,0.0,0.0,0.0,0.0,0.0,0.0,0.0,0.0,0.0,0.0,2.0,2.0,0.0,1.0,1.0,0.0,1.0,0.0,0.0,0.0,0.0,0.0,1.0,0.0,0.0,1.0,0.0,0.0,0.0,1.0,10.0,0.0,0.0,0.0,0.0,0.0,11.0,0.0,0.0,0.0,0.0,0.0,0.0,0.0,0.0,0.0,1.0,1.0,0.0,0.0,0.0,0.0,1.0,1.0,1.0,0.0,0.0,0.0,0.0,0.0,0.0,1.0,1.0,0.0,0.0,0.0,0.0,0.0,1.0,1.0,0.0,1286491194.0,387.0,387.0,1056.0,1056.0,1089.0,0.0,44.0,18726.0,20895.0,20875.0,26.0,0.0,0.0,0.0,44.0,0.0,0.0,19.0,21.0,20.0,6.0,17.0,10756256.0,0.0,1297933856.0,28240278752.0,76043104.0,0.0,0.0,473.0,0.0,0.0,553.0,40.0,702.0
1008,0.0,1.0,1.0,0.0,0.0,960000.0,1.0,1300500000.0,1.0,1600000000.0,0.09702301025389999,5450.0,1066.0,1371.0,39750.0,43000.0,42000.0,83.0,25.0,64.0,896.0,5000.0,0.0,25.0,1000000.0,950000.0,1.0,0.0,0.0,10.0,0.0,0.0,100.0,100.0,19300844.0,556058561.0,549430025.0,0.0,0.0,0.0,0.0,0.0,1.0,1.0,1.0,1.0,1.0,0.0,0.0,1.0,0.0,0.0,0.0,0.0,0.0,30.0,1.0,14285703.0,253963744.0,14125450.0,18417593.0,568379555.0,649.0,2163207188.0,0.0,1.0,1.0,0.0,1.0,0.0,0.0,1.0,1.0,1.0,1.0,2.0,1.0,0.0,0.0,0.0,2.0,0.0,0.0,1.0,1.0,3.0,50.0,50.0,1.0,0.0,0.0,0.0,0.0,0.0,0.0,0.0,0.0,0.0,0.0,2.0,2.0,0.0,1.0,1.0,0.0,1.0,0.0,0.0,0.0,0.0,0.0,1.0,0.0,0.0,1.0,0.0,0.0,0.0,1.0,10.0,0.0,0.0,0.0,0.0,0.0,11.0,0.0,0.0,0.0,0.0,0.0,0.0,0.0,0.0,0.0,1.0,1.0,0.0,0.0,0.0,0.0,1.0,1.0,1.0,0.0,0.0,0.0,0.0,0.0,0.0,1.0,1.0,0.0,0.0,0.0,0.0,0.0,1.0,1.0,0.0,1310707771.0,530.0,530.0,1110.0,1110.0,1146.0,0.0,45.0,18645.0,20973.0,20953.0,51.0,0.0,0.0,0.0,52.0,0.0,0.0,19.0,21.0,20.0,4.0,17.0,126740992.0,0.0,1349086112.0,22698770816.0,120220768.0,0.0,0.0,649.0,0.0,0.0,748.0,40.0,765.0
1009,0.0,1.0,1.0,0.0,0.0,960000.0,1.0,1300500000.0,1.0,1600000000.0,0.09612298011780002,5450.0,1142.0,1371.0,39750.0,42500.0,42000.0,83.0,25.0,64.0,896.0,5000.0,0.0,25.0,1000000.0,950000.0,1.0,0.0,0.0,10.0,0.0,0.0,100.0,100.0,17817431.0,548719789.0,546123588.0,0.0,0.0,0.0,0.0,0.0,1.0,1.0,1.0,1.0,1.0,0.0,0.0,1.0,0.0,0.0,0.0,0.0,0.0,32.0,1.0,14519931.0,259371221.0,14220389.0,17718424.0,562320340.0,473.0,2181436836.0,0.0,1.0,1.0,0.0,1.0,0.0,0.0,1.0,1.0,1.0,1.0,2.0,1.0,0.0,0.0,0.0,2.0,0.0,0.0,1.0,1.0,3.0,50.0,50.0,1.0,0.0,0.0,0.0,0.0,0.0,0.0,0.0,0.0,0.0,0.0,2.0,2.0,0.0,1.0,1.0,0.0,1.0,0.0,0.0,0.0,0.0,0.0,1.0,0.0,0.0,1.0,0.0,0.0,0.0,1.0,10.0,0.0,0.0,0.0,0.0,0.0,11.0,0.0,0.0,0.0,0.0,0.0,0.0,0.0,0.0,0.0,1.0,1.0,0.0,0.0,0.0,0.0,1.0,1.0,1.0,0.0,0.0,0.0,0.0,0.0,0.0,1.0,1.0,0.0,0.0,0.0,0.0,0.0,1.0,1.0,0.0,1282211875.0,456.0,456.0,1108.0,1108.0,1141.0,0.0,49.0,18187.0,20904.0,20884.0,34.0,0.0,0.0,0.0,51.0,0.0,0.0,19.0,21.0,20.0,6.0,17.0,8387648.0,0.0,1371624736.0,23397822656.0,80711104.0,0.0,0.0,473.0,0.0,0.0,573.0,40.0,607.0
1010,0.0,1.0,1.0,0.0,0.0,960000.0,1.0,1300500000.0,1.0,1600000000.0,0.0991060733795,5488.0,1066.0,1447.0,40750.0,43000.0,42000.0,87.0,25.0,64.0,896.0,5000.0,0.0,25.0,1000000.0,950000.0,1.0,1.0,0.0,10.0,0.0,0.0,100.0,100.0,18249219.0,558524612.0,547114279.0,0.0,0.0,0.0,0.0,0.0,1.0,1.0,1.0,1.0,1.0,0.0,0.0,1.0,0.0,0.0,0.0,0.0,0.0,34.0,1.0,14680358.0,260495836.0,13860845.0,18359378.0,562895995.0,534.0,2171670832.0,0.0,1.0,1.0,0.0,1.0,0.0,0.0,1.0,1.0,1.0,1.0,2.0,1.0,0.0,0.0,0.0,2.0,0.0,0.0,1.0,1.0,3.0,50.0,50.0,1.0,0.0,0.0,0.0,0.0,0.0,0.0,0.0,0.0,0.0,0.0,2.0,2.0,0.0,1.0,1.0,0.0,1.0,0.0,0.0,0.0,0.0,0.0,1.0,0.0,0.0,1.0,0.0,0.0,0.0,1.0,10.0,0.0,0.0,0.0,0.0,0.0,11.0,0.0,0.0,0.0,0.0,0.0,0.0,0.0,0.0,0.0,1.0,1.0,0.0,0.0,0.0,0.0,1.0,1.0,1.0,0.0,0.0,0.0,0.0,0.0,0.0,1.0,1.0,0.0,0.0,0.0,0.0,0.0,1.0,1.0,0.0,1308503499.0,413.0,413.0,1097.0,1097.0,1130.0,0.0,45.0,18711.0,21044.0,21024.0,57.0,0.0,0.0,0.0,42.0,0.0,0.0,19.0,21.0,20.0,7.0,17.0,14582464.0,1435648.0,1309118912.0,14672702336.0,60956224.0,0.0,0.0,534.0,0.0,0.0,645.0,40.0,731.0
1011,0.0,1.0,1.0,0.0,0.0,960000.0,1.0,1300500000.0,1.0,1600000000.0,0.0957808494568,11471.0,2208.0,2970.0,40000.0,43000.0,42000.0,87.0,25.0,64.0,896.0,5000.0,0.0,25.0,1000000.0,950000.0,1.0,1.0,0.0,10.0,0.0,0.0,100.0,100.0,21597442.0,576737712.0,563919469.0,0.0,0.0,0.0,0.0,0.0,1.0,1.0,1.0,1.0,1.0,0.0,0.0,1.0,0.0,0.0,0.0,0.0,0.0,32.0,1.0,14495519.0,265562828.0,14234642.0,21279028.0,583325409.0,656.0,2289343662.0,0.0,1.0,1.0,0.0,1.0,0.0,0.0,1.0,1.0,1.0,1.0,2.0,1.0,0.0,0.0,0.0,2.0,0.0,0.0,1.0,1.0,3.0,50.0,50.0,1.0,0.0,0.0,0.0,0.0,0.0,0.0,0.0,0.0,0.0,0.0,2.0,2.0,0.0,1.0,1.0,0.0,1.0,0.0,0.0,0.0,0.0,0.0,1.0,0.0,0.0,1.0,0.0,0.0,0.0,1.0,10.0,0.0,0.0,0.0,0.0,0.0,11.0,0.0,0.0,0.0,0.0,0.0,0.0,0.0,0.0,0.0,1.0,1.0,0.0,0.0,0.0,0.0,1.0,1.0,1.0,0.0,0.0,0.0,0.0,0.0,0.0,1.0,1.0,0.0,0.0,0.0,0.0,0.0,1.0,1.0,0.0,1297585383.0,469.0,469.0,1201.0,1201.0,1233.0,0.0,59.0,20534.0,21524.0,21497.0,44.0,0.0,0.0,0.0,63.0,0.0,0.0,25.0,28.0,27.0,6.0,23.0,111298080.0,0.0,1495597632.0,25409375776.0,132333152.0,0.0,0.0,656.0,0.0,0.0,776.0,54.0,851.0
1012,0.0,1.0,1.0,0.0,0.0,960000.0,1.0,1300500000.0,1.0,1600000000.0,0.09686279296880002,5793.0,1066.0,1447.0,40000.0,43000.0,42500.0,87.0,25.0,64.0,896.0,5000.0,0.0,25.0,1000000.0,950000.0,1.0,1.0,0.0,10.0,0.0,0.0,100.0,100.0,17982058.0,555955435.0,551771827.0,0.0,0.0,0.0,0.0,0.0,1.0,1.0,1.0,1.0,1.0,0.0,0.0,1.0,0.0,0.0,0.0,0.0,0.0,30.0,1.0,14131409.0,260041236.0,13944962.0,17999628.0,561297976.0,459.0,2221493273.0,0.0,1.0,1.0,0.0,1.0,0.0,0.0,1.0,1.0,1.0,1.0,2.0,1.0,0.0,0.0,0.0,2.0,0.0,0.0,1.0,1.0,3.0,50.0,50.0,1.0,0.0,0.0,0.0,0.0,0.0,0.0,0.0,0.0,0.0,0.0,2.0,2.0,0.0,1.0,1.0,0.0,1.0,0.0,0.0,0.0,0.0,0.0,1.0,0.0,0.0,1.0,0.0,0.0,0.0,1.0,10.0,0.0,0.0,0.0,0.0,0.0,11.0,0.0,0.0,0.0,0.0,0.0,0.0,0.0,0.0,0.0,1.0,1.0,0.0,0.0,0.0,0.0,1.0,1.0,1.0,0.0,0.0,0.0,0.0,0.0,0.0,1.0,1.0,0.0,0.0,0.0,0.0,0.0,1.0,1.0,0.0,1296865868.0,390.0,390.0,1087.0,1087.0,1115.0,0.0,37.0,18638.0,20955.0,20935.0,58.0,0.0,0.0,0.0,41.0,0.0,0.0,19.0,21.0,20.0,6.0,17.0,8531520.0,0.0,1320575808.0,16243097888.0,67321184.0,0.0,0.0,459.0,0.0,0.0,559.0,40.0,624.0
1013,0.0,1.0,1.0,0.0,0.0,960000.0,1.0,1300500000.0,1.0,1600000000.0,0.10021018981899998,5828.0,1142.0,1294.0,40000.0,42500.0,42000.0,95.0,25.0,64.0,896.0,5000.0,0.0,25.0,1000000.0,950000.0,1.0,0.0,0.0,10.0,0.0,0.0,100.0,500.0,18763416.0,546051625.0,542576082.0,0.0,0.0,0.0,0.0,0.0,1.0,1.0,1.0,1.0,1.0,0.0,0.0,1.0,0.0,0.0,0.0,0.0,0.0,35.0,1.0,14948782.0,257708958.0,14585197.0,18973654.0,552987158.0,576.0,2238306163.0,0.0,1.0,1.0,0.0,1.0,0.0,0.0,1.0,1.0,1.0,1.0,2.0,1.0,0.0,0.0,0.0,2.0,0.0,0.0,1.0,1.0,3.0,50.0,50.0,1.0,0.0,0.0,0.0,0.0,0.0,0.0,0.0,0.0,0.0,0.0,2.0,2.0,0.0,1.0,1.0,0.0,1.0,0.0,0.0,0.0,0.0,0.0,1.0,0.0,0.0,1.0,0.0,0.0,0.0,1.0,11.0,0.0,0.0,0.0,0.0,0.0,12.0,0.0,0.0,0.0,0.0,0.0,0.0,0.0,0.0,0.0,1.0,1.0,0.0,0.0,0.0,0.0,1.0,1.0,1.0,0.0,0.0,0.0,0.0,0.0,0.0,1.0,1.0,0.0,0.0,0.0,0.0,0.0,1.0,1.0,0.0,1307668886.0,466.0,466.0,1014.0,1014.0,1041.0,0.0,39.0,18832.0,20886.0,20866.0,49.0,0.0,0.0,0.0,40.0,0.0,0.0,19.0,21.0,20.0,5.0,17.0,24346688.0,0.0,1311304416.0,12551261056.0,90793984.0,0.0,0.0,576.0,0.0,0.0,655.0,40.0,688.0
1014,0.0,1.0,1.0,0.0,0.0,960000.0,1.0,1300500000.0,1.0,1600000000.0,0.0992619991302,5754.0,990.0,1370.0,40000.0,43000.0,42000.0,95.0,25.0,64.0,896.0,5000.0,0.0,25.0,1000000.0,950000.0,1.0,0.0,0.0,10.0,0.0,0.0,100.0,500.0,18686547.0,546540582.0,532148916.0,0.0,0.0,0.0,0.0,0.0,1.0,1.0,1.0,1.0,1.0,0.0,0.0,1.0,0.0,0.0,0.0,0.0,0.0,35.0,1.0,14520916.0,255919301.0,13728505.0,18844027.0,547094964.0,466.0,2149621366.0,0.0,1.0,1.0,0.0,1.0,0.0,0.0,1.0,1.0,1.0,1.0,2.0,1.0,0.0,0.0,0.0,2.0,0.0,0.0,1.0,1.0,3.0,50.0,50.0,1.0,0.0,0.0,0.0,0.0,0.0,0.0,0.0,0.0,0.0,0.0,2.0,2.0,0.0,1.0,1.0,0.0,1.0,0.0,0.0,0.0,0.0,0.0,1.0,0.0,0.0,1.0,0.0,0.0,0.0,1.0,11.0,0.0,0.0,0.0,0.0,0.0,12.0,0.0,0.0,0.0,0.0,0.0,0.0,0.0,0.0,0.0,1.0,1.0,0.0,0.0,0.0,0.0,1.0,1.0,1.0,0.0,0.0,0.0,0.0,0.0,0.0,1.0,1.0,0.0,0.0,0.0,0.0,0.0,1.0,1.0,0.0,1296138240.0,388.0,388.0,1085.0,1085.0,1110.0,0.0,45.0,18947.0,21109.0,21089.0,34.0,0.0,0.0,0.0,52.0,0.0,0.0,19.0,21.0,20.0,6.0,17.0,6086752.0,0.0,1301420352.0,11932236288.0,76117600.0,0.0,0.0,466.0,0.0,0.0,592.0,40.0,674.0
1015,0.0,1.0,1.0,0.0,0.0,960000.0,1.0,1300500000.0,1.0,1600000000.0,0.09653377532960002,5411.0,1142.0,1295.0,40000.0,43000.0,42000.0,95.0,25.0,64.0,896.0,5000.0,0.0,25.0,1000000.0,950000.0,1.0,0.0,0.0,10.0,0.0,0.0,100.0,500.0,18406947.0,546725170.0,547979001.0,0.0,0.0,0.0,0.0,0.0,1.0,1.0,1.0,1.0,1.0,0.0,0.0,1.0,0.0,0.0,0.0,0.0,0.0,33.0,1.0,14114757.0,257310043.0,13820552.0,18713830.0,557522856.0,437.0,2137415387.0,0.0,1.0,1.0,0.0,1.0,0.0,0.0,1.0,1.0,1.0,1.0,2.0,1.0,0.0,0.0,0.0,2.0,0.0,0.0,1.0,1.0,3.0,50.0,50.0,1.0,0.0,0.0,0.0,0.0,0.0,0.0,0.0,0.0,0.0,0.0,2.0,2.0,0.0,1.0,1.0,0.0,1.0,0.0,0.0,0.0,0.0,0.0,1.0,0.0,0.0,1.0,0.0,0.0,0.0,1.0,10.0,0.0,0.0,0.0,0.0,0.0,11.0,0.0,0.0,0.0,0.0,0.0,0.0,0.0,0.0,0.0,1.0,1.0,0.0,0.0,0.0,0.0,1.0,1.0,1.0,0.0,0.0,0.0,0.0,0.0,0.0,1.0,1.0,0.0,0.0,0.0,0.0,0.0,1.0,1.0,0.0,1281905390.0,446.0,446.0,1087.0,1087.0,1121.0,0.0,42.0,19289.0,20866.0,20846.0,32.0,0.0,0.0,0.0,44.0,0.0,0.0,19.0,21.0,20.0,6.0,17.0,21068480.0,0.0,1397249600.0,18860662432.0,73944288.0,0.0,0.0,437.0,0.0,0.0,550.0,40.0,588.0
1016,0.0,1.0,1.0,0.0,0.0,960000.0,1.0,1300500000.0,1.0,1600000000.0,0.0984280109406,5488.0,1066.0,1447.0,40000.0,43000.0,42500.0,70.0,25.0,64.0,896.0,5000.0,0.0,25.0,1000000.0,950000.0,1.0,1.0,0.0,10.0,0.0,0.0,100.0,500.0,17636387.0,556151575.0,547490710.0,0.0,0.0,0.0,0.0,0.0,1.0,1.0,1.0,1.0,1.0,0.0,0.0,1.0,0.0,0.0,0.0,0.0,0.0,35.0,1.0,14174107.0,256890663.0,13809231.0,19309280.0,555543705.0,382.0,2164402603.0,0.0,1.0,1.0,0.0,1.0,0.0,0.0,1.0,1.0,1.0,1.0,2.0,1.0,0.0,0.0,0.0,2.0,0.0,0.0,1.0,1.0,3.0,50.0,50.0,1.0,0.0,0.0,0.0,0.0,0.0,0.0,0.0,0.0,0.0,0.0,2.0,2.0,0.0,1.0,1.0,0.0,1.0,0.0,0.0,0.0,0.0,0.0,1.0,0.0,0.0,1.0,0.0,0.0,0.0,1.0,11.0,0.0,0.0,0.0,0.0,0.0,12.0,0.0,0.0,0.0,0.0,0.0,0.0,0.0,0.0,0.0,1.0,1.0,0.0,0.0,0.0,0.0,1.0,1.0,1.0,0.0,0.0,0.0,0.0,0.0,0.0,1.0,1.0,0.0,0.0,0.0,0.0,0.0,1.0,1.0,0.0,1273166020.0,371.0,371.0,1105.0,1105.0,1139.0,0.0,47.0,18387.0,20902.0,20882.0,95.0,0.0,0.0,0.0,39.0,0.0,0.0,19.0,21.0,20.0,5.0,17.0,9094336.0,1073792.0,1284211264.0,19928473792.0,87607360.0,0.0,0.0,382.0,0.0,0.0,531.0,40.0,668.0
1017,0.0,1.0,1.0,0.0,0.0,960000.0,1.0,1300500000.0,1.0,1600000000.0,0.09756517410280001,5373.0,1142.0,1295.0,40000.0,43000.0,42500.0,70.0,25.0,64.0,896.0,5000.0,0.0,25.0,1000000.0,950000.0,1.0,1.0,0.0,10.0,0.0,0.0,100.0,500.0,18041188.0,571037060.0,543561169.0,0.0,0.0,0.0,0.0,0.0,1.0,1.0,1.0,1.0,1.0,0.0,0.0,1.0,0.0,0.0,0.0,0.0,0.0,33.0,1.0,14067044.0,257790526.0,13933710.0,19263492.0,571397331.0,607.0,2177108723.0,0.0,1.0,1.0,0.0,1.0,0.0,0.0,1.0,1.0,1.0,1.0,2.0,1.0,0.0,0.0,0.0,2.0,0.0,0.0,1.0,1.0,3.0,50.0,50.0,1.0,0.0,0.0,0.0,0.0,0.0,0.0,0.0,0.0,0.0,0.0,2.0,2.0,0.0,1.0,1.0,0.0,1.0,0.0,0.0,0.0,0.0,0.0,1.0,0.0,0.0,1.0,0.0,0.0,0.0,1.0,11.0,0.0,0.0,0.0,0.0,0.0,12.0,0.0,0.0,0.0,0.0,0.0,0.0,0.0,0.0,0.0,1.0,1.0,0.0,0.0,0.0,0.0,1.0,1.0,1.0,0.0,0.0,0.0,0.0,0.0,0.0,1.0,1.0,0.0,0.0,0.0,0.0,0.0,1.0,1.0,0.0,1283403741.0,506.0,506.0,1190.0,1190.0,1219.0,0.0,43.0,19106.0,20957.0,20937.0,61.0,0.0,0.0,0.0,54.0,0.0,0.0,19.0,21.0,20.0,5.0,17.0,117450272.0,0.0,1410900608.0,18581062560.0,94652640.0,0.0,0.0,607.0,0.0,0.0,762.0,40.0,821.0
1018,0.0,1.0,1.0,0.0,0.0,960000.0,1.0,1300500000.0,1.0,1600000000.0,0.0957200527191,5373.0,1066.0,1295.0,40250.0,43000.0,42500.0,70.0,25.0,64.0,896.0,5000.0,0.0,25.0,1000000.0,950000.0,1.0,1.0,0.0,10.0,0.0,0.0,100.0,500.0,17774858.0,536586415.0,539640606.0,0.0,0.0,0.0,0.0,0.0,1.0,1.0,1.0,1.0,1.0,0.0,0.0,1.0,0.0,0.0,0.0,0.0,0.0,33.0,1.0,14377755.0,258473978.0,14090258.0,17529217.0,550816145.0,378.0,2149466890.0,0.0,1.0,1.0,0.0,1.0,0.0,0.0,1.0,1.0,1.0,1.0,2.0,1.0,0.0,0.0,0.0,2.0,0.0,0.0,1.0,1.0,3.0,50.0,50.0,1.0,0.0,0.0,0.0,0.0,0.0,0.0,0.0,0.0,0.0,0.0,2.0,2.0,0.0,1.0,1.0,0.0,1.0,0.0,0.0,0.0,0.0,0.0,1.0,0.0,0.0,1.0,0.0,0.0,0.0,1.0,10.0,0.0,0.0,0.0,0.0,0.0,11.0,0.0,0.0,0.0,0.0,0.0,0.0,0.0,0.0,0.0,1.0,1.0,0.0,0.0,0.0,0.0,1.0,1.0,1.0,0.0,0.0,0.0,0.0,0.0,0.0,1.0,1.0,0.0,0.0,0.0,0.0,0.0,1.0,1.0,0.0,1272889356.0,391.0,391.0,1070.0,1070.0,1093.0,0.0,47.0,18500.0,20912.0,20892.0,40.0,0.0,0.0,0.0,46.0,0.0,0.0,19.0,21.0,20.0,5.0,17.0,110858784.0,0.0,1364532416.0,15356974720.0,80097472.0,0.0,0.0,378.0,0.0,0.0,463.0,40.0,554.0
1019,0.0,1.0,1.0,0.0,0.0,1728000.0,1.0,229500000.0,1.0,40800000.0,14.5622019768,28326.0,2280.0,10823.0,40000.0,40722.22222219999,42000.0,75.0,25.0,64.0,896.0,5000.0,0.0,25.0,1000000.0,950000.0,1.0,0.0,0.0,10.0,0.0,0.0,0.0,100.0,80255379.0,1533166392.0,1428355329.0,0.0,0.0,0.0,0.0,0.0,1.0,1.0,1.0,1.0,1.0,0.0,0.0,1.0,0.0,0.0,0.0,0.0,0.0,32.0,1.0,86629415.0,636086320.0,89149985.0,85663943.0,1579971188.0,10937.0,81805460133.0,0.0,1.0,1.0,0.0,1.0,0.0,0.0,1.0,1.0,1.0,1.0,2.0,1.0,0.0,0.0,0.0,2.0,0.0,0.0,1.0,1.0,3.0,50.0,50.0,1.0,0.0,0.0,0.0,0.0,0.0,0.0,0.0,0.0,0.0,0.0,2.0,2.0,0.0,1.0,1.0,0.0,1.0,0.0,0.0,0.0,0.0,0.0,1.0,0.0,0.0,1.0,0.0,0.0,0.0,1.0,11.0,0.0,0.0,0.0,0.0,0.0,12.0,0.0,0.0,0.0,0.0,0.0,0.0,0.0,0.0,0.0,1.0,1.0,0.0,0.0,0.0,0.0,1.0,1.0,1.0,0.0,0.0,0.0,0.0,0.0,0.0,1.0,1.0,0.0,0.0,0.0,0.0,0.0,1.0,1.0,0.0,2819028990.0,19695.0,19695.0,22469.0,22469.0,22670.0,0.0,609.0,41670.0,29620.0,29502.0,319.0,0.0,0.0,0.0,1217.0,0.0,0.0,109.0,119.0,118.0,49.0,107.0,9581720960.0,0.0,47449836864.0,1102992227328.0,14768157216.0,0.0,0.0,10937.0,0.0,0.0,13537.0,236.0,15057.0
1020,0.0,1.0,1.0,0.0,0.0,1728000.0,1.0,229500000.0,1.0,40800000.0,14.3013541698,32328.0,2432.0,12270.0,39972.22222219999,40611.1111111,41833.3333333,75.0,25.0,64.0,896.0,5000.0,0.0,25.0,1000000.0,950000.0,1.0,0.0,0.0,10.0,0.0,0.0,0.0,100.0,78950428.0,1545791537.0,1432626211.0,0.0,0.0,0.0,0.0,0.0,1.0,1.0,1.0,1.0,1.0,0.0,0.0,1.0,0.0,0.0,0.0,0.0,0.0,30.0,1.0,102758005.0,640536707.0,104954971.0,82113966.0,1616948215.0,9997.0,86287194382.0,0.0,1.0,1.0,0.0,1.0,0.0,0.0,1.0,1.0,1.0,1.0,2.0,1.0,0.0,0.0,0.0,2.0,0.0,0.0,1.0,1.0,3.0,50.0,50.0,1.0,0.0,0.0,0.0,0.0,0.0,0.0,0.0,0.0,0.0,0.0,2.0,2.0,0.0,1.0,1.0,0.0,1.0,0.0,0.0,0.0,0.0,0.0,1.0,0.0,0.0,1.0,0.0,0.0,0.0,1.0,11.0,0.0,0.0,0.0,0.0,0.0,12.0,0.0,0.0,0.0,0.0,0.0,0.0,0.0,0.0,0.0,1.0,1.0,0.0,0.0,0.0,0.0,1.0,1.0,1.0,0.0,0.0,0.0,0.0,0.0,0.0,1.0,1.0,0.0,0.0,0.0,0.0,0.0,1.0,1.0,0.0,2845821299.0,18517.0,18517.0,23815.0,23815.0,24030.0,0.0,668.0,43300.0,30292.0,30168.0,303.0,0.0,0.0,0.0,1179.0,0.0,0.0,115.0,125.0,124.0,45.0,113.0,8782671040.0,0.0,49902979840.0,1119106085952.0,16951031488.0,0.0,0.0,9997.0,0.0,0.0,12001.0,248.0,13457.0
1021,0.0,1.0,1.0,0.0,0.0,1728000.0,1.0,229500000.0,1.0,40800000.0,15.2091300488,32102.0,2584.0,12043.0,40000.0,40666.6666667,41888.8888889,75.0,25.0,64.0,896.0,5000.0,0.0,25.0,1000000.0,950000.0,1.0,0.0,0.0,10.0,0.0,0.0,0.0,100.0,81958589.0,1590955923.0,1493907581.0,0.0,0.0,0.0,0.0,0.0,1.0,1.0,1.0,1.0,1.0,0.0,0.0,1.0,0.0,0.0,0.0,0.0,0.0,31.0,1.0,95058600.0,663684335.0,97121316.0,84185744.0,1604373326.0,10336.0,84563769654.0,0.0,1.0,1.0,0.0,1.0,0.0,0.0,1.0,1.0,1.0,1.0,2.0,1.0,0.0,0.0,0.0,2.0,0.0,0.0,1.0,1.0,3.0,50.0,50.0,1.0,0.0,0.0,0.0,0.0,0.0,0.0,0.0,0.0,0.0,0.0,2.0,2.0,0.0,1.0,1.0,0.0,1.0,0.0,0.0,0.0,0.0,0.0,1.0,0.0,0.0,1.0,0.0,0.0,0.0,1.0,11.0,0.0,0.0,0.0,0.0,0.0,12.0,0.0,0.0,0.0,0.0,0.0,0.0,0.0,0.0,0.0,1.0,1.0,0.0,0.0,0.0,0.0,1.0,1.0,1.0,0.0,0.0,0.0,0.0,0.0,0.0,1.0,1.0,0.0,0.0,0.0,0.0,0.0,1.0,1.0,0.0,2793464042.0,19227.0,19227.0,22981.0,22981.0,23238.0,0.0,652.0,43347.0,30094.0,29970.0,275.0,0.0,0.0,0.0,1152.0,0.0,0.0,115.0,125.0,124.0,54.0,113.0,8596788320.0,0.0,49121582400.0,1033429502112.0,14498935008.0,0.0,0.0,10336.0,0.0,0.0,12630.0,248.0,14069.0
1022,0.0,1.0,1.0,0.0,0.0,1728000.0,1.0,229500000.0,1.0,40800000.0,14.5065579414,28898.0,2281.0,11051.0,40031.25,40750.0,41937.5,92.0,25.0,64.0,896.0,5000.0,0.0,25.0,1000000.0,950000.0,1.0,1.0,0.0,10.0,0.0,0.0,0.0,100.0,77801489.0,1476072912.0,1354559989.0,0.0,0.0,0.0,0.0,0.0,1.0,1.0,1.0,1.0,1.0,0.0,0.0,1.0,0.0,0.0,0.0,0.0,0.0,31.0,1.0,99511661.0,594749776.0,101761289.0,79524500.0,1493272419.0,10462.0,81539234918.0,0.0,1.0,1.0,0.0,1.0,0.0,0.0,1.0,1.0,1.0,1.0,2.0,1.0,0.0,0.0,0.0,2.0,0.0,0.0,1.0,1.0,3.0,50.0,50.0,1.0,0.0,0.0,0.0,0.0,0.0,0.0,0.0,0.0,0.0,0.0,2.0,2.0,0.0,1.0,1.0,0.0,1.0,0.0,0.0,0.0,0.0,0.0,1.0,0.0,0.0,1.0,0.0,0.0,0.0,1.0,11.0,0.0,0.0,0.0,0.0,0.0,12.0,0.0,0.0,0.0,0.0,0.0,0.0,0.0,0.0,0.0,1.0,1.0,0.0,0.0,0.0,0.0,1.0,1.0,1.0,0.0,0.0,0.0,0.0,0.0,0.0,1.0,1.0,0.0,0.0,0.0,0.0,0.0,1.0,1.0,0.0,2634890418.0,18890.0,18890.0,22327.0,22327.0,22551.0,0.0,574.0,39438.0,29352.0,29240.0,366.0,0.0,0.0,0.0,1020.0,0.0,0.0,103.0,113.0,112.0,50.0,101.0,9989455936.0,0.0,47511014112.0,949694864000.0,15007959360.0,0.0,0.0,10462.0,0.0,0.0,12499.0,224.0,14101.0
1023,0.0,1.0,1.0,0.0,0.0,1728000.0,1.0,229500000.0,1.0,40800000.0,14.761309862100001,32063.0,2584.0,12118.0,40083.3333333,40833.3333333,42000.0,92.0,25.0,64.0,896.0,5000.0,0.0,25.0,1000000.0,950000.0,1.0,1.0,0.0,10.0,0.0,0.0,0.0,100.0,80483191.0,1576461978.0,1443814482.0,0.0,0.0,0.0,0.0,0.0,1.0,1.0,1.0,1.0,1.0,0.0,0.0,1.0,0.0,0.0,0.0,0.0,0.0,35.0,1.0,101773458.0,648547806.0,103996390.0,84912188.0,1615102778.0,10334.0,86073446532.0,0.0,1.0,1.0,0.0,1.0,0.0,0.0,1.0,1.0,1.0,1.0,2.0,1.0,0.0,0.0,0.0,2.0,0.0,0.0,1.0,1.0,3.0,50.0,50.0,1.0,0.0,0.0,0.0,0.0,0.0,0.0,0.0,0.0,0.0,0.0,2.0,2.0,0.0,1.0,1.0,0.0,1.0,0.0,0.0,0.0,0.0,0.0,1.0,0.0,0.0,1.0,0.0,0.0,0.0,1.0,11.0,0.0,0.0,0.0,0.0,0.0,12.0,0.0,0.0,0.0,0.0,0.0,0.0,0.0,0.0,0.0,1.0,1.0,0.0,0.0,0.0,0.0,1.0,1.0,1.0,0.0,0.0,0.0,0.0,0.0,0.0,1.0,1.0,0.0,0.0,0.0,0.0,0.0,1.0,1.0,0.0,2797482264.0,19380.0,19380.0,23292.0,23292.0,23535.0,0.0,642.0,42895.0,30298.0,30174.0,317.0,0.0,0.0,0.0,1151.0,0.0,0.0,115.0,125.0,124.0,48.0,113.0,8716105504.0,3355072.0,49816541760.0,941972633888.0,15287328576.0,0.0,0.0,10334.0,0.0,0.0,12364.0,248.0,14161.0
1024,0.0,1.0,1.0,0.0,0.0,1728000.0,1.0,229500000.0,1.0,40800000.0,15.567538023,32252.0,2660.0,12040.0,40062.5,40625.0,41937.5,92.0,25.0,64.0,896.0,5000.0,0.0,25.0,1000000.0,950000.0,1.0,1.0,0.0,10.0,0.0,0.0,0.0,100.0,80588639.0,1502734610.0,1388449372.0,0.0,0.0,0.0,0.0,0.0,1.0,1.0,1.0,1.0,1.0,0.0,0.0,1.0,0.0,0.0,0.0,0.0,0.0,31.0,1.0,94198181.0,619638856.0,95717474.0,81371285.0,1545241343.0,10351.0,81280381182.0,0.0,1.0,1.0,0.0,1.0,0.0,0.0,1.0,1.0,1.0,1.0,2.0,1.0,0.0,0.0,0.0,2.0,0.0,0.0,1.0,1.0,3.0,50.0,50.0,1.0,0.0,0.0,0.0,0.0,0.0,0.0,0.0,0.0,0.0,0.0,2.0,2.0,0.0,1.0,1.0,0.0,1.0,0.0,0.0,0.0,0.0,0.0,1.0,0.0,0.0,1.0,0.0,0.0,0.0,1.0,11.0,0.0,0.0,0.0,0.0,0.0,12.0,0.0,0.0,0.0,0.0,0.0,0.0,0.0,0.0,0.0,1.0,1.0,0.0,0.0,0.0,0.0,1.0,1.0,1.0,0.0,0.0,0.0,0.0,0.0,0.0,1.0,1.0,0.0,0.0,0.0,0.0,0.0,1.0,1.0,0.0,2789418109.0,18921.0,18921.0,22689.0,22689.0,22906.0,0.0,607.0,41044.0,29609.0,29491.0,362.0,0.0,0.0,0.0,1131.0,0.0,0.0,109.0,119.0,118.0,55.0,107.0,9786274912.0,0.0,47228094560.0,1045157238880.0,17463441280.0,0.0,0.0,10351.0,0.0,0.0,12850.0,236.0,14346.0
1025,0.0,1.0,1.0,0.0,0.0,1728000.0,1.0,229500000.0,1.0,40800000.0,14.377244949300001,31950.0,2584.0,12119.0,39968.75,40750.0,41937.5,77.0,25.0,64.0,896.0,5000.0,0.0,25.0,1000000.0,950000.0,1.0,0.0,0.0,10.0,0.0,0.0,0.0,500.0,81385883.0,1534585558.0,1447993748.0,0.0,0.0,0.0,0.0,0.0,1.0,1.0,1.0,1.0,1.0,0.0,0.0,1.0,0.0,0.0,0.0,0.0,0.0,34.0,1.0,99612310.0,659922369.0,103717071.0,81096395.0,1561223075.0,10610.0,82447822198.0,0.0,1.0,1.0,0.0,1.0,0.0,0.0,1.0,1.0,1.0,1.0,2.0,1.0,0.0,0.0,0.0,2.0,0.0,0.0,1.0,1.0,3.0,50.0,50.0,1.0,0.0,0.0,0.0,0.0,0.0,0.0,0.0,0.0,0.0,0.0,2.0,2.0,0.0,1.0,1.0,0.0,1.0,0.0,0.0,0.0,0.0,0.0,1.0,0.0,0.0,1.0,0.0,0.0,0.0,1.0,11.0,0.0,0.0,0.0,0.0,0.0,12.0,0.0,0.0,0.0,0.0,0.0,0.0,0.0,0.0,0.0,1.0,1.0,0.0,0.0,0.0,0.0,1.0,1.0,1.0,0.0,0.0,0.0,0.0,0.0,0.0,1.0,1.0,0.0,0.0,0.0,0.0,0.0,1.0,1.0,0.0,2729471726.0,19315.0,19315.0,22839.0,22839.0,23041.0,0.0,654.0,41475.0,29548.0,29430.0,313.0,0.0,0.0,0.0,1161.0,0.0,0.0,109.0,119.0,118.0,56.0,107.0,10171113344.0,0.0,47919516352.0,1192896658496.0,13704281312.0,0.0,0.0,10610.0,0.0,0.0,12872.0,236.0,14458.0
1026,0.0,1.0,1.0,0.0,0.0,1728000.0,1.0,229500000.0,1.0,40800000.0,14.2316820621,33015.0,2584.0,11965.0,40093.75,40875.0,42000.0,77.0,25.0,64.0,896.0,5000.0,0.0,25.0,1000000.0,950000.0,1.0,0.0,0.0,10.0,0.0,0.0,0.0,500.0,76244212.0,1494743071.0,1418094611.0,0.0,0.0,0.0,0.0,0.0,1.0,1.0,1.0,1.0,1.0,0.0,0.0,1.0,0.0,0.0,0.0,0.0,0.0,40.0,1.0,94078670.0,668196775.0,96058166.0,76823514.0,1526124034.0,8618.0,80733656097.0,0.0,1.0,1.0,0.0,1.0,0.0,0.0,1.0,1.0,1.0,1.0,2.0,1.0,0.0,0.0,0.0,2.0,0.0,0.0,1.0,1.0,3.0,50.0,50.0,1.0,0.0,0.0,0.0,0.0,0.0,0.0,0.0,0.0,0.0,0.0,2.0,2.0,0.0,1.0,1.0,0.0,1.0,0.0,0.0,0.0,0.0,0.0,1.0,0.0,0.0,1.0,0.0,0.0,0.0,1.0,11.0,0.0,0.0,0.0,0.0,0.0,12.0,0.0,0.0,0.0,0.0,0.0,0.0,0.0,0.0,0.0,1.0,1.0,0.0,0.0,0.0,0.0,1.0,1.0,1.0,0.0,0.0,0.0,0.0,0.0,0.0,1.0,1.0,0.0,0.0,0.0,0.0,0.0,1.0,1.0,0.0,2702527000.0,17291.0,17291.0,21892.0,21892.0,22056.0,0.0,627.0,41855.0,29739.0,29621.0,366.0,0.0,0.0,0.0,1149.0,0.0,0.0,109.0,119.0,118.0,44.0,107.0,8957117312.0,0.0,46691743968.0,988887341856.0,12885788896.0,0.0,0.0,8618.0,0.0,0.0,10861.0,236.0,12523.0
1027,0.0,1.0,1.0,0.0,0.0,1728000.0,1.0,229500000.0,1.0,40800000.0,15.653129816099998,28404.0,2356.0,11204.0,40093.75,40750.0,42000.0,77.0,25.0,64.0,896.0,5000.0,0.0,25.0,1000000.0,950000.0,1.0,0.0,0.0,10.0,0.0,0.0,0.0,500.0,84388412.0,1590782351.0,1479363454.0,0.0,0.0,0.0,0.0,0.0,1.0,1.0,1.0,1.0,1.0,0.0,0.0,1.0,0.0,0.0,0.0,0.0,0.0,38.0,1.0,98852115.0,659033156.0,101409852.0,87400097.0,1604268820.0,12943.0,84223986973.0,0.0,1.0,1.0,0.0,1.0,0.0,0.0,1.0,1.0,1.0,1.0,2.0,1.0,0.0,0.0,0.0,2.0,0.0,0.0,1.0,1.0,3.0,50.0,50.0,1.0,0.0,0.0,0.0,0.0,0.0,0.0,0.0,0.0,0.0,0.0,2.0,2.0,0.0,1.0,1.0,0.0,1.0,0.0,0.0,0.0,0.0,0.0,1.0,0.0,0.0,1.0,0.0,0.0,0.0,1.0,11.0,0.0,0.0,0.0,0.0,0.0,12.0,0.0,0.0,0.0,0.0,0.0,0.0,0.0,0.0,0.0,1.0,1.0,0.0,0.0,0.0,0.0,1.0,1.0,1.0,0.0,0.0,0.0,0.0,0.0,0.0,1.0,1.0,0.0,0.0,0.0,0.0,0.0,1.0,1.0,0.0,2798681042.0,21682.0,21682.0,23646.0,23646.0,23859.0,0.0,616.0,39796.0,29485.0,29373.0,332.0,0.0,0.0,0.0,1115.0,0.0,0.0,103.0,113.0,112.0,52.0,101.0,9377469056.0,3079392.0,48851554240.0,1136842859808.0,17346596064.0,0.0,0.0,12943.0,0.0,0.0,15025.0,224.0,16658.0
1028,0.0,1.0,1.0,0.0,0.0,1728000.0,1.0,229500000.0,1.0,40800000.0,14.217058897000001,31757.0,2584.0,12271.0,40000.0,40625.0,41875.0,90.0,25.0,64.0,896.0,5000.0,0.0,25.0,1000000.0,950000.0,1.0,1.0,0.0,10.0,0.0,0.0,0.0,500.0,78670562.0,1502794396.0,1410014606.0,0.0,0.0,0.0,0.0,0.0,1.0,1.0,1.0,1.0,1.0,0.0,0.0,1.0,0.0,0.0,0.0,0.0,0.0,32.0,1.0,94383503.0,659800648.0,96778817.0,79179666.0,1562534728.0,9780.0,81017579418.0,0.0,1.0,1.0,0.0,1.0,0.0,0.0,1.0,1.0,1.0,1.0,2.0,1.0,0.0,0.0,0.0,2.0,0.0,0.0,1.0,1.0,3.0,50.0,50.0,1.0,0.0,0.0,0.0,0.0,0.0,0.0,0.0,0.0,0.0,0.0,2.0,2.0,0.0,1.0,1.0,0.0,1.0,0.0,0.0,0.0,0.0,0.0,1.0,0.0,0.0,1.0,0.0,0.0,0.0,1.0,11.0,0.0,0.0,0.0,0.0,0.0,12.0,0.0,0.0,0.0,0.0,0.0,0.0,0.0,0.0,0.0,1.0,1.0,0.0,0.0,0.0,0.0,1.0,1.0,1.0,0.0,0.0,0.0,0.0,0.0,0.0,1.0,1.0,0.0,0.0,0.0,0.0,0.0,1.0,1.0,0.0,2806781294.0,18310.0,18310.0,22361.0,22361.0,22605.0,0.0,560.0,40665.0,29338.0,29220.0,351.0,0.0,0.0,0.0,1121.0,0.0,0.0,109.0,119.0,118.0,50.0,107.0,9764224032.0,0.0,47101917888.0,1321395042624.0,13691278752.0,0.0,0.0,9780.0,0.0,0.0,11860.0,236.0,13327.0
1029,0.0,1.0,1.0,0.0,0.0,1728000.0,1.0,229500000.0,1.0,40800000.0,14.188633203499998,31452.0,2584.0,11812.0,40031.25,40437.5,42000.0,90.0,25.0,64.0,896.0,5000.0,0.0,25.0,1000000.0,950000.0,1.0,1.0,0.0,10.0,0.0,0.0,0.0,500.0,76416912.0,1476871630.0,1385606402.0,0.0,0.0,0.0,0.0,0.0,1.0,1.0,1.0,1.0,1.0,0.0,0.0,1.0,0.0,0.0,0.0,0.0,0.0,44.0,1.0,91539948.0,593186863.0,95173510.0,80776286.0,1541020166.0,9804.0,81732610153.0,0.0,1.0,1.0,0.0,1.0,0.0,0.0,1.0,1.0,1.0,1.0,2.0,1.0,0.0,0.0,0.0,2.0,0.0,0.0,1.0,1.0,3.0,50.0,50.0,1.0,0.0,0.0,0.0,0.0,0.0,0.0,0.0,0.0,0.0,0.0,2.0,2.0,0.0,1.0,1.0,0.0,1.0,0.0,0.0,0.0,0.0,0.0,1.0,0.0,0.0,1.0,0.0,0.0,0.0,1.0,11.0,0.0,0.0,0.0,0.0,0.0,12.0,0.0,0.0,0.0,0.0,0.0,0.0,0.0,0.0,0.0,1.0,1.0,0.0,0.0,0.0,0.0,1.0,1.0,1.0,0.0,0.0,0.0,0.0,0.0,0.0,1.0,1.0,0.0,0.0,0.0,0.0,0.0,1.0,1.0,0.0,2696284036.0,18537.0,18537.0,23054.0,23054.0,23285.0,0.0,649.0,42020.0,29644.0,29526.0,363.0,0.0,0.0,0.0,1137.0,0.0,0.0,109.0,119.0,118.0,44.0,107.0,8651153664.0,0.0,47805297824.0,962722306656.0,14486024800.0,0.0,0.0,9804.0,0.0,0.0,11833.0,236.0,13452.0
1030,0.0,1.0,1.0,0.0,0.0,1728000.0,1.0,229500000.0,1.0,40800000.0,14.6059238911,29660.0,2281.0,10823.0,40000.0,40562.5,41937.5,90.0,25.0,64.0,896.0,5000.0,0.0,25.0,1000000.0,950000.0,1.0,1.0,0.0,10.0,0.0,0.0,0.0,500.0,83565010.0,1592121350.0,1493064250.0,0.0,0.0,0.0,0.0,0.0,1.0,1.0,1.0,1.0,1.0,0.0,0.0,1.0,0.0,0.0,0.0,0.0,0.0,34.0,1.0,88445369.0,665321934.0,90698797.0,84683785.0,1570269360.0,12532.0,81245967996.0,0.0,1.0,1.0,0.0,1.0,0.0,0.0,1.0,1.0,1.0,1.0,2.0,1.0,0.0,0.0,0.0,2.0,0.0,0.0,1.0,1.0,3.0,50.0,50.0,1.0,0.0,0.0,0.0,0.0,0.0,0.0,0.0,0.0,0.0,0.0,2.0,2.0,0.0,1.0,1.0,0.0,1.0,0.0,0.0,0.0,0.0,0.0,1.0,0.0,0.0,1.0,0.0,0.0,0.0,1.0,11.0,0.0,0.0,0.0,0.0,0.0,12.0,0.0,0.0,0.0,0.0,0.0,0.0,0.0,0.0,0.0,1.0,1.0,0.0,0.0,0.0,0.0,1.0,1.0,1.0,0.0,0.0,0.0,0.0,0.0,0.0,1.0,1.0,0.0,0.0,0.0,0.0,0.0,1.0,1.0,0.0,2786832354.0,21030.0,21030.0,22390.0,22390.0,22568.0,0.0,588.0,40561.0,29093.0,28981.0,385.0,0.0,0.0,0.0,1095.0,0.0,0.0,103.0,113.0,112.0,55.0,101.0,11602268928.0,0.0,47465568672.0,1269318178912.0,17233730560.0,0.0,0.0,12532.0,0.0,0.0,14937.0,224.0,16505.0
1031,0.0,1.0,1.0,0.0,0.0,1728000.0,1.0,229500000.0,1.0,40800000.0,14.273041963599999,31948.0,2584.0,12271.0,39968.75,40687.5,42000.0,78.0,25.0,64.0,896.0,5000.0,0.0,25.0,1000000.0,950000.0,1.0,0.0,0.0,10.0,0.0,0.0,100.0,100.0,78672349.0,1494952284.0,1391678639.0,0.0,0.0,0.0,0.0,0.0,1.0,1.0,1.0,1.0,1.0,0.0,0.0,1.0,0.0,0.0,0.0,0.0,0.0,45.0,1.0,96549117.0,614126975.0,99877550.0,76217279.0,1529055242.0,9251.0,80401747675.0,0.0,1.0,1.0,0.0,1.0,0.0,0.0,1.0,1.0,1.0,1.0,2.0,1.0,0.0,0.0,0.0,2.0,0.0,0.0,1.0,1.0,3.0,50.0,50.0,1.0,0.0,0.0,0.0,0.0,0.0,0.0,0.0,0.0,0.0,0.0,2.0,2.0,0.0,1.0,1.0,0.0,1.0,0.0,0.0,0.0,0.0,0.0,1.0,0.0,0.0,1.0,0.0,0.0,0.0,1.0,11.0,0.0,0.0,0.0,0.0,0.0,12.0,0.0,0.0,0.0,0.0,0.0,0.0,0.0,0.0,0.0,1.0,1.0,0.0,0.0,0.0,0.0,1.0,1.0,1.0,0.0,0.0,0.0,0.0,0.0,0.0,1.0,1.0,0.0,0.0,0.0,0.0,0.0,1.0,1.0,0.0,2747979448.0,17677.0,17677.0,23714.0,23714.0,23924.0,0.0,574.0,41891.0,29673.0,29555.0,292.0,0.0,0.0,0.0,1076.0,0.0,0.0,109.0,119.0,118.0,51.0,107.0,9189285440.0,0.0,46499348640.0,913050624032.0,14159004960.0,0.0,0.0,9251.0,0.0,0.0,11329.0,236.0,12832.0
1032,0.0,1.0,1.0,0.0,0.0,1728000.0,1.0,229500000.0,1.0,40800000.0,15.4074859619,31795.0,2584.0,12193.0,39972.22222219999,40555.555555599996,41777.77777780001,78.0,25.0,64.0,896.0,5000.0,0.0,25.0,1000000.0,950000.0,1.0,0.0,0.0,10.0,0.0,0.0,100.0,100.0,83144103.0,1547758215.0,1445354807.0,0.0,0.0,0.0,0.0,0.0,1.0,1.0,1.0,1.0,1.0,0.0,0.0,1.0,0.0,0.0,0.0,0.0,0.0,31.0,1.0,94430389.0,634949926.0,99387789.0,82435986.0,1564618713.0,10204.0,82949183815.0,0.0,1.0,1.0,0.0,1.0,0.0,0.0,1.0,1.0,1.0,1.0,2.0,1.0,0.0,0.0,0.0,2.0,0.0,0.0,1.0,1.0,3.0,50.0,50.0,1.0,0.0,0.0,0.0,0.0,0.0,0.0,0.0,0.0,0.0,0.0,2.0,2.0,0.0,1.0,1.0,0.0,1.0,0.0,0.0,0.0,0.0,0.0,1.0,0.0,0.0,1.0,0.0,0.0,0.0,1.0,11.0,0.0,0.0,0.0,0.0,0.0,12.0,0.0,0.0,0.0,0.0,0.0,0.0,0.0,0.0,0.0,1.0,1.0,0.0,0.0,0.0,0.0,1.0,1.0,1.0,0.0,0.0,0.0,0.0,0.0,0.0,1.0,1.0,0.0,0.0,0.0,0.0,0.0,1.0,1.0,0.0,2745197611.0,19160.0,19160.0,24115.0,24115.0,24361.0,0.0,649.0,42362.0,29827.0,29703.0,342.0,0.0,0.0,0.0,1090.0,0.0,0.0,115.0,125.0,124.0,51.0,113.0,10068973504.0,4609440.0,48550075296.0,1283837910784.0,15218209024.0,0.0,0.0,10204.0,0.0,0.0,12488.0,248.0,13866.0
1033,0.0,1.0,1.0,0.0,0.0,1728000.0,1.0,229500000.0,1.0,40800000.0,14.9514739513,32216.0,2432.0,12118.0,39968.75,40500.0,41875.0,78.0,25.0,64.0,896.0,5000.0,0.0,25.0,1000000.0,950000.0,1.0,0.0,0.0,10.0,0.0,0.0,100.0,100.0,82462618.0,1520455664.0,1415529155.0,0.0,0.0,0.0,0.0,0.0,1.0,1.0,1.0,1.0,1.0,0.0,0.0,1.0,0.0,0.0,0.0,0.0,0.0,34.0,1.0,97601544.0,618758561.0,102114070.0,83716085.0,1568113915.0,11445.0,81252017766.0,0.0,1.0,1.0,0.0,1.0,0.0,0.0,1.0,1.0,1.0,1.0,2.0,1.0,0.0,0.0,0.0,2.0,0.0,0.0,1.0,1.0,3.0,50.0,50.0,1.0,0.0,0.0,0.0,0.0,0.0,0.0,0.0,0.0,0.0,0.0,2.0,2.0,0.0,1.0,1.0,0.0,1.0,0.0,0.0,0.0,0.0,0.0,1.0,0.0,0.0,1.0,0.0,0.0,0.0,1.0,11.0,0.0,0.0,0.0,0.0,0.0,12.0,0.0,0.0,0.0,0.0,0.0,0.0,0.0,0.0,0.0,1.0,1.0,0.0,0.0,0.0,0.0,1.0,1.0,1.0,0.0,0.0,0.0,0.0,0.0,0.0,1.0,1.0,0.0,0.0,0.0,0.0,0.0,1.0,1.0,0.0,2778170416.0,19971.0,19971.0,23121.0,23121.0,23317.0,0.0,643.0,42085.0,29313.0,29195.0,326.0,0.0,0.0,0.0,1039.0,0.0,0.0,109.0,119.0,118.0,46.0,107.0,10256672448.0,554720.0,47378331776.0,888718464128.0,18799483392.0,0.0,0.0,11445.0,0.0,0.0,13624.0,236.0,14774.0
1034,0.0,1.0,1.0,0.0,0.0,1728000.0,1.0,229500000.0,1.0,40800000.0,14.2262790203,33740.0,2508.0,12271.0,40000.0,40812.5,41875.0,98.0,25.0,64.0,896.0,5000.0,0.0,25.0,1000000.0,950000.0,1.0,1.0,0.0,10.0,0.0,0.0,100.0,100.0,79592677.0,1553902701.0,1418337728.0,0.0,0.0,0.0,0.0,0.0,1.0,1.0,1.0,1.0,1.0,0.0,0.0,1.0,0.0,0.0,0.0,0.0,0.0,38.0,1.0,89891900.0,631873309.0,94475779.0,79678013.0,1574367172.0,9589.0,82570148929.0,0.0,1.0,1.0,0.0,1.0,0.0,0.0,1.0,1.0,1.0,1.0,2.0,1.0,0.0,0.0,0.0,2.0,0.0,0.0,1.0,1.0,3.0,50.0,50.0,1.0,0.0,0.0,0.0,0.0,0.0,0.0,0.0,0.0,0.0,0.0,2.0,2.0,0.0,1.0,1.0,0.0,1.0,0.0,0.0,0.0,0.0,0.0,1.0,0.0,0.0,1.0,0.0,0.0,0.0,1.0,11.0,0.0,0.0,0.0,0.0,0.0,12.0,0.0,0.0,0.0,0.0,0.0,0.0,0.0,0.0,0.0,1.0,1.0,0.0,0.0,0.0,0.0,1.0,1.0,1.0,0.0,0.0,0.0,0.0,0.0,0.0,1.0,1.0,0.0,0.0,0.0,0.0,0.0,1.0,1.0,0.0,2805783889.0,18760.0,18760.0,23905.0,23905.0,24089.0,0.0,582.0,41322.0,29423.0,29305.0,336.0,0.0,0.0,0.0,1154.0,0.0,0.0,109.0,119.0,118.0,42.0,107.0,9366319232.0,0.0,47980981184.0,943727031744.0,13461754912.0,0.0,0.0,9589.0,0.0,0.0,11864.0,236.0,13568.0
1035,0.0,1.0,1.0,0.0,0.0,1728000.0,1.0,229500000.0,1.0,40800000.0,15.7201931477,32178.0,2584.0,11889.0,40083.3333333,40833.3333333,41944.444444400004,98.0,25.0,64.0,896.0,5000.0,0.0,25.0,1000000.0,950000.0,1.0,1.0,0.0,10.0,0.0,0.0,100.0,100.0,84794858.0,1553295807.0,1441698911.0,0.0,0.0,0.0,0.0,0.0,1.0,1.0,1.0,1.0,1.0,0.0,0.0,1.0,0.0,0.0,0.0,0.0,0.0,32.0,1.0,101547099.0,623764001.0,105820912.0,87235859.0,1584792267.0,11593.0,84949481650.0,0.0,1.0,1.0,0.0,1.0,0.0,0.0,1.0,1.0,1.0,1.0,2.0,1.0,0.0,0.0,0.0,2.0,0.0,0.0,1.0,1.0,3.0,50.0,50.0,1.0,0.0,0.0,0.0,0.0,0.0,0.0,0.0,0.0,0.0,0.0,2.0,2.0,0.0,1.0,1.0,0.0,1.0,0.0,0.0,0.0,0.0,0.0,1.0,0.0,0.0,1.0,0.0,0.0,0.0,1.0,11.0,0.0,0.0,0.0,0.0,0.0,12.0,0.0,0.0,0.0,0.0,0.0,0.0,0.0,0.0,0.0,1.0,1.0,0.0,0.0,0.0,0.0,1.0,1.0,1.0,0.0,0.0,0.0,0.0,0.0,0.0,1.0,1.0,0.0,0.0,0.0,0.0,0.0,1.0,1.0,0.0,2763389056.0,20511.0,20511.0,25045.0,25045.0,25276.0,0.0,600.0,43136.0,29831.0,29707.0,320.0,0.0,0.0,0.0,1058.0,0.0,0.0,115.0,125.0,124.0,50.0,113.0,9497036160.0,7500928.0,49199251200.0,1133498287488.0,16747153216.0,0.0,0.0,11593.0,0.0,0.0,13838.0,248.0,15146.0
1036,0.0,1.0,1.0,0.0,0.0,1728000.0,1.0,229500000.0,1.0,40800000.0,14.7416191101,32176.0,2433.0,11965.0,40031.25,40562.5,41875.0,98.0,25.0,64.0,896.0,5000.0,0.0,25.0,1000000.0,950000.0,1.0,1.0,0.0,10.0,0.0,0.0,100.0,100.0,84110968.0,1561654181.0,1451782639.0,0.0,0.0,0.0,0.0,0.0,1.0,1.0,1.0,1.0,1.0,0.0,0.0,1.0,0.0,0.0,0.0,0.0,0.0,37.0,1.0,102716045.0,650645660.0,102646326.0,84825525.0,1595709619.0,11920.0,83086506452.0,0.0,1.0,1.0,0.0,1.0,0.0,0.0,1.0,1.0,1.0,1.0,2.0,1.0,0.0,0.0,0.0,2.0,0.0,0.0,1.0,1.0,3.0,50.0,50.0,1.0,0.0,0.0,0.0,0.0,0.0,0.0,0.0,0.0,0.0,0.0,2.0,2.0,0.0,1.0,1.0,0.0,1.0,0.0,0.0,0.0,0.0,0.0,1.0,0.0,0.0,1.0,0.0,0.0,0.0,1.0,11.0,0.0,0.0,0.0,0.0,0.0,12.0,0.0,0.0,0.0,0.0,0.0,0.0,0.0,0.0,0.0,1.0,1.0,0.0,0.0,0.0,0.0,1.0,1.0,1.0,0.0,0.0,0.0,0.0,0.0,0.0,1.0,1.0,0.0,0.0,0.0,0.0,0.0,1.0,1.0,0.0,2831826365.0,20942.0,20942.0,23858.0,23858.0,24073.0,0.0,614.0,41960.0,29687.0,29569.0,383.0,0.0,0.0,0.0,1072.0,0.0,0.0,109.0,119.0,118.0,52.0,107.0,10165435616.0,0.0,48559830944.0,965819626304.0,17228392352.0,0.0,0.0,11920.0,0.0,0.0,14252.0,236.0,15785.0
1037,0.0,1.0,1.0,0.0,0.0,1728000.0,1.0,229500000.0,1.0,40800000.0,14.3273310661,35302.0,2661.0,13186.0,39950.0,40500.0,41950.0,96.0,25.0,64.0,896.0,5000.0,0.0,25.0,1000000.0,950000.0,1.0,0.0,0.0,10.0,0.0,0.0,100.0,500.0,82810457.0,1557805655.0,1448525517.0,0.0,0.0,0.0,0.0,0.0,1.0,1.0,1.0,1.0,1.0,0.0,0.0,1.0,0.0,0.0,0.0,0.0,0.0,31.0,1.0,104317044.0,627458691.0,106315017.0,84157246.0,1589264843.0,9015.0,85275843400.0,0.0,1.0,1.0,0.0,1.0,0.0,0.0,1.0,1.0,1.0,1.0,2.0,1.0,0.0,0.0,0.0,2.0,0.0,0.0,1.0,1.0,3.0,50.0,50.0,1.0,0.0,0.0,0.0,0.0,0.0,0.0,0.0,0.0,0.0,0.0,2.0,2.0,0.0,1.0,1.0,0.0,1.0,0.0,0.0,0.0,0.0,0.0,1.0,0.0,0.0,1.0,0.0,0.0,0.0,1.0,11.0,0.0,0.0,0.0,0.0,0.0,12.0,0.0,0.0,0.0,0.0,0.0,0.0,0.0,0.0,0.0,1.0,1.0,0.0,0.0,0.0,0.0,1.0,1.0,1.0,0.0,0.0,0.0,0.0,0.0,0.0,1.0,1.0,0.0,0.0,0.0,0.0,0.0,1.0,1.0,0.0,2780976350.0,18207.0,18207.0,25144.0,25144.0,25388.0,0.0,700.0,46594.0,30980.0,30844.0,401.0,0.0,0.0,0.0,1257.0,0.0,0.0,127.0,137.0,136.0,57.0,125.0,11236496192.0,1645632.0,50041361664.0,1435092663328.0,14433143520.0,0.0,0.0,9015.0,0.0,0.0,11457.0,272.0,13050.0
1038,0.0,1.0,1.0,0.0,0.0,1728000.0,1.0,229500000.0,1.0,40800000.0,14.3762640953,28631.0,2280.0,10592.0,40000.0,40687.5,42000.0,96.0,25.0,64.0,896.0,5000.0,0.0,25.0,1000000.0,950000.0,1.0,0.0,0.0,10.0,0.0,0.0,100.0,500.0,79517671.0,1503539521.0,1402004787.0,0.0,0.0,0.0,0.0,0.0,1.0,1.0,1.0,1.0,1.0,0.0,0.0,1.0,0.0,0.0,0.0,0.0,0.0,33.0,1.0,90507387.0,620551690.0,92827724.0,80222038.0,1518394270.0,10477.0,80924240109.0,0.0,1.0,1.0,0.0,1.0,0.0,0.0,1.0,1.0,1.0,1.0,2.0,1.0,0.0,0.0,0.0,2.0,0.0,0.0,1.0,1.0,3.0,50.0,50.0,1.0,0.0,0.0,0.0,0.0,0.0,0.0,0.0,0.0,0.0,0.0,2.0,2.0,0.0,1.0,1.0,0.0,1.0,0.0,0.0,0.0,0.0,0.0,1.0,0.0,0.0,1.0,0.0,0.0,0.0,1.0,11.0,0.0,0.0,0.0,0.0,0.0,12.0,0.0,0.0,0.0,0.0,0.0,0.0,0.0,0.0,0.0,1.0,1.0,0.0,0.0,0.0,0.0,1.0,1.0,1.0,0.0,0.0,0.0,0.0,0.0,0.0,1.0,1.0,0.0,0.0,0.0,0.0,0.0,1.0,1.0,0.0,2635939297.0,19033.0,19033.0,23076.0,23076.0,23290.0,0.0,609.0,40173.0,29007.0,28895.0,375.0,0.0,0.0,0.0,1058.0,0.0,0.0,103.0,113.0,112.0,42.0,101.0,10186539520.0,0.0,47360098496.0,1173113345024.0,16897793312.0,0.0,0.0,10477.0,0.0,0.0,12911.0,224.0,14025.0
1039,0.0,1.0,1.0,0.0,0.0,1728000.0,1.0,229500000.0,1.0,40800000.0,15.142328023900001,28480.0,2204.0,10746.0,40000.0,40571.4285714,41928.5714286,96.0,25.0,64.0,896.0,5000.0,0.0,25.0,1000000.0,950000.0,1.0,0.0,0.0,10.0,0.0,0.0,100.0,500.0,73810495.0,1463441421.0,1346579731.0,0.0,0.0,0.0,0.0,0.0,1.0,1.0,1.0,1.0,1.0,0.0,0.0,1.0,0.0,0.0,0.0,0.0,0.0,32.0,1.0,89641917.0,565114200.0,90837000.0,77283107.0,1500239621.0,9754.0,78092792976.0,0.0,1.0,1.0,0.0,1.0,0.0,0.0,1.0,1.0,1.0,1.0,2.0,1.0,0.0,0.0,0.0,2.0,0.0,0.0,1.0,1.0,14.0,67.0,67.0,1.0,0.0,0.0,0.0,0.0,0.0,0.0,0.0,0.0,0.0,0.0,13.0,13.0,0.0,1.0,1.0,0.0,1.0,11.0,0.0,0.0,0.0,0.0,1.0,0.0,0.0,1.0,0.0,0.0,0.0,1.0,11.0,0.0,0.0,0.0,0.0,0.0,12.0,0.0,0.0,0.0,0.0,0.0,0.0,0.0,0.0,0.0,1.0,1.0,0.0,0.0,0.0,0.0,1.0,1.0,1.0,0.0,0.0,0.0,0.0,0.0,0.0,1.0,1.0,0.0,0.0,0.0,0.0,0.0,1.0,1.0,0.0,2634818663.0,17850.0,17850.0,23044.0,23044.0,23264.0,0.0,604.0,38963.0,29026.0,28920.0,390.0,0.0,0.0,0.0,996.0,0.0,0.0,97.0,107.0,106.0,43.0,95.0,9257118912.0,10864640.0,45790366368.0,3443531853920.0,18012899872.0,0.0,0.0,9754.0,0.0,0.0,11669.0,212.0,13036.0
1040,0.0,1.0,1.0,0.0,0.0,1728000.0,1.0,229500000.0,1.0,40800000.0,14.240804195399999,28709.0,2432.0,10976.0,40000.0,40687.5,42000.0,94.0,25.0,64.0,896.0,5000.0,0.0,25.0,1000000.0,950000.0,1.0,1.0,0.0,10.0,0.0,0.0,100.0,500.0,72931811.0,1437667776.0,1336317429.0,0.0,0.0,0.0,0.0,0.0,2.0,2.0,1.0,2.0,2.0,0.0,0.0,2.0,0.0,0.0,0.0,0.0,0.0,31.0,2.0,104992123.0,593776216.0,106389692.0,72980583.0,1496046347.0,8056.0,81757027210.0,0.0,1.0,1.0,0.0,1.0,0.0,0.0,1.0,1.0,1.0,1.0,2.0,1.0,0.0,0.0,0.0,2.0,0.0,0.0,1.0,1.0,4.0,54.0,54.0,1.0,0.0,0.0,0.0,0.0,0.0,0.0,0.0,0.0,0.0,0.0,3.0,3.0,0.0,1.0,1.0,0.0,1.0,1.0,0.0,0.0,0.0,0.0,1.0,0.0,0.0,1.0,0.0,0.0,0.0,1.0,11.0,0.0,0.0,0.0,0.0,0.0,12.0,0.0,0.0,0.0,0.0,0.0,0.0,0.0,0.0,0.0,1.0,1.0,0.0,0.0,0.0,0.0,1.0,1.0,1.0,0.0,0.0,0.0,0.0,0.0,0.0,1.0,1.0,0.0,0.0,0.0,0.0,0.0,1.0,1.0,0.0,2604412586.0,16897.0,16897.0,23781.0,23781.0,24015.0,1.0,596.0,39477.0,29315.0,29203.0,240.0,0.0,0.0,0.0,1029.0,0.0,0.0,103.0,113.0,112.0,46.0,101.0,7731228768.0,10145312.0,47474018624.0,1064677171520.0,14056423552.0,0.0,0.0,8056.0,0.0,0.0,10027.0,224.0,11700.0
1041,0.0,1.0,1.0,0.0,0.0,1728000.0,1.0,229500000.0,1.0,40800000.0,14.550492048299999,35037.0,2812.0,13416.0,39972.22222219999,40500.0,41833.3333333,94.0,25.0,64.0,896.0,5000.0,0.0,25.0,1000000.0,950000.0,1.0,1.0,0.0,10.0,0.0,0.0,100.0,500.0,82076656.0,1512966375.0,1418616999.0,0.0,0.0,0.0,0.0,0.0,1.0,1.0,1.0,1.0,1.0,0.0,0.0,1.0,0.0,0.0,0.0,0.0,0.0,33.0,1.0,104080084.0,643099031.0,106693237.0,80905274.0,1543623957.0,9123.0,83134098266.0,0.0,1.0,1.0,0.0,1.0,0.0,0.0,1.0,1.0,1.0,1.0,2.0,1.0,0.0,0.0,0.0,2.0,0.0,0.0,1.0,1.0,3.0,50.0,50.0,1.0,0.0,0.0,0.0,0.0,0.0,0.0,0.0,0.0,0.0,0.0,2.0,2.0,0.0,1.0,1.0,0.0,1.0,0.0,0.0,0.0,0.0,0.0,1.0,0.0,0.0,1.0,0.0,0.0,0.0,1.0,11.0,0.0,0.0,0.0,0.0,0.0,12.0,0.0,0.0,0.0,0.0,0.0,0.0,0.0,0.0,0.0,1.0,1.0,0.0,0.0,0.0,0.0,1.0,1.0,1.0,0.0,0.0,0.0,0.0,0.0,0.0,1.0,1.0,0.0,0.0,0.0,0.0,0.0,1.0,1.0,0.0,2735102904.0,18007.0,18007.0,24749.0,24749.0,24964.0,0.0,611.0,43823.0,30385.0,30255.0,322.0,0.0,0.0,0.0,1159.0,0.0,0.0,121.0,131.0,130.0,60.0,119.0,10503691360.0,0.0,48454572000.0,1092493137728.0,16082492928.0,0.0,0.0,9123.0,0.0,0.0,11564.0,260.0,13121.0
1042,0.0,1.0,1.0,0.0,0.0,1728000.0,1.0,229500000.0,1.0,40800000.0,14.284957885699999,31909.0,2508.0,11889.0,39843.75,40437.5,41937.5,94.0,25.0,64.0,896.0,5000.0,0.0,25.0,1000000.0,950000.0,1.0,1.0,0.0,10.0,0.0,0.0,100.0,500.0,78847259.0,1510804161.0,1398279024.0,0.0,0.0,0.0,0.0,0.0,1.0,1.0,1.0,1.0,1.0,0.0,0.0,1.0,0.0,0.0,0.0,0.0,0.0,33.0,1.0,93380119.0,632829240.0,95493110.0,80820890.0,1539516941.0,10154.0,81672077522.0,0.0,1.0,1.0,0.0,1.0,0.0,0.0,1.0,1.0,1.0,1.0,2.0,1.0,0.0,0.0,0.0,2.0,0.0,0.0,1.0,1.0,3.0,50.0,50.0,1.0,0.0,0.0,0.0,0.0,0.0,0.0,0.0,0.0,0.0,0.0,2.0,2.0,0.0,1.0,1.0,0.0,1.0,0.0,0.0,0.0,0.0,0.0,1.0,0.0,0.0,1.0,0.0,0.0,0.0,1.0,11.0,0.0,0.0,0.0,0.0,0.0,12.0,0.0,0.0,0.0,0.0,0.0,0.0,0.0,0.0,0.0,1.0,1.0,0.0,0.0,0.0,0.0,1.0,1.0,1.0,0.0,0.0,0.0,0.0,0.0,0.0,1.0,1.0,0.0,0.0,0.0,0.0,0.0,1.0,1.0,0.0,2788278897.0,18898.0,18898.0,23574.0,23574.0,23786.0,0.0,566.0,41336.0,29723.0,29605.0,373.0,0.0,0.0,0.0,1059.0,0.0,0.0,109.0,119.0,118.0,50.0,107.0,10637097120.0,1611456.0,47454787488.0,1208424643136.0,14441087808.0,0.0,0.0,10154.0,0.0,0.0,12442.0,236.0,14034.0
1043,0.0,1.0,0.0,0.0,1.0,499200.0,1.0,765000000.0,1.0,102000000.0,0.858182907104,10407.0,1142.0,3201.0,39916.6666667,40500.0,41833.3333333,73.0,25.0,64.0,896.0,5000.0,0.0,25.0,1000000.0,950000.0,1.0,0.0,0.0,10.0,0.0,0.0,0.0,100.0,30795249.0,787909135.0,724423134.0,0.0,0.0,0.0,0.0,0.0,1.0,1.0,1.0,1.0,1.0,0.0,0.0,1.0,0.0,0.0,0.0,0.0,0.0,31.0,1.0,21605146.0,282220011.0,22004715.0,32745735.0,806800856.0,1550.0,10568097163.0,0.0,1.0,1.0,0.0,1.0,0.0,0.0,1.0,1.0,1.0,1.0,2.0,1.0,0.0,0.0,0.0,2.0,0.0,0.0,1.0,1.0,3.0,50.0,50.0,1.0,0.0,0.0,0.0,0.0,0.0,0.0,0.0,0.0,0.0,0.0,2.0,2.0,0.0,1.0,1.0,0.0,1.0,0.0,0.0,0.0,0.0,0.0,1.0,0.0,0.0,1.0,0.0,0.0,0.0,1.0,11.0,0.0,0.0,0.0,0.0,0.0,12.0,0.0,0.0,0.0,0.0,0.0,0.0,0.0,0.0,0.0,1.0,1.0,0.0,0.0,0.0,0.0,1.0,1.0,1.0,0.0,0.0,0.0,0.0,0.0,0.0,1.0,1.0,0.0,0.0,0.0,0.0,0.0,1.0,1.0,0.0,1526770668.0,2280.0,2280.0,4299.0,4299.0,4334.0,0.0,161.0,25131.0,23414.0,23368.0,71.0,0.0,0.0,0.0,201.0,0.0,0.0,43.0,47.0,46.0,25.0,41.0,438469056.0,0.0,7085907328.0,93641441952.0,982690944.0,0.0,0.0,1550.0,0.0,0.0,1854.0,92.0,2489.0
1044,0.0,1.0,0.0,0.0,1.0,499200.0,1.0,765000000.0,1.0,102000000.0,0.8709919452670001,14257.0,1523.0,4420.0,39416.6666667,40666.6666667,41500.0,73.0,25.0,64.0,896.0,5000.0,0.0,25.0,1000000.0,950000.0,1.0,0.0,0.0,10.0,0.0,0.0,0.0,100.0,33527691.0,820262455.0,734075088.0,0.0,0.0,0.0,0.0,0.0,1.0,1.0,1.0,1.0,1.0,0.0,0.0,1.0,0.0,0.0,0.0,0.0,0.0,29.0,1.0,21323095.0,285357007.0,21836816.0,33791491.0,826394407.0,1606.0,11028985994.0,0.0,1.0,1.0,0.0,1.0,0.0,0.0,1.0,1.0,1.0,1.0,2.0,1.0,0.0,0.0,0.0,2.0,0.0,0.0,1.0,1.0,3.0,50.0,50.0,1.0,0.0,0.0,0.0,0.0,0.0,0.0,0.0,0.0,0.0,0.0,2.0,2.0,0.0,1.0,1.0,0.0,1.0,0.0,0.0,0.0,0.0,0.0,1.0,0.0,0.0,1.0,0.0,0.0,0.0,1.0,11.0,0.0,0.0,0.0,0.0,0.0,12.0,0.0,0.0,0.0,0.0,0.0,0.0,0.0,0.0,0.0,1.0,1.0,0.0,0.0,0.0,0.0,1.0,1.0,1.0,0.0,0.0,0.0,0.0,0.0,0.0,1.0,1.0,0.0,0.0,0.0,0.0,0.0,1.0,1.0,0.0,1576235434.0,2612.0,2612.0,4516.0,4516.0,4549.0,0.0,158.0,25337.0,23369.0,23316.0,82.0,0.0,0.0,0.0,208.0,0.0,0.0,49.0,54.0,53.0,21.0,47.0,785495488.0,0.0,7609657856.0,98022540608.0,953772384.0,0.0,0.0,1606.0,0.0,0.0,1947.0,106.0,2554.0
1045,0.0,1.0,0.0,0.0,1.0,499200.0,1.0,765000000.0,1.0,102000000.0,0.8842959403990001,10409.0,1142.0,3277.0,40166.6666667,40666.6666667,41666.6666667,73.0,25.0,64.0,896.0,5000.0,0.0,25.0,1000000.0,950000.0,1.0,0.0,0.0,10.0,0.0,0.0,0.0,100.0,31554018.0,804430742.0,740554349.0,0.0,0.0,0.0,0.0,0.0,1.0,1.0,1.0,1.0,1.0,0.0,0.0,1.0,0.0,0.0,0.0,0.0,0.0,31.0,1.0,22677678.0,291335331.0,23031485.0,32644117.0,825382005.0,2136.0,10832880295.0,0.0,1.0,1.0,0.0,1.0,0.0,0.0,1.0,1.0,1.0,1.0,2.0,1.0,0.0,0.0,0.0,2.0,0.0,0.0,1.0,1.0,3.0,50.0,50.0,1.0,0.0,0.0,0.0,0.0,0.0,0.0,0.0,0.0,0.0,0.0,2.0,2.0,0.0,1.0,1.0,0.0,1.0,0.0,0.0,0.0,0.0,0.0,1.0,0.0,0.0,1.0,0.0,0.0,0.0,1.0,11.0,0.0,0.0,0.0,0.0,0.0,12.0,0.0,0.0,0.0,0.0,0.0,0.0,0.0,0.0,0.0,1.0,1.0,0.0,0.0,0.0,0.0,1.0,1.0,1.0,0.0,0.0,0.0,0.0,0.0,0.0,1.0,1.0,0.0,0.0,0.0,0.0,0.0,1.0,1.0,0.0,1586664274.0,2923.0,2923.0,4322.0,4322.0,4346.0,0.0,168.0,25166.0,23356.0,23309.0,60.0,0.0,0.0,0.0,218.0,0.0,0.0,43.0,48.0,47.0,20.0,41.0,556197920.0,0.0,7281515680.0,164437911072.0,1213568032.0,0.0,0.0,2136.0,0.0,0.0,2519.0,94.0,3028.0
1046,0.0,1.0,0.0,0.0,1.0,499200.0,1.0,765000000.0,1.0,102000000.0,0.858311891556,23525.0,2131.0,6935.0,39750.0,40166.6666667,41500.0,72.0,25.0,64.0,896.0,5000.0,0.0,25.0,1000000.0,950000.0,1.0,1.0,0.0,10.0,0.0,0.0,0.0,100.0,39279241.0,869199287.0,785620256.0,0.0,0.0,0.0,0.0,0.0,1.0,1.0,1.0,1.0,1.0,0.0,0.0,1.0,0.0,0.0,0.0,0.0,0.0,32.0,1.0,22789021.0,304943793.0,23216069.0,41033382.0,888225995.0,1681.0,11328195591.0,0.0,1.0,1.0,0.0,1.0,0.0,0.0,1.0,1.0,1.0,1.0,2.0,1.0,0.0,0.0,0.0,2.0,0.0,0.0,1.0,1.0,3.0,50.0,50.0,1.0,0.0,0.0,0.0,0.0,0.0,0.0,0.0,0.0,0.0,0.0,2.0,2.0,0.0,1.0,1.0,0.0,1.0,0.0,0.0,0.0,0.0,0.0,1.0,0.0,0.0,1.0,0.0,0.0,0.0,1.0,11.0,0.0,0.0,0.0,0.0,0.0,12.0,0.0,0.0,0.0,0.0,0.0,0.0,0.0,0.0,0.0,1.0,1.0,0.0,0.0,0.0,0.0,1.0,1.0,1.0,0.0,0.0,0.0,0.0,0.0,0.0,1.0,1.0,0.0,0.0,0.0,0.0,0.0,1.0,1.0,0.0,1643198746.0,2510.0,2510.0,4860.0,4860.0,4897.0,0.0,250.0,28956.0,24655.0,24583.0,91.0,0.0,0.0,0.0,297.0,0.0,0.0,67.0,73.0,72.0,27.0,65.0,818257344.0,0.0,8064731968.0,122720075776.0,1172633952.0,0.0,0.0,1681.0,0.0,0.0,2148.0,144.0,2761.0
1047,0.0,1.0,0.0,0.0,1.0,499200.0,1.0,765000000.0,1.0,102000000.0,0.8569581508640001,17384.0,1828.0,5258.0,39416.6666667,40333.3333333,41500.0,72.0,25.0,64.0,896.0,5000.0,0.0,25.0,1000000.0,950000.0,1.0,1.0,0.0,10.0,0.0,0.0,0.0,100.0,33067932.0,821458586.0,756728116.0,0.0,0.0,0.0,0.0,0.0,1.0,1.0,1.0,1.0,1.0,0.0,0.0,1.0,0.0,0.0,0.0,0.0,0.0,31.0,1.0,21578588.0,296496997.0,22262874.0,35754108.0,829998236.0,1570.0,10767437261.0,0.0,1.0,1.0,0.0,1.0,0.0,0.0,1.0,1.0,1.0,1.0,2.0,1.0,0.0,0.0,0.0,2.0,0.0,0.0,1.0,1.0,3.0,50.0,50.0,1.0,0.0,0.0,0.0,0.0,0.0,0.0,0.0,0.0,0.0,0.0,2.0,2.0,0.0,1.0,1.0,0.0,1.0,0.0,0.0,0.0,0.0,0.0,1.0,0.0,0.0,1.0,0.0,0.0,0.0,1.0,11.0,0.0,0.0,0.0,0.0,0.0,12.0,0.0,0.0,0.0,0.0,0.0,0.0,0.0,0.0,0.0,1.0,1.0,0.0,0.0,0.0,0.0,1.0,1.0,1.0,0.0,0.0,0.0,0.0,0.0,0.0,1.0,1.0,0.0,0.0,0.0,0.0,0.0,1.0,1.0,0.0,1569803631.0,2296.0,2296.0,4484.0,4484.0,4512.0,0.0,187.0,27530.0,23923.0,23864.0,60.0,0.0,0.0,0.0,199.0,0.0,0.0,55.0,60.0,59.0,24.0,53.0,810692032.0,0.0,7351156160.0,85200701696.0,1166848416.0,0.0,0.0,1570.0,0.0,0.0,1927.0,118.0,2468.0
1048,0.0,1.0,0.0,0.0,1.0,499200.0,1.0,765000000.0,1.0,102000000.0,0.8577229976649999,14182.0,1599.0,4420.0,39750.0,40125.0,41500.0,72.0,25.0,64.0,896.0,5000.0,0.0,25.0,1000000.0,950000.0,1.0,1.0,0.0,10.0,0.0,0.0,0.0,100.0,34342693.0,815996120.0,738176121.0,0.0,0.0,0.0,0.0,0.0,1.0,1.0,1.0,1.0,1.0,0.0,0.0,1.0,0.0,0.0,0.0,0.0,0.0,35.0,1.0,22692770.0,294704897.0,23643076.0,34766169.0,847436076.0,1584.0,10942099453.0,0.0,1.0,1.0,0.0,1.0,0.0,0.0,1.0,1.0,1.0,1.0,2.0,1.0,0.0,0.0,0.0,2.0,0.0,0.0,1.0,1.0,3.0,50.0,50.0,1.0,0.0,0.0,0.0,0.0,0.0,0.0,0.0,0.0,0.0,0.0,2.0,2.0,0.0,1.0,1.0,0.0,1.0,0.0,0.0,0.0,0.0,0.0,1.0,0.0,0.0,1.0,0.0,0.0,0.0,1.0,11.0,0.0,0.0,0.0,0.0,0.0,12.0,0.0,0.0,0.0,0.0,0.0,0.0,0.0,0.0,0.0,1.0,1.0,0.0,0.0,0.0,0.0,1.0,1.0,1.0,0.0,0.0,0.0,0.0,0.0,0.0,1.0,1.0,0.0,0.0,0.0,0.0,0.0,1.0,1.0,0.0,1607949355.0,2321.0,2321.0,4625.0,4625.0,4669.0,0.0,206.0,27137.0,24017.0,23958.0,62.0,0.0,0.0,0.0,256.0,0.0,0.0,55.0,60.0,59.0,27.0,53.0,1009410816.0,0.0,7439924160.0,92554670336.0,1068640832.0,0.0,0.0,1584.0,0.0,0.0,2074.0,118.0,2668.0
1049,0.0,1.0,0.0,0.0,1.0,499200.0,1.0,765000000.0,1.0,102000000.0,0.857074975967,10409.0,1218.0,3125.0,39687.5,40375.0,41375.0,99.0,25.0,64.0,896.0,5000.0,0.0,25.0,1000000.0,950000.0,1.0,0.0,0.0,10.0,0.0,0.0,0.0,500.0,31627873.0,783455089.0,712572823.0,0.0,0.0,0.0,0.0,0.0,1.0,1.0,1.0,1.0,1.0,0.0,0.0,1.0,0.0,0.0,0.0,0.0,0.0,35.0,1.0,21272024.0,287406110.0,21782658.0,33436557.0,800219032.0,1445.0,10273955852.0,0.0,1.0,1.0,0.0,1.0,0.0,0.0,1.0,1.0,1.0,1.0,2.0,1.0,0.0,0.0,0.0,2.0,0.0,0.0,1.0,1.0,3.0,50.0,50.0,1.0,0.0,0.0,0.0,0.0,0.0,0.0,0.0,0.0,0.0,0.0,2.0,2.0,0.0,1.0,1.0,0.0,1.0,0.0,0.0,0.0,0.0,0.0,1.0,0.0,0.0,1.0,0.0,0.0,0.0,1.0,11.0,0.0,0.0,0.0,0.0,0.0,12.0,0.0,0.0,0.0,0.0,0.0,0.0,0.0,0.0,0.0,1.0,1.0,0.0,0.0,0.0,0.0,1.0,1.0,1.0,0.0,0.0,0.0,0.0,0.0,0.0,1.0,1.0,0.0,0.0,0.0,0.0,0.0,1.0,1.0,0.0,1535390701.0,2200.0,2200.0,4276.0,4276.0,4307.0,0.0,160.0,25743.0,23609.0,23555.0,127.0,0.0,0.0,0.0,202.0,0.0,0.0,49.0,55.0,54.0,23.0,47.0,771379424.0,0.0,7101113408.0,103487043744.0,1207961152.0,0.0,0.0,1445.0,0.0,0.0,1795.0,108.0,2423.0
1050,0.0,1.0,0.0,0.0,1.0,499200.0,1.0,765000000.0,1.0,102000000.0,0.851436853409,10256.0,1142.0,2972.0,39687.5,40250.0,41250.0,99.0,25.0,64.0,896.0,5000.0,0.0,25.0,1000000.0,950000.0,1.0,0.0,0.0,10.0,0.0,0.0,0.0,500.0,33501700.0,805297835.0,731801290.0,0.0,0.0,0.0,0.0,0.0,1.0,1.0,1.0,1.0,1.0,0.0,0.0,1.0,0.0,0.0,0.0,0.0,0.0,32.0,1.0,21115762.0,283871219.0,22066846.0,32495665.0,823753688.0,1745.0,10329161156.0,0.0,1.0,1.0,0.0,1.0,0.0,0.0,1.0,1.0,1.0,1.0,2.0,1.0,0.0,0.0,0.0,2.0,0.0,0.0,1.0,1.0,3.0,50.0,50.0,1.0,0.0,0.0,0.0,0.0,0.0,0.0,0.0,0.0,0.0,0.0,2.0,2.0,0.0,1.0,1.0,0.0,1.0,0.0,0.0,0.0,0.0,0.0,1.0,0.0,0.0,1.0,0.0,0.0,0.0,1.0,10.0,0.0,0.0,0.0,0.0,0.0,11.0,0.0,0.0,0.0,0.0,0.0,0.0,0.0,0.0,0.0,1.0,1.0,0.0,0.0,0.0,0.0,1.0,1.0,1.0,0.0,0.0,0.0,0.0,0.0,0.0,1.0,1.0,0.0,0.0,0.0,0.0,0.0,1.0,1.0,0.0,1590021329.0,2472.0,2472.0,4407.0,4407.0,4432.0,0.0,180.0,26556.0,23634.0,23581.0,108.0,0.0,0.0,0.0,208.0,0.0,0.0,49.0,54.0,53.0,26.0,47.0,886051648.0,0.0,7261740640.0,96839462272.0,1155423424.0,0.0,0.0,1745.0,0.0,0.0,2205.0,106.0,2743.0
1051,0.0,1.0,0.0,0.0,1.0,499200.0,1.0,765000000.0,1.0,102000000.0,0.858309984207,10674.0,1219.0,3429.0,39583.3333333,40333.3333333,41500.0,99.0,25.0,64.0,896.0,5000.0,0.0,25.0,1000000.0,950000.0,1.0,0.0,0.0,10.0,0.0,0.0,0.0,500.0,30348093.0,784421487.0,720767983.0,0.0,0.0,0.0,0.0,0.0,1.0,1.0,1.0,1.0,1.0,0.0,0.0,1.0,0.0,0.0,0.0,0.0,0.0,31.0,1.0,22356989.0,291757460.0,22631447.0,31819078.0,814261971.0,1336.0,10717737417.0,0.0,1.0,1.0,0.0,1.0,0.0,0.0,1.0,1.0,1.0,1.0,2.0,1.0,0.0,0.0,0.0,2.0,0.0,0.0,1.0,1.0,3.0,50.0,50.0,1.0,0.0,0.0,0.0,0.0,0.0,0.0,0.0,0.0,0.0,0.0,2.0,2.0,0.0,1.0,1.0,0.0,1.0,0.0,0.0,0.0,0.0,0.0,1.0,0.0,0.0,1.0,0.0,0.0,0.0,1.0,11.0,0.0,0.0,0.0,0.0,0.0,12.0,0.0,0.0,0.0,0.0,0.0,0.0,0.0,0.0,0.0,1.0,1.0,0.0,0.0,0.0,0.0,1.0,1.0,1.0,0.0,0.0,0.0,0.0,0.0,0.0,1.0,1.0,0.0,0.0,0.0,0.0,0.0,1.0,1.0,0.0,1545705824.0,2059.0,2059.0,4305.0,4305.0,4335.0,0.0,170.0,25055.0,23452.0,23405.0,68.0,0.0,0.0,0.0,220.0,0.0,0.0,43.0,48.0,47.0,23.0,41.0,371904832.0,0.0,7134678784.0,87564974528.0,1028497472.0,0.0,0.0,1336.0,0.0,0.0,1789.0,94.0,2297.0
1052,0.0,1.0,0.0,0.0,1.0,499200.0,1.0,765000000.0,1.0,102000000.0,0.8607990741730001,9837.0,1142.0,2972.0,39666.6666667,40333.3333333,41500.0,94.0,25.0,64.0,896.0,5000.0,0.0,25.0,1000000.0,950000.0,1.0,1.0,0.0,10.0,0.0,0.0,0.0,500.0,31119307.0,796884870.0,730768236.0,0.0,0.0,0.0,0.0,0.0,1.0,1.0,1.0,1.0,1.0,0.0,0.0,1.0,0.0,0.0,0.0,0.0,0.0,36.0,1.0,21224258.0,293706392.0,21550463.0,32143440.0,809028581.0,1546.0,10417072891.0,0.0,1.0,1.0,0.0,1.0,0.0,0.0,1.0,1.0,1.0,1.0,2.0,1.0,0.0,0.0,0.0,2.0,0.0,0.0,1.0,1.0,3.0,50.0,50.0,1.0,0.0,0.0,0.0,0.0,0.0,0.0,0.0,0.0,0.0,0.0,2.0,2.0,0.0,1.0,1.0,0.0,1.0,0.0,0.0,0.0,0.0,0.0,1.0,0.0,0.0,1.0,0.0,0.0,0.0,1.0,11.0,0.0,0.0,0.0,0.0,0.0,12.0,0.0,0.0,0.0,0.0,0.0,0.0,0.0,0.0,0.0,1.0,1.0,0.0,0.0,0.0,0.0,1.0,1.0,1.0,0.0,0.0,0.0,0.0,0.0,0.0,1.0,1.0,0.0,0.0,0.0,0.0,0.0,1.0,1.0,0.0,1570380301.0,2443.0,2443.0,4242.0,4242.0,4272.0,0.0,154.0,24829.0,23056.0,23010.0,70.0,0.0,0.0,0.0,197.0,0.0,0.0,43.0,47.0,46.0,21.0,41.0,601560896.0,0.0,7110416224.0,94407792160.0,1150529760.0,0.0,0.0,1546.0,0.0,0.0,1937.0,92.0,2439.0
1053,0.0,1.0,0.0,0.0,1.0,499200.0,1.0,765000000.0,1.0,102000000.0,0.881426095963,10560.0,1218.0,3353.0,39666.6666667,40166.6666667,41500.0,94.0,25.0,64.0,896.0,5000.0,0.0,25.0,1000000.0,950000.0,1.0,1.0,0.0,10.0,0.0,0.0,0.0,500.0,30113271.0,772379747.0,708075868.0,0.0,0.0,0.0,0.0,0.0,1.0,1.0,1.0,1.0,1.0,0.0,0.0,1.0,0.0,0.0,0.0,0.0,0.0,34.0,1.0,21410419.0,278302430.0,21568766.0,32017011.0,802887933.0,1536.0,10332960532.0,0.0,1.0,1.0,0.0,1.0,0.0,0.0,1.0,1.0,1.0,1.0,2.0,1.0,0.0,0.0,0.0,2.0,0.0,0.0,1.0,1.0,3.0,50.0,50.0,1.0,0.0,0.0,0.0,0.0,0.0,0.0,0.0,0.0,0.0,0.0,2.0,2.0,0.0,1.0,1.0,0.0,1.0,0.0,0.0,0.0,0.0,0.0,1.0,0.0,0.0,1.0,0.0,0.0,0.0,1.0,11.0,0.0,0.0,0.0,0.0,0.0,12.0,0.0,0.0,0.0,0.0,0.0,0.0,0.0,0.0,0.0,1.0,1.0,0.0,0.0,0.0,0.0,1.0,1.0,1.0,0.0,0.0,0.0,0.0,0.0,0.0,1.0,1.0,0.0,0.0,0.0,0.0,0.0,1.0,1.0,0.0,1522690083.0,2246.0,2246.0,4121.0,4121.0,4151.0,0.0,142.0,23995.0,23291.0,23245.0,77.0,0.0,0.0,0.0,159.0,0.0,0.0,43.0,47.0,46.0,20.0,41.0,704569600.0,0.0,6753020832.0,102692034208.0,1084363744.0,0.0,0.0,1536.0,0.0,0.0,1885.0,92.0,2439.0
1054,0.0,1.0,0.0,0.0,1.0,499200.0,1.0,765000000.0,1.0,102000000.0,0.874741077423,13840.0,1447.0,4344.0,39625.0,40125.0,41250.0,94.0,25.0,64.0,896.0,5000.0,0.0,25.0,1000000.0,950000.0,1.0,1.0,0.0,10.0,0.0,0.0,0.0,500.0,35065361.0,822357943.0,752658563.0,0.0,0.0,0.0,0.0,0.0,1.0,1.0,1.0,1.0,1.0,0.0,0.0,1.0,0.0,0.0,0.0,0.0,0.0,35.0,1.0,23197662.0,297099398.0,23163261.0,36609813.0,839570264.0,1648.0,10877467000.0,0.0,1.0,1.0,0.0,1.0,0.0,0.0,1.0,1.0,1.0,1.0,2.0,1.0,0.0,0.0,0.0,2.0,0.0,0.0,1.0,1.0,3.0,50.0,50.0,1.0,0.0,0.0,0.0,0.0,0.0,0.0,0.0,0.0,0.0,0.0,2.0,2.0,0.0,1.0,1.0,0.0,1.0,0.0,0.0,0.0,0.0,0.0,1.0,0.0,0.0,1.0,0.0,0.0,0.0,1.0,11.0,0.0,0.0,0.0,0.0,0.0,12.0,0.0,0.0,0.0,0.0,0.0,0.0,0.0,0.0,0.0,1.0,1.0,0.0,0.0,0.0,0.0,1.0,1.0,1.0,0.0,0.0,0.0,0.0,0.0,0.0,1.0,1.0,0.0,0.0,0.0,0.0,0.0,1.0,1.0,0.0,1584454324.0,2384.0,2384.0,4533.0,4533.0,4571.0,0.0,196.0,27434.0,24002.0,23943.0,65.0,0.0,0.0,0.0,268.0,0.0,0.0,55.0,60.0,59.0,27.0,53.0,789006432.0,0.0,7545671040.0,115412560448.0,1276905152.0,0.0,0.0,1648.0,0.0,0.0,2065.0,118.0,2611.0
1055,0.0,1.0,0.0,0.0,1.0,499200.0,1.0,765000000.0,1.0,102000000.0,0.8689818382260001,10675.0,1218.0,3200.0,39500.0,40166.6666667,41333.3333333,78.0,25.0,64.0,896.0,5000.0,0.0,25.0,1000000.0,950000.0,1.0,0.0,0.0,10.0,0.0,0.0,100.0,100.0,28874675.0,778250483.0,702787471.0,0.0,0.0,0.0,0.0,0.0,1.0,1.0,1.0,1.0,1.0,0.0,0.0,1.0,0.0,0.0,0.0,0.0,0.0,35.0,1.0,21547895.0,276302934.0,21504389.0,33313716.0,798345351.0,1445.0,10166998885.0,0.0,1.0,1.0,0.0,1.0,0.0,0.0,1.0,1.0,1.0,1.0,2.0,1.0,0.0,0.0,0.0,2.0,0.0,0.0,1.0,1.0,3.0,50.0,50.0,1.0,0.0,0.0,0.0,0.0,0.0,0.0,0.0,0.0,0.0,0.0,2.0,2.0,0.0,1.0,1.0,0.0,1.0,0.0,0.0,0.0,0.0,0.0,1.0,0.0,0.0,1.0,0.0,0.0,0.0,1.0,11.0,0.0,0.0,0.0,0.0,0.0,12.0,0.0,0.0,0.0,0.0,0.0,0.0,0.0,0.0,0.0,1.0,1.0,0.0,0.0,0.0,0.0,1.0,1.0,1.0,0.0,0.0,0.0,0.0,0.0,0.0,1.0,1.0,0.0,0.0,0.0,0.0,0.0,1.0,1.0,0.0,1529094608.0,2215.0,2215.0,4176.0,4176.0,4202.0,0.0,154.0,24470.0,23234.0,23188.0,52.0,0.0,0.0,0.0,203.0,0.0,0.0,43.0,47.0,46.0,20.0,41.0,476517376.0,0.0,6848665120.0,108426532224.0,1001757920.0,0.0,0.0,1445.0,0.0,0.0,1810.0,92.0,2440.0
1056,0.0,1.0,0.0,0.0,1.0,499200.0,1.0,765000000.0,1.0,102000000.0,0.9063501358030001,23867.0,2207.0,7393.0,39583.3333333,40166.6666667,41250.0,78.0,25.0,64.0,896.0,5000.0,0.0,25.0,1000000.0,950000.0,1.0,0.0,0.0,10.0,0.0,0.0,100.0,100.0,45254913.0,913205555.0,831154291.0,0.0,0.0,0.0,0.0,0.0,1.0,1.0,1.0,1.0,1.0,0.0,0.0,1.0,0.0,0.0,0.0,0.0,0.0,35.0,1.0,24742086.0,337011960.0,25199537.0,46938448.0,932775850.0,2013.0,12471435412.0,0.0,1.0,1.0,0.0,1.0,0.0,0.0,1.0,1.0,1.0,1.0,2.0,1.0,0.0,0.0,0.0,2.0,0.0,0.0,1.0,1.0,3.0,50.0,50.0,1.0,0.0,0.0,0.0,0.0,0.0,0.0,0.0,0.0,0.0,0.0,2.0,2.0,0.0,1.0,1.0,0.0,1.0,0.0,0.0,0.0,0.0,0.0,1.0,0.0,0.0,1.0,0.0,0.0,0.0,1.0,11.0,0.0,0.0,0.0,0.0,0.0,12.0,0.0,0.0,0.0,0.0,0.0,0.0,0.0,0.0,0.0,1.0,1.0,0.0,0.0,0.0,0.0,1.0,1.0,1.0,0.0,0.0,0.0,0.0,0.0,0.0,1.0,1.0,0.0,0.0,0.0,0.0,0.0,1.0,1.0,0.0,1713571415.0,2806.0,2806.0,5285.0,5285.0,5327.0,0.0,256.0,32642.0,26014.0,25923.0,108.0,0.0,0.0,0.0,306.0,0.0,0.0,85.0,92.0,91.0,41.0,83.0,1431134336.0,0.0,8821526368.0,404082949888.0,1496761664.0,0.0,0.0,2013.0,0.0,0.0,2531.0,182.0,3175.0
1057,0.0,1.0,0.0,0.0,1.0,499200.0,1.0,765000000.0,1.0,102000000.0,0.869146108627,13571.0,1371.0,4268.0,39500.0,40200.0,41300.0,78.0,25.0,64.0,896.0,5000.0,0.0,25.0,1000000.0,950000.0,1.0,0.0,0.0,10.0,0.0,0.0,100.0,100.0,34764671.0,839234618.0,765454100.0,0.0,0.0,0.0,0.0,0.0,1.0,1.0,1.0,1.0,1.0,0.0,0.0,1.0,0.0,0.0,0.0,0.0,0.0,35.0,1.0,22908850.0,314339440.0,23771692.0,38774824.0,865509158.0,1753.0,11208486098.0,0.0,1.0,1.0,0.0,1.0,0.0,0.0,1.0,1.0,1.0,1.0,2.0,1.0,0.0,0.0,0.0,2.0,0.0,0.0,1.0,1.0,3.0,50.0,50.0,1.0,0.0,0.0,0.0,0.0,0.0,0.0,0.0,0.0,0.0,0.0,2.0,2.0,0.0,1.0,1.0,0.0,1.0,0.0,0.0,0.0,0.0,0.0,1.0,0.0,0.0,1.0,0.0,0.0,0.0,1.0,11.0,0.0,0.0,0.0,0.0,0.0,12.0,0.0,0.0,0.0,0.0,0.0,0.0,0.0,0.0,0.0,1.0,1.0,0.0,0.0,0.0,0.0,1.0,1.0,1.0,0.0,0.0,0.0,0.0,0.0,0.0,1.0,1.0,0.0,0.0,0.0,0.0,0.0,1.0,1.0,0.0,1624250563.0,2458.0,2458.0,4735.0,4735.0,4778.0,0.0,211.0,29481.0,24629.0,24563.0,92.0,0.0,0.0,0.0,286.0,0.0,0.0,61.0,67.0,66.0,23.0,59.0,1158676512.0,665216.0,7767042048.0,87506523808.0,1375214048.0,0.0,0.0,1753.0,0.0,0.0,2212.0,132.0,2799.0
1058,0.0,1.0,0.0,0.0,1.0,499200.0,1.0,765000000.0,1.0,102000000.0,0.842254161835,13724.0,1600.0,3887.0,39416.6666667,40166.6666667,41166.6666667,71.0,25.0,64.0,896.0,5000.0,0.0,25.0,1000000.0,950000.0,1.0,1.0,0.0,10.0,0.0,0.0,100.0,100.0,31919368.0,797176529.0,722486385.0,0.0,0.0,0.0,0.0,0.0,1.0,1.0,1.0,1.0,1.0,0.0,0.0,1.0,0.0,0.0,0.0,0.0,0.0,30.0,1.0,21945645.0,286290247.0,22806869.0,31775920.0,806247852.0,1378.0,10637269073.0,0.0,1.0,1.0,0.0,1.0,0.0,0.0,1.0,1.0,1.0,1.0,2.0,1.0,0.0,0.0,0.0,2.0,0.0,0.0,1.0,1.0,3.0,50.0,50.0,1.0,0.0,0.0,0.0,0.0,0.0,0.0,0.0,0.0,0.0,0.0,2.0,2.0,0.0,1.0,1.0,0.0,1.0,0.0,0.0,0.0,0.0,0.0,1.0,0.0,0.0,1.0,0.0,0.0,0.0,1.0,11.0,0.0,0.0,0.0,0.0,0.0,12.0,0.0,0.0,0.0,0.0,0.0,0.0,0.0,0.0,0.0,1.0,1.0,0.0,0.0,0.0,0.0,1.0,1.0,1.0,0.0,0.0,0.0,0.0,0.0,0.0,1.0,1.0,0.0,0.0,0.0,0.0,0.0,1.0,1.0,0.0,1533434123.0,2172.0,2172.0,4350.0,4350.0,4380.0,0.0,158.0,25835.0,23397.0,23345.0,84.0,0.0,0.0,0.0,197.0,0.0,0.0,49.0,53.0,52.0,25.0,47.0,919990496.0,1654080.0,7263270400.0,75757640032.0,1037947392.0,0.0,0.0,1378.0,0.0,0.0,1785.0,104.0,2278.0
1059,0.0,1.0,0.0,0.0,1.0,499200.0,1.0,765000000.0,1.0,102000000.0,0.899748086929,10408.0,1218.0,3505.0,39583.3333333,40333.3333333,41500.0,71.0,25.0,64.0,896.0,5000.0,0.0,25.0,1000000.0,950000.0,1.0,1.0,0.0,10.0,0.0,0.0,100.0,100.0,27672169.0,803527854.0,731796982.0,0.0,0.0,0.0,0.0,0.0,1.0,1.0,1.0,1.0,1.0,0.0,0.0,1.0,0.0,0.0,0.0,0.0,0.0,32.0,1.0,21933804.0,305846862.0,22236779.0,31508578.0,835848548.0,1262.0,10687840371.0,0.0,1.0,1.0,0.0,1.0,0.0,0.0,1.0,1.0,1.0,1.0,2.0,1.0,0.0,0.0,0.0,2.0,0.0,0.0,1.0,1.0,3.0,50.0,50.0,1.0,0.0,0.0,0.0,0.0,0.0,0.0,0.0,0.0,0.0,0.0,2.0,2.0,0.0,1.0,1.0,0.0,1.0,0.0,0.0,0.0,0.0,0.0,1.0,0.0,0.0,1.0,0.0,0.0,0.0,1.0,11.0,0.0,0.0,0.0,0.0,0.0,12.0,0.0,0.0,0.0,0.0,0.0,0.0,0.0,0.0,0.0,1.0,1.0,0.0,0.0,0.0,0.0,1.0,1.0,1.0,0.0,0.0,0.0,0.0,0.0,0.0,1.0,1.0,0.0,0.0,0.0,0.0,0.0,1.0,1.0,0.0,1556587635.0,1982.0,1982.0,4324.0,4324.0,4362.0,0.0,168.0,24205.0,23314.0,23268.0,72.0,0.0,0.0,0.0,201.0,0.0,0.0,43.0,47.0,46.0,21.0,41.0,588264896.0,0.0,6895391744.0,76584779584.0,805373568.0,0.0,0.0,1262.0,0.0,0.0,1554.0,92.0,2138.0
1060,0.0,1.0,0.0,0.0,1.0,499200.0,1.0,765000000.0,1.0,102000000.0,0.868818044662,14449.0,1599.0,4572.0,39500.0,40500.0,41500.0,71.0,25.0,64.0,896.0,5000.0,0.0,25.0,1000000.0,950000.0,1.0,1.0,0.0,10.0,0.0,0.0,100.0,100.0,31597792.0,805339819.0,747292395.0,0.0,0.0,0.0,0.0,0.0,1.0,1.0,1.0,1.0,1.0,0.0,0.0,1.0,0.0,0.0,0.0,0.0,0.0,34.0,1.0,23547751.0,304074211.0,23773762.0,33303948.0,823585218.0,1381.0,10967262690.0,0.0,1.0,1.0,0.0,1.0,0.0,0.0,1.0,1.0,1.0,1.0,2.0,1.0,0.0,0.0,0.0,2.0,0.0,0.0,1.0,1.0,3.0,50.0,50.0,1.0,0.0,0.0,0.0,0.0,0.0,0.0,0.0,0.0,0.0,0.0,2.0,2.0,0.0,1.0,1.0,0.0,1.0,0.0,0.0,0.0,0.0,0.0,1.0,0.0,0.0,1.0,0.0,0.0,0.0,1.0,11.0,0.0,0.0,0.0,0.0,0.0,12.0,0.0,0.0,0.0,0.0,0.0,0.0,0.0,0.0,0.0,1.0,1.0,0.0,0.0,0.0,0.0,1.0,1.0,1.0,0.0,0.0,0.0,0.0,0.0,0.0,1.0,1.0,0.0,0.0,0.0,0.0,0.0,1.0,1.0,0.0,1560939041.0,2149.0,2149.0,4397.0,4397.0,4433.0,0.0,202.0,26168.0,23400.0,23348.0,51.0,0.0,0.0,0.0,218.0,0.0,0.0,49.0,53.0,52.0,24.0,47.0,342366656.0,0.0,7164456672.0,73782611776.0,1046981920.0,0.0,0.0,1381.0,0.0,0.0,1730.0,104.0,2213.0
1061,0.0,1.0,0.0,0.0,1.0,499200.0,1.0,765000000.0,1.0,102000000.0,0.8446140289309999,10369.0,1142.0,3201.0,39500.0,40000.0,41166.6666667,88.0,25.0,64.0,896.0,5000.0,0.0,25.0,1000000.0,950000.0,1.0,0.0,0.0,10.0,0.0,0.0,100.0,500.0,30853140.0,787613066.0,722112781.0,0.0,0.0,0.0,0.0,0.0,1.0,1.0,1.0,1.0,1.0,0.0,0.0,1.0,0.0,0.0,0.0,0.0,0.0,35.0,1.0,21572360.0,295908461.0,21613931.0,32134873.0,819374148.0,1703.0,10238690631.0,0.0,1.0,1.0,0.0,1.0,0.0,0.0,1.0,1.0,1.0,1.0,2.0,1.0,0.0,0.0,0.0,2.0,0.0,0.0,1.0,1.0,3.0,50.0,50.0,1.0,0.0,0.0,0.0,0.0,0.0,0.0,0.0,0.0,0.0,0.0,2.0,2.0,0.0,1.0,1.0,0.0,1.0,0.0,0.0,0.0,0.0,0.0,1.0,0.0,0.0,1.0,0.0,0.0,0.0,1.0,11.0,0.0,0.0,0.0,0.0,0.0,12.0,0.0,0.0,0.0,0.0,0.0,0.0,0.0,0.0,0.0,1.0,1.0,0.0,0.0,0.0,0.0,1.0,1.0,1.0,0.0,0.0,0.0,0.0,0.0,0.0,1.0,1.0,0.0,0.0,0.0,0.0,0.0,1.0,1.0,0.0,1591449341.0,2306.0,2306.0,4411.0,4411.0,4442.0,0.0,181.0,25123.0,23602.0,23555.0,117.0,0.0,0.0,0.0,256.0,0.0,0.0,43.0,48.0,47.0,24.0,41.0,1154546112.0,0.0,7161596064.0,108426892928.0,1324610240.0,0.0,0.0,1703.0,0.0,0.0,2194.0,94.0,2797.0
1062,0.0,1.0,0.0,0.0,1.0,499200.0,1.0,765000000.0,1.0,102000000.0,0.879410982132,14144.0,1523.0,4496.0,39437.5,40000.0,41000.0,88.0,25.0,64.0,896.0,5000.0,0.0,25.0,1000000.0,950000.0,1.0,0.0,0.0,10.0,0.0,0.0,100.0,500.0,35392504.0,826144933.0,760129014.0,0.0,0.0,0.0,0.0,0.0,1.0,1.0,1.0,1.0,1.0,0.0,0.0,1.0,0.0,0.0,0.0,0.0,0.0,32.0,1.0,22960972.0,301338171.0,23709829.0,36157938.0,865008908.0,2106.0,11016974418.0,0.0,1.0,1.0,0.0,1.0,0.0,0.0,1.0,1.0,1.0,1.0,2.0,1.0,0.0,0.0,0.0,2.0,0.0,0.0,1.0,1.0,3.0,50.0,50.0,1.0,0.0,0.0,0.0,0.0,0.0,0.0,0.0,0.0,0.0,0.0,2.0,2.0,0.0,1.0,1.0,0.0,1.0,0.0,0.0,0.0,0.0,0.0,1.0,0.0,0.0,1.0,0.0,0.0,0.0,1.0,10.0,0.0,0.0,0.0,0.0,0.0,11.0,0.0,0.0,0.0,0.0,0.0,0.0,0.0,0.0,0.0,1.0,1.0,0.0,0.0,0.0,0.0,1.0,1.0,1.0,0.0,0.0,0.0,0.0,0.0,0.0,1.0,1.0,0.0,0.0,0.0,0.0,0.0,1.0,1.0,0.0,1673823786.0,2987.0,2987.0,4503.0,4503.0,4544.0,0.0,208.0,27680.0,23856.0,23798.0,53.0,0.0,0.0,0.0,264.0,0.0,0.0,55.0,59.0,58.0,22.0,53.0,696164288.0,0.0,7516468000.0,115821569696.0,1301726464.0,0.0,0.0,2106.0,0.0,0.0,2580.0,116.0,3074.0
1063,0.0,1.0,0.0,0.0,1.0,499200.0,1.0,765000000.0,1.0,102000000.0,0.858439922333,13801.0,1600.0,4115.0,39416.6666667,40166.6666667,41000.0,88.0,25.0,64.0,896.0,5000.0,0.0,25.0,1000000.0,950000.0,1.0,0.0,0.0,10.0,0.0,0.0,100.0,500.0,31280844.0,793996337.0,723547831.0,0.0,0.0,0.0,0.0,0.0,1.0,1.0,1.0,1.0,1.0,0.0,0.0,1.0,0.0,0.0,0.0,0.0,0.0,34.0,1.0,21037143.0,287147986.0,21503389.0,33604813.0,817254341.0,1316.0,10367641080.0,0.0,1.0,1.0,0.0,1.0,0.0,0.0,1.0,1.0,1.0,1.0,2.0,1.0,0.0,0.0,0.0,2.0,0.0,0.0,1.0,1.0,3.0,50.0,50.0,1.0,0.0,0.0,0.0,0.0,0.0,0.0,0.0,0.0,0.0,0.0,2.0,2.0,0.0,1.0,1.0,0.0,1.0,0.0,0.0,0.0,0.0,0.0,1.0,0.0,0.0,1.0,0.0,0.0,0.0,1.0,11.0,0.0,0.0,0.0,0.0,0.0,12.0,0.0,0.0,0.0,0.0,0.0,0.0,0.0,0.0,0.0,1.0,1.0,0.0,0.0,0.0,0.0,1.0,1.0,1.0,0.0,0.0,0.0,0.0,0.0,0.0,1.0,1.0,0.0,0.0,0.0,0.0,0.0,1.0,1.0,0.0,1572029056.0,2145.0,2145.0,4418.0,4418.0,4447.0,0.0,164.0,26241.0,23619.0,23567.0,67.0,0.0,0.0,0.0,216.0,0.0,0.0,49.0,53.0,52.0,23.0,47.0,732663360.0,630592.0,7289701792.0,107270192608.0,1146858848.0,0.0,0.0,1316.0,0.0,0.0,1688.0,104.0,2300.0
1064,0.0,1.0,0.0,0.0,1.0,499200.0,1.0,765000000.0,1.0,102000000.0,0.8669829368590001,10561.0,1066.0,3811.0,39500.0,40166.6666667,41000.0,81.0,25.0,64.0,896.0,5000.0,0.0,25.0,1000000.0,950000.0,1.0,1.0,0.0,10.0,0.0,0.0,100.0,500.0,30633992.0,803701480.0,724664690.0,0.0,0.0,0.0,0.0,0.0,1.0,1.0,1.0,1.0,1.0,0.0,0.0,1.0,0.0,0.0,0.0,0.0,0.0,31.0,1.0,20795628.0,295605383.0,21077028.0,32575918.0,837299441.0,2215.0,10321194413.0,0.0,1.0,1.0,0.0,1.0,0.0,0.0,1.0,1.0,1.0,1.0,2.0,1.0,0.0,0.0,0.0,2.0,0.0,0.0,1.0,1.0,3.0,50.0,50.0,1.0,0.0,0.0,0.0,0.0,0.0,0.0,0.0,0.0,0.0,0.0,2.0,2.0,0.0,1.0,1.0,0.0,1.0,0.0,0.0,0.0,0.0,0.0,1.0,0.0,0.0,1.0,0.0,0.0,0.0,1.0,11.0,0.0,0.0,0.0,0.0,0.0,12.0,0.0,0.0,0.0,0.0,0.0,0.0,0.0,0.0,0.0,1.0,1.0,0.0,0.0,0.0,0.0,1.0,1.0,1.0,0.0,0.0,0.0,0.0,0.0,0.0,1.0,1.0,0.0,0.0,0.0,0.0,0.0,1.0,1.0,0.0,1595550689.0,2947.0,2947.0,4282.0,4282.0,4307.0,0.0,165.0,25297.0,23174.0,23127.0,68.0,0.0,0.0,0.0,179.0,0.0,0.0,43.0,48.0,47.0,19.0,41.0,724994400.0,0.0,7080055200.0,96291506560.0,1618267104.0,0.0,0.0,2215.0,0.0,0.0,2581.0,94.0,3138.0
1065,0.0,1.0,0.0,0.0,1.0,499200.0,1.0,765000000.0,1.0,102000000.0,0.879085063934,17271.0,1828.0,4878.0,39416.6666667,40166.6666667,41000.0,81.0,25.0,64.0,896.0,5000.0,0.0,25.0,1000000.0,950000.0,1.0,1.0,0.0,10.0,0.0,0.0,100.0,500.0,33137518.0,803783959.0,736729104.0,0.0,0.0,0.0,0.0,0.0,1.0,1.0,1.0,1.0,1.0,0.0,0.0,1.0,0.0,0.0,0.0,0.0,0.0,36.0,1.0,22175235.0,288888604.0,23184213.0,35597546.0,824213976.0,1900.0,10624935810.0,0.0,1.0,1.0,0.0,1.0,0.0,0.0,1.0,1.0,1.0,1.0,2.0,1.0,0.0,0.0,0.0,2.0,0.0,0.0,1.0,1.0,3.0,50.0,50.0,1.0,0.0,0.0,0.0,0.0,0.0,0.0,0.0,0.0,0.0,0.0,2.0,2.0,0.0,1.0,1.0,0.0,1.0,0.0,0.0,0.0,0.0,0.0,1.0,0.0,0.0,1.0,0.0,0.0,0.0,1.0,11.0,0.0,0.0,0.0,0.0,0.0,12.0,0.0,0.0,0.0,0.0,0.0,0.0,0.0,0.0,0.0,1.0,1.0,0.0,0.0,0.0,0.0,1.0,1.0,1.0,0.0,0.0,0.0,0.0,0.0,0.0,1.0,1.0,0.0,0.0,0.0,0.0,0.0,1.0,1.0,0.0,1592103392.0,2594.0,2594.0,4572.0,4572.0,4603.0,0.0,203.0,27860.0,24197.0,24138.0,89.0,0.0,0.0,0.0,260.0,0.0,0.0,55.0,60.0,59.0,23.0,53.0,1119917952.0,0.0,7518898016.0,105453677376.0,1030143072.0,0.0,0.0,1900.0,0.0,0.0,2317.0,118.0,3018.0
1066,0.0,1.0,0.0,0.0,1.0,499200.0,1.0,765000000.0,1.0,102000000.0,0.878801107407,10522.0,1218.0,3429.0,39416.6666667,40000.0,41000.0,81.0,25.0,64.0,896.0,5000.0,0.0,25.0,1000000.0,950000.0,1.0,1.0,0.0,10.0,0.0,0.0,100.0,500.0,29727987.0,784248768.0,720563963.0,0.0,0.0,0.0,0.0,0.0,1.0,1.0,1.0,1.0,1.0,0.0,0.0,1.0,0.0,0.0,0.0,0.0,0.0,33.0,1.0,20617169.0,293182793.0,21410085.0,30557464.0,808609812.0,1374.0,10270697912.0,0.0,1.0,1.0,0.0,1.0,0.0,0.0,1.0,1.0,1.0,1.0,2.0,1.0,0.0,0.0,0.0,2.0,0.0,0.0,1.0,1.0,3.0,50.0,50.0,1.0,0.0,0.0,0.0,0.0,0.0,0.0,0.0,0.0,0.0,0.0,2.0,2.0,0.0,1.0,1.0,0.0,1.0,0.0,0.0,0.0,0.0,0.0,1.0,0.0,0.0,1.0,0.0,0.0,0.0,1.0,11.0,0.0,0.0,0.0,0.0,0.0,12.0,0.0,0.0,0.0,0.0,0.0,0.0,0.0,0.0,0.0,1.0,1.0,0.0,0.0,0.0,0.0,1.0,1.0,1.0,0.0,0.0,0.0,0.0,0.0,0.0,1.0,1.0,0.0,0.0,0.0,0.0,0.0,1.0,1.0,0.0,1543634204.0,2140.0,2140.0,4239.0,4239.0,4268.0,0.0,136.0,25379.0,23189.0,23142.0,53.0,0.0,0.0,0.0,216.0,0.0,0.0,43.0,48.0,47.0,15.0,41.0,562687424.0,0.0,6801772608.0,86191667456.0,831746752.0,0.0,0.0,1374.0,0.0,0.0,1740.0,94.0,2247.0
1067,0.0,1.0,0.0,0.0,0.0,1728000.0,1.0,229500000.0,1.0,1866000000.0,0.33767795562700004,17184.0,1294.0,4113.0,40000.0,40333.3333333,41500.0,96.0,25.0,64.0,896.0,5000.0,0.0,25.0,1000000.0,950000.0,1.0,0.0,0.0,10.0,0.0,0.0,0.0,100.0,30066531.0,619044380.0,616690648.0,0.0,0.0,0.0,0.0,0.0,1.0,1.0,1.0,1.0,1.0,0.0,0.0,1.0,0.0,0.0,0.0,0.0,0.0,32.0,1.0,15072237.0,284502508.0,15049334.0,29918944.0,641493358.0,2006.0,2524435514.0,0.0,1.0,1.0,0.0,1.0,0.0,0.0,1.0,1.0,1.0,1.0,2.0,1.0,0.0,0.0,0.0,2.0,0.0,0.0,1.0,1.0,3.0,50.0,50.0,1.0,0.0,0.0,0.0,0.0,0.0,0.0,0.0,0.0,0.0,0.0,2.0,2.0,0.0,1.0,1.0,0.0,1.0,0.0,0.0,0.0,0.0,0.0,1.0,0.0,0.0,1.0,0.0,0.0,0.0,1.0,10.0,0.0,0.0,0.0,0.0,0.0,11.0,0.0,0.0,0.0,0.0,0.0,0.0,0.0,0.0,0.0,1.0,1.0,0.0,0.0,0.0,0.0,1.0,1.0,1.0,0.0,0.0,0.0,0.0,0.0,0.0,1.0,1.0,0.0,0.0,0.0,0.0,0.0,1.0,1.0,0.0,1423668672.0,1682.0,1682.0,1303.0,1303.0,1350.0,0.0,79.0,24125.0,22576.0,22528.0,81.0,0.0,0.0,0.0,33.0,0.0,0.0,43.0,49.0,48.0,13.0,41.0,343819808.0,0.0,1607476320.0,25531853472.0,354713856.0,0.0,0.0,2006.0,0.0,0.0,2274.0,96.0,2620.0
1068,0.0,1.0,0.0,0.0,0.0,1728000.0,1.0,229500000.0,1.0,1866000000.0,0.330842971802,11392.0,837.0,2666.0,39875.0,40500.0,42000.0,96.0,25.0,64.0,896.0,5000.0,0.0,25.0,1000000.0,950000.0,1.0,0.0,0.0,10.0,0.0,0.0,0.0,100.0,24956205.0,622557162.0,612316765.0,0.0,0.0,0.0,0.0,0.0,1.0,1.0,1.0,1.0,1.0,0.0,0.0,1.0,0.0,0.0,0.0,0.0,0.0,31.0,1.0,15342039.0,286327951.0,14995869.0,26437805.0,635173045.0,2255.0,2440663706.0,0.0,1.0,1.0,0.0,1.0,0.0,0.0,1.0,1.0,1.0,1.0,2.0,1.0,0.0,0.0,0.0,2.0,0.0,0.0,1.0,1.0,3.0,50.0,50.0,1.0,0.0,0.0,0.0,0.0,0.0,0.0,0.0,0.0,0.0,0.0,2.0,2.0,0.0,1.0,1.0,0.0,1.0,0.0,0.0,0.0,0.0,0.0,1.0,0.0,0.0,1.0,0.0,0.0,0.0,1.0,11.0,0.0,0.0,0.0,0.0,0.0,12.0,0.0,0.0,0.0,0.0,0.0,0.0,0.0,0.0,0.0,1.0,1.0,0.0,0.0,0.0,0.0,1.0,1.0,1.0,0.0,0.0,0.0,0.0,0.0,0.0,1.0,1.0,0.0,0.0,0.0,0.0,0.0,1.0,1.0,0.0,1418322828.0,1873.0,1873.0,1206.0,1206.0,1251.0,0.0,53.0,21001.0,21977.0,21943.0,72.0,0.0,0.0,0.0,25.0,0.0,0.0,31.0,35.0,34.0,10.0,29.0,237290272.0,0.0,1562015712.0,25319200640.0,261766528.0,0.0,0.0,2255.0,0.0,0.0,2498.0,68.0,2986.0
1069,0.0,1.0,0.0,0.0,0.0,1728000.0,1.0,229500000.0,1.0,1866000000.0,0.328413009644,11468.0,837.0,2818.0,40250.0,41000.0,42000.0,96.0,25.0,64.0,896.0,5000.0,0.0,25.0,1000000.0,950000.0,1.0,0.0,0.0,10.0,0.0,0.0,0.0,100.0,26160108.0,590677372.0,601123288.0,0.0,0.0,0.0,0.0,0.0,1.0,1.0,1.0,1.0,1.0,0.0,0.0,1.0,0.0,0.0,0.0,0.0,0.0,33.0,1.0,15692825.0,289618022.0,15498216.0,26674681.0,617609108.0,1928.0,2439328156.0,0.0,1.0,1.0,0.0,1.0,0.0,0.0,1.0,1.0,1.0,1.0,2.0,1.0,0.0,0.0,0.0,2.0,0.0,0.0,1.0,1.0,3.0,50.0,50.0,1.0,0.0,0.0,0.0,0.0,0.0,0.0,0.0,0.0,0.0,0.0,2.0,2.0,0.0,1.0,1.0,0.0,1.0,0.0,0.0,0.0,0.0,0.0,1.0,0.0,0.0,1.0,0.0,0.0,0.0,1.0,11.0,0.0,0.0,0.0,0.0,0.0,12.0,0.0,0.0,0.0,0.0,0.0,0.0,0.0,0.0,0.0,1.0,1.0,0.0,0.0,0.0,0.0,1.0,1.0,1.0,0.0,0.0,0.0,0.0,0.0,0.0,1.0,1.0,0.0,0.0,0.0,0.0,0.0,1.0,1.0,0.0,1350958226.0,1691.0,1691.0,1158.0,1158.0,1197.0,0.0,67.0,20943.0,21863.0,21829.0,54.0,0.0,0.0,0.0,29.0,0.0,0.0,31.0,35.0,34.0,10.0,29.0,231012064.0,0.0,1560656352.0,36169277568.0,235606144.0,0.0,0.0,1928.0,0.0,0.0,2132.0,68.0,2465.0
1070,0.0,1.0,0.0,0.0,0.0,1728000.0,1.0,229500000.0,1.0,1866000000.0,0.33702707290600004,17299.0,1294.0,3960.0,40125.0,41000.0,42250.0,90.0,25.0,64.0,896.0,5000.0,0.0,25.0,1000000.0,950000.0,1.0,1.0,0.0,10.0,0.0,0.0,0.0,100.0,25845035.0,610133996.0,605772727.0,0.0,0.0,0.0,0.0,0.0,1.0,1.0,1.0,1.0,1.0,0.0,0.0,1.0,0.0,0.0,0.0,0.0,0.0,33.0,1.0,14844271.0,286443300.0,14531322.0,27076494.0,621750257.0,1986.0,2487155521.0,0.0,1.0,1.0,0.0,1.0,0.0,0.0,1.0,1.0,1.0,1.0,2.0,1.0,0.0,0.0,0.0,2.0,0.0,0.0,1.0,1.0,3.0,50.0,50.0,1.0,0.0,0.0,0.0,0.0,0.0,0.0,0.0,0.0,0.0,0.0,2.0,2.0,0.0,1.0,1.0,0.0,1.0,0.0,0.0,0.0,0.0,0.0,1.0,0.0,0.0,1.0,0.0,0.0,0.0,1.0,10.0,0.0,0.0,0.0,0.0,0.0,11.0,0.0,0.0,0.0,0.0,0.0,0.0,0.0,0.0,0.0,1.0,1.0,0.0,0.0,0.0,0.0,1.0,1.0,1.0,0.0,0.0,0.0,0.0,0.0,0.0,1.0,1.0,0.0,0.0,0.0,0.0,0.0,1.0,1.0,0.0,1413863173.0,1753.0,1753.0,1299.0,1299.0,1328.0,0.0,54.0,22499.0,22151.0,22110.0,115.0,0.0,0.0,0.0,15.0,0.0,0.0,37.0,42.0,41.0,12.0,35.0,252956032.0,0.0,1575089184.0,37219736480.0,334661664.0,0.0,0.0,1986.0,0.0,0.0,2271.0,82.0,2681.0
1071,0.0,1.0,0.0,0.0,0.0,1728000.0,1.0,229500000.0,1.0,1866000000.0,0.331872940063,17487.0,1294.0,4265.0,40000.0,41000.0,42500.0,90.0,25.0,64.0,896.0,5000.0,0.0,25.0,1000000.0,950000.0,1.0,1.0,0.0,10.0,0.0,0.0,0.0,100.0,28574555.0,602927508.0,582614385.0,0.0,0.0,0.0,0.0,0.0,1.0,1.0,1.0,1.0,1.0,0.0,0.0,1.0,0.0,0.0,0.0,0.0,0.0,34.0,1.0,15558563.0,287354431.0,14925915.0,30093336.0,629059927.0,1486.0,2504371018.0,0.0,1.0,1.0,0.0,1.0,0.0,0.0,1.0,1.0,1.0,1.0,2.0,1.0,0.0,0.0,0.0,2.0,0.0,0.0,1.0,1.0,3.0,50.0,50.0,1.0,0.0,0.0,0.0,0.0,0.0,0.0,0.0,0.0,0.0,0.0,2.0,2.0,0.0,1.0,1.0,0.0,1.0,0.0,0.0,0.0,0.0,0.0,1.0,0.0,0.0,1.0,0.0,0.0,0.0,1.0,11.0,0.0,0.0,0.0,0.0,0.0,12.0,0.0,0.0,0.0,0.0,0.0,0.0,0.0,0.0,0.0,1.0,1.0,0.0,0.0,0.0,0.0,1.0,1.0,1.0,0.0,0.0,0.0,0.0,0.0,0.0,1.0,1.0,0.0,0.0,0.0,0.0,0.0,1.0,1.0,0.0,1423054064.0,1246.0,1246.0,1279.0,1279.0,1314.0,0.0,69.0,24347.0,22624.0,22576.0,45.0,0.0,0.0,0.0,25.0,0.0,0.0,43.0,49.0,48.0,17.0,41.0,525555264.0,0.0,1560636736.0,22023552768.0,307269184.0,0.0,0.0,1486.0,0.0,0.0,1743.0,96.0,2085.0
1072,0.0,1.0,0.0,0.0,0.0,1728000.0,1.0,229500000.0,1.0,1866000000.0,0.331233024597,24840.0,1750.0,5787.0,40333.3333333,41333.3333333,42500.0,90.0,25.0,64.0,896.0,5000.0,0.0,25.0,1000000.0,950000.0,1.0,1.0,0.0,10.0,0.0,0.0,0.0,100.0,30706532.0,636889556.0,621969323.0,0.0,0.0,0.0,0.0,0.0,1.0,1.0,1.0,1.0,1.0,0.0,0.0,1.0,0.0,0.0,0.0,0.0,0.0,34.0,1.0,15512114.0,281902731.0,15051623.0,31500565.0,648747672.0,1958.0,2619733250.0,0.0,1.0,1.0,0.0,1.0,0.0,0.0,1.0,1.0,1.0,1.0,2.0,1.0,0.0,0.0,0.0,2.0,0.0,0.0,1.0,1.0,3.0,50.0,50.0,1.0,0.0,0.0,0.0,0.0,0.0,0.0,0.0,0.0,0.0,0.0,2.0,2.0,0.0,1.0,1.0,0.0,1.0,0.0,0.0,0.0,0.0,0.0,1.0,0.0,0.0,1.0,0.0,0.0,0.0,1.0,10.0,0.0,0.0,0.0,0.0,0.0,11.0,0.0,0.0,0.0,0.0,0.0,0.0,0.0,0.0,0.0,1.0,1.0,0.0,0.0,0.0,0.0,1.0,1.0,1.0,0.0,0.0,0.0,0.0,0.0,0.0,1.0,1.0,0.0,0.0,0.0,0.0,0.0,1.0,1.0,0.0,1441677155.0,1516.0,1516.0,1400.0,1400.0,1440.0,0.0,90.0,25840.0,23246.0,23191.0,83.0,0.0,0.0,0.0,49.0,0.0,0.0,49.0,56.0,55.0,14.0,47.0,252968416.0,131648.0,1649373664.0,43798348672.0,386667232.0,0.0,0.0,1958.0,0.0,0.0,2256.0,110.0,2811.0
1073,0.0,1.0,0.0,0.0,0.0,1728000.0,1.0,229500000.0,1.0,1866000000.0,0.33834099769599996,17487.0,1370.0,4189.0,40500.0,41166.6666667,42500.0,84.0,25.0,64.0,896.0,5000.0,0.0,25.0,1000000.0,950000.0,1.0,0.0,0.0,10.0,0.0,0.0,0.0,500.0,27573011.0,630633097.0,603238500.0,0.0,0.0,0.0,0.0,0.0,1.0,1.0,1.0,1.0,1.0,0.0,0.0,1.0,0.0,0.0,0.0,0.0,0.0,35.0,1.0,15296924.0,281316195.0,15128957.0,29888639.0,640727860.0,1905.0,2581664844.0,0.0,1.0,1.0,0.0,1.0,0.0,0.0,1.0,1.0,1.0,1.0,2.0,1.0,0.0,0.0,0.0,2.0,0.0,0.0,1.0,1.0,3.0,50.0,50.0,1.0,0.0,0.0,0.0,0.0,0.0,0.0,0.0,0.0,0.0,0.0,2.0,2.0,0.0,1.0,1.0,0.0,1.0,0.0,0.0,0.0,0.0,0.0,1.0,0.0,0.0,1.0,0.0,0.0,0.0,1.0,11.0,0.0,0.0,0.0,0.0,0.0,12.0,0.0,0.0,0.0,0.0,0.0,0.0,0.0,0.0,0.0,1.0,1.0,0.0,0.0,0.0,0.0,1.0,1.0,1.0,0.0,0.0,0.0,0.0,0.0,0.0,1.0,1.0,0.0,0.0,0.0,0.0,0.0,1.0,1.0,0.0,1422457984.0,1556.0,1556.0,1362.0,1362.0,1400.0,0.0,80.0,24363.0,22727.0,22679.0,76.0,0.0,0.0,0.0,29.0,0.0,0.0,43.0,49.0,48.0,17.0,41.0,246796704.0,5248544.0,1596115744.0,37011721824.0,392257664.0,0.0,0.0,1905.0,0.0,0.0,2155.0,96.0,2673.0
1074,0.0,1.0,0.0,0.0,0.0,1728000.0,1.0,229500000.0,1.0,1866000000.0,0.332962989807,17260.0,1294.0,3961.0,40500.0,41000.0,42500.0,84.0,25.0,64.0,896.0,5000.0,0.0,25.0,1000000.0,950000.0,1.0,0.0,0.0,10.0,0.0,0.0,0.0,500.0,30049524.0,618929278.0,632513820.0,0.0,0.0,0.0,0.0,0.0,1.0,1.0,1.0,1.0,1.0,0.0,0.0,1.0,0.0,0.0,0.0,0.0,0.0,30.0,1.0,15606168.0,300904755.0,15151148.0,28438673.0,622497835.0,2147.0,2488365680.0,0.0,1.0,1.0,0.0,1.0,0.0,0.0,1.0,1.0,1.0,1.0,2.0,1.0,0.0,0.0,0.0,2.0,0.0,0.0,1.0,1.0,3.0,50.0,50.0,1.0,0.0,0.0,0.0,0.0,0.0,0.0,0.0,0.0,0.0,0.0,2.0,2.0,0.0,1.0,1.0,0.0,1.0,0.0,0.0,0.0,0.0,0.0,1.0,0.0,0.0,1.0,0.0,0.0,0.0,1.0,10.0,0.0,0.0,0.0,0.0,0.0,11.0,0.0,0.0,0.0,0.0,0.0,0.0,0.0,0.0,0.0,1.0,1.0,0.0,0.0,0.0,0.0,1.0,1.0,1.0,0.0,0.0,0.0,0.0,0.0,0.0,1.0,1.0,0.0,0.0,0.0,0.0,0.0,1.0,1.0,0.0,1421876022.0,1781.0,1781.0,1223.0,1223.0,1266.0,0.0,62.0,23186.0,22230.0,22189.0,89.0,0.0,0.0,0.0,22.0,0.0,0.0,37.0,42.0,41.0,11.0,35.0,356414464.0,0.0,1630909696.0,36131685280.0,424444000.0,0.0,0.0,2147.0,0.0,0.0,2358.0,82.0,2759.0
1075,0.0,1.0,0.0,0.0,0.0,1728000.0,1.0,229500000.0,1.0,1866000000.0,0.32882213592500004,17449.0,1294.0,4189.0,40500.0,41500.0,42500.0,84.0,25.0,64.0,896.0,5000.0,0.0,25.0,1000000.0,950000.0,1.0,0.0,0.0,10.0,0.0,0.0,0.0,500.0,25158152.0,633168777.0,606285952.0,0.0,0.0,0.0,0.0,0.0,1.0,1.0,1.0,1.0,1.0,0.0,0.0,1.0,0.0,0.0,0.0,0.0,0.0,34.0,1.0,14997090.0,286883365.0,14454054.0,27421413.0,617317153.0,1588.0,2449597440.0,0.0,1.0,1.0,0.0,1.0,0.0,0.0,1.0,1.0,1.0,1.0,2.0,1.0,0.0,0.0,0.0,2.0,0.0,0.0,1.0,1.0,3.0,50.0,50.0,1.0,0.0,0.0,0.0,0.0,0.0,0.0,0.0,0.0,0.0,0.0,2.0,2.0,0.0,1.0,1.0,0.0,1.0,0.0,0.0,0.0,0.0,0.0,1.0,0.0,0.0,1.0,0.0,0.0,0.0,1.0,10.0,0.0,0.0,0.0,0.0,0.0,11.0,0.0,0.0,0.0,0.0,0.0,0.0,0.0,0.0,0.0,1.0,1.0,0.0,0.0,0.0,0.0,1.0,1.0,1.0,0.0,0.0,0.0,0.0,0.0,0.0,1.0,1.0,0.0,0.0,0.0,0.0,0.0,1.0,1.0,0.0,1373023706.0,1428.0,1428.0,1249.0,1249.0,1280.0,0.0,62.0,22525.0,22191.0,22150.0,46.0,0.0,0.0,0.0,25.0,0.0,0.0,37.0,42.0,41.0,13.0,35.0,232630752.0,0.0,1549906656.0,149595746688.0,408486912.0,0.0,0.0,1588.0,0.0,0.0,1791.0,82.0,2080.0
1076,0.0,1.0,0.0,0.0,0.0,1728000.0,1.0,229500000.0,1.0,1866000000.0,0.336946964264,17449.0,1217.0,4189.0,40583.3333333,41333.3333333,42500.0,83.0,25.0,64.0,896.0,5000.0,0.0,25.0,1000000.0,950000.0,1.0,1.0,0.0,10.0,0.0,0.0,0.0,500.0,28824336.0,623389814.0,612479119.0,0.0,0.0,0.0,0.0,0.0,1.0,1.0,1.0,1.0,1.0,0.0,0.0,1.0,0.0,0.0,0.0,0.0,0.0,36.0,1.0,14939169.0,277714670.0,14750479.0,29994635.0,640940845.0,1962.0,2539667685.0,0.0,1.0,1.0,0.0,1.0,0.0,0.0,1.0,1.0,1.0,1.0,2.0,1.0,0.0,0.0,0.0,2.0,0.0,0.0,1.0,1.0,3.0,50.0,50.0,1.0,0.0,0.0,0.0,0.0,0.0,0.0,0.0,0.0,0.0,0.0,2.0,2.0,0.0,1.0,1.0,0.0,1.0,0.0,0.0,0.0,0.0,0.0,1.0,0.0,0.0,1.0,0.0,0.0,0.0,1.0,11.0,0.0,0.0,0.0,0.0,0.0,12.0,0.0,0.0,0.0,0.0,0.0,0.0,0.0,0.0,0.0,1.0,1.0,0.0,0.0,0.0,0.0,1.0,1.0,1.0,0.0,0.0,0.0,0.0,0.0,0.0,1.0,1.0,0.0,0.0,0.0,0.0,0.0,1.0,1.0,0.0,1419279439.0,1652.0,1652.0,1277.0,1277.0,1314.0,0.0,75.0,24764.0,22580.0,22532.0,95.0,0.0,0.0,0.0,26.0,0.0,0.0,43.0,49.0,48.0,12.0,41.0,455232544.0,1968800.0,1614759936.0,32660505664.0,393955808.0,0.0,0.0,1962.0,0.0,0.0,2253.0,96.0,2634.0
1077,0.0,1.0,0.0,0.0,0.0,1728000.0,1.0,229500000.0,1.0,1866000000.0,0.331322193146,17375.0,1446.0,3961.0,40625.0,41500.0,42500.0,83.0,25.0,64.0,896.0,5000.0,0.0,25.0,1000000.0,950000.0,1.0,1.0,0.0,10.0,0.0,0.0,0.0,500.0,27621347.0,605395695.0,584679469.0,0.0,0.0,0.0,0.0,0.0,1.0,1.0,1.0,1.0,1.0,0.0,0.0,1.0,0.0,0.0,0.0,0.0,0.0,34.0,1.0,14673996.0,278147472.0,14779592.0,27807063.0,612760271.0,1581.0,2450585677.0,0.0,1.0,1.0,0.0,1.0,0.0,0.0,1.0,1.0,1.0,1.0,2.0,1.0,0.0,0.0,0.0,2.0,0.0,0.0,1.0,1.0,3.0,50.0,50.0,1.0,0.0,0.0,0.0,0.0,0.0,0.0,0.0,0.0,0.0,0.0,2.0,2.0,0.0,1.0,1.0,0.0,1.0,0.0,0.0,0.0,0.0,0.0,1.0,0.0,0.0,1.0,0.0,0.0,0.0,1.0,10.0,0.0,0.0,0.0,0.0,0.0,11.0,0.0,0.0,0.0,0.0,0.0,0.0,0.0,0.0,0.0,1.0,1.0,0.0,0.0,0.0,0.0,1.0,1.0,1.0,0.0,0.0,0.0,0.0,0.0,0.0,1.0,1.0,0.0,0.0,0.0,0.0,0.0,1.0,1.0,0.0,1393742848.0,1360.0,1360.0,1267.0,1267.0,1301.0,0.0,59.0,23507.0,22256.0,22215.0,90.0,0.0,0.0,0.0,21.0,0.0,0.0,37.0,42.0,41.0,8.0,35.0,228945728.0,0.0,1584916448.0,61906259936.0,324265312.0,0.0,0.0,1581.0,0.0,0.0,1820.0,82.0,2203.0
1078,0.0,1.0,0.0,0.0,0.0,1728000.0,1.0,229500000.0,1.0,1866000000.0,0.329632043839,17563.0,1294.0,4265.0,40666.6666667,41166.6666667,42500.0,83.0,25.0,64.0,896.0,5000.0,0.0,25.0,1000000.0,950000.0,1.0,1.0,0.0,10.0,0.0,0.0,0.0,500.0,28788593.0,612110825.0,609170296.0,0.0,0.0,0.0,0.0,0.0,1.0,1.0,1.0,1.0,1.0,0.0,0.0,1.0,0.0,0.0,0.0,0.0,0.0,34.0,1.0,15212667.0,281341205.0,15373906.0,28089831.0,647841689.0,1741.0,2575310035.0,0.0,1.0,1.0,0.0,1.0,0.0,0.0,1.0,1.0,1.0,1.0,2.0,1.0,0.0,0.0,0.0,2.0,0.0,0.0,1.0,1.0,3.0,50.0,50.0,1.0,0.0,0.0,0.0,0.0,0.0,0.0,0.0,0.0,0.0,0.0,2.0,2.0,0.0,1.0,1.0,0.0,1.0,0.0,0.0,0.0,0.0,0.0,1.0,0.0,0.0,1.0,0.0,0.0,0.0,1.0,10.0,0.0,0.0,0.0,0.0,0.0,11.0,0.0,0.0,0.0,0.0,0.0,0.0,0.0,0.0,0.0,1.0,1.0,0.0,0.0,0.0,0.0,1.0,1.0,1.0,0.0,0.0,0.0,0.0,0.0,0.0,1.0,1.0,0.0,0.0,0.0,0.0,0.0,1.0,1.0,0.0,1471921216.0,1383.0,1383.0,1282.0,1282.0,1321.0,0.0,87.0,24243.0,22628.0,22580.0,85.0,0.0,0.0,0.0,56.0,0.0,0.0,43.0,49.0,48.0,12.0,41.0,244599840.0,0.0,1586404128.0,30957413888.0,436016192.0,0.0,0.0,1741.0,0.0,0.0,2009.0,96.0,2298.0
1079,0.0,1.0,0.0,0.0,0.0,1728000.0,1.0,229500000.0,1.0,1866000000.0,0.33611011505099997,17563.0,1294.0,4189.0,40625.0,41500.0,42500.0,82.0,25.0,64.0,896.0,5000.0,0.0,25.0,1000000.0,950000.0,1.0,0.0,0.0,10.0,0.0,0.0,100.0,100.0,27317482.0,608095163.0,589693119.0,0.0,0.0,0.0,0.0,0.0,1.0,1.0,1.0,1.0,1.0,0.0,0.0,1.0,0.0,0.0,0.0,0.0,0.0,35.0,1.0,15441311.0,274110827.0,15425470.0,29102460.0,630035748.0,2039.0,2534360530.0,0.0,1.0,1.0,0.0,1.0,0.0,0.0,1.0,1.0,1.0,1.0,2.0,1.0,0.0,0.0,0.0,2.0,0.0,0.0,1.0,1.0,3.0,50.0,50.0,1.0,0.0,0.0,0.0,0.0,0.0,0.0,0.0,0.0,0.0,0.0,2.0,2.0,0.0,1.0,1.0,0.0,1.0,0.0,0.0,0.0,0.0,0.0,1.0,0.0,0.0,1.0,0.0,0.0,0.0,1.0,11.0,0.0,0.0,0.0,0.0,0.0,12.0,0.0,0.0,0.0,0.0,0.0,0.0,0.0,0.0,0.0,1.0,1.0,0.0,0.0,0.0,0.0,1.0,1.0,1.0,0.0,0.0,0.0,0.0,0.0,0.0,1.0,1.0,0.0,0.0,0.0,0.0,0.0,1.0,1.0,0.0,1424789625.0,1678.0,1678.0,1310.0,1310.0,1345.0,0.0,65.0,23057.0,22348.0,22307.0,34.0,0.0,0.0,0.0,34.0,0.0,0.0,37.0,42.0,41.0,7.0,35.0,349252576.0,3115552.0,1567595744.0,20464681088.0,339632320.0,0.0,0.0,2039.0,0.0,0.0,2246.0,82.0,2663.0
1080,0.0,1.0,0.0,0.0,0.0,1728000.0,1.0,229500000.0,1.0,1866000000.0,0.331342935562,17452.0,1294.0,4189.0,41000.0,41166.6666667,42500.0,82.0,25.0,64.0,896.0,5000.0,0.0,25.0,1000000.0,950000.0,1.0,0.0,0.0,10.0,0.0,0.0,100.0,100.0,31681547.0,639613964.0,627401841.0,0.0,0.0,0.0,0.0,0.0,1.0,1.0,1.0,1.0,1.0,0.0,0.0,1.0,0.0,0.0,0.0,0.0,0.0,35.0,1.0,15506655.0,296653582.0,14799020.0,29869762.0,635820056.0,1711.0,2516212157.0,0.0,1.0,1.0,0.0,1.0,0.0,0.0,1.0,1.0,1.0,1.0,2.0,1.0,0.0,0.0,0.0,2.0,0.0,0.0,1.0,1.0,3.0,50.0,50.0,1.0,0.0,0.0,0.0,0.0,0.0,0.0,0.0,0.0,0.0,0.0,2.0,2.0,0.0,1.0,1.0,0.0,1.0,0.0,0.0,0.0,0.0,0.0,1.0,0.0,0.0,1.0,0.0,0.0,0.0,1.0,11.0,0.0,0.0,0.0,0.0,0.0,12.0,0.0,0.0,0.0,0.0,0.0,0.0,0.0,0.0,0.0,1.0,1.0,0.0,0.0,0.0,0.0,1.0,1.0,1.0,0.0,0.0,0.0,0.0,0.0,0.0,1.0,1.0,0.0,0.0,0.0,0.0,0.0,1.0,1.0,0.0,1385100620.0,1402.0,1402.0,1292.0,1292.0,1331.0,0.0,66.0,24618.0,22723.0,22675.0,113.0,0.0,0.0,0.0,28.0,0.0,0.0,43.0,49.0,48.0,10.0,41.0,321661344.0,0.0,1664371136.0,106103370880.0,429748896.0,0.0,0.0,1711.0,0.0,0.0,2019.0,96.0,2352.0
1081,0.0,1.0,0.0,0.0,0.0,1728000.0,1.0,229500000.0,1.0,1866000000.0,0.32851600647,17449.0,1218.0,3961.0,40666.6666667,41500.0,42500.0,82.0,25.0,64.0,896.0,5000.0,0.0,25.0,1000000.0,950000.0,1.0,0.0,0.0,10.0,0.0,0.0,100.0,100.0,29538559.0,604562995.0,597967347.0,0.0,0.0,0.0,0.0,0.0,1.0,1.0,1.0,1.0,1.0,0.0,0.0,1.0,0.0,0.0,0.0,0.0,0.0,30.0,1.0,15152052.0,284126880.0,14960433.0,29753081.0,615136157.0,1431.0,2520971672.0,0.0,1.0,1.0,0.0,1.0,0.0,0.0,1.0,1.0,1.0,1.0,2.0,1.0,0.0,0.0,0.0,2.0,0.0,0.0,1.0,1.0,3.0,50.0,50.0,1.0,0.0,0.0,0.0,0.0,0.0,0.0,0.0,0.0,0.0,0.0,2.0,2.0,0.0,1.0,1.0,0.0,1.0,0.0,0.0,0.0,0.0,0.0,1.0,0.0,0.0,1.0,0.0,0.0,0.0,1.0,10.0,0.0,0.0,0.0,0.0,0.0,11.0,0.0,0.0,0.0,0.0,0.0,0.0,0.0,0.0,0.0,1.0,1.0,0.0,0.0,0.0,0.0,1.0,1.0,1.0,0.0,0.0,0.0,0.0,0.0,0.0,1.0,1.0,0.0,0.0,0.0,0.0,0.0,1.0,1.0,0.0,1429500374.0,1211.0,1211.0,1306.0,1306.0,1350.0,0.0,60.0,24533.0,22618.0,22570.0,123.0,0.0,0.0,0.0,23.0,0.0,0.0,43.0,49.0,48.0,10.0,41.0,536495328.0,0.0,1640145504.0,67741006752.0,401724832.0,0.0,0.0,1431.0,0.0,0.0,1703.0,96.0,2014.0
1082,0.0,1.0,0.0,0.0,0.0,1728000.0,1.0,229500000.0,1.0,1866000000.0,0.336537122726,17413.0,1370.0,3885.0,41000.0,41500.0,42500.0,82.0,25.0,64.0,896.0,5000.0,0.0,25.0,1000000.0,950000.0,1.0,1.0,0.0,10.0,0.0,0.0,100.0,100.0,26537774.0,609318191.0,583979076.0,0.0,0.0,0.0,0.0,0.0,1.0,1.0,1.0,1.0,1.0,0.0,0.0,1.0,0.0,0.0,0.0,0.0,0.0,36.0,1.0,15552709.0,278197698.0,15401154.0,27654765.0,627139836.0,1670.0,2556351041.0,0.0,1.0,1.0,0.0,1.0,0.0,0.0,1.0,1.0,1.0,1.0,2.0,1.0,0.0,0.0,0.0,2.0,0.0,0.0,1.0,1.0,3.0,50.0,50.0,1.0,0.0,0.0,0.0,0.0,0.0,0.0,0.0,0.0,0.0,0.0,2.0,2.0,0.0,1.0,1.0,0.0,1.0,0.0,0.0,0.0,0.0,0.0,1.0,0.0,0.0,1.0,0.0,0.0,0.0,1.0,11.0,0.0,0.0,0.0,0.0,0.0,12.0,0.0,0.0,0.0,0.0,0.0,0.0,0.0,0.0,0.0,1.0,1.0,0.0,0.0,0.0,0.0,1.0,1.0,1.0,0.0,0.0,0.0,0.0,0.0,0.0,1.0,1.0,0.0,0.0,0.0,0.0,0.0,1.0,1.0,0.0,1436578675.0,1485.0,1485.0,1288.0,1288.0,1324.0,0.0,58.0,23166.0,22234.0,22193.0,103.0,0.0,0.0,0.0,19.0,0.0,0.0,37.0,42.0,41.0,14.0,35.0,340539680.0,6300064.0,1582514336.0,41420240896.0,396602272.0,0.0,0.0,1670.0,0.0,0.0,1939.0,82.0,2244.0
1083,0.0,1.0,0.0,0.0,0.0,1728000.0,1.0,229500000.0,1.0,1866000000.0,0.330858945847,17563.0,1294.0,4265.0,41000.0,41500.0,43000.0,82.0,25.0,64.0,896.0,5000.0,0.0,25.0,1000000.0,950000.0,1.0,1.0,0.0,10.0,0.0,0.0,100.0,100.0,28068937.0,642436700.0,619301105.0,0.0,0.0,0.0,0.0,0.0,1.0,1.0,1.0,1.0,1.0,0.0,0.0,1.0,0.0,0.0,0.0,0.0,0.0,31.0,1.0,15511784.0,286991028.0,15097750.0,28006411.0,628436737.0,1966.0,2565351579.0,0.0,1.0,1.0,0.0,1.0,0.0,0.0,1.0,1.0,1.0,1.0,2.0,1.0,0.0,0.0,0.0,2.0,0.0,0.0,1.0,1.0,3.0,50.0,50.0,1.0,0.0,0.0,0.0,0.0,0.0,0.0,0.0,0.0,0.0,0.0,2.0,2.0,0.0,1.0,1.0,0.0,1.0,0.0,0.0,0.0,0.0,0.0,1.0,0.0,0.0,1.0,0.0,0.0,0.0,1.0,10.0,0.0,0.0,0.0,0.0,0.0,11.0,0.0,0.0,0.0,0.0,0.0,0.0,0.0,0.0,0.0,1.0,1.0,0.0,0.0,0.0,0.0,1.0,1.0,1.0,0.0,0.0,0.0,0.0,0.0,0.0,1.0,1.0,0.0,0.0,0.0,0.0,0.0,1.0,1.0,0.0,1396660362.0,1652.0,1652.0,1284.0,1284.0,1324.0,0.0,67.0,23032.0,22396.0,22355.0,76.0,0.0,0.0,0.0,29.0,0.0,0.0,37.0,42.0,41.0,14.0,35.0,225537504.0,0.0,1580389312.0,18160386080.0,366266592.0,0.0,0.0,1966.0,0.0,0.0,2216.0,82.0,2524.0
1084,0.0,1.0,0.0,0.0,0.0,1728000.0,1.0,229500000.0,1.0,1866000000.0,0.33053612709,17563.0,1217.0,4493.0,40833.3333333,41666.6666667,42666.6666667,82.0,25.0,64.0,896.0,5000.0,0.0,25.0,1000000.0,950000.0,1.0,1.0,0.0,10.0,0.0,0.0,100.0,100.0,30104921.0,628475898.0,619906836.0,0.0,0.0,0.0,0.0,0.0,1.0,1.0,1.0,1.0,1.0,0.0,0.0,1.0,0.0,0.0,0.0,0.0,0.0,33.0,1.0,15262732.0,286924884.0,15443063.0,26734402.0,632152618.0,1844.0,2615271972.0,0.0,1.0,1.0,0.0,1.0,0.0,0.0,1.0,1.0,1.0,1.0,2.0,1.0,0.0,0.0,0.0,2.0,0.0,0.0,1.0,1.0,3.0,50.0,50.0,1.0,0.0,0.0,0.0,0.0,0.0,0.0,0.0,0.0,0.0,0.0,2.0,2.0,0.0,1.0,1.0,0.0,1.0,0.0,0.0,0.0,0.0,0.0,1.0,0.0,0.0,1.0,0.0,0.0,0.0,1.0,10.0,0.0,0.0,0.0,0.0,0.0,11.0,0.0,0.0,0.0,0.0,0.0,0.0,0.0,0.0,0.0,1.0,1.0,0.0,0.0,0.0,0.0,1.0,1.0,1.0,0.0,0.0,0.0,0.0,0.0,0.0,1.0,1.0,0.0,0.0,0.0,0.0,0.0,1.0,1.0,0.0,1489785363.0,1433.0,1433.0,1306.0,1306.0,1347.0,0.0,71.0,24234.0,22677.0,22629.0,86.0,0.0,0.0,0.0,30.0,0.0,0.0,43.0,49.0,48.0,15.0,41.0,152976864.0,0.0,1595675616.0,20333335744.0,341130720.0,0.0,0.0,1844.0,0.0,0.0,2102.0,96.0,2607.0
1085,0.0,1.0,0.0,0.0,0.0,1728000.0,1.0,229500000.0,1.0,1866000000.0,0.336794137955,11509.0,913.0,2742.0,41125.0,41750.0,42750.0,78.0,25.0,64.0,896.0,5000.0,0.0,25.0,1000000.0,950000.0,1.0,0.0,0.0,10.0,0.0,0.0,100.0,500.0,24249061.0,592833975.0,568444092.0,0.0,0.0,0.0,0.0,0.0,1.0,1.0,1.0,1.0,1.0,0.0,0.0,1.0,0.0,0.0,0.0,0.0,0.0,36.0,1.0,14962288.0,274425686.0,15370743.0,24815744.0,599425457.0,1547.0,2482899440.0,0.0,1.0,1.0,0.0,1.0,0.0,0.0,1.0,1.0,1.0,1.0,2.0,1.0,0.0,0.0,0.0,2.0,0.0,0.0,1.0,1.0,3.0,50.0,50.0,1.0,0.0,0.0,0.0,0.0,0.0,0.0,0.0,0.0,0.0,0.0,2.0,2.0,0.0,1.0,1.0,0.0,1.0,0.0,0.0,0.0,0.0,0.0,1.0,0.0,0.0,1.0,0.0,0.0,0.0,1.0,11.0,0.0,0.0,0.0,0.0,0.0,12.0,0.0,0.0,0.0,0.0,0.0,0.0,0.0,0.0,0.0,1.0,1.0,0.0,0.0,0.0,0.0,1.0,1.0,1.0,0.0,0.0,0.0,0.0,0.0,0.0,1.0,1.0,0.0,0.0,0.0,0.0,0.0,1.0,1.0,0.0,1375607314.0,1412.0,1412.0,1159.0,1159.0,1191.0,0.0,53.0,21111.0,21836.0,21802.0,145.0,0.0,0.0,0.0,21.0,0.0,0.0,31.0,35.0,34.0,8.0,29.0,221854784.0,0.0,1479909728.0,34847124704.0,272325376.0,0.0,0.0,1547.0,0.0,0.0,1848.0,68.0,2141.0
1086,0.0,1.0,0.0,0.0,0.0,1728000.0,1.0,229500000.0,1.0,1866000000.0,0.329437971115,17375.0,1294.0,4189.0,40916.6666667,41833.3333333,43000.0,78.0,25.0,64.0,896.0,5000.0,0.0,25.0,1000000.0,950000.0,1.0,0.0,0.0,10.0,0.0,0.0,100.0,500.0,29295861.0,611314549.0,602525858.0,0.0,0.0,0.0,0.0,0.0,1.0,1.0,1.0,1.0,1.0,0.0,0.0,1.0,0.0,0.0,0.0,0.0,0.0,29.0,1.0,15358587.0,281105945.0,15309317.0,28313883.0,635791462.0,1732.0,2541313399.0,0.0,1.0,1.0,0.0,1.0,0.0,0.0,1.0,1.0,1.0,1.0,2.0,1.0,0.0,0.0,0.0,2.0,0.0,0.0,1.0,1.0,3.0,50.0,50.0,1.0,0.0,0.0,0.0,0.0,0.0,0.0,0.0,0.0,0.0,0.0,2.0,2.0,0.0,1.0,1.0,0.0,1.0,0.0,0.0,0.0,0.0,0.0,1.0,0.0,0.0,1.0,0.0,0.0,0.0,1.0,10.0,0.0,0.0,0.0,0.0,0.0,11.0,0.0,0.0,0.0,0.0,0.0,0.0,0.0,0.0,0.0,1.0,1.0,0.0,0.0,0.0,0.0,1.0,1.0,1.0,0.0,0.0,0.0,0.0,0.0,0.0,1.0,1.0,0.0,0.0,0.0,0.0,0.0,1.0,1.0,0.0,1445935315.0,1434.0,1434.0,1261.0,1261.0,1306.0,0.0,63.0,23352.0,22488.0,22440.0,69.0,0.0,0.0,0.0,22.0,0.0,0.0,43.0,49.0,48.0,16.0,41.0,227265504.0,0.0,1651804832.0,56894986240.0,342184512.0,0.0,0.0,1732.0,0.0,0.0,1982.0,96.0,2382.0
1087,0.0,1.0,0.0,0.0,0.0,1728000.0,1.0,229500000.0,1.0,1866000000.0,0.32872200012200004,11506.0,837.0,2818.0,41125.0,42000.0,42750.0,78.0,25.0,64.0,896.0,5000.0,0.0,25.0,1000000.0,950000.0,1.0,0.0,0.0,10.0,0.0,0.0,100.0,500.0,25522408.0,613091725.0,607386928.0,0.0,0.0,0.0,0.0,0.0,1.0,1.0,1.0,1.0,1.0,0.0,0.0,1.0,0.0,0.0,0.0,0.0,0.0,33.0,1.0,15473377.0,285282916.0,15011192.0,27049540.0,618153695.0,1828.0,2453967725.0,0.0,1.0,1.0,0.0,1.0,0.0,0.0,1.0,1.0,1.0,1.0,2.0,1.0,0.0,0.0,0.0,2.0,0.0,0.0,1.0,1.0,3.0,50.0,50.0,1.0,0.0,0.0,0.0,0.0,0.0,0.0,0.0,0.0,0.0,0.0,2.0,2.0,0.0,1.0,1.0,0.0,1.0,0.0,0.0,0.0,0.0,0.0,1.0,0.0,0.0,1.0,0.0,0.0,0.0,1.0,10.0,0.0,0.0,0.0,0.0,0.0,11.0,0.0,0.0,0.0,0.0,0.0,0.0,0.0,0.0,0.0,1.0,1.0,0.0,0.0,0.0,0.0,1.0,1.0,1.0,0.0,0.0,0.0,0.0,0.0,0.0,1.0,1.0,0.0,0.0,0.0,0.0,0.0,1.0,1.0,0.0,1355471724.0,1550.0,1550.0,1211.0,1211.0,1241.0,0.0,46.0,21213.0,21986.0,21952.0,127.0,0.0,0.0,0.0,23.0,0.0,0.0,31.0,35.0,34.0,14.0,29.0,150361088.0,0.0,1524543232.0,16378436832.0,245612448.0,0.0,0.0,1828.0,0.0,0.0,2082.0,68.0,2547.0
1088,0.0,1.0,0.0,0.0,0.0,1728000.0,1.0,229500000.0,1.0,1866000000.0,0.3371489048,17566.0,1294.0,4265.0,41250.0,42000.0,43000.0,98.0,25.0,64.0,896.0,5000.0,0.0,25.0,1000000.0,950000.0,1.0,1.0,0.0,10.0,0.0,0.0,100.0,500.0,30164029.0,614739664.0,617090660.0,0.0,0.0,0.0,0.0,0.0,1.0,1.0,1.0,1.0,1.0,0.0,0.0,1.0,0.0,0.0,0.0,0.0,0.0,33.0,1.0,15364633.0,285656999.0,15213984.0,28135387.0,650076187.0,2021.0,2591138040.0,0.0,1.0,1.0,0.0,1.0,0.0,0.0,1.0,1.0,1.0,1.0,2.0,1.0,0.0,0.0,0.0,2.0,0.0,0.0,1.0,1.0,3.0,50.0,50.0,1.0,0.0,0.0,0.0,0.0,0.0,0.0,0.0,0.0,0.0,0.0,2.0,2.0,0.0,1.0,1.0,0.0,1.0,0.0,0.0,0.0,0.0,0.0,1.0,0.0,0.0,1.0,0.0,0.0,0.0,1.0,11.0,0.0,0.0,0.0,0.0,0.0,12.0,0.0,0.0,0.0,0.0,0.0,0.0,0.0,0.0,0.0,1.0,1.0,0.0,0.0,0.0,0.0,1.0,1.0,1.0,0.0,0.0,0.0,0.0,0.0,0.0,1.0,1.0,0.0,0.0,0.0,0.0,0.0,1.0,1.0,0.0,1449978176.0,1650.0,1650.0,1252.0,1252.0,1289.0,0.0,74.0,24562.0,22658.0,22610.0,153.0,0.0,0.0,0.0,30.0,0.0,0.0,43.0,49.0,48.0,12.0,41.0,63835488.0,3723840.0,1621221408.0,36426692736.0,447387808.0,0.0,0.0,2021.0,0.0,0.0,2335.0,96.0,2618.0
1089,0.0,1.0,0.0,0.0,0.0,1728000.0,1.0,229500000.0,1.0,1866000000.0,0.333328008652,17490.0,1294.0,4189.0,41125.0,42000.0,43000.0,98.0,25.0,64.0,896.0,5000.0,0.0,25.0,1000000.0,950000.0,1.0,1.0,0.0,10.0,0.0,0.0,100.0,500.0,26810078.0,602849373.0,584457354.0,0.0,0.0,0.0,0.0,0.0,1.0,1.0,1.0,1.0,1.0,0.0,0.0,1.0,0.0,0.0,0.0,0.0,0.0,34.0,1.0,14973621.0,270663678.0,14967284.0,26706958.0,617428036.0,1609.0,2484895486.0,0.0,1.0,1.0,0.0,1.0,0.0,0.0,1.0,1.0,1.0,1.0,2.0,1.0,0.0,0.0,0.0,2.0,0.0,0.0,1.0,1.0,3.0,50.0,50.0,1.0,0.0,0.0,0.0,0.0,0.0,0.0,0.0,0.0,0.0,0.0,2.0,2.0,0.0,1.0,1.0,0.0,1.0,0.0,0.0,0.0,0.0,0.0,1.0,0.0,0.0,1.0,0.0,0.0,0.0,1.0,10.0,0.0,0.0,0.0,0.0,0.0,11.0,0.0,0.0,0.0,0.0,0.0,0.0,0.0,0.0,0.0,1.0,1.0,0.0,0.0,0.0,0.0,1.0,1.0,1.0,0.0,0.0,0.0,0.0,0.0,0.0,1.0,1.0,0.0,0.0,0.0,0.0,0.0,1.0,1.0,0.0,1421942136.0,1343.0,1343.0,1187.0,1187.0,1222.0,0.0,65.0,21939.0,22262.0,22222.0,57.0,0.0,0.0,0.0,25.0,0.0,0.0,37.0,41.0,40.0,14.0,35.0,130910688.0,0.0,1516488992.0,27972501376.0,279135840.0,0.0,0.0,1609.0,0.0,0.0,1817.0,80.0,2288.0
1090,0.0,1.0,0.0,0.0,0.0,1728000.0,1.0,229500000.0,1.0,1866000000.0,0.329389095306,11509.0,837.0,2742.0,41250.0,42000.0,43000.0,98.0,25.0,64.0,896.0,5000.0,0.0,25.0,1000000.0,950000.0,1.0,1.0,0.0,10.0,0.0,0.0,100.0,500.0,24635312.0,598966795.0,574857264.0,0.0,0.0,0.0,0.0,0.0,1.0,1.0,1.0,1.0,1.0,0.0,0.0,1.0,0.0,0.0,0.0,0.0,0.0,36.0,1.0,14664076.0,270457030.0,14558874.0,24461108.0,589438310.0,1437.0,2392951765.0,0.0,1.0,1.0,0.0,1.0,0.0,0.0,1.0,1.0,1.0,1.0,2.0,1.0,0.0,0.0,0.0,2.0,0.0,0.0,1.0,1.0,3.0,50.0,50.0,1.0,0.0,0.0,0.0,0.0,0.0,0.0,0.0,0.0,0.0,0.0,2.0,2.0,0.0,1.0,1.0,0.0,1.0,0.0,0.0,0.0,0.0,0.0,1.0,0.0,0.0,1.0,0.0,0.0,0.0,1.0,11.0,0.0,0.0,0.0,0.0,0.0,12.0,0.0,0.0,0.0,0.0,0.0,0.0,0.0,0.0,0.0,1.0,1.0,0.0,0.0,0.0,0.0,1.0,1.0,1.0,0.0,0.0,0.0,0.0,0.0,0.0,1.0,1.0,0.0,0.0,0.0,0.0,0.0,1.0,1.0,0.0,1344353459.0,1222.0,1222.0,1143.0,1143.0,1182.0,0.0,52.0,21371.0,21926.0,21892.0,51.0,0.0,0.0,0.0,23.0,0.0,0.0,31.0,35.0,34.0,11.0,29.0,233301536.0,0.0,1472568832.0,23094893152.0,303686688.0,0.0,0.0,1437.0,0.0,0.0,1634.0,68.0,1974.0
1091,0.0,1.0,0.0,1.0,0.0,1420800.0,1.0,140250000.0,1.0,204000000.0,0.668813943863,14791.0,1523.0,4724.0,41062.5,41500.0,42500.0,77.0,25.0,64.0,896.0,5000.0,0.0,25.0,1000000.0,950000.0,1.0,0.0,0.0,10.0,0.0,0.0,0.0,100.0,35307095.0,745064901.0,719906469.0,0.0,0.0,0.0,0.0,0.0,1.0,1.0,1.0,1.0,1.0,0.0,0.0,1.0,0.0,0.0,0.0,0.0,0.0,36.0,1.0,18321626.0,301984260.0,18088164.0,35049743.0,756726697.0,1685.0,6146800356.0,0.0,1.0,1.0,0.0,1.0,0.0,0.0,1.0,1.0,1.0,1.0,2.0,1.0,0.0,0.0,0.0,2.0,0.0,0.0,1.0,1.0,3.0,50.0,50.0,1.0,0.0,0.0,0.0,0.0,0.0,0.0,0.0,0.0,0.0,0.0,2.0,2.0,0.0,1.0,1.0,0.0,1.0,0.0,0.0,0.0,0.0,0.0,1.0,0.0,0.0,1.0,0.0,0.0,0.0,1.0,11.0,0.0,0.0,0.0,0.0,0.0,12.0,0.0,0.0,0.0,0.0,0.0,0.0,0.0,0.0,0.0,1.0,1.0,0.0,0.0,0.0,0.0,1.0,1.0,1.0,0.0,0.0,0.0,0.0,0.0,0.0,1.0,1.0,0.0,0.0,0.0,0.0,0.0,1.0,1.0,0.0,1538190656.0,1563.0,1563.0,2560.0,2560.0,2604.0,0.0,149.0,27751.0,23969.0,23907.0,93.0,0.0,0.0,0.0,180.0,0.0,0.0,55.0,63.0,62.0,23.0,53.0,462574816.0,0.0,3871777792.0,76345202400.0,742164864.0,0.0,0.0,1685.0,0.0,0.0,2175.0,124.0,2519.0
1092,0.0,1.0,0.0,1.0,0.0,1420800.0,1.0,140250000.0,1.0,204000000.0,0.669740915298,14449.0,1447.0,4420.0,40375.0,41000.0,42375.0,77.0,25.0,64.0,896.0,5000.0,0.0,25.0,1000000.0,950000.0,1.0,0.0,0.0,10.0,0.0,0.0,0.0,100.0,35027511.0,733082072.0,703257781.0,0.0,0.0,0.0,0.0,0.0,1.0,1.0,1.0,1.0,1.0,0.0,0.0,1.0,0.0,0.0,0.0,0.0,0.0,32.0,1.0,18263494.0,306879455.0,17977118.0,35018139.0,743942545.0,1768.0,6110366385.0,0.0,1.0,1.0,0.0,1.0,0.0,0.0,1.0,1.0,1.0,1.0,2.0,1.0,0.0,0.0,0.0,2.0,0.0,0.0,1.0,1.0,3.0,50.0,50.0,1.0,0.0,0.0,0.0,0.0,0.0,0.0,0.0,0.0,0.0,0.0,2.0,2.0,0.0,1.0,1.0,0.0,1.0,0.0,0.0,0.0,0.0,0.0,1.0,0.0,0.0,1.0,0.0,0.0,0.0,1.0,10.0,0.0,0.0,0.0,0.0,0.0,11.0,0.0,0.0,0.0,0.0,0.0,0.0,0.0,0.0,0.0,1.0,1.0,0.0,0.0,0.0,0.0,1.0,1.0,1.0,0.0,0.0,0.0,0.0,0.0,0.0,1.0,1.0,0.0,0.0,0.0,0.0,0.0,1.0,1.0,0.0,1531269963.0,1629.0,1629.0,2550.0,2550.0,2588.0,0.0,151.0,27862.0,23985.0,23923.0,91.0,0.0,0.0,0.0,186.0,0.0,0.0,55.0,63.0,62.0,18.0,53.0,400527968.0,0.0,3960804480.0,45305721024.0,698247072.0,0.0,0.0,1768.0,0.0,0.0,2239.0,124.0,2531.0
1093,0.0,1.0,0.0,1.0,0.0,1420800.0,1.0,140250000.0,1.0,204000000.0,0.656116962433,14487.0,1447.0,4344.0,40416.6666667,41000.0,42500.0,77.0,25.0,64.0,896.0,5000.0,0.0,25.0,1000000.0,950000.0,1.0,0.0,0.0,10.0,0.0,0.0,0.0,100.0,33214535.0,734584034.0,690386006.0,0.0,0.0,0.0,0.0,0.0,1.0,1.0,1.0,1.0,1.0,0.0,0.0,1.0,0.0,0.0,0.0,0.0,0.0,31.0,1.0,17528776.0,300998444.0,17523943.0,33477455.0,754759876.0,1780.0,5886569307.0,0.0,1.0,1.0,0.0,1.0,0.0,0.0,1.0,1.0,1.0,1.0,2.0,1.0,0.0,0.0,0.0,2.0,0.0,0.0,1.0,1.0,3.0,50.0,50.0,1.0,0.0,0.0,0.0,0.0,0.0,0.0,0.0,0.0,0.0,0.0,2.0,2.0,0.0,1.0,1.0,0.0,1.0,0.0,0.0,0.0,0.0,0.0,1.0,0.0,0.0,1.0,0.0,0.0,0.0,1.0,11.0,0.0,0.0,0.0,0.0,0.0,12.0,0.0,0.0,0.0,0.0,0.0,0.0,0.0,0.0,0.0,1.0,1.0,0.0,0.0,0.0,0.0,1.0,1.0,1.0,0.0,0.0,0.0,0.0,0.0,0.0,1.0,1.0,0.0,0.0,0.0,0.0,0.0,1.0,1.0,0.0,1526371871.0,1781.0,1781.0,2672.0,2672.0,2699.0,0.0,136.0,26221.0,23585.0,23530.0,97.0,0.0,0.0,0.0,179.0,0.0,0.0,49.0,56.0,55.0,16.0,47.0,500306112.0,2940576.0,3953220864.0,49423777824.0,625142432.0,0.0,0.0,1780.0,0.0,0.0,2179.0,110.0,2613.0
1094,0.0,1.0,0.0,1.0,0.0,1420800.0,1.0,140250000.0,1.0,204000000.0,0.662780046463,18337.0,1752.0,5639.0,40500.0,41125.0,42500.0,91.0,25.0,64.0,896.0,5000.0,0.0,25.0,1000000.0,950000.0,1.0,1.0,0.0,10.0,0.0,0.0,0.0,100.0,34498710.0,736295814.0,716964899.0,0.0,0.0,0.0,0.0,0.0,1.0,1.0,1.0,1.0,1.0,0.0,0.0,1.0,0.0,0.0,0.0,0.0,0.0,32.0,1.0,18759225.0,321779668.0,18886328.0,37172772.0,772348939.0,2038.0,6196449062.0,0.0,1.0,1.0,0.0,1.0,0.0,0.0,1.0,1.0,1.0,1.0,2.0,1.0,0.0,0.0,0.0,2.0,0.0,0.0,1.0,1.0,3.0,50.0,50.0,1.0,0.0,0.0,0.0,0.0,0.0,0.0,0.0,0.0,0.0,0.0,2.0,2.0,0.0,1.0,1.0,0.0,1.0,0.0,0.0,0.0,0.0,0.0,1.0,0.0,0.0,1.0,0.0,0.0,0.0,1.0,10.0,0.0,0.0,0.0,0.0,0.0,11.0,0.0,0.0,0.0,0.0,0.0,0.0,0.0,0.0,0.0,1.0,1.0,0.0,0.0,0.0,0.0,1.0,1.0,1.0,0.0,0.0,0.0,0.0,0.0,0.0,1.0,1.0,0.0,0.0,0.0,0.0,0.0,1.0,1.0,0.0,1604030143.0,1831.0,1831.0,2666.0,2666.0,2719.0,0.0,162.0,28514.0,24304.0,24237.0,124.0,0.0,0.0,0.0,181.0,0.0,0.0,61.0,68.0,67.0,16.0,59.0,725756928.0,0.0,4002623008.0,62938387968.0,756077760.0,0.0,0.0,2038.0,0.0,0.0,2551.0,134.0,2787.0
1095,0.0,1.0,0.0,1.0,0.0,1420800.0,1.0,140250000.0,1.0,204000000.0,0.682101011276,10599.0,1066.0,3199.0,40416.6666667,41000.0,42333.3333333,91.0,25.0,64.0,896.0,5000.0,0.0,25.0,1000000.0,950000.0,1.0,1.0,0.0,10.0,0.0,0.0,0.0,100.0,28906362.0,695267845.0,653340111.0,0.0,0.0,0.0,0.0,0.0,1.0,1.0,1.0,1.0,1.0,0.0,0.0,1.0,0.0,0.0,0.0,0.0,0.0,31.0,1.0,17786797.0,285269256.0,17760973.0,29918225.0,724664658.0,1466.0,5669060077.0,0.0,1.0,1.0,0.0,1.0,0.0,0.0,1.0,1.0,1.0,1.0,2.0,1.0,0.0,0.0,0.0,2.0,0.0,0.0,1.0,1.0,3.0,50.0,50.0,1.0,0.0,0.0,0.0,0.0,0.0,0.0,0.0,0.0,0.0,0.0,2.0,2.0,0.0,1.0,1.0,0.0,1.0,0.0,0.0,0.0,0.0,0.0,1.0,0.0,0.0,1.0,0.0,0.0,0.0,1.0,11.0,0.0,0.0,0.0,0.0,0.0,12.0,0.0,0.0,0.0,0.0,0.0,0.0,0.0,0.0,0.0,1.0,1.0,0.0,0.0,0.0,0.0,1.0,1.0,1.0,0.0,0.0,0.0,0.0,0.0,0.0,1.0,1.0,0.0,0.0,0.0,0.0,0.0,1.0,1.0,0.0,1485331638.0,1448.0,1448.0,2401.0,2401.0,2434.0,0.0,91.0,24115.0,23195.0,23147.0,90.0,0.0,0.0,0.0,149.0,0.0,0.0,43.0,49.0,48.0,13.0,41.0,431972640.0,2931616.0,3600096576.0,38703546240.0,721623776.0,0.0,0.0,1466.0,0.0,0.0,1911.0,96.0,2117.0
1096,0.0,1.0,0.0,1.0,0.0,1420800.0,1.0,140250000.0,1.0,204000000.0,0.694053888321,14906.0,1523.0,4800.0,40416.6666667,41166.6666667,42166.6666667,91.0,25.0,64.0,896.0,5000.0,0.0,25.0,1000000.0,950000.0,1.0,1.0,0.0,10.0,0.0,0.0,0.0,100.0,31167139.0,717384845.0,689133555.0,0.0,0.0,0.0,0.0,0.0,1.0,1.0,1.0,1.0,1.0,0.0,0.0,1.0,0.0,0.0,0.0,0.0,0.0,29.0,1.0,17751286.0,292776471.0,17979162.0,32642896.0,750514008.0,1653.0,5960979736.0,0.0,1.0,1.0,0.0,1.0,0.0,0.0,1.0,1.0,1.0,1.0,2.0,1.0,0.0,0.0,0.0,2.0,0.0,0.0,1.0,1.0,3.0,50.0,50.0,1.0,0.0,0.0,0.0,0.0,0.0,0.0,0.0,0.0,0.0,0.0,2.0,2.0,0.0,1.0,1.0,0.0,1.0,0.0,0.0,0.0,0.0,0.0,1.0,0.0,0.0,1.0,0.0,0.0,0.0,1.0,11.0,0.0,0.0,0.0,0.0,0.0,12.0,0.0,0.0,0.0,0.0,0.0,0.0,0.0,0.0,0.0,1.0,1.0,0.0,0.0,0.0,0.0,1.0,1.0,1.0,0.0,0.0,0.0,0.0,0.0,0.0,1.0,1.0,0.0,0.0,0.0,0.0,0.0,1.0,1.0,0.0,1507049334.0,1642.0,1642.0,2519.0,2519.0,2561.0,0.0,153.0,25911.0,23461.0,23406.0,126.0,0.0,0.0,0.0,155.0,0.0,0.0,49.0,56.0,55.0,20.0,47.0,479324544.0,0.0,3744541728.0,64222971008.0,808399200.0,0.0,0.0,1653.0,0.0,0.0,1918.0,110.0,2347.0
1097,0.0,1.0,0.0,1.0,0.0,1420800.0,1.0,140250000.0,1.0,204000000.0,0.6709330081939999,14411.0,1447.0,4267.0,40437.5,40875.0,42125.0,91.0,25.0,64.0,896.0,5000.0,0.0,25.0,1000000.0,950000.0,1.0,0.0,0.0,10.0,0.0,0.0,0.0,500.0,33378789.0,709149338.0,693625848.0,0.0,0.0,0.0,0.0,0.0,1.0,1.0,1.0,1.0,1.0,0.0,0.0,1.0,0.0,0.0,0.0,0.0,0.0,32.0,1.0,18040984.0,316745020.0,17801251.0,32268997.0,718726313.0,1387.0,5855773392.0,0.0,1.0,1.0,0.0,1.0,0.0,0.0,1.0,1.0,1.0,1.0,2.0,1.0,0.0,0.0,0.0,2.0,0.0,0.0,1.0,1.0,3.0,50.0,50.0,1.0,0.0,0.0,0.0,0.0,0.0,0.0,0.0,0.0,0.0,0.0,2.0,2.0,0.0,1.0,1.0,0.0,1.0,0.0,0.0,0.0,0.0,0.0,1.0,0.0,0.0,1.0,0.0,0.0,0.0,1.0,10.0,0.0,0.0,0.0,0.0,0.0,11.0,0.0,0.0,0.0,0.0,0.0,0.0,0.0,0.0,0.0,1.0,1.0,0.0,0.0,0.0,0.0,1.0,1.0,1.0,0.0,0.0,0.0,0.0,0.0,0.0,1.0,1.0,0.0,0.0,0.0,0.0,0.0,1.0,1.0,0.0,1541809824.0,1519.0,1519.0,2628.0,2628.0,2659.0,0.0,144.0,27112.0,23899.0,23839.0,83.0,0.0,0.0,0.0,171.0,0.0,0.0,55.0,61.0,60.0,17.0,53.0,884852224.0,0.0,3785523328.0,356453821696.0,783353376.0,0.0,0.0,1387.0,0.0,0.0,1857.0,120.0,2274.0
1098,0.0,1.0,0.0,1.0,0.0,1420800.0,1.0,140250000.0,1.0,204000000.0,0.67125415802,14753.0,1370.0,4952.0,40437.5,41000.0,42000.0,91.0,25.0,64.0,896.0,5000.0,0.0,25.0,1000000.0,950000.0,1.0,0.0,0.0,10.0,0.0,0.0,0.0,500.0,33234828.0,756761013.0,710734690.0,0.0,0.0,0.0,0.0,0.0,1.0,1.0,1.0,1.0,1.0,0.0,0.0,1.0,0.0,0.0,0.0,0.0,0.0,34.0,1.0,18337988.0,309475166.0,18829824.0,34449284.0,780978643.0,1786.0,6251487047.0,0.0,1.0,1.0,0.0,1.0,0.0,0.0,1.0,1.0,1.0,1.0,2.0,1.0,0.0,0.0,0.0,2.0,0.0,0.0,1.0,1.0,3.0,50.0,50.0,1.0,0.0,0.0,0.0,0.0,0.0,0.0,0.0,0.0,0.0,0.0,2.0,2.0,0.0,1.0,1.0,0.0,1.0,0.0,0.0,0.0,0.0,0.0,1.0,0.0,0.0,1.0,0.0,0.0,0.0,1.0,11.0,0.0,0.0,0.0,0.0,0.0,12.0,0.0,0.0,0.0,0.0,0.0,0.0,0.0,0.0,0.0,1.0,1.0,0.0,0.0,0.0,0.0,1.0,1.0,1.0,0.0,0.0,0.0,0.0,0.0,0.0,1.0,1.0,0.0,0.0,0.0,0.0,0.0,1.0,1.0,0.0,1586078776.0,1661.0,1661.0,2678.0,2678.0,2722.0,0.0,159.0,27350.0,24266.0,24204.0,71.0,0.0,0.0,0.0,234.0,0.0,0.0,55.0,63.0,62.0,11.0,53.0,725965824.0,0.0,3895214272.0,60435496032.0,747335680.0,0.0,0.0,1786.0,0.0,0.0,2321.0,124.0,2811.0
1099,0.0,1.0,0.0,1.0,0.0,1420800.0,1.0,140250000.0,1.0,204000000.0,0.668445110321,14449.0,1447.0,4418.0,40333.3333333,41000.0,42000.0,91.0,25.0,64.0,896.0,5000.0,0.0,25.0,1000000.0,950000.0,1.0,0.0,0.0,10.0,0.0,0.0,0.0,500.0,31904769.0,717531087.0,688866100.0,0.0,0.0,0.0,0.0,0.0,1.0,1.0,1.0,1.0,1.0,0.0,0.0,1.0,0.0,0.0,0.0,0.0,0.0,37.0,1.0,18123461.0,301375541.0,18156631.0,34426291.0,761880395.0,1623.0,5944195103.0,0.0,1.0,1.0,0.0,1.0,0.0,0.0,1.0,1.0,1.0,1.0,2.0,1.0,0.0,0.0,0.0,2.0,0.0,0.0,1.0,1.0,3.0,50.0,50.0,1.0,0.0,0.0,0.0,0.0,0.0,0.0,0.0,0.0,0.0,0.0,2.0,2.0,0.0,1.0,1.0,0.0,1.0,0.0,0.0,0.0,0.0,0.0,1.0,0.0,0.0,1.0,0.0,0.0,0.0,1.0,11.0,0.0,0.0,0.0,0.0,0.0,12.0,0.0,0.0,0.0,0.0,0.0,0.0,0.0,0.0,0.0,1.0,1.0,0.0,0.0,0.0,0.0,1.0,1.0,1.0,0.0,0.0,0.0,0.0,0.0,0.0,1.0,1.0,0.0,0.0,0.0,0.0,0.0,1.0,1.0,0.0,1609063645.0,1553.0,1553.0,2643.0,2643.0,2693.0,0.0,136.0,26544.0,23643.0,23588.0,81.0,0.0,0.0,0.0,163.0,0.0,0.0,49.0,56.0,55.0,23.0,47.0,494886784.0,2164832.0,3842821792.0,73486346976.0,691493824.0,0.0,0.0,1623.0,0.0,0.0,2067.0,110.0,2443.0
1100,0.0,1.0,0.0,1.0,0.0,1420800.0,1.0,140250000.0,1.0,204000000.0,0.669125080109,15401.0,1447.0,4648.0,40416.6666667,41000.0,42000.0,99.0,25.0,64.0,896.0,5000.0,0.0,25.0,1000000.0,950000.0,1.0,1.0,0.0,10.0,0.0,0.0,0.0,500.0,32059075.0,701458077.0,683110340.0,0.0,0.0,0.0,0.0,0.0,1.0,1.0,1.0,1.0,1.0,0.0,0.0,1.0,0.0,0.0,0.0,0.0,0.0,31.0,1.0,18033640.0,305582673.0,17945165.0,33724522.0,719266752.0,1534.0,5846686740.0,0.0,1.0,1.0,0.0,1.0,0.0,0.0,1.0,1.0,1.0,1.0,2.0,1.0,0.0,0.0,0.0,2.0,0.0,0.0,1.0,1.0,3.0,50.0,50.0,1.0,0.0,0.0,0.0,0.0,0.0,0.0,0.0,0.0,0.0,0.0,2.0,2.0,0.0,1.0,1.0,0.0,1.0,0.0,0.0,0.0,0.0,0.0,1.0,0.0,0.0,1.0,0.0,0.0,0.0,1.0,11.0,0.0,0.0,0.0,0.0,0.0,12.0,0.0,0.0,0.0,0.0,0.0,0.0,0.0,0.0,0.0,1.0,1.0,0.0,0.0,0.0,0.0,1.0,1.0,1.0,0.0,0.0,0.0,0.0,0.0,0.0,1.0,1.0,0.0,0.0,0.0,0.0,0.0,1.0,1.0,0.0,1488666421.0,1589.0,1589.0,2648.0,2648.0,2692.0,0.0,140.0,26668.0,23588.0,23533.0,107.0,0.0,0.0,0.0,180.0,0.0,0.0,49.0,56.0,55.0,22.0,47.0,624187488.0,0.0,3919939136.0,73438016448.0,756577664.0,0.0,0.0,1534.0,0.0,0.0,2056.0,110.0,2322.0
1101,0.0,1.0,0.0,1.0,0.0,1420800.0,1.0,140250000.0,1.0,204000000.0,0.66579914093,14639.0,1447.0,4572.0,40375.0,41000.0,42000.0,99.0,25.0,64.0,896.0,5000.0,0.0,25.0,1000000.0,950000.0,1.0,1.0,0.0,10.0,0.0,0.0,0.0,500.0,34711061.0,732502367.0,709286066.0,0.0,0.0,0.0,0.0,0.0,1.0,1.0,1.0,1.0,1.0,0.0,0.0,1.0,0.0,0.0,0.0,0.0,0.0,36.0,1.0,18239753.0,303098823.0,18023987.0,34118960.0,750812759.0,1741.0,5991505615.0,0.0,1.0,1.0,0.0,1.0,0.0,0.0,1.0,1.0,1.0,1.0,2.0,1.0,0.0,0.0,0.0,2.0,0.0,0.0,1.0,1.0,3.0,50.0,50.0,1.0,0.0,0.0,0.0,0.0,0.0,0.0,0.0,0.0,0.0,0.0,2.0,2.0,0.0,1.0,1.0,0.0,1.0,0.0,0.0,0.0,0.0,0.0,1.0,0.0,0.0,1.0,0.0,0.0,0.0,1.0,11.0,0.0,0.0,0.0,0.0,0.0,12.0,0.0,0.0,0.0,0.0,0.0,0.0,0.0,0.0,0.0,1.0,1.0,0.0,0.0,0.0,0.0,1.0,1.0,1.0,0.0,0.0,0.0,0.0,0.0,0.0,1.0,1.0,0.0,0.0,0.0,0.0,0.0,1.0,1.0,0.0,1523034025.0,1851.0,1851.0,2615.0,2615.0,2658.0,0.0,126.0,27004.0,23802.0,23741.0,111.0,0.0,0.0,0.0,189.0,0.0,0.0,55.0,62.0,61.0,20.0,53.0,632594272.0,2044960.0,3869286592.0,80020533088.0,710552192.0,0.0,0.0,1741.0,0.0,0.0,2252.0,122.0,2615.0
1102,0.0,1.0,0.0,1.0,0.0,1420800.0,1.0,140250000.0,1.0,204000000.0,0.676332950592,18337.0,1904.0,5715.0,40437.5,41000.0,42000.0,99.0,25.0,64.0,896.0,5000.0,0.0,25.0,1000000.0,950000.0,1.0,1.0,0.0,10.0,0.0,0.0,0.0,500.0,36467976.0,733611576.0,695775910.0,0.0,0.0,0.0,0.0,0.0,1.0,1.0,1.0,1.0,1.0,0.0,0.0,1.0,0.0,0.0,0.0,0.0,0.0,33.0,1.0,18224740.0,306184501.0,18391354.0,36891208.0,764488380.0,1605.0,6156511998.0,0.0,1.0,1.0,0.0,1.0,0.0,0.0,1.0,1.0,1.0,1.0,2.0,1.0,0.0,0.0,0.0,2.0,0.0,0.0,1.0,1.0,3.0,50.0,50.0,1.0,0.0,0.0,0.0,0.0,0.0,0.0,0.0,0.0,0.0,0.0,2.0,2.0,0.0,1.0,1.0,0.0,1.0,0.0,0.0,0.0,0.0,0.0,1.0,0.0,0.0,1.0,0.0,0.0,0.0,1.0,11.0,0.0,0.0,0.0,0.0,0.0,12.0,0.0,0.0,0.0,0.0,0.0,0.0,0.0,0.0,0.0,1.0,1.0,0.0,0.0,0.0,0.0,1.0,1.0,1.0,0.0,0.0,0.0,0.0,0.0,0.0,1.0,1.0,0.0,0.0,0.0,0.0,0.0,1.0,1.0,0.0,1584665536.0,1636.0,1636.0,2804.0,2804.0,2853.0,0.0,162.0,28404.0,24269.0,24202.0,102.0,0.0,0.0,0.0,237.0,0.0,0.0,61.0,68.0,67.0,23.0,59.0,738601536.0,0.0,4002906080.0,85892375072.0,782984480.0,0.0,0.0,1605.0,0.0,0.0,2175.0,134.0,2525.0
1103,0.0,1.0,0.0,1.0,0.0,1420800.0,1.0,140250000.0,1.0,204000000.0,0.676159143448,15402.0,1523.0,5334.0,40312.5,41000.0,42125.0,75.0,25.0,64.0,896.0,5000.0,0.0,25.0,1000000.0,950000.0,1.0,0.0,0.0,10.0,0.0,0.0,100.0,100.0,34687196.0,753670999.0,710376501.0,0.0,0.0,0.0,0.0,0.0,1.0,1.0,1.0,1.0,1.0,0.0,0.0,1.0,0.0,0.0,0.0,0.0,0.0,33.0,1.0,18621858.0,299497456.0,18776770.0,35201814.0,768047511.0,1770.0,6403486171.0,0.0,1.0,1.0,0.0,1.0,0.0,0.0,1.0,1.0,1.0,1.0,2.0,1.0,0.0,0.0,0.0,2.0,0.0,0.0,1.0,1.0,3.0,50.0,50.0,1.0,0.0,0.0,0.0,0.0,0.0,0.0,0.0,0.0,0.0,0.0,2.0,2.0,0.0,1.0,1.0,0.0,1.0,0.0,0.0,0.0,0.0,0.0,1.0,0.0,0.0,1.0,0.0,0.0,0.0,1.0,10.0,0.0,0.0,0.0,0.0,0.0,11.0,0.0,0.0,0.0,0.0,0.0,0.0,0.0,0.0,0.0,1.0,1.0,0.0,0.0,0.0,0.0,1.0,1.0,1.0,0.0,0.0,0.0,0.0,0.0,0.0,1.0,1.0,0.0,0.0,0.0,0.0,0.0,1.0,1.0,0.0,1555224825.0,1636.0,1636.0,2743.0,2743.0,2780.0,0.0,155.0,27063.0,24211.0,24149.0,96.0,0.0,0.0,0.0,194.0,0.0,0.0,55.0,63.0,62.0,31.0,53.0,663165024.0,0.0,4004840960.0,55864150112.0,676081792.0,0.0,0.0,1770.0,0.0,0.0,2206.0,124.0,2675.0
1104,0.0,1.0,0.0,1.0,0.0,1420800.0,1.0,140250000.0,1.0,204000000.0,0.663836956024,14677.0,1523.0,4648.0,40375.0,40750.0,42000.0,75.0,25.0,64.0,896.0,5000.0,0.0,25.0,1000000.0,950000.0,1.0,0.0,0.0,10.0,0.0,0.0,100.0,100.0,35321584.0,725095652.0,724397495.0,0.0,0.0,0.0,0.0,0.0,1.0,1.0,1.0,1.0,1.0,0.0,0.0,1.0,0.0,0.0,0.0,0.0,0.0,34.0,1.0,18315108.0,308500163.0,18471417.0,35147233.0,730479444.0,1549.0,6069968958.0,0.0,1.0,1.0,0.0,1.0,0.0,0.0,1.0,1.0,1.0,1.0,2.0,1.0,0.0,0.0,0.0,2.0,0.0,0.0,1.0,1.0,3.0,50.0,50.0,1.0,0.0,0.0,0.0,0.0,0.0,0.0,0.0,0.0,0.0,0.0,2.0,2.0,0.0,1.0,1.0,0.0,1.0,0.0,0.0,0.0,0.0,0.0,1.0,0.0,0.0,1.0,0.0,0.0,0.0,1.0,10.0,0.0,0.0,0.0,0.0,0.0,11.0,0.0,0.0,0.0,0.0,0.0,0.0,0.0,0.0,0.0,1.0,1.0,0.0,0.0,0.0,0.0,1.0,1.0,1.0,0.0,0.0,0.0,0.0,0.0,0.0,1.0,1.0,0.0,0.0,0.0,0.0,0.0,1.0,1.0,0.0,1488721079.0,1551.0,1551.0,2697.0,2697.0,2731.0,0.0,155.0,27241.0,23867.0,23805.0,106.0,0.0,0.0,0.0,175.0,0.0,0.0,55.0,63.0,62.0,18.0,53.0,589085504.0,0.0,3867517632.0,62861308384.0,612652800.0,0.0,0.0,1549.0,0.0,0.0,1963.0,124.0,2346.0
1105,0.0,1.0,0.0,1.0,0.0,1420800.0,1.0,140250000.0,1.0,204000000.0,0.6764459609990001,14677.0,1523.0,4648.0,40250.0,41000.0,42000.0,75.0,25.0,64.0,896.0,5000.0,0.0,25.0,1000000.0,950000.0,1.0,0.0,0.0,10.0,0.0,0.0,100.0,100.0,33653472.0,707913873.0,692332192.0,0.0,0.0,0.0,0.0,0.0,1.0,1.0,1.0,1.0,1.0,0.0,0.0,1.0,0.0,0.0,0.0,0.0,0.0,31.0,1.0,18857210.0,318420012.0,18644816.0,34554104.0,751160520.0,1402.0,6012452007.0,0.0,1.0,1.0,0.0,1.0,0.0,0.0,1.0,1.0,1.0,1.0,2.0,1.0,0.0,0.0,0.0,2.0,0.0,0.0,1.0,1.0,3.0,50.0,50.0,1.0,0.0,0.0,0.0,0.0,0.0,0.0,0.0,0.0,0.0,0.0,2.0,2.0,0.0,1.0,1.0,0.0,1.0,0.0,0.0,0.0,0.0,0.0,1.0,0.0,0.0,1.0,0.0,0.0,0.0,1.0,11.0,0.0,0.0,0.0,0.0,0.0,12.0,0.0,0.0,0.0,0.0,0.0,0.0,0.0,0.0,0.0,1.0,1.0,0.0,0.0,0.0,0.0,1.0,1.0,1.0,0.0,0.0,0.0,0.0,0.0,0.0,1.0,1.0,0.0,0.0,0.0,0.0,0.0,1.0,1.0,0.0,1535984970.0,1474.0,1474.0,2654.0,2654.0,2696.0,0.0,140.0,27324.0,23921.0,23859.0,109.0,0.0,0.0,0.0,188.0,0.0,0.0,55.0,63.0,62.0,19.0,53.0,634470112.0,0.0,3821032224.0,67758110560.0,700026048.0,0.0,0.0,1402.0,0.0,0.0,1910.0,124.0,2346.0
1106,0.0,1.0,0.0,1.0,0.0,1420800.0,1.0,140250000.0,1.0,204000000.0,0.6947498321529999,10561.0,1066.0,3124.0,40166.6666667,41000.0,42166.6666667,96.0,25.0,64.0,896.0,5000.0,0.0,25.0,1000000.0,950000.0,1.0,1.0,0.0,10.0,0.0,0.0,100.0,100.0,29135574.0,701012650.0,677132900.0,0.0,0.0,0.0,0.0,0.0,1.0,1.0,1.0,1.0,1.0,0.0,0.0,1.0,0.0,0.0,0.0,0.0,0.0,35.0,1.0,17339416.0,297798699.0,17323869.0,29445301.0,728318193.0,1576.0,5595423240.0,0.0,1.0,1.0,0.0,1.0,0.0,0.0,1.0,1.0,1.0,1.0,2.0,1.0,0.0,0.0,0.0,2.0,0.0,0.0,1.0,1.0,3.0,50.0,50.0,1.0,0.0,0.0,0.0,0.0,0.0,0.0,0.0,0.0,0.0,0.0,2.0,2.0,0.0,1.0,1.0,0.0,1.0,0.0,0.0,0.0,0.0,0.0,1.0,0.0,0.0,1.0,0.0,0.0,0.0,1.0,11.0,0.0,0.0,0.0,0.0,0.0,12.0,0.0,0.0,0.0,0.0,0.0,0.0,0.0,0.0,0.0,1.0,1.0,0.0,0.0,0.0,0.0,1.0,1.0,1.0,0.0,0.0,0.0,0.0,0.0,0.0,1.0,1.0,0.0,0.0,0.0,0.0,0.0,1.0,1.0,0.0,1491880933.0,1593.0,1593.0,2522.0,2522.0,2554.0,0.0,110.0,24370.0,23269.0,23221.0,86.0,0.0,0.0,0.0,158.0,0.0,0.0,43.0,49.0,48.0,14.0,41.0,595449152.0,0.0,3603355200.0,45244307296.0,655532288.0,0.0,0.0,1576.0,0.0,0.0,2013.0,96.0,2379.0
1107,0.0,1.0,0.0,1.0,0.0,1420800.0,1.0,140250000.0,1.0,204000000.0,0.6716120243070001,14601.0,1523.0,4648.0,40250.0,40750.0,42000.0,96.0,25.0,64.0,896.0,5000.0,0.0,25.0,1000000.0,950000.0,1.0,1.0,0.0,10.0,0.0,0.0,100.0,100.0,32559449.0,744049458.0,696296716.0,0.0,0.0,0.0,0.0,0.0,1.0,1.0,1.0,1.0,1.0,0.0,0.0,1.0,0.0,0.0,0.0,0.0,0.0,35.0,1.0,18211354.0,299341205.0,18536054.0,34199931.0,763894443.0,1603.0,6103426086.0,0.0,1.0,1.0,0.0,1.0,0.0,0.0,1.0,1.0,1.0,1.0,2.0,1.0,0.0,0.0,0.0,2.0,0.0,0.0,1.0,1.0,3.0,50.0,50.0,1.0,0.0,0.0,0.0,0.0,0.0,0.0,0.0,0.0,0.0,0.0,2.0,2.0,0.0,1.0,1.0,0.0,1.0,0.0,0.0,0.0,0.0,0.0,1.0,0.0,0.0,1.0,0.0,0.0,0.0,1.0,11.0,0.0,0.0,0.0,0.0,0.0,12.0,0.0,0.0,0.0,0.0,0.0,0.0,0.0,0.0,0.0,1.0,1.0,0.0,0.0,0.0,0.0,1.0,1.0,1.0,0.0,0.0,0.0,0.0,0.0,0.0,1.0,1.0,0.0,0.0,0.0,0.0,0.0,1.0,1.0,0.0,1540129720.0,1430.0,1430.0,2614.0,2614.0,2654.0,0.0,139.0,27489.0,23996.0,23935.0,112.0,0.0,0.0,0.0,158.0,0.0,0.0,55.0,62.0,61.0,21.0,53.0,515779168.0,2179872.0,3885810688.0,66704709024.0,751863680.0,0.0,0.0,1603.0,0.0,0.0,2023.0,122.0,2373.0
1108,0.0,1.0,0.0,1.0,0.0,1420800.0,1.0,140250000.0,1.0,204000000.0,0.668208122253,18071.0,1751.0,5409.0,40150.0,40600.0,41900.0,96.0,25.0,64.0,896.0,5000.0,0.0,25.0,1000000.0,950000.0,1.0,1.0,0.0,10.0,0.0,0.0,100.0,100.0,38605684.0,779374453.0,734189736.0,0.0,0.0,0.0,0.0,0.0,1.0,1.0,1.0,1.0,1.0,0.0,0.0,1.0,0.0,0.0,0.0,0.0,0.0,35.0,1.0,18759887.0,321609727.0,18764218.0,39606094.0,797765403.0,1959.0,6383120256.0,0.0,1.0,1.0,0.0,1.0,0.0,0.0,1.0,1.0,1.0,1.0,2.0,1.0,0.0,0.0,0.0,2.0,0.0,0.0,1.0,1.0,3.0,50.0,50.0,1.0,0.0,0.0,0.0,0.0,0.0,0.0,0.0,0.0,0.0,0.0,2.0,2.0,0.0,1.0,1.0,0.0,1.0,0.0,0.0,0.0,0.0,0.0,1.0,0.0,0.0,1.0,0.0,0.0,0.0,1.0,11.0,0.0,0.0,0.0,0.0,0.0,12.0,0.0,0.0,0.0,0.0,0.0,0.0,0.0,0.0,0.0,1.0,1.0,0.0,0.0,0.0,0.0,1.0,1.0,1.0,0.0,0.0,0.0,0.0,0.0,0.0,1.0,1.0,0.0,0.0,0.0,0.0,0.0,1.0,1.0,0.0,1595639612.0,1886.0,1886.0,3001.0,3001.0,3044.0,0.0,184.0,29766.0,24770.0,24696.0,150.0,0.0,0.0,0.0,204.0,0.0,0.0,67.0,75.0,74.0,29.0,65.0,939795776.0,0.0,4259097440.0,94170120288.0,794059872.0,0.0,0.0,1959.0,0.0,0.0,2522.0,148.0,2929.0
1109,0.0,1.0,0.0,1.0,0.0,1420800.0,1.0,140250000.0,1.0,204000000.0,0.680469036102,14830.0,1523.0,5028.0,40125.0,41000.0,42000.0,91.0,25.0,64.0,896.0,5000.0,0.0,25.0,1000000.0,950000.0,1.0,0.0,0.0,10.0,0.0,0.0,100.0,500.0,33643543.0,739733339.0,717694835.0,0.0,0.0,0.0,0.0,0.0,1.0,1.0,1.0,1.0,1.0,0.0,0.0,1.0,0.0,0.0,0.0,0.0,0.0,29.0,1.0,19575947.0,310801782.0,19521098.0,33952737.0,774046361.0,1710.0,6220734706.0,0.0,1.0,1.0,0.0,1.0,0.0,0.0,1.0,1.0,1.0,1.0,2.0,1.0,0.0,0.0,0.0,2.0,0.0,0.0,1.0,1.0,3.0,50.0,50.0,1.0,0.0,0.0,0.0,0.0,0.0,0.0,0.0,0.0,0.0,0.0,2.0,2.0,0.0,1.0,1.0,0.0,1.0,0.0,0.0,0.0,0.0,0.0,1.0,0.0,0.0,1.0,0.0,0.0,0.0,1.0,11.0,0.0,0.0,0.0,0.0,0.0,12.0,0.0,0.0,0.0,0.0,0.0,0.0,0.0,0.0,0.0,1.0,1.0,0.0,0.0,0.0,0.0,1.0,1.0,1.0,0.0,0.0,0.0,0.0,0.0,0.0,1.0,1.0,0.0,0.0,0.0,0.0,0.0,1.0,1.0,0.0,1551348277.0,1648.0,1648.0,2615.0,2615.0,2656.0,0.0,157.0,27116.0,24022.0,23960.0,86.0,0.0,0.0,0.0,213.0,0.0,0.0,55.0,63.0,62.0,18.0,53.0,289012064.0,0.0,3842087200.0,40915635360.0,578672800.0,0.0,0.0,1710.0,0.0,0.0,2133.0,124.0,2617.0
1110,0.0,1.0,0.0,1.0,0.0,1420800.0,1.0,140250000.0,1.0,204000000.0,0.667602062225,10751.0,1066.0,3200.0,40250.0,41000.0,42000.0,91.0,25.0,64.0,896.0,5000.0,0.0,25.0,1000000.0,950000.0,1.0,0.0,0.0,10.0,0.0,0.0,100.0,500.0,31398875.0,709524337.0,680651077.0,0.0,0.0,0.0,0.0,0.0,1.0,1.0,1.0,1.0,1.0,0.0,0.0,1.0,0.0,0.0,0.0,0.0,0.0,29.0,1.0,17974365.0,306870523.0,17806200.0,33460787.0,729977657.0,1614.0,5670272467.0,0.0,1.0,1.0,0.0,1.0,0.0,0.0,1.0,1.0,1.0,1.0,2.0,1.0,0.0,0.0,0.0,2.0,0.0,0.0,1.0,1.0,3.0,50.0,50.0,1.0,0.0,0.0,0.0,0.0,0.0,0.0,0.0,0.0,0.0,0.0,2.0,2.0,0.0,1.0,1.0,0.0,1.0,0.0,0.0,0.0,0.0,0.0,1.0,0.0,0.0,1.0,0.0,0.0,0.0,1.0,10.0,0.0,0.0,0.0,0.0,0.0,11.0,0.0,0.0,0.0,0.0,0.0,0.0,0.0,0.0,0.0,1.0,1.0,0.0,0.0,0.0,0.0,1.0,1.0,1.0,0.0,0.0,0.0,0.0,0.0,0.0,1.0,1.0,0.0,0.0,0.0,0.0,0.0,1.0,1.0,0.0,1542317936.0,1718.0,1718.0,2542.0,2542.0,2574.0,0.0,130.0,26186.0,23341.0,23287.0,111.0,0.0,0.0,0.0,175.0,0.0,0.0,49.0,55.0,54.0,19.0,47.0,540485152.0,248928.0,3742046496.0,68332923872.0,702528640.0,0.0,0.0,1614.0,0.0,0.0,2044.0,108.0,2428.0
1111,0.0,1.0,0.0,1.0,0.0,1420800.0,1.0,140250000.0,1.0,204000000.0,0.678642988205,14563.0,1447.0,4419.0,40083.3333333,40750.0,41666.6666667,91.0,25.0,64.0,896.0,5000.0,0.0,25.0,1000000.0,950000.0,1.0,0.0,0.0,10.0,0.0,0.0,100.0,500.0,38240655.0,758618438.0,737341328.0,0.0,0.0,0.0,0.0,0.0,1.0,1.0,1.0,1.0,1.0,0.0,0.0,1.0,0.0,0.0,0.0,0.0,0.0,33.0,1.0,19281708.0,327105931.0,19115952.0,37702014.0,777931736.0,1847.0,6216588749.0,0.0,1.0,1.0,0.0,1.0,0.0,0.0,1.0,1.0,1.0,1.0,2.0,1.0,0.0,0.0,0.0,2.0,0.0,0.0,1.0,1.0,3.0,50.0,50.0,1.0,0.0,0.0,0.0,0.0,0.0,0.0,0.0,0.0,0.0,0.0,2.0,2.0,0.0,1.0,1.0,0.0,1.0,0.0,0.0,0.0,0.0,0.0,1.0,0.0,0.0,1.0,0.0,0.0,0.0,1.0,11.0,0.0,0.0,0.0,0.0,0.0,12.0,0.0,0.0,0.0,0.0,0.0,0.0,0.0,0.0,0.0,1.0,1.0,0.0,0.0,0.0,0.0,1.0,1.0,1.0,0.0,0.0,0.0,0.0,0.0,0.0,1.0,1.0,0.0,0.0,0.0,0.0,0.0,1.0,1.0,0.0,1598019508.0,1850.0,1850.0,2917.0,2917.0,2964.0,0.0,157.0,29876.0,24692.0,24618.0,150.0,0.0,0.0,0.0,196.0,0.0,0.0,67.0,75.0,74.0,29.0,65.0,509429664.0,0.0,4288344704.0,68518845920.0,606995424.0,0.0,0.0,1847.0,0.0,0.0,2335.0,148.0,2786.0
1112,0.0,1.0,0.0,1.0,0.0,1420800.0,1.0,140250000.0,1.0,204000000.0,0.6943309307100001,14944.0,1446.0,4876.0,40100.0,40800.0,42000.0,93.0,25.0,64.0,896.0,5000.0,0.0,25.0,1000000.0,950000.0,1.0,1.0,0.0,10.0,0.0,0.0,100.0,500.0,35266738.0,751448192.0,726545630.0,0.0,0.0,0.0,0.0,0.0,1.0,1.0,1.0,1.0,1.0,0.0,0.0,1.0,0.0,0.0,0.0,0.0,0.0,34.0,1.0,18732457.0,311370267.0,19106682.0,37745093.0,763909008.0,1817.0,6409347983.0,0.0,1.0,1.0,0.0,1.0,0.0,0.0,1.0,1.0,1.0,1.0,2.0,1.0,0.0,0.0,0.0,2.0,0.0,0.0,1.0,1.0,3.0,50.0,50.0,1.0,0.0,0.0,0.0,0.0,0.0,0.0,0.0,0.0,0.0,0.0,2.0,2.0,0.0,1.0,1.0,0.0,1.0,0.0,0.0,0.0,0.0,0.0,1.0,0.0,0.0,1.0,0.0,0.0,0.0,1.0,10.0,0.0,0.0,0.0,0.0,0.0,11.0,0.0,0.0,0.0,0.0,0.0,0.0,0.0,0.0,0.0,1.0,1.0,0.0,0.0,0.0,0.0,1.0,1.0,1.0,0.0,0.0,0.0,0.0,0.0,0.0,1.0,1.0,0.0,0.0,0.0,0.0,0.0,1.0,1.0,0.0,1551586685.0,1630.0,1630.0,2591.0,2591.0,2634.0,0.0,164.0,28297.0,24423.0,24355.0,93.0,0.0,0.0,0.0,214.0,0.0,0.0,61.0,69.0,68.0,21.0,59.0,566763552.0,0.0,3990024192.0,59937772896.0,785279040.0,0.0,0.0,1817.0,0.0,0.0,2256.0,136.0,2559.0
1113,0.0,1.0,0.0,1.0,0.0,1420800.0,1.0,140250000.0,1.0,204000000.0,0.662702083588,19672.0,1751.0,7238.0,39916.6666667,41000.0,42166.6666667,93.0,25.0,64.0,896.0,5000.0,0.0,25.0,1000000.0,950000.0,1.0,1.0,0.0,10.0,0.0,0.0,100.0,500.0,34724684.0,744624048.0,703111791.0,0.0,0.0,0.0,0.0,0.0,1.0,1.0,1.0,1.0,1.0,0.0,0.0,1.0,0.0,0.0,0.0,0.0,0.0,33.0,1.0,18306793.0,295614843.0,18630627.0,34953951.0,761531416.0,2049.0,6336428923.0,0.0,1.0,1.0,0.0,1.0,0.0,0.0,1.0,1.0,1.0,1.0,2.0,1.0,0.0,0.0,0.0,2.0,0.0,0.0,1.0,1.0,3.0,50.0,50.0,1.0,0.0,0.0,0.0,0.0,0.0,0.0,0.0,0.0,0.0,0.0,2.0,2.0,0.0,1.0,1.0,0.0,1.0,0.0,0.0,0.0,0.0,0.0,1.0,0.0,0.0,1.0,0.0,0.0,0.0,1.0,10.0,0.0,0.0,0.0,0.0,0.0,11.0,0.0,0.0,0.0,0.0,0.0,0.0,0.0,0.0,0.0,1.0,1.0,0.0,0.0,0.0,0.0,1.0,1.0,1.0,0.0,0.0,0.0,0.0,0.0,0.0,1.0,1.0,0.0,0.0,0.0,0.0,0.0,1.0,1.0,0.0,1540602571.0,1909.0,1909.0,2591.0,2591.0,2633.0,0.0,145.0,27788.0,24046.0,23985.0,56.0,0.0,0.0,0.0,194.0,0.0,0.0,55.0,62.0,61.0,18.0,53.0,500375968.0,0.0,3925249664.0,73399998080.0,781143104.0,0.0,0.0,2049.0,0.0,0.0,2497.0,122.0,2847.0
1114,0.0,1.0,0.0,1.0,0.0,1420800.0,1.0,140250000.0,1.0,204000000.0,0.672688961029,14601.0,1523.0,4648.0,40125.0,40750.0,42000.0,93.0,25.0,64.0,896.0,5000.0,0.0,25.0,1000000.0,950000.0,1.0,1.0,0.0,10.0,0.0,0.0,100.0,500.0,33049159.0,731626246.0,695060914.0,0.0,0.0,0.0,0.0,0.0,1.0,1.0,1.0,1.0,1.0,0.0,0.0,1.0,0.0,0.0,0.0,0.0,0.0,27.0,1.0,18942006.0,306608908.0,19028902.0,34396507.0,753553783.0,1421.0,5991296863.0,0.0,1.0,1.0,0.0,1.0,0.0,0.0,1.0,1.0,1.0,1.0,2.0,1.0,0.0,0.0,0.0,2.0,0.0,0.0,1.0,1.0,3.0,50.0,50.0,1.0,0.0,0.0,0.0,0.0,0.0,0.0,0.0,0.0,0.0,0.0,2.0,2.0,0.0,1.0,1.0,0.0,1.0,0.0,0.0,0.0,0.0,0.0,1.0,0.0,0.0,1.0,0.0,0.0,0.0,1.0,10.0,0.0,0.0,0.0,0.0,0.0,11.0,0.0,0.0,0.0,0.0,0.0,0.0,0.0,0.0,0.0,1.0,1.0,0.0,0.0,0.0,0.0,1.0,1.0,1.0,0.0,0.0,0.0,0.0,0.0,0.0,1.0,1.0,0.0,0.0,0.0,0.0,0.0,1.0,1.0,0.0,1528713088.0,1378.0,1378.0,2664.0,2664.0,2707.0,0.0,150.0,27388.0,23847.0,23785.0,90.0,0.0,0.0,0.0,202.0,0.0,0.0,55.0,63.0,62.0,20.0,53.0,757493312.0,0.0,3775759360.0,44986321248.0,586786304.0,0.0,0.0,1421.0,0.0,0.0,1821.0,124.0,2160.0
1115,0.0,1.0,0.0,0.0,1.0,1420800.0,1.0,229500000.0,1.0,1331200000.0,0.34251689910899996,15091.0,1294.0,4342.0,40083.3333333,41000.0,42000.0,91.0,25.0,64.0,896.0,5000.0,0.0,25.0,1000000.0,950000.0,1.0,0.0,0.0,10.0,0.0,0.0,0.0,100.0,27879401.0,605623916.0,599064425.0,0.0,0.0,0.0,0.0,0.0,1.0,1.0,1.0,1.0,1.0,0.0,0.0,1.0,0.0,0.0,0.0,0.0,0.0,34.0,1.0,14947124.0,300805714.0,14822154.0,28190325.0,614886578.0,901.0,2574693423.0,0.0,1.0,1.0,0.0,1.0,0.0,0.0,1.0,1.0,1.0,1.0,2.0,1.0,0.0,0.0,0.0,2.0,0.0,0.0,1.0,1.0,3.0,50.0,50.0,1.0,0.0,0.0,0.0,0.0,0.0,0.0,0.0,0.0,0.0,0.0,2.0,2.0,0.0,1.0,1.0,0.0,1.0,0.0,0.0,0.0,0.0,0.0,1.0,0.0,0.0,1.0,0.0,0.0,0.0,1.0,11.0,0.0,0.0,0.0,0.0,0.0,12.0,0.0,0.0,0.0,0.0,0.0,0.0,0.0,0.0,0.0,1.0,1.0,0.0,0.0,0.0,0.0,1.0,1.0,1.0,0.0,0.0,0.0,0.0,0.0,0.0,1.0,1.0,0.0,0.0,0.0,0.0,0.0,1.0,1.0,0.0,1423501581.0,777.0,777.0,1414.0,1414.0,1455.0,0.0,104.0,23805.0,22630.0,22582.0,63.0,0.0,0.0,0.0,92.0,0.0,0.0,43.0,49.0,48.0,13.0,41.0,337728192.0,1445600.0,1648973920.0,83881782048.0,213946656.0,0.0,0.0,901.0,0.0,0.0,1196.0,96.0,1379.0
1116,0.0,1.0,0.0,0.0,1.0,1420800.0,1.0,229500000.0,1.0,1331200000.0,0.331153154373,20121.0,1751.0,4950.0,40250.0,41000.0,42000.0,91.0,25.0,64.0,896.0,5000.0,0.0,25.0,1000000.0,950000.0,1.0,0.0,0.0,10.0,0.0,0.0,0.0,100.0,30549191.0,619849619.0,603630226.0,0.0,0.0,0.0,0.0,0.0,1.0,1.0,1.0,1.0,1.0,0.0,0.0,1.0,0.0,0.0,0.0,0.0,0.0,34.0,1.0,14397526.0,284617086.0,14635472.0,29113244.0,640293233.0,1008.0,2625524098.0,0.0,1.0,1.0,0.0,1.0,0.0,0.0,1.0,1.0,1.0,1.0,2.0,1.0,0.0,0.0,0.0,2.0,0.0,0.0,1.0,1.0,3.0,50.0,50.0,1.0,0.0,0.0,0.0,0.0,0.0,0.0,0.0,0.0,0.0,0.0,2.0,2.0,0.0,1.0,1.0,0.0,1.0,0.0,0.0,0.0,0.0,0.0,1.0,0.0,0.0,1.0,0.0,0.0,0.0,1.0,10.0,0.0,0.0,0.0,0.0,0.0,11.0,0.0,0.0,0.0,0.0,0.0,0.0,0.0,0.0,0.0,1.0,1.0,0.0,0.0,0.0,0.0,1.0,1.0,1.0,0.0,0.0,0.0,0.0,0.0,0.0,1.0,1.0,0.0,0.0,0.0,0.0,0.0,1.0,1.0,0.0,1434615212.0,712.0,712.0,1305.0,1305.0,1346.0,0.0,123.0,26213.0,23190.0,23135.0,74.0,0.0,0.0,0.0,115.0,0.0,0.0,49.0,56.0,55.0,18.0,47.0,143511136.0,0.0,1751243520.0,79045647296.0,298312896.0,0.0,0.0,1008.0,0.0,0.0,1364.0,110.0,1538.0
1117,0.0,1.0,0.0,0.0,1.0,1420800.0,1.0,229500000.0,1.0,1331200000.0,0.329050064087,19931.0,1827.0,5027.0,40333.3333333,41166.6666667,42000.0,91.0,25.0,64.0,896.0,5000.0,0.0,25.0,1000000.0,950000.0,1.0,0.0,0.0,10.0,0.0,0.0,0.0,100.0,30326267.0,600309283.0,596629010.0,0.0,0.0,0.0,0.0,0.0,1.0,1.0,1.0,1.0,1.0,0.0,0.0,1.0,0.0,0.0,0.0,0.0,0.0,34.0,1.0,15207044.0,282743595.0,14790830.0,29464421.0,602257699.0,957.0,2583550411.0,0.0,1.0,1.0,0.0,1.0,0.0,0.0,1.0,1.0,1.0,1.0,2.0,1.0,0.0,0.0,0.0,2.0,0.0,0.0,1.0,1.0,3.0,50.0,50.0,1.0,0.0,0.0,0.0,0.0,0.0,0.0,0.0,0.0,0.0,0.0,2.0,2.0,0.0,1.0,1.0,0.0,1.0,0.0,0.0,0.0,0.0,0.0,1.0,0.0,0.0,1.0,0.0,0.0,0.0,1.0,10.0,0.0,0.0,0.0,0.0,0.0,11.0,0.0,0.0,0.0,0.0,0.0,0.0,0.0,0.0,0.0,1.0,1.0,0.0,0.0,0.0,0.0,1.0,1.0,1.0,0.0,0.0,0.0,0.0,0.0,0.0,1.0,1.0,0.0,0.0,0.0,0.0,0.0,1.0,1.0,0.0,1421271330.0,797.0,797.0,1405.0,1405.0,1439.0,0.0,100.0,25446.0,23055.0,23000.0,51.0,0.0,0.0,0.0,109.0,0.0,0.0,49.0,56.0,55.0,14.0,47.0,133574720.0,0.0,1698129664.0,24251190432.0,188155808.0,0.0,0.0,957.0,0.0,0.0,1253.0,110.0,1503.0
1118,0.0,1.0,0.0,0.0,1.0,1420800.0,1.0,229500000.0,1.0,1331200000.0,0.33882904052699997,12960.0,1294.0,2210.0,40333.3333333,41000.0,42000.0,76.0,25.0,64.0,896.0,5000.0,0.0,25.0,1000000.0,950000.0,1.0,1.0,0.0,10.0,0.0,0.0,0.0,100.0,34624669.0,668383269.0,669270869.0,0.0,0.0,0.0,0.0,0.0,1.0,1.0,1.0,1.0,1.0,0.0,0.0,1.0,0.0,0.0,0.0,0.0,0.0,29.0,1.0,15542531.0,302349613.0,15263339.0,36381679.0,675429039.0,903.0,1974520675.0,0.0,1.0,1.0,0.0,1.0,0.0,0.0,1.0,1.0,1.0,1.0,2.0,1.0,0.0,0.0,0.0,2.0,0.0,0.0,1.0,1.0,3.0,50.0,50.0,1.0,0.0,0.0,0.0,0.0,0.0,0.0,0.0,0.0,0.0,0.0,2.0,2.0,0.0,1.0,1.0,0.0,1.0,0.0,0.0,0.0,0.0,0.0,1.0,0.0,0.0,1.0,0.0,0.0,0.0,1.0,10.0,0.0,0.0,0.0,0.0,0.0,11.0,0.0,0.0,0.0,0.0,0.0,0.0,0.0,0.0,0.0,1.0,1.0,0.0,0.0,0.0,0.0,1.0,1.0,1.0,0.0,0.0,0.0,0.0,0.0,0.0,1.0,1.0,0.0,0.0,0.0,0.0,0.0,1.0,1.0,0.0,1320829559.0,653.0,653.0,1303.0,1303.0,1335.0,0.0,104.0,24266.0,22620.0,22572.0,67.0,0.0,0.0,0.0,131.0,0.0,0.0,43.0,49.0,48.0,9.0,41.0,236407456.0,0.0,1792907040.0,55787373920.0,246904224.0,0.0,0.0,903.0,0.0,0.0,1190.0,96.0,1481.0
1119,0.0,1.0,0.0,0.0,1.0,1420800.0,1.0,229500000.0,1.0,1331200000.0,0.355372905731,12960.0,1294.0,2210.0,40166.6666667,41000.0,42000.0,76.0,25.0,64.0,896.0,5000.0,0.0,25.0,1000000.0,950000.0,1.0,1.0,0.0,10.0,0.0,0.0,0.0,100.0,35425306.0,649562002.0,659452313.0,0.0,0.0,0.0,0.0,0.0,1.0,1.0,1.0,1.0,1.0,0.0,0.0,1.0,0.0,0.0,0.0,0.0,0.0,33.0,1.0,16024145.0,288130201.0,16327634.0,35170659.0,667837088.0,836.0,2035702335.0,0.0,1.0,1.0,0.0,1.0,0.0,0.0,1.0,1.0,1.0,1.0,2.0,1.0,0.0,0.0,0.0,2.0,0.0,0.0,1.0,1.0,3.0,50.0,50.0,1.0,0.0,0.0,0.0,0.0,0.0,0.0,0.0,0.0,0.0,0.0,2.0,2.0,0.0,1.0,1.0,0.0,1.0,0.0,0.0,0.0,0.0,0.0,1.0,0.0,0.0,1.0,0.0,0.0,0.0,1.0,10.0,0.0,0.0,0.0,0.0,0.0,11.0,0.0,0.0,0.0,0.0,0.0,0.0,0.0,0.0,0.0,1.0,1.0,0.0,0.0,0.0,0.0,1.0,1.0,1.0,0.0,0.0,0.0,0.0,0.0,0.0,1.0,1.0,0.0,0.0,0.0,0.0,0.0,1.0,1.0,0.0,1402917235.0,723.0,723.0,1333.0,1333.0,1364.0,0.0,107.0,24495.0,22638.0,22590.0,178.0,0.0,0.0,0.0,139.0,0.0,0.0,43.0,49.0,48.0,15.0,41.0,242615776.0,0.0,1754690336.0,48927932928.0,194024896.0,0.0,0.0,836.0,0.0,0.0,1353.0,96.0,1514.0
1120,0.0,1.0,0.0,0.0,1.0,1420800.0,1.0,229500000.0,1.0,1331200000.0,0.330988883972,14481.0,1294.0,3427.0,40333.3333333,41000.0,42000.0,76.0,25.0,64.0,896.0,5000.0,0.0,25.0,1000000.0,950000.0,1.0,1.0,0.0,10.0,0.0,0.0,0.0,100.0,30796301.0,650165188.0,650833433.0,0.0,0.0,0.0,0.0,0.0,1.0,1.0,1.0,1.0,1.0,0.0,0.0,1.0,0.0,0.0,0.0,0.0,0.0,33.0,1.0,15170769.0,290297382.0,15251780.0,31322974.0,656417086.0,970.0,2278150718.0,0.0,1.0,1.0,0.0,1.0,0.0,0.0,1.0,1.0,1.0,1.0,2.0,1.0,0.0,0.0,0.0,2.0,0.0,0.0,1.0,1.0,3.0,50.0,50.0,1.0,0.0,0.0,0.0,0.0,0.0,0.0,0.0,0.0,0.0,0.0,2.0,2.0,0.0,1.0,1.0,0.0,1.0,0.0,0.0,0.0,0.0,0.0,1.0,0.0,0.0,1.0,0.0,0.0,0.0,1.0,10.0,0.0,0.0,0.0,0.0,0.0,11.0,0.0,0.0,0.0,0.0,0.0,0.0,0.0,0.0,0.0,1.0,1.0,0.0,0.0,0.0,0.0,1.0,1.0,1.0,0.0,0.0,0.0,0.0,0.0,0.0,1.0,1.0,0.0,0.0,0.0,0.0,0.0,1.0,1.0,0.0,1410299342.0,712.0,712.0,1382.0,1382.0,1418.0,0.0,110.0,24414.0,22787.0,22739.0,68.0,0.0,0.0,0.0,154.0,0.0,0.0,43.0,49.0,48.0,7.0,41.0,126929312.0,0.0,1762569504.0,37733733696.0,258924352.0,0.0,0.0,970.0,0.0,0.0,1304.0,96.0,1638.0
1121,0.0,1.0,0.0,0.0,1.0,1420800.0,1.0,229500000.0,1.0,1331200000.0,0.338452100754,13909.0,1294.0,3352.0,40416.6666667,41000.0,42000.0,81.0,25.0,64.0,896.0,5000.0,0.0,25.0,1000000.0,950000.0,1.0,0.0,0.0,10.0,0.0,0.0,0.0,500.0,31379462.0,640179919.0,631110265.0,0.0,0.0,0.0,0.0,0.0,1.0,1.0,1.0,1.0,1.0,0.0,0.0,1.0,0.0,0.0,0.0,0.0,0.0,32.0,1.0,15247995.0,286258973.0,15473279.0,30204652.0,649898570.0,835.0,2284520439.0,0.0,1.0,1.0,0.0,1.0,0.0,0.0,1.0,1.0,1.0,1.0,2.0,1.0,0.0,0.0,0.0,2.0,0.0,0.0,1.0,1.0,3.0,50.0,50.0,1.0,0.0,0.0,0.0,0.0,0.0,0.0,0.0,0.0,0.0,0.0,2.0,2.0,0.0,1.0,1.0,0.0,1.0,0.0,0.0,0.0,0.0,0.0,1.0,0.0,0.0,1.0,0.0,0.0,0.0,1.0,10.0,0.0,0.0,0.0,0.0,0.0,11.0,0.0,0.0,0.0,0.0,0.0,0.0,0.0,0.0,0.0,1.0,1.0,0.0,0.0,0.0,0.0,1.0,1.0,1.0,0.0,0.0,0.0,0.0,0.0,0.0,1.0,1.0,0.0,0.0,0.0,0.0,0.0,1.0,1.0,0.0,1348847951.0,663.0,663.0,1363.0,1363.0,1394.0,0.0,108.0,24411.0,22683.0,22635.0,45.0,0.0,0.0,0.0,132.0,0.0,0.0,43.0,49.0,48.0,9.0,41.0,230396448.0,0.0,1724526688.0,35672670400.0,194096832.0,0.0,0.0,835.0,0.0,0.0,1143.0,96.0,1334.0
1122,0.0,1.0,0.0,0.0,1.0,1420800.0,1.0,229500000.0,1.0,1331200000.0,0.34604120254500004,15706.0,1599.0,3048.0,40125.0,40875.0,42000.0,81.0,25.0,64.0,896.0,5000.0,0.0,25.0,1000000.0,950000.0,1.0,0.0,0.0,10.0,0.0,0.0,0.0,500.0,39522330.0,683650361.0,705767954.0,0.0,0.0,0.0,0.0,0.0,1.0,1.0,1.0,1.0,1.0,0.0,0.0,1.0,0.0,0.0,0.0,0.0,0.0,31.0,1.0,15784904.0,307426997.0,15750548.0,37968525.0,693918057.0,1027.0,2154089365.0,0.0,1.0,1.0,0.0,1.0,0.0,0.0,1.0,1.0,1.0,1.0,2.0,1.0,0.0,0.0,0.0,2.0,0.0,0.0,1.0,1.0,3.0,50.0,50.0,1.0,0.0,0.0,0.0,0.0,0.0,0.0,0.0,0.0,0.0,0.0,2.0,2.0,0.0,1.0,1.0,0.0,1.0,0.0,0.0,0.0,0.0,0.0,1.0,0.0,0.0,1.0,0.0,0.0,0.0,1.0,10.0,0.0,0.0,0.0,0.0,0.0,11.0,0.0,0.0,0.0,0.0,0.0,0.0,0.0,0.0,0.0,1.0,1.0,0.0,0.0,0.0,0.0,1.0,1.0,1.0,0.0,0.0,0.0,0.0,0.0,0.0,1.0,1.0,0.0,0.0,0.0,0.0,0.0,1.0,1.0,0.0,1418357050.0,795.0,795.0,1325.0,1325.0,1362.0,0.0,134.0,27169.0,23495.0,23433.0,72.0,0.0,0.0,0.0,169.0,0.0,0.0,55.0,63.0,62.0,21.0,53.0,446033952.0,0.0,1841439328.0,49194156704.0,345119392.0,0.0,0.0,1027.0,0.0,0.0,1464.0,124.0,1707.0
1123,0.0,1.0,0.0,0.0,1.0,1420800.0,1.0,229500000.0,1.0,1331200000.0,0.33073496818500003,18711.0,1827.0,5105.0,40500.0,41166.6666667,42000.0,81.0,25.0,64.0,896.0,5000.0,0.0,25.0,1000000.0,950000.0,1.0,0.0,0.0,10.0,0.0,0.0,0.0,500.0,30823685.0,613186613.0,606994597.0,0.0,0.0,0.0,0.0,0.0,1.0,1.0,1.0,1.0,1.0,0.0,0.0,1.0,0.0,0.0,0.0,0.0,0.0,34.0,1.0,15416680.0,295336518.0,15035183.0,30429107.0,604262965.0,965.0,2595383977.0,0.0,1.0,1.0,0.0,1.0,0.0,0.0,1.0,1.0,1.0,1.0,2.0,1.0,0.0,0.0,0.0,2.0,0.0,0.0,1.0,1.0,3.0,50.0,50.0,1.0,0.0,0.0,0.0,0.0,0.0,0.0,0.0,0.0,0.0,0.0,2.0,2.0,0.0,1.0,1.0,0.0,1.0,0.0,0.0,0.0,0.0,0.0,1.0,0.0,0.0,1.0,0.0,0.0,0.0,1.0,10.0,0.0,0.0,0.0,0.0,0.0,11.0,0.0,0.0,0.0,0.0,0.0,0.0,0.0,0.0,0.0,1.0,1.0,0.0,0.0,0.0,0.0,1.0,1.0,1.0,0.0,0.0,0.0,0.0,0.0,0.0,1.0,1.0,0.0,0.0,0.0,0.0,0.0,1.0,1.0,0.0,1434481853.0,775.0,775.0,1465.0,1465.0,1502.0,0.0,112.0,25673.0,23136.0,23081.0,80.0,0.0,0.0,0.0,119.0,0.0,0.0,49.0,56.0,55.0,12.0,47.0,338935488.0,0.0,1778895136.0,26166768384.0,273356064.0,0.0,0.0,965.0,0.0,0.0,1299.0,110.0,1525.0
1124,0.0,1.0,0.0,0.0,1.0,1420800.0,1.0,229500000.0,1.0,1331200000.0,0.34070992469800004,18482.0,1827.0,5029.0,40333.3333333,41000.0,42500.0,80.0,25.0,64.0,896.0,5000.0,0.0,25.0,1000000.0,950000.0,1.0,1.0,0.0,10.0,0.0,0.0,0.0,500.0,30074468.0,613427682.0,600353533.0,0.0,0.0,0.0,0.0,0.0,1.0,1.0,1.0,1.0,1.0,0.0,0.0,1.0,0.0,0.0,0.0,0.0,0.0,34.0,1.0,15050270.0,283010133.0,14904927.0,29776175.0,625094451.0,1010.0,2645627761.0,0.0,1.0,1.0,0.0,1.0,0.0,0.0,1.0,1.0,1.0,1.0,2.0,1.0,0.0,0.0,0.0,2.0,0.0,0.0,1.0,1.0,3.0,50.0,50.0,1.0,0.0,0.0,0.0,0.0,0.0,0.0,0.0,0.0,0.0,0.0,2.0,2.0,0.0,1.0,1.0,0.0,1.0,0.0,0.0,0.0,0.0,0.0,1.0,0.0,0.0,1.0,0.0,0.0,0.0,1.0,10.0,0.0,0.0,0.0,0.0,0.0,11.0,0.0,0.0,0.0,0.0,0.0,0.0,0.0,0.0,0.0,1.0,1.0,0.0,0.0,0.0,0.0,1.0,1.0,1.0,0.0,0.0,0.0,0.0,0.0,0.0,1.0,1.0,0.0,0.0,0.0,0.0,0.0,1.0,1.0,0.0,1443703789.0,685.0,685.0,1449.0,1449.0,1483.0,0.0,123.0,25606.0,23242.0,23187.0,81.0,0.0,0.0,0.0,141.0,0.0,0.0,49.0,56.0,55.0,13.0,47.0,149228736.0,0.0,1740212096.0,26651248032.0,194000736.0,0.0,0.0,1010.0,0.0,0.0,1356.0,110.0,1581.0
1125,0.0,1.0,0.0,0.0,1.0,1420800.0,1.0,229500000.0,1.0,1331200000.0,0.33070516586300003,18407.0,1827.0,5029.0,40500.0,41166.6666667,42500.0,80.0,25.0,64.0,896.0,5000.0,0.0,25.0,1000000.0,950000.0,1.0,1.0,0.0,10.0,0.0,0.0,0.0,500.0,31219370.0,622372613.0,620112047.0,0.0,0.0,0.0,0.0,0.0,1.0,1.0,1.0,1.0,1.0,0.0,0.0,1.0,0.0,0.0,0.0,0.0,0.0,34.0,1.0,15453922.0,295473215.0,15303621.0,29551305.0,636139209.0,1211.0,2669180987.0,0.0,1.0,1.0,0.0,1.0,0.0,0.0,1.0,1.0,1.0,1.0,2.0,1.0,0.0,0.0,0.0,2.0,0.0,0.0,1.0,1.0,3.0,50.0,50.0,1.0,0.0,0.0,0.0,0.0,0.0,0.0,0.0,0.0,0.0,0.0,2.0,2.0,0.0,1.0,1.0,0.0,1.0,0.0,0.0,0.0,0.0,0.0,1.0,0.0,0.0,1.0,0.0,0.0,0.0,1.0,10.0,0.0,0.0,0.0,0.0,0.0,11.0,0.0,0.0,0.0,0.0,0.0,0.0,0.0,0.0,0.0,1.0,1.0,0.0,0.0,0.0,0.0,1.0,1.0,1.0,0.0,0.0,0.0,0.0,0.0,0.0,1.0,1.0,0.0,0.0,0.0,0.0,0.0,1.0,1.0,0.0,1443263149.0,868.0,868.0,1349.0,1349.0,1386.0,0.0,107.0,25675.0,23106.0,23051.0,136.0,0.0,0.0,0.0,116.0,0.0,0.0,49.0,56.0,55.0,16.0,47.0,333172608.0,0.0,1768451168.0,38902590400.0,207367040.0,0.0,0.0,1211.0,0.0,0.0,1614.0,110.0,1870.0
1126,0.0,1.0,0.0,0.0,1.0,1420800.0,1.0,229500000.0,1.0,1331200000.0,0.331395149231,13757.0,1294.0,3886.0,40416.6666667,41166.6666667,42333.3333333,80.0,25.0,64.0,896.0,5000.0,0.0,25.0,1000000.0,950000.0,1.0,1.0,0.0,10.0,0.0,0.0,0.0,500.0,26349967.0,617347363.0,590594229.0,0.0,0.0,0.0,0.0,0.0,1.0,1.0,1.0,1.0,1.0,0.0,0.0,1.0,0.0,0.0,0.0,0.0,0.0,35.0,1.0,14129351.0,272934060.0,14487776.0,28473881.0,627975165.0,919.0,2594980770.0,0.0,1.0,1.0,0.0,1.0,0.0,0.0,1.0,1.0,1.0,1.0,2.0,1.0,0.0,0.0,0.0,2.0,0.0,0.0,1.0,1.0,3.0,50.0,50.0,1.0,0.0,0.0,0.0,0.0,0.0,0.0,0.0,0.0,0.0,0.0,2.0,2.0,0.0,1.0,1.0,0.0,1.0,0.0,0.0,0.0,0.0,0.0,1.0,0.0,0.0,1.0,0.0,0.0,0.0,1.0,10.0,0.0,0.0,0.0,0.0,0.0,11.0,0.0,0.0,0.0,0.0,0.0,0.0,0.0,0.0,0.0,1.0,1.0,0.0,0.0,0.0,0.0,1.0,1.0,1.0,0.0,0.0,0.0,0.0,0.0,0.0,1.0,1.0,0.0,0.0,0.0,0.0,0.0,1.0,1.0,0.0,1413354725.0,729.0,729.0,1291.0,1291.0,1337.0,0.0,98.0,23673.0,22786.0,22738.0,73.0,0.0,0.0,0.0,118.0,0.0,0.0,43.0,49.0,48.0,11.0,41.0,228226048.0,0.0,1708010720.0,23735713664.0,240966144.0,0.0,0.0,919.0,0.0,0.0,1257.0,96.0,1441.0
1127,0.0,1.0,0.0,0.0,1.0,1420800.0,1.0,229500000.0,1.0,1331200000.0,0.338800907135,13378.0,1294.0,3429.0,40437.5,41125.0,42375.0,74.0,25.0,64.0,896.0,5000.0,0.0,25.0,1000000.0,950000.0,1.0,0.0,0.0,10.0,0.0,0.0,100.0,100.0,33223921.0,658095661.0,655155607.0,0.0,0.0,0.0,0.0,0.0,1.0,1.0,1.0,1.0,1.0,0.0,0.0,1.0,0.0,0.0,0.0,0.0,0.0,31.0,1.0,15933190.0,312545688.0,15557632.0,33144765.0,674954575.0,1272.0,2421775013.0,0.0,1.0,1.0,0.0,1.0,0.0,0.0,1.0,1.0,1.0,1.0,2.0,1.0,0.0,0.0,0.0,2.0,0.0,0.0,1.0,1.0,3.0,50.0,50.0,1.0,0.0,0.0,0.0,0.0,0.0,0.0,0.0,0.0,0.0,0.0,2.0,2.0,0.0,1.0,1.0,0.0,1.0,0.0,0.0,0.0,0.0,0.0,1.0,0.0,0.0,1.0,0.0,0.0,0.0,1.0,10.0,0.0,0.0,0.0,0.0,0.0,11.0,0.0,0.0,0.0,0.0,0.0,0.0,0.0,0.0,0.0,1.0,1.0,0.0,0.0,0.0,0.0,1.0,1.0,1.0,0.0,0.0,0.0,0.0,0.0,0.0,1.0,1.0,0.0,0.0,0.0,0.0,0.0,1.0,1.0,0.0,1457260978.0,985.0,985.0,1371.0,1371.0,1406.0,0.0,124.0,25713.0,23126.0,23071.0,117.0,0.0,0.0,0.0,162.0,0.0,0.0,49.0,56.0,55.0,13.0,47.0,154640544.0,0.0,1803551008.0,142945747040.0,279940096.0,0.0,0.0,1272.0,0.0,0.0,1708.0,110.0,1915.0
1128,0.0,1.0,0.0,0.0,1.0,1420800.0,1.0,229500000.0,1.0,1331200000.0,0.331107139587,13187.0,1294.0,3429.0,40333.3333333,41333.3333333,42000.0,74.0,25.0,64.0,896.0,5000.0,0.0,25.0,1000000.0,950000.0,1.0,0.0,0.0,10.0,0.0,0.0,100.0,100.0,31465732.0,639125594.0,637495363.0,0.0,0.0,0.0,0.0,0.0,1.0,1.0,1.0,1.0,1.0,0.0,0.0,1.0,0.0,0.0,0.0,0.0,0.0,33.0,1.0,15593288.0,293977719.0,15334281.0,29778448.0,645709810.0,1002.0,2287427248.0,0.0,1.0,1.0,0.0,1.0,0.0,0.0,1.0,1.0,1.0,1.0,2.0,1.0,0.0,0.0,0.0,2.0,0.0,0.0,1.0,1.0,3.0,50.0,50.0,1.0,0.0,0.0,0.0,0.0,0.0,0.0,0.0,0.0,0.0,0.0,2.0,2.0,0.0,1.0,1.0,0.0,1.0,0.0,0.0,0.0,0.0,0.0,1.0,0.0,0.0,1.0,0.0,0.0,0.0,1.0,10.0,0.0,0.0,0.0,0.0,0.0,11.0,0.0,0.0,0.0,0.0,0.0,0.0,0.0,0.0,0.0,1.0,1.0,0.0,0.0,0.0,0.0,1.0,1.0,1.0,0.0,0.0,0.0,0.0,0.0,0.0,1.0,1.0,0.0,0.0,0.0,0.0,0.0,1.0,1.0,0.0,1371971104.0,812.0,812.0,1378.0,1378.0,1413.0,0.0,101.0,24548.0,22861.0,22813.0,75.0,0.0,0.0,0.0,152.0,0.0,0.0,43.0,49.0,48.0,13.0,41.0,333075264.0,0.0,1725092544.0,91616532288.0,214248384.0,0.0,0.0,1002.0,0.0,0.0,1370.0,96.0,1612.0
1129,0.0,1.0,0.0,0.0,1.0,1420800.0,1.0,229500000.0,1.0,1331200000.0,0.331515073776,17838.0,1751.0,4572.0,40416.6666667,41500.0,42000.0,74.0,25.0,64.0,896.0,5000.0,0.0,25.0,1000000.0,950000.0,1.0,0.0,0.0,10.0,0.0,0.0,100.0,100.0,34069335.0,669593849.0,649971268.0,0.0,0.0,0.0,0.0,0.0,1.0,1.0,1.0,1.0,1.0,0.0,0.0,1.0,0.0,0.0,0.0,0.0,0.0,31.0,1.0,15705284.0,303284435.0,15654719.0,33735379.0,655256253.0,1003.0,2335919141.0,0.0,1.0,1.0,0.0,1.0,0.0,0.0,1.0,1.0,1.0,1.0,2.0,1.0,0.0,0.0,0.0,2.0,0.0,0.0,1.0,1.0,3.0,50.0,50.0,1.0,0.0,0.0,0.0,0.0,0.0,0.0,0.0,0.0,0.0,0.0,2.0,2.0,0.0,1.0,1.0,0.0,1.0,0.0,0.0,0.0,0.0,0.0,1.0,0.0,0.0,1.0,0.0,0.0,0.0,1.0,10.0,0.0,0.0,0.0,0.0,0.0,11.0,0.0,0.0,0.0,0.0,0.0,0.0,0.0,0.0,0.0,1.0,1.0,0.0,0.0,0.0,0.0,1.0,1.0,1.0,0.0,0.0,0.0,0.0,0.0,0.0,1.0,1.0,0.0,0.0,0.0,0.0,0.0,1.0,1.0,0.0,1372241888.0,807.0,807.0,1354.0,1354.0,1390.0,0.0,128.0,25385.0,23007.0,22952.0,51.0,0.0,0.0,0.0,148.0,0.0,0.0,49.0,56.0,55.0,10.0,47.0,35213152.0,0.0,1722583136.0,40931291744.0,195864096.0,0.0,0.0,1003.0,0.0,0.0,1308.0,110.0,1550.0
1130,0.0,1.0,0.0,0.0,1.0,1420800.0,1.0,229500000.0,1.0,1331200000.0,0.33840012550399995,11666.0,1294.0,2210.0,40416.6666667,41000.0,42000.0,91.0,25.0,64.0,896.0,5000.0,0.0,25.0,1000000.0,950000.0,1.0,1.0,0.0,10.0,0.0,0.0,100.0,100.0,35225009.0,666620596.0,656693527.0,0.0,0.0,0.0,0.0,0.0,1.0,1.0,1.0,1.0,1.0,0.0,0.0,1.0,0.0,0.0,0.0,0.0,0.0,34.0,1.0,15065719.0,289389112.0,15306678.0,33895407.0,673187621.0,775.0,1997046755.0,0.0,1.0,1.0,0.0,1.0,0.0,0.0,1.0,1.0,1.0,1.0,2.0,1.0,0.0,0.0,0.0,2.0,0.0,0.0,1.0,1.0,3.0,50.0,50.0,1.0,0.0,0.0,0.0,0.0,0.0,0.0,0.0,0.0,0.0,0.0,2.0,2.0,0.0,1.0,1.0,0.0,1.0,0.0,0.0,0.0,0.0,0.0,1.0,0.0,0.0,1.0,0.0,0.0,0.0,1.0,10.0,0.0,0.0,0.0,0.0,0.0,11.0,0.0,0.0,0.0,0.0,0.0,0.0,0.0,0.0,0.0,1.0,1.0,0.0,0.0,0.0,0.0,1.0,1.0,1.0,0.0,0.0,0.0,0.0,0.0,0.0,1.0,1.0,0.0,0.0,0.0,0.0,0.0,1.0,1.0,0.0,1372650028.0,731.0,731.0,1290.0,1290.0,1329.0,0.0,94.0,23902.0,22541.0,22493.0,108.0,0.0,0.0,0.0,144.0,0.0,0.0,43.0,49.0,48.0,9.0,41.0,158911296.0,0.0,1750811680.0,53163636128.0,235075200.0,0.0,0.0,775.0,0.0,0.0,1105.0,96.0,1288.0
1131,0.0,1.0,0.0,0.0,1.0,1420800.0,1.0,229500000.0,1.0,1331200000.0,0.329636096954,18255.0,1827.0,5029.0,40333.3333333,41333.3333333,42166.6666667,91.0,25.0,64.0,896.0,5000.0,0.0,25.0,1000000.0,950000.0,1.0,1.0,0.0,10.0,0.0,0.0,100.0,100.0,29329196.0,604315500.0,606817452.0,0.0,0.0,0.0,0.0,0.0,1.0,1.0,1.0,1.0,1.0,0.0,0.0,1.0,0.0,0.0,0.0,0.0,0.0,30.0,1.0,15282974.0,289648213.0,14978709.0,31031770.0,607470156.0,931.0,2601605145.0,0.0,1.0,1.0,0.0,1.0,0.0,0.0,1.0,1.0,1.0,1.0,2.0,1.0,0.0,0.0,0.0,2.0,0.0,0.0,1.0,1.0,3.0,50.0,50.0,1.0,0.0,0.0,0.0,0.0,0.0,0.0,0.0,0.0,0.0,0.0,2.0,2.0,0.0,1.0,1.0,0.0,1.0,0.0,0.0,0.0,0.0,0.0,1.0,0.0,0.0,1.0,0.0,0.0,0.0,1.0,10.0,0.0,0.0,0.0,0.0,0.0,11.0,0.0,0.0,0.0,0.0,0.0,0.0,0.0,0.0,0.0,1.0,1.0,0.0,0.0,0.0,0.0,1.0,1.0,1.0,0.0,0.0,0.0,0.0,0.0,0.0,1.0,1.0,0.0,0.0,0.0,0.0,0.0,1.0,1.0,0.0,1401084789.0,846.0,846.0,1396.0,1396.0,1441.0,0.0,108.0,25629.0,23007.0,22952.0,64.0,0.0,0.0,0.0,135.0,0.0,0.0,49.0,56.0,55.0,11.0,47.0,28741984.0,0.0,1740679840.0,35434669408.0,244414784.0,0.0,0.0,931.0,0.0,0.0,1247.0,110.0,1499.0
1132,0.0,1.0,0.0,0.0,1.0,1420800.0,1.0,229500000.0,1.0,1331200000.0,0.32994699478100004,13757.0,1294.0,3886.0,40500.0,41166.6666667,42166.6666667,91.0,25.0,64.0,896.0,5000.0,0.0,25.0,1000000.0,950000.0,1.0,1.0,0.0,10.0,0.0,0.0,100.0,100.0,29446822.0,618620879.0,604321158.0,0.0,0.0,0.0,0.0,0.0,1.0,1.0,1.0,1.0,1.0,0.0,0.0,1.0,0.0,0.0,0.0,0.0,0.0,35.0,1.0,14487658.0,274870140.0,14499893.0,28620591.0,601530997.0,997.0,2525754706.0,0.0,1.0,1.0,0.0,1.0,0.0,0.0,1.0,1.0,1.0,1.0,2.0,1.0,0.0,0.0,0.0,2.0,0.0,0.0,1.0,1.0,3.0,50.0,50.0,1.0,0.0,0.0,0.0,0.0,0.0,0.0,0.0,0.0,0.0,0.0,2.0,2.0,0.0,1.0,1.0,0.0,1.0,0.0,0.0,0.0,0.0,0.0,1.0,0.0,0.0,1.0,0.0,0.0,0.0,1.0,10.0,0.0,0.0,0.0,0.0,0.0,11.0,0.0,0.0,0.0,0.0,0.0,0.0,0.0,0.0,0.0,1.0,1.0,0.0,0.0,0.0,0.0,1.0,1.0,1.0,0.0,0.0,0.0,0.0,0.0,0.0,1.0,1.0,0.0,0.0,0.0,0.0,0.0,1.0,1.0,0.0,1389027326.0,754.0,754.0,1314.0,1314.0,1355.0,0.0,106.0,23953.0,22684.0,22636.0,112.0,0.0,0.0,0.0,111.0,0.0,0.0,43.0,49.0,48.0,13.0,41.0,125871136.0,0.0,1643977728.0,39737509376.0,219429280.0,0.0,0.0,997.0,0.0,0.0,1345.0,96.0,1486.0
1133,0.0,1.0,0.0,0.0,1.0,1420800.0,1.0,229500000.0,1.0,1331200000.0,0.339787006378,18444.0,1751.0,4953.0,40416.6666667,41500.0,42166.6666667,72.0,25.0,64.0,896.0,5000.0,0.0,25.0,1000000.0,950000.0,1.0,0.0,0.0,10.0,0.0,0.0,100.0,500.0,30702764.0,617120537.0,604971319.0,0.0,0.0,0.0,0.0,0.0,1.0,1.0,1.0,1.0,1.0,0.0,0.0,1.0,0.0,0.0,0.0,0.0,0.0,32.0,1.0,14910700.0,284619163.0,14535781.0,31108873.0,620734992.0,1095.0,2545068949.0,0.0,1.0,1.0,0.0,1.0,0.0,0.0,1.0,1.0,1.0,1.0,2.0,1.0,0.0,0.0,0.0,2.0,0.0,0.0,1.0,1.0,3.0,50.0,50.0,1.0,0.0,0.0,0.0,0.0,0.0,0.0,0.0,0.0,0.0,0.0,2.0,2.0,0.0,1.0,1.0,0.0,1.0,0.0,0.0,0.0,0.0,0.0,1.0,0.0,0.0,1.0,0.0,0.0,0.0,1.0,10.0,0.0,0.0,0.0,0.0,0.0,11.0,0.0,0.0,0.0,0.0,0.0,0.0,0.0,0.0,0.0,1.0,1.0,0.0,0.0,0.0,0.0,1.0,1.0,1.0,0.0,0.0,0.0,0.0,0.0,0.0,1.0,1.0,0.0,0.0,0.0,0.0,0.0,1.0,1.0,0.0,1402316472.0,841.0,841.0,1356.0,1356.0,1398.0,0.0,120.0,25614.0,23298.0,23243.0,90.0,0.0,0.0,0.0,128.0,0.0,0.0,49.0,56.0,55.0,15.0,47.0,223494848.0,0.0,1733199008.0,32242789056.0,212258432.0,0.0,0.0,1095.0,0.0,0.0,1498.0,110.0,1687.0
1134,0.0,1.0,0.0,0.0,1.0,1420800.0,1.0,229500000.0,1.0,1331200000.0,0.330582857132,17912.0,1827.0,4572.0,40416.6666667,41000.0,42333.3333333,72.0,25.0,64.0,896.0,5000.0,0.0,25.0,1000000.0,950000.0,1.0,0.0,0.0,10.0,0.0,0.0,100.0,500.0,32841113.0,648844843.0,652448709.0,0.0,0.0,0.0,0.0,0.0,1.0,1.0,1.0,1.0,1.0,0.0,0.0,1.0,0.0,0.0,0.0,0.0,0.0,31.0,1.0,15522444.0,280047361.0,15590926.0,32837086.0,640535157.0,918.0,2356923175.0,0.0,1.0,1.0,0.0,1.0,0.0,0.0,1.0,1.0,1.0,1.0,2.0,1.0,0.0,0.0,0.0,2.0,0.0,0.0,1.0,1.0,3.0,50.0,50.0,1.0,0.0,0.0,0.0,0.0,0.0,0.0,0.0,0.0,0.0,0.0,2.0,2.0,0.0,1.0,1.0,0.0,1.0,0.0,0.0,0.0,0.0,0.0,1.0,0.0,0.0,1.0,0.0,0.0,0.0,1.0,10.0,0.0,0.0,0.0,0.0,0.0,11.0,0.0,0.0,0.0,0.0,0.0,0.0,0.0,0.0,0.0,1.0,1.0,0.0,0.0,0.0,0.0,1.0,1.0,1.0,0.0,0.0,0.0,0.0,0.0,0.0,1.0,1.0,0.0,0.0,0.0,0.0,0.0,1.0,1.0,0.0,1413836459.0,761.0,761.0,1475.0,1475.0,1514.0,0.0,114.0,25609.0,23122.0,23067.0,49.0,0.0,0.0,0.0,149.0,0.0,0.0,49.0,56.0,55.0,18.0,47.0,134035296.0,0.0,1755569568.0,53100614048.0,223632480.0,0.0,0.0,918.0,0.0,0.0,1277.0,110.0,1465.0
1135,0.0,1.0,0.0,0.0,1.0,1420800.0,1.0,229500000.0,1.0,1331200000.0,0.329609870911,12047.0,1294.0,2362.0,40500.0,41000.0,42000.0,72.0,25.0,64.0,896.0,5000.0,0.0,25.0,1000000.0,950000.0,1.0,0.0,0.0,10.0,0.0,0.0,100.0,500.0,32191802.0,646884947.0,648199128.0,0.0,0.0,0.0,0.0,0.0,1.0,1.0,1.0,1.0,1.0,0.0,0.0,1.0,0.0,0.0,0.0,0.0,0.0,31.0,1.0,14949343.0,274895823.0,15053389.0,32927718.0,664159518.0,999.0,2008883948.0,0.0,1.0,1.0,0.0,1.0,0.0,0.0,1.0,1.0,1.0,1.0,2.0,1.0,0.0,0.0,0.0,2.0,0.0,0.0,1.0,1.0,3.0,50.0,50.0,1.0,0.0,0.0,0.0,0.0,0.0,0.0,0.0,0.0,0.0,0.0,2.0,2.0,0.0,1.0,1.0,0.0,1.0,0.0,0.0,0.0,0.0,0.0,1.0,0.0,0.0,1.0,0.0,0.0,0.0,1.0,10.0,0.0,0.0,0.0,0.0,0.0,11.0,0.0,0.0,0.0,0.0,0.0,0.0,0.0,0.0,0.0,1.0,1.0,0.0,0.0,0.0,0.0,1.0,1.0,1.0,0.0,0.0,0.0,0.0,0.0,0.0,1.0,1.0,0.0,0.0,0.0,0.0,0.0,1.0,1.0,0.0,1347841842.0,785.0,785.0,1285.0,1285.0,1319.0,0.0,98.0,22720.0,22508.0,22467.0,73.0,0.0,0.0,0.0,144.0,0.0,0.0,37.0,42.0,41.0,14.0,35.0,325803232.0,0.0,1700186720.0,73828074240.0,217155104.0,0.0,0.0,999.0,0.0,0.0,1377.0,82.0,1627.0
1136,0.0,1.0,0.0,0.0,1.0,1420800.0,1.0,229500000.0,1.0,1331200000.0,0.339282989502,13757.0,1294.0,3886.0,40500.0,41333.3333333,42166.6666667,91.0,25.0,64.0,896.0,5000.0,0.0,25.0,1000000.0,950000.0,1.0,1.0,0.0,10.0,0.0,0.0,100.0,500.0,27974684.0,589190365.0,598191139.0,0.0,0.0,0.0,0.0,0.0,1.0,1.0,1.0,1.0,1.0,0.0,0.0,1.0,0.0,0.0,0.0,0.0,0.0,34.0,1.0,15134259.0,279595282.0,14535802.0,28304219.0,602156559.0,961.0,2503113355.0,0.0,1.0,1.0,0.0,1.0,0.0,0.0,1.0,1.0,1.0,1.0,2.0,1.0,0.0,0.0,0.0,2.0,0.0,0.0,1.0,1.0,3.0,50.0,50.0,1.0,0.0,0.0,0.0,0.0,0.0,0.0,0.0,0.0,0.0,0.0,2.0,2.0,0.0,1.0,1.0,0.0,1.0,0.0,0.0,0.0,0.0,0.0,1.0,0.0,0.0,1.0,0.0,0.0,0.0,1.0,10.0,0.0,0.0,0.0,0.0,0.0,11.0,0.0,0.0,0.0,0.0,0.0,0.0,0.0,0.0,0.0,1.0,1.0,0.0,0.0,0.0,0.0,1.0,1.0,1.0,0.0,0.0,0.0,0.0,0.0,0.0,1.0,1.0,0.0,0.0,0.0,0.0,0.0,1.0,1.0,0.0,1407342534.0,807.0,807.0,1344.0,1344.0,1383.0,0.0,101.0,24172.0,22644.0,22596.0,57.0,0.0,0.0,0.0,95.0,0.0,0.0,43.0,49.0,48.0,14.0,41.0,125032384.0,0.0,1654867680.0,24462818400.0,227487136.0,0.0,0.0,961.0,0.0,0.0,1216.0,96.0,1411.0
1137,0.0,1.0,0.0,0.0,1.0,1420800.0,1.0,229500000.0,1.0,1331200000.0,0.330852985382,18406.0,1751.0,4953.0,40500.0,41500.0,42166.6666667,91.0,25.0,64.0,896.0,5000.0,0.0,25.0,1000000.0,950000.0,1.0,1.0,0.0,10.0,0.0,0.0,100.0,500.0,30344783.0,631723042.0,606869148.0,0.0,0.0,0.0,0.0,0.0,1.0,1.0,1.0,1.0,1.0,0.0,0.0,1.0,0.0,0.0,0.0,0.0,0.0,33.0,1.0,14673907.0,298027103.0,14923709.0,30433579.0,633838797.0,1097.0,2654241655.0,0.0,1.0,1.0,0.0,1.0,0.0,0.0,1.0,1.0,1.0,1.0,2.0,1.0,0.0,0.0,0.0,2.0,0.0,0.0,1.0,1.0,3.0,50.0,50.0,1.0,0.0,0.0,0.0,0.0,0.0,0.0,0.0,0.0,0.0,0.0,2.0,2.0,0.0,1.0,1.0,0.0,1.0,0.0,0.0,0.0,0.0,0.0,1.0,0.0,0.0,1.0,0.0,0.0,0.0,1.0,10.0,0.0,0.0,0.0,0.0,0.0,11.0,0.0,0.0,0.0,0.0,0.0,0.0,0.0,0.0,0.0,1.0,1.0,0.0,0.0,0.0,0.0,1.0,1.0,1.0,0.0,0.0,0.0,0.0,0.0,0.0,1.0,1.0,0.0,0.0,0.0,0.0,0.0,1.0,1.0,0.0,1480561107.0,832.0,832.0,1454.0,1454.0,1500.0,0.0,116.0,25905.0,23235.0,23180.0,70.0,0.0,0.0,0.0,131.0,0.0,0.0,49.0,56.0,55.0,17.0,47.0,345743520.0,0.0,1777917760.0,23240148800.0,245309408.0,0.0,0.0,1097.0,0.0,0.0,1440.0,110.0,1694.0
1138,0.0,1.0,0.0,0.0,1.0,1420800.0,1.0,229500000.0,1.0,1331200000.0,0.33096504211399996,13680.0,1370.0,3658.0,40333.3333333,41333.3333333,42333.3333333,91.0,25.0,64.0,896.0,5000.0,0.0,25.0,1000000.0,950000.0,1.0,1.0,0.0,10.0,0.0,0.0,100.0,500.0,27067415.0,596808464.0,592174196.0,0.0,0.0,0.0,0.0,0.0,1.0,1.0,1.0,1.0,1.0,0.0,0.0,1.0,0.0,0.0,0.0,0.0,0.0,35.0,1.0,15245227.0,287755184.0,14753901.0,28749737.0,604758875.0,808.0,2539151222.0,0.0,1.0,1.0,0.0,1.0,0.0,0.0,1.0,1.0,1.0,1.0,2.0,1.0,0.0,0.0,0.0,2.0,0.0,0.0,1.0,1.0,3.0,50.0,50.0,1.0,0.0,0.0,0.0,0.0,0.0,0.0,0.0,0.0,0.0,0.0,2.0,2.0,0.0,1.0,1.0,0.0,1.0,0.0,0.0,0.0,0.0,0.0,1.0,0.0,0.0,1.0,0.0,0.0,0.0,1.0,10.0,0.0,0.0,0.0,0.0,0.0,11.0,0.0,0.0,0.0,0.0,0.0,0.0,0.0,0.0,0.0,1.0,1.0,0.0,0.0,0.0,0.0,1.0,1.0,1.0,0.0,0.0,0.0,0.0,0.0,0.0,1.0,1.0,0.0,0.0,0.0,0.0,0.0,1.0,1.0,0.0,1398720967.0,646.0,646.0,1269.0,1269.0,1309.0,0.0,99.0,24357.0,22663.0,22615.0,54.0,0.0,0.0,0.0,108.0,0.0,0.0,43.0,49.0,48.0,10.0,41.0,238032416.0,0.0,1679447392.0,30585186656.0,189250752.0,0.0,0.0,808.0,0.0,0.0,1029.0,96.0,1296.0
1139,0.0,1.0,1.0,0.0,1.0,1728000.0,1.0,140250000.0,1.0,1600000000.0,0.528734922409,29800.0,2283.0,7693.0,40650.0,41100.0,42500.0,83.0,25.0,64.0,896.0,5000.0,0.0,25.0,1000000.0,950000.0,1.0,0.0,0.0,10.0,0.0,0.0,0.0,100.0,38099988.0,674082312.0,633901789.0,0.0,0.0,0.0,0.0,0.0,1.0,1.0,1.0,1.0,1.0,0.0,0.0,1.0,0.0,0.0,0.0,0.0,0.0,34.0,1.0,15416267.0,311273344.0,14974086.0,38251144.0,687475755.0,1179.0,2874953472.0,0.0,1.0,1.0,0.0,1.0,0.0,0.0,1.0,1.0,1.0,1.0,2.0,1.0,0.0,0.0,0.0,2.0,0.0,0.0,1.0,1.0,3.0,50.0,50.0,1.0,0.0,0.0,0.0,0.0,0.0,0.0,0.0,0.0,0.0,0.0,2.0,2.0,0.0,1.0,1.0,0.0,1.0,0.0,0.0,0.0,0.0,0.0,1.0,0.0,0.0,1.0,0.0,0.0,0.0,1.0,10.0,0.0,0.0,0.0,0.0,0.0,11.0,0.0,0.0,0.0,0.0,0.0,0.0,0.0,0.0,0.0,1.0,1.0,0.0,0.0,0.0,0.0,1.0,1.0,1.0,0.0,0.0,0.0,0.0,0.0,0.0,1.0,1.0,0.0,0.0,0.0,0.0,0.0,1.0,1.0,0.0,1592100841.0,743.0,743.0,1597.0,1597.0,1635.0,0.0,212.0,30930.0,24873.0,24791.0,94.0,0.0,0.0,0.0,217.0,0.0,0.0,73.0,83.0,82.0,19.0,71.0,152948000.0,204032.0,1962139008.0,20757023232.0,168842336.0,0.0,0.0,1179.0,0.0,0.0,1627.0,164.0,1870.0
1140,0.0,1.0,1.0,0.0,1.0,1728000.0,1.0,140250000.0,1.0,1600000000.0,0.5120918750760001,19702.0,1446.0,5332.0,40650.0,41300.0,42500.0,83.0,25.0,64.0,896.0,5000.0,0.0,25.0,1000000.0,950000.0,1.0,0.0,0.0,10.0,0.0,0.0,0.0,100.0,34461446.0,637042254.0,631764950.0,0.0,0.0,0.0,0.0,0.0,1.0,1.0,1.0,1.0,1.0,0.0,0.0,1.0,0.0,0.0,0.0,0.0,0.0,31.0,1.0,15203142.0,317190258.0,15667912.0,33199747.0,623374288.0,1069.0,2759811798.0,0.0,1.0,1.0,0.0,1.0,0.0,0.0,1.0,1.0,1.0,1.0,2.0,1.0,0.0,0.0,0.0,2.0,0.0,0.0,1.0,1.0,3.0,50.0,50.0,1.0,0.0,0.0,0.0,0.0,0.0,0.0,0.0,0.0,0.0,0.0,2.0,2.0,0.0,1.0,1.0,0.0,1.0,0.0,0.0,0.0,0.0,0.0,1.0,0.0,0.0,1.0,0.0,0.0,0.0,1.0,10.0,0.0,0.0,0.0,0.0,0.0,11.0,0.0,0.0,0.0,0.0,0.0,0.0,0.0,0.0,0.0,1.0,1.0,0.0,0.0,0.0,0.0,1.0,1.0,1.0,0.0,0.0,0.0,0.0,0.0,0.0,1.0,1.0,0.0,0.0,0.0,0.0,0.0,1.0,1.0,0.0,1466836594.0,644.0,644.0,1470.0,1470.0,1512.0,0.0,158.0,27273.0,24046.0,23977.0,68.0,0.0,0.0,0.0,187.0,0.0,0.0,61.0,70.0,69.0,17.0,59.0,241328512.0,0.0,1824557440.0,41083186144.0,134330336.0,0.0,0.0,1069.0,0.0,0.0,1444.0,138.0,1688.0
1141,0.0,1.0,1.0,0.0,1.0,1728000.0,1.0,140250000.0,1.0,1600000000.0,0.511702060699,24808.0,1978.0,6627.0,40900.0,41200.0,42500.0,83.0,25.0,64.0,896.0,5000.0,0.0,25.0,1000000.0,950000.0,1.0,0.0,0.0,10.0,0.0,0.0,0.0,100.0,37353983.0,635874793.0,644171137.0,0.0,0.0,0.0,0.0,0.0,1.0,1.0,1.0,1.0,1.0,0.0,0.0,1.0,0.0,0.0,0.0,0.0,0.0,32.0,1.0,15274461.0,321766320.0,15515734.0,34784145.0,670000430.0,1054.0,2860570648.0,0.0,1.0,1.0,0.0,1.0,0.0,0.0,1.0,1.0,1.0,1.0,2.0,1.0,0.0,0.0,0.0,2.0,0.0,0.0,1.0,1.0,3.0,50.0,50.0,1.0,0.0,0.0,0.0,0.0,0.0,0.0,0.0,0.0,0.0,0.0,2.0,2.0,0.0,1.0,1.0,0.0,1.0,0.0,0.0,0.0,0.0,0.0,1.0,0.0,0.0,1.0,0.0,0.0,0.0,1.0,10.0,0.0,0.0,0.0,0.0,0.0,11.0,0.0,0.0,0.0,0.0,0.0,0.0,0.0,0.0,0.0,1.0,1.0,0.0,0.0,0.0,0.0,1.0,1.0,1.0,0.0,0.0,0.0,0.0,0.0,0.0,1.0,1.0,0.0,0.0,0.0,0.0,0.0,1.0,1.0,0.0,1608089981.0,651.0,651.0,1562.0,1562.0,1599.0,0.0,170.0,29301.0,24577.0,24501.0,55.0,0.0,0.0,0.0,193.0,0.0,0.0,67.0,77.0,76.0,16.0,65.0,240176672.0,0.0,1846205120.0,34543629216.0,145003456.0,0.0,0.0,1054.0,0.0,0.0,1499.0,152.0,1759.0
1142,0.0,1.0,1.0,0.0,1.0,1728000.0,1.0,140250000.0,1.0,1600000000.0,0.532973051071,30946.0,2359.0,8912.0,40750.0,41500.0,42500.0,92.0,25.0,64.0,896.0,5000.0,0.0,25.0,1000000.0,950000.0,1.0,1.0,0.0,10.0,0.0,0.0,0.0,100.0,38467629.0,664518003.0,668578962.0,0.0,0.0,0.0,0.0,0.0,1.0,1.0,1.0,1.0,1.0,0.0,0.0,1.0,0.0,0.0,0.0,0.0,0.0,32.0,1.0,15652281.0,337444600.0,15289814.0,41203782.0,674686743.0,1176.0,2901275128.0,0.0,1.0,1.0,0.0,1.0,0.0,0.0,1.0,1.0,1.0,1.0,2.0,1.0,0.0,0.0,0.0,2.0,0.0,0.0,1.0,1.0,3.0,50.0,50.0,1.0,0.0,0.0,0.0,0.0,0.0,0.0,0.0,0.0,0.0,0.0,2.0,2.0,0.0,1.0,1.0,0.0,1.0,0.0,0.0,0.0,0.0,0.0,1.0,0.0,0.0,1.0,0.0,0.0,0.0,1.0,10.0,0.0,0.0,0.0,0.0,0.0,11.0,0.0,0.0,0.0,0.0,0.0,0.0,0.0,0.0,0.0,1.0,1.0,0.0,0.0,0.0,0.0,1.0,1.0,1.0,0.0,0.0,0.0,0.0,0.0,0.0,1.0,1.0,0.0,0.0,0.0,0.0,0.0,1.0,1.0,0.0,1531139564.0,725.0,725.0,1629.0,1629.0,1663.0,0.0,189.0,31623.0,24872.0,24790.0,86.0,0.0,0.0,0.0,234.0,0.0,0.0,73.0,83.0,82.0,16.0,71.0,151477600.0,70784.0,2061221120.0,34817289184.0,192021568.0,0.0,0.0,1176.0,0.0,0.0,1761.0,164.0,1891.0
1143,0.0,1.0,1.0,0.0,1.0,1728000.0,1.0,140250000.0,1.0,1600000000.0,0.511718034744,24885.0,1902.0,6627.0,40600.0,41400.0,42500.0,92.0,25.0,64.0,896.0,5000.0,0.0,25.0,1000000.0,950000.0,1.0,1.0,0.0,10.0,0.0,0.0,0.0,100.0,37041309.0,661388921.0,636582491.0,0.0,0.0,0.0,0.0,0.0,1.0,1.0,1.0,1.0,1.0,0.0,0.0,1.0,0.0,0.0,0.0,0.0,0.0,34.0,1.0,14836709.0,298132969.0,15157359.0,37576850.0,689850992.0,1062.0,2922117489.0,0.0,1.0,1.0,0.0,1.0,0.0,0.0,1.0,1.0,1.0,1.0,2.0,1.0,0.0,0.0,0.0,2.0,0.0,0.0,1.0,1.0,3.0,50.0,50.0,1.0,0.0,0.0,0.0,0.0,0.0,0.0,0.0,0.0,0.0,0.0,2.0,2.0,0.0,1.0,1.0,0.0,1.0,0.0,0.0,0.0,0.0,0.0,1.0,0.0,0.0,1.0,0.0,0.0,0.0,1.0,10.0,0.0,0.0,0.0,0.0,0.0,11.0,0.0,0.0,0.0,0.0,0.0,0.0,0.0,0.0,0.0,1.0,1.0,0.0,0.0,0.0,0.0,1.0,1.0,1.0,0.0,0.0,0.0,0.0,0.0,0.0,1.0,1.0,0.0,0.0,0.0,0.0,0.0,1.0,1.0,0.0,1556083657.0,698.0,698.0,1611.0,1611.0,1656.0,0.0,184.0,28589.0,24532.0,24456.0,87.0,0.0,0.0,0.0,220.0,0.0,0.0,67.0,77.0,76.0,20.0,65.0,243285568.0,120576.0,1958692832.0,33583504160.0,123005184.0,0.0,0.0,1062.0,0.0,0.0,1544.0,152.0,1797.0
1144,0.0,1.0,1.0,0.0,1.0,1728000.0,1.0,140250000.0,1.0,1600000000.0,0.512791872025,24885.0,1978.0,6779.0,40900.0,41500.0,42500.0,92.0,25.0,64.0,896.0,5000.0,0.0,25.0,1000000.0,950000.0,1.0,1.0,0.0,10.0,0.0,0.0,0.0,100.0,35970796.0,695949856.0,667416973.0,0.0,0.0,0.0,0.0,0.0,1.0,1.0,1.0,1.0,1.0,0.0,0.0,1.0,0.0,0.0,0.0,0.0,0.0,34.0,1.0,15162485.0,337825498.0,15113111.0,35387579.0,698182014.0,1056.0,2890013555.0,0.0,1.0,1.0,0.0,1.0,0.0,0.0,1.0,1.0,1.0,1.0,2.0,1.0,0.0,0.0,0.0,2.0,0.0,0.0,1.0,1.0,3.0,50.0,50.0,1.0,0.0,0.0,0.0,0.0,0.0,0.0,0.0,0.0,0.0,0.0,2.0,2.0,0.0,1.0,1.0,0.0,1.0,0.0,0.0,0.0,0.0,0.0,1.0,0.0,0.0,1.0,0.0,0.0,0.0,1.0,10.0,0.0,0.0,0.0,0.0,0.0,11.0,0.0,0.0,0.0,0.0,0.0,0.0,0.0,0.0,0.0,1.0,1.0,0.0,0.0,0.0,0.0,1.0,1.0,1.0,0.0,0.0,0.0,0.0,0.0,0.0,1.0,1.0,0.0,0.0,0.0,0.0,0.0,1.0,1.0,0.0,1630832151.0,663.0,663.0,1605.0,1605.0,1646.0,0.0,187.0,28721.0,24453.0,24377.0,60.0,0.0,0.0,0.0,218.0,0.0,0.0,67.0,77.0,76.0,17.0,65.0,137876608.0,0.0,1896407648.0,27535998912.0,113290144.0,0.0,0.0,1056.0,0.0,0.0,1488.0,152.0,1732.0
1145,0.0,1.0,1.0,0.0,1.0,1728000.0,1.0,140250000.0,1.0,1600000000.0,0.530663967133,29534.0,2359.0,7770.0,40900.0,41500.0,42600.0,96.0,25.0,64.0,896.0,5000.0,0.0,25.0,1000000.0,950000.0,1.0,0.0,0.0,10.0,0.0,0.0,0.0,500.0,37162780.0,663749816.0,627518776.0,0.0,0.0,0.0,0.0,0.0,1.0,1.0,1.0,1.0,1.0,0.0,0.0,1.0,0.0,0.0,0.0,0.0,0.0,34.0,1.0,15210823.0,329071043.0,15209383.0,37894898.0,680278147.0,1095.0,2938649009.0,0.0,1.0,1.0,0.0,1.0,0.0,0.0,1.0,1.0,1.0,1.0,2.0,1.0,0.0,0.0,0.0,2.0,0.0,0.0,1.0,1.0,3.0,50.0,50.0,1.0,0.0,0.0,0.0,0.0,0.0,0.0,0.0,0.0,0.0,0.0,2.0,2.0,0.0,1.0,1.0,0.0,1.0,0.0,0.0,0.0,0.0,0.0,1.0,0.0,0.0,1.0,0.0,0.0,0.0,1.0,10.0,0.0,0.0,0.0,0.0,0.0,11.0,0.0,0.0,0.0,0.0,0.0,0.0,0.0,0.0,0.0,1.0,1.0,0.0,0.0,0.0,0.0,1.0,1.0,1.0,0.0,0.0,0.0,0.0,0.0,0.0,1.0,1.0,0.0,0.0,0.0,0.0,0.0,1.0,1.0,0.0,1591200817.0,709.0,709.0,1535.0,1535.0,1574.0,0.0,198.0,30645.0,24795.0,24713.0,127.0,0.0,0.0,0.0,236.0,0.0,0.0,73.0,83.0,82.0,17.0,71.0,352464544.0,0.0,1949742464.0,33340299584.0,152292448.0,0.0,0.0,1095.0,0.0,0.0,1631.0,164.0,1827.0
1146,0.0,1.0,1.0,0.0,1.0,1728000.0,1.0,140250000.0,1.0,1600000000.0,0.512075901031,29952.0,2359.0,7846.0,40850.0,41500.0,42500.0,96.0,25.0,64.0,896.0,5000.0,0.0,25.0,1000000.0,950000.0,1.0,0.0,0.0,10.0,0.0,0.0,0.0,500.0,38833454.0,671961070.0,639198628.0,0.0,0.0,0.0,0.0,0.0,1.0,1.0,1.0,1.0,1.0,0.0,0.0,1.0,0.0,0.0,0.0,0.0,0.0,35.0,1.0,15687540.0,313815703.0,15499241.0,40026289.0,679496311.0,1107.0,2847346350.0,0.0,1.0,1.0,0.0,1.0,0.0,0.0,1.0,1.0,1.0,1.0,2.0,1.0,0.0,0.0,0.0,2.0,0.0,0.0,1.0,1.0,3.0,50.0,50.0,1.0,0.0,0.0,0.0,0.0,0.0,0.0,0.0,0.0,0.0,0.0,2.0,2.0,0.0,1.0,1.0,0.0,1.0,0.0,0.0,0.0,0.0,0.0,1.0,0.0,0.0,1.0,0.0,0.0,0.0,1.0,10.0,0.0,0.0,0.0,0.0,0.0,11.0,0.0,0.0,0.0,0.0,0.0,0.0,0.0,0.0,0.0,1.0,1.0,0.0,0.0,0.0,0.0,1.0,1.0,1.0,0.0,0.0,0.0,0.0,0.0,0.0,1.0,1.0,0.0,0.0,0.0,0.0,0.0,1.0,1.0,0.0,1587002550.0,703.0,703.0,1708.0,1708.0,1753.0,0.0,197.0,30271.0,24774.0,24692.0,109.0,0.0,0.0,0.0,206.0,0.0,0.0,73.0,83.0,82.0,16.0,71.0,134544064.0,0.0,2005662400.0,27431486816.0,175079456.0,0.0,0.0,1107.0,0.0,0.0,1545.0,164.0,1692.0
1147,0.0,1.0,1.0,0.0,1.0,1728000.0,1.0,140250000.0,1.0,1600000000.0,0.51229095459,24542.0,1902.0,6551.0,40875.0,41500.0,42500.0,96.0,25.0,64.0,896.0,5000.0,0.0,25.0,1000000.0,950000.0,1.0,0.0,0.0,10.0,0.0,0.0,0.0,500.0,35450996.0,636958167.0,644203692.0,0.0,0.0,0.0,0.0,0.0,1.0,1.0,1.0,1.0,1.0,0.0,0.0,1.0,0.0,0.0,0.0,0.0,0.0,31.0,1.0,14960766.0,334655513.0,14632735.0,33720034.0,635292110.0,925.0,2684733924.0,0.0,1.0,1.0,0.0,1.0,0.0,0.0,1.0,1.0,1.0,1.0,2.0,1.0,0.0,0.0,0.0,2.0,0.0,0.0,1.0,1.0,3.0,50.0,50.0,1.0,0.0,0.0,0.0,0.0,0.0,0.0,0.0,0.0,0.0,0.0,2.0,2.0,0.0,1.0,1.0,0.0,1.0,0.0,0.0,0.0,0.0,0.0,1.0,0.0,0.0,1.0,0.0,0.0,0.0,1.0,10.0,0.0,0.0,0.0,0.0,0.0,11.0,0.0,0.0,0.0,0.0,0.0,0.0,0.0,0.0,0.0,1.0,1.0,0.0,0.0,0.0,0.0,1.0,1.0,1.0,0.0,0.0,0.0,0.0,0.0,0.0,1.0,1.0,0.0,0.0,0.0,0.0,0.0,1.0,1.0,0.0,1442552066.0,656.0,656.0,1475.0,1475.0,1507.0,0.0,172.0,27461.0,23959.0,23890.0,77.0,0.0,0.0,0.0,210.0,0.0,0.0,61.0,70.0,69.0,12.0,59.0,137654176.0,0.0,1812725344.0,29293800096.0,145063904.0,0.0,0.0,925.0,0.0,0.0,1355.0,138.0,1516.0
1148,0.0,1.0,1.0,0.0,1.0,1728000.0,1.0,140250000.0,1.0,1600000000.0,0.53164100647,29762.0,2283.0,7846.0,40850.0,41500.0,42700.0,70.0,25.0,64.0,896.0,5000.0,0.0,25.0,1000000.0,950000.0,1.0,1.0,0.0,10.0,0.0,0.0,0.0,500.0,40312667.0,637616884.0,661246813.0,0.0,0.0,0.0,0.0,0.0,1.0,1.0,1.0,1.0,1.0,0.0,0.0,1.0,0.0,0.0,0.0,0.0,0.0,31.0,1.0,15439489.0,328091297.0,14947294.0,36789540.0,644146168.0,1152.0,2814950181.0,0.0,1.0,1.0,0.0,1.0,0.0,0.0,1.0,1.0,1.0,1.0,2.0,1.0,0.0,0.0,0.0,2.0,0.0,0.0,1.0,1.0,3.0,50.0,50.0,1.0,0.0,0.0,0.0,0.0,0.0,0.0,0.0,0.0,0.0,0.0,2.0,2.0,0.0,1.0,1.0,0.0,1.0,0.0,0.0,0.0,0.0,0.0,1.0,0.0,0.0,1.0,0.0,0.0,0.0,1.0,10.0,0.0,0.0,0.0,0.0,0.0,11.0,0.0,0.0,0.0,0.0,0.0,0.0,0.0,0.0,0.0,1.0,1.0,0.0,0.0,0.0,0.0,1.0,1.0,1.0,0.0,0.0,0.0,0.0,0.0,0.0,1.0,1.0,0.0,0.0,0.0,0.0,0.0,1.0,1.0,0.0,1503705130.0,714.0,714.0,1608.0,1608.0,1648.0,0.0,190.0,30119.0,24967.0,24885.0,96.0,0.0,0.0,0.0,226.0,0.0,0.0,73.0,83.0,82.0,19.0,71.0,532774656.0,0.0,1974709536.0,34412427872.0,110607296.0,0.0,0.0,1152.0,0.0,0.0,1730.0,164.0,1940.0
1149,0.0,1.0,1.0,0.0,1.0,1728000.0,1.0,140250000.0,1.0,1600000000.0,0.5115380287169999,29801.0,2282.0,8150.0,40900.0,41500.0,42600.0,70.0,25.0,64.0,896.0,5000.0,0.0,25.0,1000000.0,950000.0,1.0,1.0,0.0,10.0,0.0,0.0,0.0,500.0,38194693.0,659484432.0,642874813.0,0.0,0.0,0.0,0.0,0.0,1.0,1.0,1.0,1.0,1.0,0.0,0.0,1.0,0.0,0.0,0.0,0.0,0.0,35.0,1.0,15317762.0,310535136.0,15000090.0,37637256.0,668016493.0,1153.0,2909904239.0,0.0,1.0,1.0,0.0,1.0,0.0,0.0,1.0,1.0,1.0,1.0,2.0,1.0,0.0,0.0,0.0,2.0,0.0,0.0,1.0,1.0,3.0,50.0,50.0,1.0,0.0,0.0,0.0,0.0,0.0,0.0,0.0,0.0,0.0,0.0,2.0,2.0,0.0,1.0,1.0,0.0,1.0,0.0,0.0,0.0,0.0,0.0,1.0,0.0,0.0,1.0,0.0,0.0,0.0,1.0,10.0,0.0,0.0,0.0,0.0,0.0,11.0,0.0,0.0,0.0,0.0,0.0,0.0,0.0,0.0,0.0,1.0,1.0,0.0,0.0,0.0,0.0,1.0,1.0,1.0,0.0,0.0,0.0,0.0,0.0,0.0,1.0,1.0,0.0,0.0,0.0,0.0,0.0,1.0,1.0,0.0,1591840276.0,685.0,685.0,1630.0,1630.0,1675.0,0.0,203.0,30128.0,24938.0,24856.0,91.0,0.0,0.0,0.0,239.0,0.0,0.0,73.0,83.0,82.0,14.0,71.0,245834496.0,0.0,1933311808.0,41176956640.0,154551136.0,0.0,0.0,1153.0,0.0,0.0,1700.0,164.0,1875.0
1150,0.0,1.0,1.0,0.0,1.0,1728000.0,1.0,140250000.0,1.0,1600000000.0,0.513293981552,24808.0,1902.0,6551.0,40850.0,41600.0,42600.0,70.0,25.0,64.0,896.0,5000.0,0.0,25.0,1000000.0,950000.0,1.0,1.0,0.0,10.0,0.0,0.0,0.0,500.0,38273989.0,655540379.0,654227245.0,0.0,0.0,0.0,0.0,0.0,1.0,1.0,1.0,1.0,1.0,0.0,0.0,1.0,0.0,0.0,0.0,0.0,0.0,34.0,1.0,15488798.0,330845132.0,15232184.0,36210919.0,651447396.0,1030.0,2843605912.0,0.0,1.0,1.0,0.0,1.0,0.0,0.0,1.0,1.0,1.0,1.0,2.0,1.0,0.0,0.0,0.0,2.0,0.0,0.0,1.0,1.0,3.0,50.0,50.0,1.0,0.0,0.0,0.0,0.0,0.0,0.0,0.0,0.0,0.0,0.0,2.0,2.0,0.0,1.0,1.0,0.0,1.0,0.0,0.0,0.0,0.0,0.0,1.0,0.0,0.0,1.0,0.0,0.0,0.0,1.0,10.0,0.0,0.0,0.0,0.0,0.0,11.0,0.0,0.0,0.0,0.0,0.0,0.0,0.0,0.0,0.0,1.0,1.0,0.0,0.0,0.0,0.0,1.0,1.0,1.0,0.0,0.0,0.0,0.0,0.0,0.0,1.0,1.0,0.0,0.0,0.0,0.0,0.0,1.0,1.0,0.0,1496381460.0,695.0,695.0,1555.0,1555.0,1598.0,0.0,186.0,29065.0,24376.0,24300.0,98.0,0.0,0.0,0.0,210.0,0.0,0.0,67.0,77.0,76.0,18.0,65.0,248273888.0,0.0,1972777376.0,32121018752.0,146531648.0,0.0,0.0,1030.0,0.0,0.0,1529.0,152.0,1649.0
1151,0.0,1.0,1.0,0.0,1.0,1728000.0,1.0,140250000.0,1.0,1600000000.0,0.534654855728,35097.0,2663.0,9292.0,40900.0,41700.0,42800.0,78.0,25.0,64.0,896.0,5000.0,0.0,25.0,1000000.0,950000.0,1.0,0.0,0.0,10.0,0.0,0.0,100.0,100.0,38708505.0,654195441.0,653868893.0,0.0,0.0,0.0,0.0,0.0,1.0,1.0,1.0,1.0,1.0,0.0,0.0,1.0,0.0,0.0,0.0,0.0,0.0,35.0,1.0,15625711.0,338609879.0,15586426.0,37650352.0,665980814.0,1114.0,3044995755.0,0.0,1.0,1.0,0.0,1.0,0.0,0.0,1.0,1.0,1.0,1.0,2.0,1.0,0.0,0.0,0.0,2.0,0.0,0.0,1.0,1.0,3.0,50.0,50.0,1.0,0.0,0.0,0.0,0.0,0.0,0.0,0.0,0.0,0.0,0.0,2.0,2.0,0.0,1.0,1.0,0.0,1.0,0.0,0.0,0.0,0.0,0.0,1.0,0.0,0.0,1.0,0.0,0.0,0.0,1.0,10.0,0.0,0.0,0.0,0.0,0.0,11.0,0.0,0.0,0.0,0.0,0.0,0.0,0.0,0.0,0.0,1.0,1.0,0.0,0.0,0.0,0.0,1.0,1.0,1.0,0.0,0.0,0.0,0.0,0.0,0.0,1.0,1.0,0.0,0.0,0.0,0.0,0.0,1.0,1.0,0.0,1605337210.0,729.0,729.0,1717.0,1717.0,1760.0,0.0,213.0,31785.0,25079.0,24991.0,102.0,0.0,0.0,0.0,250.0,0.0,0.0,79.0,89.0,88.0,16.0,77.0,233284576.0,0.0,2040030912.0,36364806432.0,124403808.0,0.0,0.0,1114.0,0.0,0.0,1639.0,176.0,1783.0
1152,0.0,1.0,1.0,0.0,1.0,1728000.0,1.0,140250000.0,1.0,1600000000.0,0.513318061829,32621.0,2283.0,8074.0,41000.0,41800.0,42600.0,78.0,25.0,64.0,896.0,5000.0,0.0,25.0,1000000.0,950000.0,1.0,0.0,0.0,10.0,0.0,0.0,100.0,100.0,39570923.0,655965009.0,661528845.0,0.0,0.0,0.0,0.0,0.0,1.0,1.0,1.0,1.0,1.0,0.0,0.0,1.0,0.0,0.0,0.0,0.0,0.0,31.0,1.0,15458025.0,326668055.0,15685546.0,39845724.0,659693833.0,1332.0,2916915910.0,0.0,1.0,1.0,0.0,1.0,0.0,0.0,1.0,1.0,1.0,1.0,2.0,1.0,0.0,0.0,0.0,2.0,0.0,0.0,1.0,1.0,3.0,50.0,50.0,1.0,0.0,0.0,0.0,0.0,0.0,0.0,0.0,0.0,0.0,0.0,2.0,2.0,0.0,1.0,1.0,0.0,1.0,0.0,0.0,0.0,0.0,0.0,1.0,0.0,0.0,1.0,0.0,0.0,0.0,1.0,10.0,0.0,0.0,0.0,0.0,0.0,11.0,0.0,0.0,0.0,0.0,0.0,0.0,0.0,0.0,0.0,1.0,1.0,0.0,0.0,0.0,0.0,1.0,1.0,1.0,0.0,0.0,0.0,0.0,0.0,0.0,1.0,1.0,0.0,0.0,0.0,0.0,0.0,1.0,1.0,0.0,1531251903.0,815.0,815.0,1617.0,1617.0,1656.0,0.0,217.0,31631.0,24873.0,24791.0,206.0,0.0,0.0,0.0,263.0,0.0,0.0,73.0,83.0,82.0,19.0,71.0,348220416.0,0.0,2008653024.0,41592973440.0,262761728.0,0.0,0.0,1332.0,0.0,0.0,1961.0,164.0,2080.0
1153,0.0,1.0,1.0,0.0,1.0,1728000.0,1.0,140250000.0,1.0,1600000000.0,0.5166261196140001,29953.0,2283.0,7921.0,40900.0,41500.0,42700.0,78.0,25.0,64.0,896.0,5000.0,0.0,25.0,1000000.0,950000.0,1.0,0.0,0.0,10.0,0.0,0.0,100.0,100.0,40144597.0,678158068.0,670404600.0,0.0,0.0,0.0,0.0,0.0,1.0,1.0,1.0,1.0,1.0,0.0,0.0,1.0,0.0,0.0,0.0,0.0,0.0,33.0,1.0,15378633.0,304341171.0,14913319.0,40383123.0,667855543.0,1191.0,2825433205.0,0.0,1.0,1.0,0.0,1.0,0.0,0.0,1.0,1.0,1.0,1.0,2.0,1.0,0.0,0.0,0.0,2.0,0.0,0.0,1.0,1.0,3.0,50.0,50.0,1.0,0.0,0.0,0.0,0.0,0.0,0.0,0.0,0.0,0.0,0.0,2.0,2.0,0.0,1.0,1.0,0.0,1.0,0.0,0.0,0.0,0.0,0.0,1.0,0.0,0.0,1.0,0.0,0.0,0.0,1.0,10.0,0.0,0.0,0.0,0.0,0.0,11.0,0.0,0.0,0.0,0.0,0.0,0.0,0.0,0.0,0.0,1.0,1.0,0.0,0.0,0.0,0.0,1.0,1.0,1.0,0.0,0.0,0.0,0.0,0.0,0.0,1.0,1.0,0.0,0.0,0.0,0.0,0.0,1.0,1.0,0.0,1538971512.0,674.0,674.0,1579.0,1579.0,1615.0,0.0,223.0,31747.0,25001.0,24919.0,94.0,0.0,0.0,0.0,257.0,0.0,0.0,73.0,83.0,82.0,15.0,71.0,143435744.0,0.0,1960022944.0,28683433664.0,185921344.0,0.0,0.0,1191.0,0.0,0.0,1797.0,164.0,1957.0
1154,0.0,1.0,1.0,0.0,1.0,1728000.0,1.0,140250000.0,1.0,1600000000.0,0.532777070999,32507.0,2283.0,8074.0,41125.0,41583.3333333,42833.3333333,96.0,25.0,64.0,896.0,5000.0,0.0,25.0,1000000.0,950000.0,1.0,1.0,0.0,10.0,0.0,0.0,100.0,100.0,39556617.0,665763668.0,676410903.0,0.0,0.0,0.0,0.0,0.0,1.0,1.0,1.0,1.0,1.0,0.0,0.0,1.0,0.0,0.0,0.0,0.0,0.0,35.0,1.0,15674066.0,357172275.0,15199781.0,41609887.0,701706097.0,1192.0,2975281513.0,0.0,1.0,1.0,0.0,1.0,0.0,0.0,1.0,1.0,1.0,1.0,2.0,1.0,0.0,0.0,0.0,2.0,0.0,0.0,1.0,1.0,3.0,50.0,50.0,1.0,0.0,0.0,0.0,0.0,0.0,0.0,0.0,0.0,0.0,0.0,2.0,2.0,0.0,1.0,1.0,0.0,1.0,0.0,0.0,0.0,0.0,0.0,1.0,0.0,0.0,1.0,0.0,0.0,0.0,1.0,10.0,0.0,0.0,0.0,0.0,0.0,11.0,0.0,0.0,0.0,0.0,0.0,0.0,0.0,0.0,0.0,1.0,1.0,0.0,0.0,0.0,0.0,1.0,1.0,1.0,0.0,0.0,0.0,0.0,0.0,0.0,1.0,1.0,0.0,0.0,0.0,0.0,0.0,1.0,1.0,0.0,1658660738.0,731.0,731.0,1630.0,1630.0,1675.0,0.0,207.0,32792.0,25282.0,25194.0,102.0,0.0,0.0,0.0,239.0,0.0,0.0,79.0,89.0,88.0,24.0,77.0,147396128.0,173216.0,2028777824.0,34575312576.0,152545760.0,0.0,0.0,1192.0,0.0,0.0,1752.0,176.0,2034.0
1155,0.0,1.0,1.0,0.0,1.0,1728000.0,1.0,140250000.0,1.0,1600000000.0,0.511984109879,26790.0,1826.0,6551.0,41100.0,42000.0,42800.0,96.0,25.0,64.0,896.0,5000.0,0.0,25.0,1000000.0,950000.0,1.0,1.0,0.0,10.0,0.0,0.0,100.0,100.0,37256729.0,661225325.0,644306598.0,0.0,0.0,0.0,0.0,0.0,1.0,1.0,1.0,1.0,1.0,0.0,0.0,1.0,0.0,0.0,0.0,0.0,0.0,35.0,1.0,15297736.0,320990754.0,14758378.0,38924812.0,664097521.0,1096.0,2748703545.0,0.0,1.0,1.0,0.0,1.0,0.0,0.0,1.0,1.0,1.0,1.0,2.0,1.0,0.0,0.0,0.0,2.0,0.0,0.0,1.0,1.0,3.0,50.0,50.0,1.0,0.0,0.0,0.0,0.0,0.0,0.0,0.0,0.0,0.0,0.0,2.0,2.0,0.0,1.0,1.0,0.0,1.0,0.0,0.0,0.0,0.0,0.0,1.0,0.0,0.0,1.0,0.0,0.0,0.0,1.0,10.0,0.0,0.0,0.0,0.0,0.0,11.0,0.0,0.0,0.0,0.0,0.0,0.0,0.0,0.0,0.0,1.0,1.0,0.0,0.0,0.0,0.0,1.0,1.0,1.0,0.0,0.0,0.0,0.0,0.0,0.0,1.0,1.0,0.0,0.0,0.0,0.0,0.0,1.0,1.0,0.0,1527293246.0,716.0,716.0,1587.0,1587.0,1627.0,0.0,189.0,30100.0,24537.0,24461.0,115.0,0.0,0.0,0.0,226.0,0.0,0.0,67.0,77.0,76.0,11.0,65.0,49355008.0,0.0,1940963040.0,30948534816.0,194391936.0,0.0,0.0,1096.0,0.0,0.0,1622.0,152.0,1817.0
1156,0.0,1.0,1.0,0.0,1.0,1728000.0,1.0,140250000.0,1.0,1600000000.0,0.5131590366359999,32317.0,2359.0,7846.0,41050.0,42000.0,42800.0,96.0,25.0,64.0,896.0,5000.0,0.0,25.0,1000000.0,950000.0,1.0,1.0,0.0,10.0,0.0,0.0,100.0,100.0,37432231.0,657423845.0,656016679.0,0.0,0.0,0.0,0.0,0.0,1.0,1.0,1.0,1.0,1.0,0.0,0.0,1.0,0.0,0.0,0.0,0.0,0.0,35.0,1.0,15794562.0,339685291.0,15073992.0,39232898.0,663693482.0,1126.0,2881014899.0,0.0,1.0,1.0,0.0,1.0,0.0,0.0,1.0,1.0,1.0,1.0,2.0,1.0,0.0,0.0,0.0,2.0,0.0,0.0,1.0,1.0,3.0,50.0,50.0,1.0,0.0,0.0,0.0,0.0,0.0,0.0,0.0,0.0,0.0,0.0,2.0,2.0,0.0,1.0,1.0,0.0,1.0,0.0,0.0,0.0,0.0,0.0,1.0,0.0,0.0,1.0,0.0,0.0,0.0,1.0,10.0,0.0,0.0,0.0,0.0,0.0,11.0,0.0,0.0,0.0,0.0,0.0,0.0,0.0,0.0,0.0,1.0,1.0,0.0,0.0,0.0,0.0,1.0,1.0,1.0,0.0,0.0,0.0,0.0,0.0,0.0,1.0,1.0,0.0,0.0,0.0,0.0,0.0,1.0,1.0,0.0,1508612005.0,711.0,711.0,1610.0,1610.0,1657.0,0.0,194.0,31594.0,24837.0,24755.0,102.0,0.0,0.0,0.0,214.0,0.0,0.0,73.0,83.0,82.0,19.0,71.0,39802528.0,0.0,2002486784.0,35675856480.0,156552832.0,0.0,0.0,1126.0,0.0,0.0,1660.0,164.0,1962.0
1157,0.0,1.0,1.0,0.0,1.0,1728000.0,1.0,140250000.0,1.0,1600000000.0,0.536499023438,37957.0,2663.0,9445.0,41208.3333333,41916.6666667,43000.0,100.0,25.0,64.0,896.0,5000.0,0.0,25.0,1000000.0,950000.0,1.0,0.0,0.0,10.0,0.0,0.0,100.0,500.0,42774333.0,688095596.0,677997121.0,0.0,0.0,0.0,0.0,0.0,1.0,1.0,1.0,1.0,1.0,0.0,0.0,1.0,0.0,0.0,0.0,0.0,0.0,31.0,1.0,15502634.0,351867677.0,15335388.0,44323917.0,679492975.0,1226.0,2943364180.0,0.0,1.0,1.0,0.0,1.0,0.0,0.0,1.0,1.0,1.0,1.0,2.0,1.0,0.0,0.0,0.0,2.0,0.0,0.0,1.0,1.0,3.0,50.0,50.0,1.0,0.0,0.0,0.0,0.0,0.0,0.0,0.0,0.0,0.0,0.0,2.0,2.0,0.0,1.0,1.0,0.0,1.0,0.0,0.0,0.0,0.0,0.0,1.0,0.0,0.0,1.0,0.0,0.0,0.0,1.0,10.0,0.0,0.0,0.0,0.0,0.0,11.0,0.0,0.0,0.0,0.0,0.0,0.0,0.0,0.0,0.0,1.0,1.0,0.0,0.0,0.0,0.0,1.0,1.0,1.0,0.0,0.0,0.0,0.0,0.0,0.0,1.0,1.0,0.0,0.0,0.0,0.0,0.0,1.0,1.0,0.0,1561764319.0,752.0,752.0,1710.0,1710.0,1758.0,0.0,226.0,33003.0,25713.0,25619.0,128.0,0.0,0.0,0.0,251.0,0.0,0.0,85.0,95.0,94.0,21.0,83.0,141669888.0,0.0,2043247744.0,43007653152.0,163331904.0,0.0,0.0,1226.0,0.0,0.0,1843.0,188.0,2081.0
1158,0.0,1.0,1.0,0.0,1.0,1728000.0,1.0,140250000.0,1.0,1600000000.0,0.5112419128419999,32469.0,2283.0,8226.0,41291.6666667,41916.6666667,43000.0,100.0,25.0,64.0,896.0,5000.0,0.0,25.0,1000000.0,950000.0,1.0,0.0,0.0,10.0,0.0,0.0,100.0,500.0,40716284.0,688201514.0,677818358.0,0.0,0.0,0.0,0.0,0.0,1.0,1.0,1.0,1.0,1.0,0.0,0.0,1.0,0.0,0.0,0.0,0.0,0.0,33.0,1.0,15183769.0,350101679.0,15520272.0,41288871.0,684529087.0,1216.0,3005427460.0,0.0,1.0,1.0,0.0,1.0,0.0,0.0,1.0,1.0,1.0,1.0,2.0,1.0,0.0,0.0,0.0,2.0,0.0,0.0,1.0,1.0,3.0,50.0,50.0,1.0,0.0,0.0,0.0,0.0,0.0,0.0,0.0,0.0,0.0,0.0,2.0,2.0,0.0,1.0,1.0,0.0,1.0,0.0,0.0,0.0,0.0,0.0,1.0,0.0,0.0,1.0,0.0,0.0,0.0,1.0,10.0,0.0,0.0,0.0,0.0,0.0,11.0,0.0,0.0,0.0,0.0,0.0,0.0,0.0,0.0,0.0,1.0,1.0,0.0,0.0,0.0,0.0,1.0,1.0,1.0,0.0,0.0,0.0,0.0,0.0,0.0,1.0,1.0,0.0,0.0,0.0,0.0,0.0,1.0,1.0,0.0,1617741834.0,698.0,698.0,1628.0,1628.0,1670.0,0.0,201.0,31992.0,25398.0,25310.0,73.0,0.0,0.0,0.0,236.0,0.0,0.0,79.0,89.0,88.0,23.0,77.0,338069536.0,0.0,1980733408.0,28783103808.0,132779200.0,0.0,0.0,1216.0,0.0,0.0,1831.0,176.0,2020.0
1159,0.0,1.0,1.0,0.0,1.0,1728000.0,1.0,140250000.0,1.0,1600000000.0,0.512326955795,30106.0,2283.0,8302.0,41333.3333333,42000.0,42916.6666667,100.0,25.0,64.0,896.0,5000.0,0.0,25.0,1000000.0,950000.0,1.0,0.0,0.0,10.0,0.0,0.0,100.0,500.0,41973056.0,681174527.0,689386376.0,0.0,0.0,0.0,0.0,0.0,1.0,1.0,1.0,1.0,1.0,0.0,0.0,1.0,0.0,0.0,0.0,0.0,0.0,34.0,1.0,16053441.0,363958772.0,15428696.0,42263416.0,681311604.0,1184.0,2965246525.0,0.0,1.0,1.0,0.0,1.0,0.0,0.0,1.0,1.0,1.0,1.0,2.0,1.0,0.0,0.0,0.0,2.0,0.0,0.0,1.0,1.0,3.0,50.0,50.0,1.0,0.0,0.0,0.0,0.0,0.0,0.0,0.0,0.0,0.0,0.0,2.0,2.0,0.0,1.0,1.0,0.0,1.0,0.0,0.0,0.0,0.0,0.0,1.0,0.0,0.0,1.0,0.0,0.0,0.0,1.0,10.0,0.0,0.0,0.0,0.0,0.0,11.0,0.0,0.0,0.0,0.0,0.0,0.0,0.0,0.0,0.0,1.0,1.0,0.0,0.0,0.0,0.0,1.0,1.0,1.0,0.0,0.0,0.0,0.0,0.0,0.0,1.0,1.0,0.0,0.0,0.0,0.0,0.0,1.0,1.0,0.0,1562386043.0,734.0,734.0,1562.0,1562.0,1612.0,0.0,196.0,31987.0,25369.0,25281.0,78.0,0.0,0.0,0.0,228.0,0.0,0.0,79.0,89.0,88.0,26.0,77.0,146084480.0,0.0,2030066848.0,36485343040.0,143973696.0,0.0,0.0,1184.0,0.0,0.0,1801.0,176.0,2065.0
1160,0.0,1.0,1.0,0.0,1.0,1728000.0,1.0,140250000.0,1.0,1600000000.0,0.528721094131,24732.0,1902.0,6551.0,41300.0,42000.0,43000.0,91.0,25.0,64.0,896.0,5000.0,0.0,25.0,1000000.0,950000.0,1.0,1.0,0.0,10.0,0.0,0.0,100.0,500.0,37603782.0,662036950.0,672373821.0,0.0,0.0,0.0,0.0,0.0,1.0,1.0,1.0,1.0,1.0,0.0,0.0,1.0,0.0,0.0,0.0,0.0,0.0,37.0,1.0,15619244.0,338545216.0,14957572.0,38655906.0,674353761.0,1101.0,2757172462.0,0.0,1.0,1.0,0.0,1.0,0.0,0.0,1.0,1.0,1.0,1.0,2.0,1.0,0.0,0.0,0.0,2.0,0.0,0.0,1.0,1.0,3.0,50.0,50.0,1.0,0.0,0.0,0.0,0.0,0.0,0.0,0.0,0.0,0.0,0.0,2.0,2.0,0.0,1.0,1.0,0.0,1.0,0.0,0.0,0.0,0.0,0.0,1.0,0.0,0.0,1.0,0.0,0.0,0.0,1.0,10.0,0.0,0.0,0.0,0.0,0.0,11.0,0.0,0.0,0.0,0.0,0.0,0.0,0.0,0.0,0.0,1.0,1.0,0.0,0.0,0.0,0.0,1.0,1.0,1.0,0.0,0.0,0.0,0.0,0.0,0.0,1.0,1.0,0.0,0.0,0.0,0.0,0.0,1.0,1.0,0.0,1572798164.0,819.0,819.0,1558.0,1558.0,1602.0,0.0,169.0,28974.0,24447.0,24371.0,111.0,0.0,0.0,0.0,212.0,0.0,0.0,67.0,77.0,76.0,20.0,65.0,348272096.0,0.0,1906518592.0,29347809504.0,151134080.0,0.0,0.0,1101.0,0.0,0.0,1656.0,152.0,1939.0
1161,0.0,1.0,1.0,0.0,1.0,1728000.0,1.0,140250000.0,1.0,1600000000.0,0.512298822403,24542.0,1902.0,6627.0,41300.0,42000.0,43000.0,91.0,25.0,64.0,896.0,5000.0,0.0,25.0,1000000.0,950000.0,1.0,1.0,0.0,10.0,0.0,0.0,100.0,500.0,36829482.0,658458670.0,640342210.0,0.0,0.0,0.0,0.0,0.0,1.0,1.0,1.0,1.0,1.0,0.0,0.0,1.0,0.0,0.0,0.0,0.0,0.0,34.0,1.0,15167083.0,326732382.0,15121217.0,36123282.0,672926363.0,1029.0,2853936960.0,0.0,1.0,1.0,0.0,1.0,0.0,0.0,1.0,1.0,1.0,1.0,2.0,1.0,0.0,0.0,0.0,2.0,0.0,0.0,1.0,1.0,3.0,50.0,50.0,1.0,0.0,0.0,0.0,0.0,0.0,0.0,0.0,0.0,0.0,0.0,2.0,2.0,0.0,1.0,1.0,0.0,1.0,0.0,0.0,0.0,0.0,0.0,1.0,0.0,0.0,1.0,0.0,0.0,0.0,1.0,10.0,0.0,0.0,0.0,0.0,0.0,11.0,0.0,0.0,0.0,0.0,0.0,0.0,0.0,0.0,0.0,1.0,1.0,0.0,0.0,0.0,0.0,1.0,1.0,1.0,0.0,0.0,0.0,0.0,0.0,0.0,1.0,1.0,0.0,0.0,0.0,0.0,0.0,1.0,1.0,0.0,1530900820.0,648.0,648.0,1581.0,1581.0,1626.0,0.0,163.0,29401.0,24534.0,24458.0,82.0,0.0,0.0,0.0,181.0,0.0,0.0,67.0,77.0,76.0,17.0,65.0,46164608.0,0.0,1916070784.0,41444933184.0,176048608.0,0.0,0.0,1029.0,0.0,0.0,1437.0,152.0,1612.0
1162,0.0,1.0,1.0,0.0,1.0,1728000.0,1.0,140250000.0,1.0,1600000000.0,0.513379096985,24846.0,1902.0,6779.0,41200.0,42000.0,43000.0,91.0,25.0,64.0,896.0,5000.0,0.0,25.0,1000000.0,950000.0,1.0,1.0,0.0,10.0,0.0,0.0,100.0,500.0,36898443.0,640628659.0,620339167.0,0.0,0.0,0.0,0.0,0.0,1.0,1.0,1.0,1.0,1.0,0.0,0.0,1.0,0.0,0.0,0.0,0.0,0.0,45.0,1.0,15115399.0,312759629.0,15237769.0,36098327.0,653734025.0,973.0,2862757591.0,0.0,1.0,1.0,0.0,1.0,0.0,0.0,1.0,1.0,1.0,1.0,2.0,1.0,0.0,0.0,0.0,2.0,0.0,0.0,1.0,1.0,3.0,50.0,50.0,1.0,0.0,0.0,0.0,0.0,0.0,0.0,0.0,0.0,0.0,0.0,2.0,2.0,0.0,1.0,1.0,0.0,1.0,0.0,0.0,0.0,0.0,0.0,1.0,0.0,0.0,1.0,0.0,0.0,0.0,1.0,10.0,0.0,0.0,0.0,0.0,0.0,11.0,0.0,0.0,0.0,0.0,0.0,0.0,0.0,0.0,0.0,1.0,1.0,0.0,0.0,0.0,0.0,1.0,1.0,1.0,0.0,0.0,0.0,0.0,0.0,0.0,1.0,1.0,0.0,0.0,0.0,0.0,0.0,1.0,1.0,0.0,1576667401.0,659.0,659.0,1441.0,1441.0,1486.0,0.0,160.0,29019.0,24301.0,24225.0,92.0,0.0,0.0,0.0,208.0,0.0,0.0,67.0,77.0,76.0,16.0,65.0,147104224.0,0.0,1866736672.0,37462103520.0,154467872.0,0.0,0.0,973.0,0.0,0.0,1375.0,152.0,1579.0
1163,0.0,1.0,1.0,0.0,1.0,1420800.0,1.0,318750000.0,1.0,1062400000.0,0.255020856857,13530.0,1294.0,3734.0,41250.0,42000.0,42750.0,86.0,25.0,64.0,896.0,5000.0,0.0,25.0,1000000.0,950000.0,1.0,0.0,0.0,10.0,0.0,0.0,0.0,100.0,24978622.0,590309852.0,571843965.0,0.0,0.0,0.0,0.0,0.0,1.0,1.0,1.0,1.0,1.0,0.0,0.0,1.0,0.0,0.0,0.0,0.0,0.0,34.0,1.0,14274675.0,275421621.0,14098212.0,24882457.0,620176189.0,625.0,2556271099.0,0.0,1.0,1.0,0.0,1.0,0.0,0.0,1.0,1.0,1.0,1.0,2.0,1.0,0.0,0.0,0.0,2.0,0.0,0.0,1.0,1.0,3.0,50.0,50.0,1.0,0.0,0.0,0.0,0.0,0.0,0.0,0.0,0.0,0.0,0.0,2.0,2.0,0.0,1.0,1.0,0.0,1.0,0.0,0.0,0.0,0.0,0.0,1.0,0.0,0.0,1.0,0.0,0.0,0.0,1.0,10.0,0.0,0.0,0.0,0.0,0.0,11.0,0.0,0.0,0.0,0.0,0.0,0.0,0.0,0.0,0.0,1.0,1.0,0.0,0.0,0.0,0.0,1.0,1.0,1.0,0.0,0.0,0.0,0.0,0.0,0.0,1.0,1.0,0.0,0.0,0.0,0.0,0.0,1.0,1.0,0.0,1385098605.0,534.0,534.0,1341.0,1341.0,1378.0,0.0,106.0,22999.0,22359.0,22318.0,46.0,0.0,0.0,0.0,123.0,0.0,0.0,37.0,42.0,41.0,7.0,35.0,20948384.0,0.0,1632775680.0,19548908416.0,66867200.0,0.0,0.0,625.0,0.0,0.0,907.0,82.0,1104.0
1164,0.0,1.0,1.0,0.0,1.0,1420800.0,1.0,318750000.0,1.0,1062400000.0,0.246438980103,8843.0,837.0,2591.0,41125.0,41750.0,42500.0,86.0,25.0,64.0,896.0,5000.0,0.0,25.0,1000000.0,950000.0,1.0,0.0,0.0,10.0,0.0,0.0,0.0,100.0,23514213.0,567153632.0,545777741.0,0.0,0.0,0.0,0.0,0.0,1.0,1.0,1.0,1.0,1.0,0.0,0.0,1.0,0.0,0.0,0.0,0.0,0.0,34.0,1.0,14460077.0,262411767.0,14432131.0,24128292.0,597354050.0,533.0,2470714480.0,0.0,1.0,1.0,0.0,1.0,0.0,0.0,1.0,1.0,1.0,1.0,2.0,1.0,0.0,0.0,0.0,2.0,0.0,0.0,1.0,1.0,3.0,50.0,50.0,1.0,0.0,0.0,0.0,0.0,0.0,0.0,0.0,0.0,0.0,0.0,2.0,2.0,0.0,1.0,1.0,0.0,1.0,0.0,0.0,0.0,0.0,0.0,1.0,0.0,0.0,1.0,0.0,0.0,0.0,1.0,10.0,0.0,0.0,0.0,0.0,0.0,11.0,0.0,0.0,0.0,0.0,0.0,0.0,0.0,0.0,0.0,1.0,1.0,0.0,0.0,0.0,0.0,1.0,1.0,1.0,0.0,0.0,0.0,0.0,0.0,0.0,1.0,1.0,0.0,0.0,0.0,0.0,0.0,1.0,1.0,0.0,1375411171.0,510.0,510.0,1218.0,1218.0,1250.0,0.0,79.0,20923.0,21848.0,21814.0,47.0,0.0,0.0,0.0,85.0,0.0,0.0,31.0,35.0,34.0,7.0,29.0,14834400.0,0.0,1540324096.0,17726075072.0,71887424.0,0.0,0.0,533.0,0.0,0.0,749.0,68.0,953.0
1165,0.0,1.0,1.0,0.0,1.0,1420800.0,1.0,318750000.0,1.0,1062400000.0,0.24536800384500002,13530.0,1294.0,3886.0,41000.0,42250.0,42500.0,86.0,25.0,64.0,896.0,5000.0,0.0,25.0,1000000.0,950000.0,1.0,0.0,0.0,10.0,0.0,0.0,0.0,100.0,26473913.0,588598417.0,566230192.0,0.0,0.0,0.0,0.0,0.0,1.0,1.0,1.0,1.0,1.0,0.0,0.0,1.0,0.0,0.0,0.0,0.0,0.0,29.0,1.0,14459360.0,271958576.0,14369427.0,25798479.0,609823934.0,672.0,2507950693.0,0.0,1.0,1.0,0.0,1.0,0.0,0.0,1.0,1.0,1.0,1.0,2.0,1.0,0.0,0.0,0.0,2.0,0.0,0.0,1.0,1.0,3.0,50.0,50.0,1.0,0.0,0.0,0.0,0.0,0.0,0.0,0.0,0.0,0.0,0.0,2.0,2.0,0.0,1.0,1.0,0.0,1.0,0.0,0.0,0.0,0.0,0.0,1.0,0.0,0.0,1.0,0.0,0.0,0.0,1.0,10.0,0.0,0.0,0.0,0.0,0.0,11.0,0.0,0.0,0.0,0.0,0.0,0.0,0.0,0.0,0.0,1.0,1.0,0.0,0.0,0.0,0.0,1.0,1.0,1.0,0.0,0.0,0.0,0.0,0.0,0.0,1.0,1.0,0.0,0.0,0.0,0.0,0.0,1.0,1.0,0.0,1384999273.0,529.0,529.0,1343.0,1343.0,1374.0,0.0,100.0,22963.0,22409.0,22368.0,44.0,0.0,0.0,0.0,136.0,0.0,0.0,37.0,42.0,41.0,7.0,35.0,117150720.0,77184.0,1646997408.0,23175471904.0,93589600.0,0.0,0.0,672.0,0.0,0.0,974.0,82.0,1119.0
1166,0.0,1.0,1.0,0.0,1.0,1420800.0,1.0,318750000.0,1.0,1062400000.0,0.256411075592,13416.0,1370.0,3810.0,40833.3333333,42000.0,42833.3333333,84.0,25.0,64.0,896.0,5000.0,0.0,25.0,1000000.0,950000.0,1.0,1.0,0.0,10.0,0.0,0.0,0.0,100.0,27325610.0,597332890.0,594603137.0,0.0,0.0,0.0,0.0,0.0,1.0,1.0,1.0,1.0,1.0,0.0,0.0,1.0,0.0,0.0,0.0,0.0,0.0,33.0,1.0,14780744.0,278745683.0,14478589.0,28300218.0,621879358.0,776.0,2603597664.0,0.0,1.0,1.0,0.0,1.0,0.0,0.0,1.0,1.0,1.0,1.0,2.0,1.0,0.0,0.0,0.0,2.0,0.0,0.0,1.0,1.0,3.0,50.0,50.0,1.0,0.0,0.0,0.0,0.0,0.0,0.0,0.0,0.0,0.0,0.0,2.0,2.0,0.0,1.0,1.0,0.0,1.0,0.0,0.0,0.0,0.0,0.0,1.0,0.0,0.0,1.0,0.0,0.0,0.0,1.0,10.0,0.0,0.0,0.0,0.0,0.0,11.0,0.0,0.0,0.0,0.0,0.0,0.0,0.0,0.0,0.0,1.0,1.0,0.0,0.0,0.0,0.0,1.0,1.0,1.0,0.0,0.0,0.0,0.0,0.0,0.0,1.0,1.0,0.0,0.0,0.0,0.0,0.0,1.0,1.0,0.0,1432376717.0,567.0,567.0,1462.0,1462.0,1498.0,0.0,115.0,24187.0,22641.0,22593.0,40.0,0.0,0.0,0.0,123.0,0.0,0.0,43.0,49.0,48.0,11.0,41.0,44319424.0,0.0,1742776928.0,22433757408.0,115111168.0,0.0,0.0,776.0,0.0,0.0,1074.0,96.0,1249.0
1167,0.0,1.0,1.0,0.0,1.0,1420800.0,1.0,318750000.0,1.0,1062400000.0,0.246068954468,8919.0,837.0,2591.0,41250.0,41750.0,42500.0,84.0,25.0,64.0,896.0,5000.0,0.0,25.0,1000000.0,950000.0,1.0,1.0,0.0,10.0,0.0,0.0,0.0,100.0,22551557.0,590049176.0,563840569.0,0.0,0.0,0.0,0.0,0.0,1.0,1.0,1.0,1.0,1.0,0.0,0.0,1.0,0.0,0.0,0.0,0.0,0.0,30.0,1.0,14153424.0,267820088.0,13756819.0,23303531.0,606874179.0,558.0,2397748538.0,0.0,1.0,1.0,0.0,1.0,0.0,0.0,1.0,1.0,1.0,1.0,2.0,1.0,0.0,0.0,0.0,2.0,0.0,0.0,1.0,1.0,3.0,50.0,50.0,1.0,0.0,0.0,0.0,0.0,0.0,0.0,0.0,0.0,0.0,0.0,2.0,2.0,0.0,1.0,1.0,0.0,1.0,0.0,0.0,0.0,0.0,0.0,1.0,0.0,0.0,1.0,0.0,0.0,0.0,1.0,11.0,0.0,0.0,0.0,0.0,0.0,12.0,0.0,0.0,0.0,0.0,0.0,0.0,0.0,0.0,0.0,1.0,1.0,0.0,0.0,0.0,0.0,1.0,1.0,1.0,0.0,0.0,0.0,0.0,0.0,0.0,1.0,1.0,0.0,0.0,0.0,0.0,0.0,1.0,1.0,0.0,1376059572.0,539.0,539.0,1351.0,1351.0,1389.0,0.0,79.0,20750.0,21771.0,21737.0,38.0,0.0,0.0,0.0,97.0,0.0,0.0,31.0,35.0,34.0,10.0,29.0,19663680.0,1679872.0,1576706240.0,33183731936.0,93699424.0,0.0,0.0,558.0,0.0,0.0,778.0,68.0,955.0
1168,0.0,1.0,1.0,0.0,1.0,1420800.0,1.0,318750000.0,1.0,1062400000.0,0.253086090088,8729.0,837.0,2591.0,41250.0,42000.0,42750.0,84.0,25.0,64.0,896.0,5000.0,0.0,25.0,1000000.0,950000.0,1.0,1.0,0.0,10.0,0.0,0.0,0.0,100.0,22584936.0,576292914.0,558976583.0,0.0,0.0,0.0,0.0,0.0,1.0,1.0,1.0,1.0,1.0,0.0,0.0,1.0,0.0,0.0,0.0,0.0,0.0,30.0,1.0,14643111.0,264360076.0,14437125.0,23096532.0,580586013.0,594.0,2461521957.0,0.0,1.0,1.0,0.0,1.0,0.0,0.0,1.0,1.0,1.0,1.0,2.0,1.0,0.0,0.0,0.0,2.0,0.0,0.0,1.0,1.0,3.0,50.0,50.0,1.0,0.0,0.0,0.0,0.0,0.0,0.0,0.0,0.0,0.0,0.0,2.0,2.0,0.0,1.0,1.0,0.0,1.0,0.0,0.0,0.0,0.0,0.0,1.0,0.0,0.0,1.0,0.0,0.0,0.0,1.0,10.0,0.0,0.0,0.0,0.0,0.0,11.0,0.0,0.0,0.0,0.0,0.0,0.0,0.0,0.0,0.0,1.0,1.0,0.0,0.0,0.0,0.0,1.0,1.0,1.0,0.0,0.0,0.0,0.0,0.0,0.0,1.0,1.0,0.0,0.0,0.0,0.0,0.0,1.0,1.0,0.0,1333752762.0,534.0,534.0,1338.0,1338.0,1375.0,0.0,80.0,21052.0,21811.0,21777.0,39.0,0.0,0.0,0.0,90.0,0.0,0.0,31.0,35.0,34.0,8.0,29.0,12303488.0,0.0,1585585088.0,22874859200.0,74713408.0,0.0,0.0,594.0,0.0,0.0,758.0,68.0,897.0
1169,0.0,1.0,1.0,0.0,1.0,1420800.0,1.0,318750000.0,1.0,1062400000.0,0.258485078812,8767.0,837.0,2591.0,41166.6666667,41833.3333333,42666.6666667,77.0,25.0,64.0,896.0,5000.0,0.0,25.0,1000000.0,950000.0,1.0,0.0,0.0,10.0,0.0,0.0,0.0,500.0,25640169.0,594533096.0,573895787.0,0.0,0.0,0.0,0.0,0.0,1.0,1.0,1.0,1.0,1.0,0.0,0.0,1.0,0.0,0.0,0.0,0.0,0.0,32.0,1.0,14724940.0,284172726.0,14712944.0,25522718.0,621725297.0,678.0,2567543681.0,0.0,1.0,1.0,0.0,1.0,0.0,0.0,1.0,1.0,1.0,1.0,2.0,1.0,0.0,0.0,0.0,2.0,0.0,0.0,1.0,1.0,3.0,50.0,50.0,1.0,0.0,0.0,0.0,0.0,0.0,0.0,0.0,0.0,0.0,0.0,2.0,2.0,0.0,1.0,1.0,0.0,1.0,0.0,0.0,0.0,0.0,0.0,1.0,0.0,0.0,1.0,0.0,0.0,0.0,1.0,10.0,0.0,0.0,0.0,0.0,0.0,11.0,0.0,0.0,0.0,0.0,0.0,0.0,0.0,0.0,0.0,1.0,1.0,0.0,0.0,0.0,0.0,1.0,1.0,1.0,0.0,0.0,0.0,0.0,0.0,0.0,1.0,1.0,0.0,0.0,0.0,0.0,0.0,1.0,1.0,0.0,1405220229.0,551.0,551.0,1363.0,1363.0,1396.0,0.0,100.0,23226.0,22369.0,22328.0,44.0,0.0,0.0,0.0,129.0,0.0,0.0,37.0,42.0,41.0,13.0,35.0,116836736.0,0.0,1654484704.0,25528982112.0,72588384.0,0.0,0.0,678.0,0.0,0.0,944.0,82.0,1130.0
1170,0.0,1.0,1.0,0.0,1.0,1420800.0,1.0,318750000.0,1.0,1062400000.0,0.247334003448,13492.0,1370.0,3886.0,41250.0,42000.0,42500.0,77.0,25.0,64.0,896.0,5000.0,0.0,25.0,1000000.0,950000.0,1.0,0.0,0.0,10.0,0.0,0.0,0.0,500.0,27361147.0,616631734.0,593817124.0,0.0,0.0,0.0,0.0,0.0,1.0,1.0,1.0,1.0,1.0,0.0,0.0,1.0,0.0,0.0,0.0,0.0,0.0,34.0,1.0,14750700.0,278062239.0,14558545.0,28492718.0,612921265.0,763.0,2611636117.0,0.0,1.0,1.0,0.0,1.0,0.0,0.0,1.0,1.0,1.0,1.0,2.0,1.0,0.0,0.0,0.0,2.0,0.0,0.0,1.0,1.0,3.0,50.0,50.0,1.0,0.0,0.0,0.0,0.0,0.0,0.0,0.0,0.0,0.0,0.0,2.0,2.0,0.0,1.0,1.0,0.0,1.0,0.0,0.0,0.0,0.0,0.0,1.0,0.0,0.0,1.0,0.0,0.0,0.0,1.0,11.0,0.0,0.0,0.0,0.0,0.0,12.0,0.0,0.0,0.0,0.0,0.0,0.0,0.0,0.0,0.0,1.0,1.0,0.0,0.0,0.0,0.0,1.0,1.0,1.0,0.0,0.0,0.0,0.0,0.0,0.0,1.0,1.0,0.0,0.0,0.0,0.0,0.0,1.0,1.0,0.0,1385286614.0,553.0,553.0,1408.0,1408.0,1449.0,0.0,115.0,23995.0,22675.0,22627.0,43.0,0.0,0.0,0.0,135.0,0.0,0.0,43.0,49.0,48.0,20.0,41.0,225696032.0,0.0,1718836128.0,31745210016.0,98632256.0,0.0,0.0,763.0,0.0,0.0,1076.0,96.0,1226.0
1171,0.0,1.0,1.0,0.0,1.0,1420800.0,1.0,318750000.0,1.0,1062400000.0,0.24538779258699997,15015.0,1293.0,5560.0,41166.6666667,42000.0,43000.0,77.0,25.0,64.0,896.0,5000.0,0.0,25.0,1000000.0,950000.0,1.0,0.0,0.0,10.0,0.0,0.0,0.0,500.0,27804851.0,604889384.0,577587158.0,0.0,0.0,0.0,0.0,0.0,1.0,1.0,1.0,1.0,1.0,0.0,0.0,1.0,0.0,0.0,0.0,0.0,0.0,35.0,1.0,14855626.0,278757588.0,14681852.0,27838355.0,602246534.0,717.0,2630113804.0,0.0,1.0,1.0,0.0,1.0,0.0,0.0,1.0,1.0,1.0,1.0,2.0,1.0,0.0,0.0,0.0,2.0,0.0,0.0,1.0,1.0,3.0,50.0,50.0,1.0,0.0,0.0,0.0,0.0,0.0,0.0,0.0,0.0,0.0,0.0,2.0,2.0,0.0,1.0,1.0,0.0,1.0,0.0,0.0,0.0,0.0,0.0,1.0,0.0,0.0,1.0,0.0,0.0,0.0,1.0,11.0,0.0,0.0,0.0,0.0,0.0,12.0,0.0,0.0,0.0,0.0,0.0,0.0,0.0,0.0,0.0,1.0,1.0,0.0,0.0,0.0,0.0,1.0,1.0,1.0,0.0,0.0,0.0,0.0,0.0,0.0,1.0,1.0,0.0,0.0,0.0,0.0,0.0,1.0,1.0,0.0,1380701799.0,588.0,588.0,1251.0,1251.0,1288.0,0.0,116.0,24128.0,22738.0,22690.0,9.0,0.0,0.0,0.0,149.0,0.0,0.0,43.0,49.0,48.0,12.0,41.0,114222976.0,1488544.0,1571547936.0,25762503552.0,113745024.0,0.0,0.0,717.0,0.0,0.0,1014.0,96.0,1182.0
1172,0.0,1.0,1.0,0.0,1.0,1420800.0,1.0,318750000.0,1.0,1062400000.0,0.253445148468,13492.0,1294.0,3810.0,41375.0,42000.0,42500.0,80.0,25.0,64.0,896.0,5000.0,0.0,25.0,1000000.0,950000.0,1.0,1.0,0.0,10.0,0.0,0.0,0.0,500.0,24547616.0,587463354.0,581381296.0,0.0,0.0,0.0,0.0,0.0,1.0,1.0,1.0,1.0,1.0,0.0,0.0,1.0,0.0,0.0,0.0,0.0,0.0,34.0,1.0,14675054.0,290257511.0,14499787.0,25593316.0,598160622.0,650.0,2597090572.0,0.0,1.0,1.0,0.0,1.0,0.0,0.0,1.0,1.0,1.0,1.0,2.0,1.0,0.0,0.0,0.0,2.0,0.0,0.0,1.0,1.0,3.0,50.0,50.0,1.0,0.0,0.0,0.0,0.0,0.0,0.0,0.0,0.0,0.0,0.0,2.0,2.0,0.0,1.0,1.0,0.0,1.0,0.0,0.0,0.0,0.0,0.0,1.0,0.0,0.0,1.0,0.0,0.0,0.0,1.0,10.0,0.0,0.0,0.0,0.0,0.0,11.0,0.0,0.0,0.0,0.0,0.0,0.0,0.0,0.0,0.0,1.0,1.0,0.0,0.0,0.0,0.0,1.0,1.0,1.0,0.0,0.0,0.0,0.0,0.0,0.0,1.0,1.0,0.0,0.0,0.0,0.0,0.0,1.0,1.0,0.0,1405681022.0,491.0,491.0,1262.0,1262.0,1293.0,0.0,111.0,23420.0,22328.0,22287.0,54.0,0.0,0.0,0.0,130.0,0.0,0.0,37.0,42.0,41.0,10.0,35.0,128341376.0,0.0,1652894880.0,24059345984.0,100598624.0,0.0,0.0,650.0,0.0,0.0,906.0,82.0,1140.0
1173,0.0,1.0,1.0,0.0,1.0,1420800.0,1.0,318750000.0,1.0,1062400000.0,0.248438119888,13530.0,1370.0,3886.0,41250.0,41833.3333333,42500.0,80.0,25.0,64.0,896.0,5000.0,0.0,25.0,1000000.0,950000.0,1.0,1.0,0.0,10.0,0.0,0.0,0.0,500.0,28231067.0,603893034.0,596158317.0,0.0,0.0,0.0,0.0,0.0,1.0,1.0,1.0,1.0,1.0,0.0,0.0,1.0,0.0,0.0,0.0,0.0,0.0,36.0,1.0,14950371.0,285309181.0,14631440.0,27381947.0,606442014.0,835.0,2633449215.0,0.0,1.0,1.0,0.0,1.0,0.0,0.0,1.0,1.0,1.0,1.0,2.0,1.0,0.0,0.0,0.0,2.0,0.0,0.0,1.0,1.0,3.0,50.0,50.0,1.0,0.0,0.0,0.0,0.0,0.0,0.0,0.0,0.0,0.0,0.0,2.0,2.0,0.0,1.0,1.0,0.0,1.0,0.0,0.0,0.0,0.0,0.0,1.0,0.0,0.0,1.0,0.0,0.0,0.0,1.0,11.0,0.0,0.0,0.0,0.0,0.0,12.0,0.0,0.0,0.0,0.0,0.0,0.0,0.0,0.0,0.0,1.0,1.0,0.0,0.0,0.0,0.0,1.0,1.0,1.0,0.0,0.0,0.0,0.0,0.0,0.0,1.0,1.0,0.0,0.0,0.0,0.0,0.0,1.0,1.0,0.0,1359994666.0,550.0,550.0,1267.0,1267.0,1303.0,0.0,124.0,24294.0,22743.0,22695.0,73.0,0.0,0.0,0.0,131.0,0.0,0.0,43.0,49.0,48.0,11.0,41.0,339381120.0,0.0,1704378944.0,30315783808.0,94161152.0,0.0,0.0,835.0,0.0,0.0,1167.0,96.0,1390.0
1174,0.0,1.0,1.0,0.0,1.0,1420800.0,1.0,318750000.0,1.0,1062400000.0,0.253654956818,13454.0,1294.0,3886.0,41166.6666667,42000.0,42500.0,80.0,25.0,64.0,896.0,5000.0,0.0,25.0,1000000.0,950000.0,1.0,1.0,0.0,10.0,0.0,0.0,0.0,500.0,27691215.0,604818761.0,591283526.0,0.0,0.0,0.0,0.0,0.0,1.0,1.0,1.0,1.0,1.0,0.0,0.0,1.0,0.0,0.0,0.0,0.0,0.0,32.0,1.0,14602681.0,281540266.0,14547665.0,28413303.0,614204921.0,753.0,2578924691.0,0.0,1.0,1.0,0.0,1.0,0.0,0.0,1.0,1.0,1.0,1.0,2.0,1.0,0.0,0.0,0.0,2.0,0.0,0.0,1.0,1.0,3.0,50.0,50.0,1.0,0.0,0.0,0.0,0.0,0.0,0.0,0.0,0.0,0.0,0.0,2.0,2.0,0.0,1.0,1.0,0.0,1.0,0.0,0.0,0.0,0.0,0.0,1.0,0.0,0.0,1.0,0.0,0.0,0.0,1.0,10.0,0.0,0.0,0.0,0.0,0.0,11.0,0.0,0.0,0.0,0.0,0.0,0.0,0.0,0.0,0.0,1.0,1.0,0.0,0.0,0.0,0.0,1.0,1.0,1.0,0.0,0.0,0.0,0.0,0.0,0.0,1.0,1.0,0.0,0.0,0.0,0.0,0.0,1.0,1.0,0.0,1389723389.0,533.0,533.0,1343.0,1343.0,1380.0,0.0,114.0,24608.0,22714.0,22666.0,44.0,0.0,0.0,0.0,137.0,0.0,0.0,43.0,49.0,48.0,13.0,41.0,330140736.0,1569664.0,1690277344.0,32832792992.0,93811360.0,0.0,0.0,753.0,0.0,0.0,1063.0,96.0,1200.0
1175,0.0,1.0,1.0,0.0,1.0,1420800.0,1.0,318750000.0,1.0,1062400000.0,0.256352901459,13454.0,1294.0,3886.0,41083.3333333,41666.6666667,42666.6666667,81.0,25.0,64.0,896.0,5000.0,0.0,25.0,1000000.0,950000.0,1.0,0.0,0.0,10.0,0.0,0.0,100.0,100.0,27160068.0,619105119.0,578318446.0,0.0,0.0,0.0,0.0,0.0,1.0,1.0,1.0,1.0,1.0,0.0,0.0,1.0,0.0,0.0,0.0,0.0,0.0,33.0,1.0,14408835.0,265180030.0,14378860.0,27845441.0,610056556.0,757.0,2618617939.0,0.0,1.0,1.0,0.0,1.0,0.0,0.0,1.0,1.0,1.0,1.0,2.0,1.0,0.0,0.0,0.0,2.0,0.0,0.0,1.0,1.0,3.0,50.0,50.0,1.0,0.0,0.0,0.0,0.0,0.0,0.0,0.0,0.0,0.0,0.0,2.0,2.0,0.0,1.0,1.0,0.0,1.0,0.0,0.0,0.0,0.0,0.0,1.0,0.0,0.0,1.0,0.0,0.0,0.0,1.0,10.0,0.0,0.0,0.0,0.0,0.0,11.0,0.0,0.0,0.0,0.0,0.0,0.0,0.0,0.0,0.0,1.0,1.0,0.0,0.0,0.0,0.0,1.0,1.0,1.0,0.0,0.0,0.0,0.0,0.0,0.0,1.0,1.0,0.0,0.0,0.0,0.0,0.0,1.0,1.0,0.0,1390144332.0,528.0,528.0,1306.0,1306.0,1343.0,0.0,101.0,23657.0,22663.0,22615.0,35.0,0.0,0.0,0.0,99.0,0.0,0.0,43.0,49.0,48.0,15.0,41.0,24961056.0,0.0,1655096096.0,16389720832.0,110893344.0,0.0,0.0,757.0,0.0,0.0,969.0,96.0,1151.0
1176,0.0,1.0,1.0,0.0,1.0,1420800.0,1.0,318750000.0,1.0,1062400000.0,0.245764970779,8767.0,837.0,2591.0,40625.0,41750.0,42500.0,81.0,25.0,64.0,896.0,5000.0,0.0,25.0,1000000.0,950000.0,1.0,0.0,0.0,10.0,0.0,0.0,100.0,100.0,22610978.0,559213182.0,556969137.0,0.0,0.0,0.0,0.0,0.0,1.0,1.0,1.0,1.0,1.0,0.0,0.0,1.0,0.0,0.0,0.0,0.0,0.0,33.0,1.0,14685393.0,267048572.0,14601116.0,24252548.0,577019945.0,527.0,2415779485.0,0.0,1.0,1.0,0.0,1.0,0.0,0.0,1.0,1.0,1.0,1.0,2.0,1.0,0.0,0.0,0.0,2.0,0.0,0.0,1.0,1.0,3.0,50.0,50.0,1.0,0.0,0.0,0.0,0.0,0.0,0.0,0.0,0.0,0.0,0.0,2.0,2.0,0.0,1.0,1.0,0.0,1.0,0.0,0.0,0.0,0.0,0.0,1.0,0.0,0.0,1.0,0.0,0.0,0.0,1.0,11.0,0.0,0.0,0.0,0.0,0.0,12.0,0.0,0.0,0.0,0.0,0.0,0.0,0.0,0.0,0.0,1.0,1.0,0.0,0.0,0.0,0.0,1.0,1.0,1.0,0.0,0.0,0.0,0.0,0.0,0.0,1.0,1.0,0.0,0.0,0.0,0.0,0.0,1.0,1.0,0.0,1335096167.0,498.0,498.0,1250.0,1250.0,1286.0,0.0,86.0,20734.0,21844.0,21810.0,34.0,0.0,0.0,0.0,98.0,0.0,0.0,31.0,35.0,34.0,7.0,29.0,419526496.0,0.0,1542025984.0,22726595552.0,67641152.0,0.0,0.0,527.0,0.0,0.0,725.0,68.0,857.0
1177,0.0,1.0,1.0,0.0,1.0,1420800.0,1.0,318750000.0,1.0,1062400000.0,0.248526096344,13568.0,1370.0,3886.0,41416.6666667,41833.3333333,42500.0,81.0,25.0,64.0,896.0,5000.0,0.0,25.0,1000000.0,950000.0,1.0,0.0,0.0,10.0,0.0,0.0,100.0,100.0,28013070.0,610542561.0,609545396.0,0.0,0.0,0.0,0.0,0.0,1.0,1.0,1.0,1.0,1.0,0.0,0.0,1.0,0.0,0.0,0.0,0.0,0.0,32.0,1.0,14640722.0,310123283.0,14254891.0,28673622.0,618905015.0,726.0,2561155804.0,0.0,1.0,1.0,0.0,1.0,0.0,0.0,1.0,1.0,1.0,1.0,2.0,1.0,0.0,0.0,0.0,2.0,0.0,0.0,1.0,1.0,3.0,50.0,50.0,1.0,0.0,0.0,0.0,0.0,0.0,0.0,0.0,0.0,0.0,0.0,2.0,2.0,0.0,1.0,1.0,0.0,1.0,0.0,0.0,0.0,0.0,0.0,1.0,0.0,0.0,1.0,0.0,0.0,0.0,1.0,10.0,0.0,0.0,0.0,0.0,0.0,11.0,0.0,0.0,0.0,0.0,0.0,0.0,0.0,0.0,0.0,1.0,1.0,0.0,0.0,0.0,0.0,1.0,1.0,1.0,0.0,0.0,0.0,0.0,0.0,0.0,1.0,1.0,0.0,0.0,0.0,0.0,0.0,1.0,1.0,0.0,1422646519.0,581.0,581.0,1519.0,1519.0,1565.0,0.0,105.0,23961.0,22817.0,22769.0,46.0,0.0,0.0,0.0,120.0,0.0,0.0,43.0,49.0,48.0,17.0,41.0,26519936.0,0.0,1736108192.0,27759340736.0,104568320.0,0.0,0.0,726.0,0.0,0.0,1057.0,96.0,1262.0
1178,0.0,1.0,1.0,0.0,1.0,1420800.0,1.0,318750000.0,1.0,1062400000.0,0.25608587265,13530.0,1294.0,3886.0,40916.6666667,41833.3333333,42666.6666667,88.0,25.0,64.0,896.0,5000.0,0.0,25.0,1000000.0,950000.0,1.0,1.0,0.0,10.0,0.0,0.0,100.0,100.0,27157255.0,593094048.0,586413056.0,0.0,0.0,0.0,0.0,0.0,1.0,1.0,1.0,1.0,1.0,0.0,0.0,1.0,0.0,0.0,0.0,0.0,0.0,34.0,1.0,14824175.0,285112790.0,14557958.0,26155605.0,607559084.0,731.0,2632758485.0,0.0,1.0,1.0,0.0,1.0,0.0,0.0,1.0,1.0,1.0,1.0,2.0,1.0,0.0,0.0,0.0,2.0,0.0,0.0,1.0,1.0,3.0,50.0,50.0,1.0,0.0,0.0,0.0,0.0,0.0,0.0,0.0,0.0,0.0,0.0,2.0,2.0,0.0,1.0,1.0,0.0,1.0,0.0,0.0,0.0,0.0,0.0,1.0,0.0,0.0,1.0,0.0,0.0,0.0,1.0,10.0,0.0,0.0,0.0,0.0,0.0,11.0,0.0,0.0,0.0,0.0,0.0,0.0,0.0,0.0,0.0,1.0,1.0,0.0,0.0,0.0,0.0,1.0,1.0,1.0,0.0,0.0,0.0,0.0,0.0,0.0,1.0,1.0,0.0,0.0,0.0,0.0,0.0,1.0,1.0,0.0,1395634488.0,524.0,524.0,1404.0,1404.0,1444.0,0.0,101.0,24246.0,22709.0,22661.0,39.0,0.0,0.0,0.0,102.0,0.0,0.0,43.0,49.0,48.0,11.0,41.0,24571008.0,0.0,1696877376.0,28000802720.0,91880736.0,0.0,0.0,731.0,0.0,0.0,958.0,96.0,1185.0
1179,0.0,1.0,1.0,0.0,1.0,1420800.0,1.0,318750000.0,1.0,1062400000.0,0.24526095390299998,13416.0,1370.0,3734.0,41166.6666667,41833.3333333,42500.0,88.0,25.0,64.0,896.0,5000.0,0.0,25.0,1000000.0,950000.0,1.0,1.0,0.0,10.0,0.0,0.0,100.0,100.0,27528894.0,582155704.0,584084555.0,0.0,0.0,0.0,0.0,0.0,1.0,1.0,1.0,1.0,1.0,0.0,0.0,1.0,0.0,0.0,0.0,0.0,0.0,33.0,1.0,14998031.0,282087706.0,14739015.0,28185411.0,590275464.0,654.0,2586854166.0,0.0,1.0,1.0,0.0,1.0,0.0,0.0,1.0,1.0,1.0,1.0,2.0,1.0,0.0,0.0,0.0,2.0,0.0,0.0,1.0,1.0,3.0,50.0,50.0,1.0,0.0,0.0,0.0,0.0,0.0,0.0,0.0,0.0,0.0,0.0,2.0,2.0,0.0,1.0,1.0,0.0,1.0,0.0,0.0,0.0,0.0,0.0,1.0,0.0,0.0,1.0,0.0,0.0,0.0,1.0,10.0,0.0,0.0,0.0,0.0,0.0,11.0,0.0,0.0,0.0,0.0,0.0,0.0,0.0,0.0,0.0,1.0,1.0,0.0,0.0,0.0,0.0,1.0,1.0,1.0,0.0,0.0,0.0,0.0,0.0,0.0,1.0,1.0,0.0,0.0,0.0,0.0,0.0,1.0,1.0,0.0,1381415013.0,523.0,523.0,1443.0,1443.0,1474.0,0.0,106.0,23604.0,22591.0,22543.0,53.0,0.0,0.0,0.0,109.0,0.0,0.0,43.0,49.0,48.0,13.0,41.0,35694304.0,0.0,1714548864.0,21441970048.0,111869056.0,0.0,0.0,654.0,0.0,0.0,863.0,96.0,1159.0
1180,0.0,1.0,1.0,0.0,1.0,1420800.0,1.0,318750000.0,1.0,1062400000.0,0.246619939804,8729.0,837.0,2591.0,40500.0,42000.0,42500.0,88.0,25.0,64.0,896.0,5000.0,0.0,25.0,1000000.0,950000.0,1.0,1.0,0.0,10.0,0.0,0.0,100.0,100.0,23356428.0,576573250.0,559690047.0,0.0,0.0,0.0,0.0,0.0,1.0,1.0,1.0,1.0,1.0,0.0,0.0,1.0,0.0,0.0,0.0,0.0,0.0,33.0,1.0,14025188.0,269257879.0,13981385.0,24775869.0,591734430.0,603.0,2409352748.0,0.0,1.0,1.0,0.0,1.0,0.0,0.0,1.0,1.0,1.0,1.0,2.0,1.0,0.0,0.0,0.0,2.0,0.0,0.0,1.0,1.0,3.0,50.0,50.0,1.0,0.0,0.0,0.0,0.0,0.0,0.0,0.0,0.0,0.0,0.0,2.0,2.0,0.0,1.0,1.0,0.0,1.0,0.0,0.0,0.0,0.0,0.0,1.0,0.0,0.0,1.0,0.0,0.0,0.0,1.0,10.0,0.0,0.0,0.0,0.0,0.0,11.0,0.0,0.0,0.0,0.0,0.0,0.0,0.0,0.0,0.0,1.0,1.0,0.0,0.0,0.0,0.0,1.0,1.0,1.0,0.0,0.0,0.0,0.0,0.0,0.0,1.0,1.0,0.0,0.0,0.0,0.0,0.0,1.0,1.0,0.0,1349449500.0,497.0,497.0,1242.0,1242.0,1271.0,0.0,84.0,20871.0,21791.0,21757.0,31.0,0.0,0.0,0.0,88.0,0.0,0.0,31.0,35.0,34.0,10.0,29.0,119695072.0,1549536.0,1565833440.0,28163602752.0,82201632.0,0.0,0.0,603.0,0.0,0.0,743.0,68.0,917.0
1181,0.0,1.0,1.0,0.0,1.0,1420800.0,1.0,318750000.0,1.0,1062400000.0,0.25746178627,13568.0,1370.0,3962.0,41083.3333333,42000.0,42666.6666667,93.0,25.0,64.0,896.0,5000.0,0.0,25.0,1000000.0,950000.0,1.0,0.0,0.0,10.0,0.0,0.0,100.0,500.0,29051876.0,595320973.0,592343970.0,0.0,0.0,0.0,0.0,0.0,1.0,1.0,1.0,1.0,1.0,0.0,0.0,1.0,0.0,0.0,0.0,0.0,0.0,31.0,1.0,14751776.0,275374993.0,14825212.0,27832732.0,601785858.0,723.0,2583933628.0,0.0,1.0,1.0,0.0,1.0,0.0,0.0,1.0,1.0,1.0,1.0,2.0,1.0,0.0,0.0,0.0,2.0,0.0,0.0,1.0,1.0,3.0,50.0,50.0,1.0,0.0,0.0,0.0,0.0,0.0,0.0,0.0,0.0,0.0,0.0,2.0,2.0,0.0,1.0,1.0,0.0,1.0,0.0,0.0,0.0,0.0,0.0,1.0,0.0,0.0,1.0,0.0,0.0,0.0,1.0,10.0,0.0,0.0,0.0,0.0,0.0,11.0,0.0,0.0,0.0,0.0,0.0,0.0,0.0,0.0,0.0,1.0,1.0,0.0,0.0,0.0,0.0,1.0,1.0,1.0,0.0,0.0,0.0,0.0,0.0,0.0,1.0,1.0,0.0,0.0,0.0,0.0,0.0,1.0,1.0,0.0,1419982666.0,545.0,545.0,1302.0,1302.0,1339.0,0.0,113.0,24032.0,22670.0,22622.0,65.0,0.0,0.0,0.0,120.0,0.0,0.0,43.0,49.0,48.0,8.0,41.0,132804896.0,0.0,1684806400.0,23766450688.0,96050176.0,0.0,0.0,723.0,0.0,0.0,1029.0,96.0,1171.0
1182,0.0,1.0,1.0,0.0,1.0,1420800.0,1.0,318750000.0,1.0,1062400000.0,0.246407032013,13530.0,1370.0,3962.0,40916.6666667,41666.6666667,42833.3333333,93.0,25.0,64.0,896.0,5000.0,0.0,25.0,1000000.0,950000.0,1.0,0.0,0.0,10.0,0.0,0.0,100.0,500.0,28226366.0,597184332.0,587326930.0,0.0,0.0,0.0,0.0,0.0,1.0,1.0,1.0,1.0,1.0,0.0,0.0,1.0,0.0,0.0,0.0,0.0,0.0,30.0,1.0,15130841.0,291426947.0,14908227.0,28470856.0,615380556.0,793.0,2639117909.0,0.0,1.0,1.0,0.0,1.0,0.0,0.0,1.0,1.0,1.0,1.0,2.0,1.0,0.0,0.0,0.0,2.0,0.0,0.0,1.0,1.0,3.0,50.0,50.0,1.0,0.0,0.0,0.0,0.0,0.0,0.0,0.0,0.0,0.0,0.0,2.0,2.0,0.0,1.0,1.0,0.0,1.0,0.0,0.0,0.0,0.0,0.0,1.0,0.0,0.0,1.0,0.0,0.0,0.0,1.0,10.0,0.0,0.0,0.0,0.0,0.0,11.0,0.0,0.0,0.0,0.0,0.0,0.0,0.0,0.0,0.0,1.0,1.0,0.0,0.0,0.0,0.0,1.0,1.0,1.0,0.0,0.0,0.0,0.0,0.0,0.0,1.0,1.0,0.0,0.0,0.0,0.0,0.0,1.0,1.0,0.0,1420303247.0,556.0,556.0,1382.0,1382.0,1419.0,0.0,122.0,24120.0,22815.0,22767.0,76.0,0.0,0.0,0.0,131.0,0.0,0.0,43.0,49.0,48.0,13.0,41.0,130983552.0,0.0,1713290688.0,25791317312.0,110411040.0,0.0,0.0,793.0,0.0,0.0,1110.0,96.0,1306.0
1183,0.0,1.0,1.0,0.0,1.0,1420800.0,1.0,318750000.0,1.0,1062400000.0,0.245301008224,13606.0,1294.0,3886.0,41333.3333333,41666.6666667,42500.0,93.0,25.0,64.0,896.0,5000.0,0.0,25.0,1000000.0,950000.0,1.0,0.0,0.0,10.0,0.0,0.0,100.0,500.0,27184618.0,607731347.0,596757320.0,0.0,0.0,0.0,0.0,0.0,1.0,1.0,1.0,1.0,1.0,0.0,0.0,1.0,0.0,0.0,0.0,0.0,0.0,34.0,1.0,14940336.0,285484485.0,14475922.0,28356757.0,628083326.0,794.0,2632340172.0,0.0,1.0,1.0,0.0,1.0,0.0,0.0,1.0,1.0,1.0,1.0,2.0,1.0,0.0,0.0,0.0,2.0,0.0,0.0,1.0,1.0,3.0,50.0,50.0,1.0,0.0,0.0,0.0,0.0,0.0,0.0,0.0,0.0,0.0,0.0,2.0,2.0,0.0,1.0,1.0,0.0,1.0,0.0,0.0,0.0,0.0,0.0,1.0,0.0,0.0,1.0,0.0,0.0,0.0,1.0,10.0,0.0,0.0,0.0,0.0,0.0,11.0,0.0,0.0,0.0,0.0,0.0,0.0,0.0,0.0,0.0,1.0,1.0,0.0,0.0,0.0,0.0,1.0,1.0,1.0,0.0,0.0,0.0,0.0,0.0,0.0,1.0,1.0,0.0,0.0,0.0,0.0,0.0,1.0,1.0,0.0,1448521899.0,542.0,542.0,1340.0,1340.0,1382.0,0.0,108.0,24477.0,22693.0,22645.0,45.0,0.0,0.0,0.0,125.0,0.0,0.0,43.0,49.0,48.0,14.0,41.0,132938560.0,1541248.0,1726620192.0,26566194752.0,80479840.0,0.0,0.0,794.0,0.0,0.0,1126.0,96.0,1307.0
1184,0.0,1.0,1.0,0.0,1.0,1420800.0,1.0,318750000.0,1.0,1062400000.0,0.255196809769,8805.0,837.0,2591.0,41250.0,42000.0,42750.0,100.0,25.0,64.0,896.0,5000.0,0.0,25.0,1000000.0,950000.0,1.0,1.0,0.0,10.0,0.0,0.0,100.0,500.0,22263377.0,585021998.0,565627723.0,0.0,0.0,0.0,0.0,0.0,1.0,1.0,1.0,1.0,1.0,0.0,0.0,1.0,0.0,0.0,0.0,0.0,0.0,34.0,1.0,14381777.0,267140140.0,14153190.0,24395385.0,589046110.0,578.0,2482884797.0,0.0,1.0,1.0,0.0,1.0,0.0,0.0,1.0,1.0,1.0,1.0,2.0,1.0,0.0,0.0,0.0,2.0,0.0,0.0,1.0,1.0,3.0,50.0,50.0,1.0,0.0,0.0,0.0,0.0,0.0,0.0,0.0,0.0,0.0,0.0,2.0,2.0,0.0,1.0,1.0,0.0,1.0,0.0,0.0,0.0,0.0,0.0,1.0,0.0,0.0,1.0,0.0,0.0,0.0,1.0,10.0,0.0,0.0,0.0,0.0,0.0,11.0,0.0,0.0,0.0,0.0,0.0,0.0,0.0,0.0,0.0,1.0,1.0,0.0,0.0,0.0,0.0,1.0,1.0,1.0,0.0,0.0,0.0,0.0,0.0,0.0,1.0,1.0,0.0,0.0,0.0,0.0,0.0,1.0,1.0,0.0,1334892993.0,498.0,498.0,1223.0,1223.0,1260.0,0.0,79.0,21066.0,21828.0,21794.0,37.0,0.0,0.0,0.0,102.0,0.0,0.0,31.0,35.0,34.0,10.0,29.0,19363968.0,199360.0,1553911808.0,23486036736.0,70930912.0,0.0,0.0,578.0,0.0,0.0,768.0,68.0,942.0
1185,0.0,1.0,1.0,0.0,1.0,1420800.0,1.0,318750000.0,1.0,1062400000.0,0.24566698074299997,8843.0,837.0,2591.0,40875.0,42000.0,42500.0,100.0,25.0,64.0,896.0,5000.0,0.0,25.0,1000000.0,950000.0,1.0,1.0,0.0,10.0,0.0,0.0,100.0,500.0,23514389.0,573922760.0,561842284.0,0.0,0.0,0.0,0.0,0.0,1.0,1.0,1.0,1.0,1.0,0.0,0.0,1.0,0.0,0.0,0.0,0.0,0.0,33.0,1.0,14560967.0,282426928.0,14682322.0,23540011.0,582348188.0,485.0,2462973110.0,0.0,1.0,1.0,0.0,1.0,0.0,0.0,1.0,1.0,1.0,1.0,2.0,1.0,0.0,0.0,0.0,2.0,0.0,0.0,1.0,1.0,3.0,50.0,50.0,1.0,0.0,0.0,0.0,0.0,0.0,0.0,0.0,0.0,0.0,0.0,2.0,2.0,0.0,1.0,1.0,0.0,1.0,0.0,0.0,0.0,0.0,0.0,1.0,0.0,0.0,1.0,0.0,0.0,0.0,1.0,11.0,0.0,0.0,0.0,0.0,0.0,12.0,0.0,0.0,0.0,0.0,0.0,0.0,0.0,0.0,0.0,1.0,1.0,0.0,0.0,0.0,0.0,1.0,1.0,1.0,0.0,0.0,0.0,0.0,0.0,0.0,1.0,1.0,0.0,0.0,0.0,0.0,0.0,1.0,1.0,0.0,1363833774.0,472.0,472.0,1257.0,1257.0,1294.0,0.0,86.0,20797.0,21660.0,21626.0,24.0,0.0,0.0,0.0,95.0,0.0,0.0,31.0,35.0,34.0,7.0,29.0,16894336.0,0.0,1547399296.0,18986721440.0,66052768.0,0.0,0.0,485.0,0.0,0.0,634.0,68.0,776.0
1186,0.0,1.0,1.0,0.0,1.0,1420800.0,1.0,318750000.0,1.0,1062400000.0,0.243723869324,15206.0,1294.0,5636.0,41083.3333333,42000.0,42833.3333333,100.0,25.0,64.0,896.0,5000.0,0.0,25.0,1000000.0,950000.0,1.0,1.0,0.0,10.0,0.0,0.0,100.0,500.0,27479132.0,609395423.0,611667971.0,0.0,0.0,0.0,0.0,0.0,1.0,1.0,1.0,1.0,1.0,0.0,0.0,1.0,0.0,0.0,0.0,0.0,0.0,34.0,1.0,14929172.0,292337177.0,14575442.0,28886163.0,628015883.0,832.0,2606922766.0,0.0,1.0,1.0,0.0,1.0,0.0,0.0,1.0,1.0,1.0,1.0,2.0,1.0,0.0,0.0,0.0,2.0,0.0,0.0,1.0,1.0,3.0,50.0,50.0,1.0,0.0,0.0,0.0,0.0,0.0,0.0,0.0,0.0,0.0,0.0,2.0,2.0,0.0,1.0,1.0,0.0,1.0,0.0,0.0,0.0,0.0,0.0,1.0,0.0,0.0,1.0,0.0,0.0,0.0,1.0,11.0,0.0,0.0,0.0,0.0,0.0,12.0,0.0,0.0,0.0,0.0,0.0,0.0,0.0,0.0,0.0,1.0,1.0,0.0,0.0,0.0,0.0,1.0,1.0,1.0,0.0,0.0,0.0,0.0,0.0,0.0,1.0,1.0,0.0,0.0,0.0,0.0,0.0,1.0,1.0,0.0,1391463033.0,570.0,570.0,1384.0,1384.0,1419.0,0.0,143.0,23452.0,22893.0,22845.0,49.0,0.0,0.0,0.0,170.0,0.0,0.0,43.0,49.0,48.0,12.0,41.0,30691072.0,1470496.0,1678257344.0,29107751840.0,70770176.0,0.0,0.0,832.0,0.0,0.0,1148.0,96.0,1357.0
1187,0.0,1.0,1.0,0.0,1.0,806400.0,1.0,1032750000.0,1.0,204000000.0,0.391268014908,11475.0,1981.0,2971.0,41000.0,42000.0,42500.0,94.0,25.0,64.0,896.0,5000.0,0.0,25.0,1000000.0,950000.0,1.0,0.0,0.0,10.0,0.0,0.0,0.0,100.0,27580505.0,678901419.0,661078998.0,0.0,0.0,0.0,0.0,0.0,1.0,1.0,1.0,1.0,1.0,0.0,0.0,1.0,0.0,0.0,0.0,0.0,0.0,31.0,1.0,16954683.0,292429180.0,16272190.0,27345719.0,676309576.0,967.0,4899449101.0,0.0,1.0,1.0,0.0,1.0,0.0,0.0,1.0,1.0,1.0,1.0,2.0,1.0,0.0,0.0,0.0,2.0,0.0,0.0,1.0,1.0,3.0,50.0,50.0,1.0,0.0,0.0,0.0,0.0,0.0,0.0,0.0,0.0,0.0,0.0,2.0,2.0,0.0,1.0,1.0,0.0,1.0,0.0,0.0,0.0,0.0,0.0,1.0,0.0,0.0,1.0,0.0,0.0,0.0,1.0,11.0,0.0,0.0,0.0,0.0,0.0,12.0,0.0,0.0,0.0,0.0,0.0,0.0,0.0,0.0,0.0,1.0,1.0,0.0,0.0,0.0,0.0,1.0,1.0,1.0,0.0,0.0,0.0,0.0,0.0,0.0,1.0,1.0,0.0,0.0,0.0,0.0,0.0,1.0,1.0,0.0,1413136179.0,1083.0,1083.0,2392.0,2392.0,2433.0,0.0,125.0,23476.0,22723.0,22682.0,67.0,0.0,0.0,0.0,150.0,0.0,0.0,37.0,42.0,41.0,16.0,35.0,82543680.0,0.0,3485363552.0,38679906560.0,289564384.0,0.0,0.0,967.0,0.0,0.0,1315.0,82.0,1634.0
1188,0.0,1.0,1.0,0.0,1.0,806400.0,1.0,1032750000.0,1.0,204000000.0,0.39777088165299995,11589.0,1829.0,3276.0,41250.0,41750.0,42500.0,94.0,25.0,64.0,896.0,5000.0,0.0,25.0,1000000.0,950000.0,1.0,0.0,0.0,10.0,0.0,0.0,0.0,100.0,27088347.0,677590540.0,646295762.0,0.0,0.0,0.0,0.0,0.0,1.0,1.0,1.0,1.0,1.0,0.0,0.0,1.0,0.0,0.0,0.0,0.0,0.0,33.0,1.0,17037669.0,288825130.0,16959664.0,26613357.0,702514174.0,980.0,5101300909.0,0.0,1.0,1.0,0.0,1.0,0.0,0.0,1.0,1.0,1.0,1.0,2.0,1.0,0.0,0.0,0.0,2.0,0.0,0.0,1.0,1.0,3.0,50.0,50.0,1.0,0.0,0.0,0.0,0.0,0.0,0.0,0.0,0.0,0.0,0.0,2.0,2.0,0.0,1.0,1.0,0.0,1.0,0.0,0.0,0.0,0.0,0.0,1.0,0.0,0.0,1.0,0.0,0.0,0.0,1.0,11.0,0.0,0.0,0.0,0.0,0.0,12.0,0.0,0.0,0.0,0.0,0.0,0.0,0.0,0.0,0.0,1.0,1.0,0.0,0.0,0.0,0.0,1.0,1.0,1.0,0.0,0.0,0.0,0.0,0.0,0.0,1.0,1.0,0.0,0.0,0.0,0.0,0.0,1.0,1.0,0.0,1448119517.0,1049.0,1049.0,2429.0,2429.0,2461.0,0.0,116.0,23887.0,22764.0,22723.0,55.0,0.0,0.0,0.0,159.0,0.0,0.0,37.0,42.0,41.0,13.0,35.0,229078272.0,0.0,3499484192.0,45835195712.0,272346720.0,0.0,0.0,980.0,0.0,0.0,1289.0,82.0,1651.0
1189,0.0,1.0,1.0,0.0,1.0,806400.0,1.0,1032750000.0,1.0,204000000.0,0.39508414268500003,7396.0,1295.0,2210.0,40750.0,41750.0,42500.0,94.0,25.0,64.0,896.0,5000.0,0.0,25.0,1000000.0,950000.0,1.0,0.0,0.0,10.0,0.0,0.0,0.0,100.0,24150699.0,666350368.0,639494755.0,0.0,0.0,0.0,0.0,0.0,1.0,1.0,1.0,1.0,1.0,0.0,0.0,1.0,0.0,0.0,0.0,0.0,0.0,31.0,1.0,16349578.0,271038435.0,16552620.0,25608810.0,680361804.0,867.0,4936026092.0,0.0,1.0,1.0,0.0,1.0,0.0,0.0,1.0,1.0,1.0,1.0,2.0,1.0,0.0,0.0,0.0,2.0,0.0,0.0,1.0,1.0,3.0,50.0,50.0,1.0,0.0,0.0,0.0,0.0,0.0,0.0,0.0,0.0,0.0,0.0,2.0,2.0,0.0,1.0,1.0,0.0,1.0,0.0,0.0,0.0,0.0,0.0,1.0,0.0,0.0,1.0,0.0,0.0,0.0,1.0,11.0,0.0,0.0,0.0,0.0,0.0,12.0,0.0,0.0,0.0,0.0,0.0,0.0,0.0,0.0,0.0,1.0,1.0,0.0,0.0,0.0,0.0,1.0,1.0,1.0,0.0,0.0,0.0,0.0,0.0,0.0,1.0,1.0,0.0,0.0,0.0,0.0,0.0,1.0,1.0,0.0,1387065434.0,988.0,988.0,2247.0,2247.0,2276.0,0.0,88.0,21288.0,22321.0,22287.0,54.0,0.0,0.0,0.0,112.0,0.0,0.0,31.0,35.0,34.0,12.0,29.0,148034432.0,1403776.0,3254815168.0,43746691360.0,233508224.0,0.0,0.0,867.0,0.0,0.0,1121.0,68.0,1460.0
1190,0.0,1.0,1.0,0.0,1.0,806400.0,1.0,1032750000.0,1.0,204000000.0,0.40869188308700005,14217.0,1674.0,4571.0,41000.0,41750.0,42500.0,81.0,25.0,64.0,896.0,5000.0,0.0,25.0,1000000.0,950000.0,1.0,1.0,0.0,10.0,0.0,0.0,0.0,100.0,27225149.0,701741187.0,667305387.0,0.0,0.0,0.0,0.0,0.0,1.0,1.0,1.0,1.0,1.0,0.0,0.0,1.0,0.0,0.0,0.0,0.0,0.0,33.0,1.0,17516440.0,290286177.0,17611724.0,28615934.0,699223885.0,1203.0,5378853510.0,0.0,1.0,1.0,0.0,1.0,0.0,0.0,1.0,1.0,1.0,1.0,2.0,1.0,0.0,0.0,0.0,2.0,0.0,0.0,1.0,1.0,3.0,50.0,50.0,1.0,0.0,0.0,0.0,0.0,0.0,0.0,0.0,0.0,0.0,0.0,2.0,2.0,0.0,1.0,1.0,0.0,1.0,0.0,0.0,0.0,0.0,0.0,1.0,0.0,0.0,1.0,0.0,0.0,0.0,1.0,11.0,0.0,0.0,0.0,0.0,0.0,12.0,0.0,0.0,0.0,0.0,0.0,0.0,0.0,0.0,0.0,1.0,1.0,0.0,0.0,0.0,0.0,1.0,1.0,1.0,0.0,0.0,0.0,0.0,0.0,0.0,1.0,1.0,0.0,0.0,0.0,0.0,0.0,1.0,1.0,0.0,1431171368.0,1184.0,1184.0,2439.0,2439.0,2476.0,0.0,151.0,23743.0,22692.0,22652.0,106.0,0.0,0.0,0.0,176.0,0.0,0.0,37.0,41.0,40.0,14.0,35.0,192296032.0,0.0,3571182464.0,44710819264.0,631501440.0,0.0,0.0,1203.0,0.0,0.0,1462.0,80.0,1668.0
1191,0.0,1.0,1.0,0.0,1.0,806400.0,1.0,1032750000.0,1.0,204000000.0,0.390542984009,16279.0,2362.0,3658.0,40875.0,41500.0,42250.0,81.0,25.0,64.0,896.0,5000.0,0.0,25.0,1000000.0,950000.0,1.0,1.0,0.0,10.0,0.0,0.0,0.0,100.0,28047012.0,679085584.0,632373210.0,0.0,0.0,0.0,0.0,0.0,1.0,1.0,1.0,1.0,1.0,0.0,0.0,1.0,0.0,0.0,0.0,0.0,0.0,34.0,1.0,16805560.0,268416164.0,16917572.0,30540219.0,701896803.0,908.0,5139177762.0,0.0,1.0,1.0,0.0,1.0,0.0,0.0,1.0,1.0,1.0,1.0,2.0,1.0,0.0,0.0,0.0,2.0,0.0,0.0,1.0,1.0,3.0,50.0,50.0,1.0,0.0,0.0,0.0,0.0,0.0,0.0,0.0,0.0,0.0,0.0,2.0,2.0,0.0,1.0,1.0,0.0,1.0,0.0,0.0,0.0,0.0,0.0,1.0,0.0,0.0,1.0,0.0,0.0,0.0,1.0,11.0,0.0,0.0,0.0,0.0,0.0,12.0,0.0,0.0,0.0,0.0,0.0,0.0,0.0,0.0,0.0,1.0,1.0,0.0,0.0,0.0,0.0,1.0,1.0,1.0,0.0,0.0,0.0,0.0,0.0,0.0,1.0,1.0,0.0,0.0,0.0,0.0,0.0,1.0,1.0,0.0,1452980169.0,1020.0,1020.0,2514.0,2514.0,2546.0,0.0,113.0,24103.0,22807.0,22760.0,52.0,0.0,0.0,0.0,144.0,0.0,0.0,43.0,48.0,47.0,20.0,41.0,464708672.0,604896.0,3552380928.0,45900031136.0,262548512.0,0.0,0.0,908.0,0.0,0.0,1162.0,94.0,1445.0
1192,0.0,1.0,1.0,0.0,1.0,806400.0,1.0,1032750000.0,1.0,204000000.0,0.388584852219,8347.0,1295.0,2133.0,41000.0,41750.0,42500.0,81.0,25.0,64.0,896.0,5000.0,0.0,25.0,1000000.0,950000.0,1.0,1.0,0.0,10.0,0.0,0.0,0.0,100.0,24109808.0,651544131.0,615348355.0,0.0,0.0,0.0,0.0,0.0,1.0,1.0,1.0,1.0,1.0,0.0,0.0,1.0,0.0,0.0,0.0,0.0,0.0,29.0,1.0,15963675.0,264877013.0,16159978.0,25597516.0,681352176.0,848.0,4757853292.0,0.0,1.0,1.0,0.0,1.0,0.0,0.0,1.0,1.0,1.0,1.0,2.0,1.0,0.0,0.0,0.0,2.0,0.0,0.0,1.0,1.0,3.0,50.0,50.0,1.0,0.0,0.0,0.0,0.0,0.0,0.0,0.0,0.0,0.0,0.0,2.0,2.0,0.0,1.0,1.0,0.0,1.0,0.0,0.0,0.0,0.0,0.0,1.0,0.0,0.0,1.0,0.0,0.0,0.0,1.0,10.0,0.0,0.0,0.0,0.0,0.0,11.0,0.0,0.0,0.0,0.0,0.0,0.0,0.0,0.0,0.0,1.0,1.0,0.0,0.0,0.0,0.0,1.0,1.0,1.0,0.0,0.0,0.0,0.0,0.0,0.0,1.0,1.0,0.0,0.0,0.0,0.0,0.0,1.0,1.0,0.0,1420378328.0,957.0,957.0,2049.0,2049.0,2078.0,0.0,95.0,21693.0,22066.0,22032.0,105.0,0.0,0.0,0.0,138.0,0.0,0.0,31.0,35.0,34.0,13.0,29.0,256607680.0,0.0,3213297920.0,38906916576.0,333166848.0,0.0,0.0,848.0,0.0,0.0,1123.0,68.0,1348.0
1193,0.0,1.0,1.0,0.0,1.0,806400.0,1.0,1032750000.0,1.0,204000000.0,0.404110908508,12958.0,1829.0,3657.0,40875.0,42000.0,42500.0,87.0,25.0,64.0,896.0,5000.0,0.0,25.0,1000000.0,950000.0,1.0,0.0,0.0,10.0,0.0,0.0,0.0,500.0,25633725.0,685802994.0,633296538.0,0.0,0.0,0.0,0.0,0.0,1.0,1.0,1.0,1.0,1.0,0.0,0.0,1.0,0.0,0.0,0.0,0.0,0.0,31.0,1.0,16681025.0,278868849.0,17068176.0,26837011.0,709957689.0,913.0,5109424430.0,0.0,1.0,1.0,0.0,1.0,0.0,0.0,1.0,1.0,1.0,1.0,2.0,1.0,0.0,0.0,0.0,2.0,0.0,0.0,1.0,1.0,3.0,50.0,50.0,1.0,0.0,0.0,0.0,0.0,0.0,0.0,0.0,0.0,0.0,0.0,2.0,2.0,0.0,1.0,1.0,0.0,1.0,0.0,0.0,0.0,0.0,0.0,1.0,0.0,0.0,1.0,0.0,0.0,0.0,1.0,11.0,0.0,0.0,0.0,0.0,0.0,12.0,0.0,0.0,0.0,0.0,0.0,0.0,0.0,0.0,0.0,1.0,1.0,0.0,0.0,0.0,0.0,1.0,1.0,1.0,0.0,0.0,0.0,0.0,0.0,0.0,1.0,1.0,0.0,0.0,0.0,0.0,0.0,1.0,1.0,0.0,1470610180.0,950.0,950.0,2367.0,2367.0,2396.0,0.0,88.0,23533.0,22680.0,22639.0,44.0,0.0,0.0,0.0,102.0,0.0,0.0,37.0,42.0,41.0,16.0,35.0,129498336.0,0.0,3372658560.0,43761101856.0,250875008.0,0.0,0.0,913.0,0.0,0.0,1045.0,82.0,1406.0
1194,0.0,1.0,1.0,0.0,1.0,806400.0,1.0,1032750000.0,1.0,204000000.0,0.391461133957,7586.0,1219.0,2286.0,40875.0,41500.0,42500.0,87.0,25.0,64.0,896.0,5000.0,0.0,25.0,1000000.0,950000.0,1.0,0.0,0.0,10.0,0.0,0.0,0.0,500.0,23882567.0,663271595.0,626652347.0,0.0,0.0,0.0,0.0,0.0,1.0,1.0,1.0,1.0,1.0,0.0,0.0,1.0,0.0,0.0,0.0,0.0,0.0,34.0,1.0,17135843.0,276091022.0,16975114.0,23852191.0,679781358.0,817.0,5080154420.0,0.0,1.0,1.0,0.0,1.0,0.0,0.0,1.0,1.0,1.0,1.0,2.0,1.0,0.0,0.0,0.0,2.0,0.0,0.0,1.0,1.0,3.0,50.0,50.0,1.0,0.0,0.0,0.0,0.0,0.0,0.0,0.0,0.0,0.0,0.0,2.0,2.0,0.0,1.0,1.0,0.0,1.0,0.0,0.0,0.0,0.0,0.0,1.0,0.0,0.0,1.0,0.0,0.0,0.0,1.0,11.0,0.0,0.0,0.0,0.0,0.0,12.0,0.0,0.0,0.0,0.0,0.0,0.0,0.0,0.0,0.0,1.0,1.0,0.0,0.0,0.0,0.0,1.0,1.0,1.0,0.0,0.0,0.0,0.0,0.0,0.0,1.0,1.0,0.0,0.0,0.0,0.0,0.0,1.0,1.0,0.0,1427131898.0,919.0,919.0,2207.0,2207.0,2233.0,0.0,89.0,22309.0,22262.0,22228.0,61.0,0.0,0.0,0.0,109.0,0.0,0.0,31.0,35.0,34.0,10.0,29.0,240678976.0,1605696.0,3245223584.0,23071109376.0,194168896.0,0.0,0.0,817.0,0.0,0.0,1042.0,68.0,1342.0
1195,0.0,1.0,1.0,0.0,1.0,806400.0,1.0,1032750000.0,1.0,204000000.0,0.387652873993,7472.0,1295.0,2286.0,40875.0,42000.0,42500.0,87.0,25.0,64.0,896.0,5000.0,0.0,25.0,1000000.0,950000.0,1.0,0.0,0.0,10.0,0.0,0.0,0.0,500.0,23415166.0,671405951.0,621288899.0,0.0,0.0,0.0,0.0,0.0,1.0,1.0,1.0,1.0,1.0,0.0,0.0,1.0,0.0,0.0,0.0,0.0,0.0,30.0,1.0,16057078.0,264791304.0,16196472.0,24792416.0,673854380.0,756.0,4810362011.0,0.0,1.0,1.0,0.0,1.0,0.0,0.0,1.0,1.0,1.0,1.0,2.0,1.0,0.0,0.0,0.0,2.0,0.0,0.0,1.0,1.0,3.0,50.0,50.0,1.0,0.0,0.0,0.0,0.0,0.0,0.0,0.0,0.0,0.0,0.0,2.0,2.0,0.0,1.0,1.0,0.0,1.0,0.0,0.0,0.0,0.0,0.0,1.0,0.0,0.0,1.0,0.0,0.0,0.0,1.0,11.0,0.0,0.0,0.0,0.0,0.0,12.0,0.0,0.0,0.0,0.0,0.0,0.0,0.0,0.0,0.0,1.0,1.0,0.0,0.0,0.0,0.0,1.0,1.0,1.0,0.0,0.0,0.0,0.0,0.0,0.0,1.0,1.0,0.0,0.0,0.0,0.0,0.0,1.0,1.0,0.0,1357375819.0,955.0,955.0,2305.0,2305.0,2339.0,0.0,89.0,21234.0,22131.0,22097.0,52.0,0.0,0.0,0.0,108.0,0.0,0.0,31.0,35.0,34.0,13.0,29.0,335514592.0,0.0,3247612320.0,33963824416.0,238900608.0,0.0,0.0,756.0,0.0,0.0,932.0,68.0,1234.0
1196,0.0,1.0,1.0,0.0,1.0,806400.0,1.0,1032750000.0,1.0,204000000.0,0.396081924438,7358.0,1219.0,2133.0,40875.0,41500.0,42500.0,92.0,25.0,64.0,896.0,5000.0,0.0,25.0,1000000.0,950000.0,1.0,1.0,0.0,10.0,0.0,0.0,0.0,500.0,22948039.0,664595158.0,625794947.0,0.0,0.0,0.0,0.0,0.0,1.0,1.0,1.0,1.0,1.0,0.0,0.0,1.0,0.0,0.0,0.0,0.0,0.0,34.0,1.0,16136896.0,268454222.0,16367788.0,24695534.0,681221210.0,863.0,4791806065.0,0.0,1.0,1.0,0.0,1.0,0.0,0.0,1.0,1.0,1.0,1.0,2.0,1.0,0.0,0.0,0.0,2.0,0.0,0.0,1.0,1.0,3.0,50.0,50.0,1.0,0.0,0.0,0.0,0.0,0.0,0.0,0.0,0.0,0.0,0.0,2.0,2.0,0.0,1.0,1.0,0.0,1.0,0.0,0.0,0.0,0.0,0.0,1.0,0.0,0.0,1.0,0.0,0.0,0.0,1.0,11.0,0.0,0.0,0.0,0.0,0.0,12.0,0.0,0.0,0.0,0.0,0.0,0.0,0.0,0.0,0.0,1.0,1.0,0.0,0.0,0.0,0.0,1.0,1.0,1.0,0.0,0.0,0.0,0.0,0.0,0.0,1.0,1.0,0.0,0.0,0.0,0.0,0.0,1.0,1.0,0.0,1423315951.0,1035.0,1035.0,2199.0,2199.0,2230.0,0.0,96.0,22287.0,22162.0,22128.0,73.0,0.0,0.0,0.0,127.0,0.0,0.0,31.0,35.0,34.0,11.0,29.0,145396256.0,2466656.0,3277942272.0,38872944800.0,252168192.0,0.0,0.0,863.0,0.0,0.0,1117.0,68.0,1409.0
1197,0.0,1.0,1.0,0.0,1.0,806400.0,1.0,1032750000.0,1.0,204000000.0,0.387357950211,7510.0,1219.0,2362.0,40875.0,41750.0,42500.0,92.0,25.0,64.0,896.0,5000.0,0.0,25.0,1000000.0,950000.0,1.0,1.0,0.0,10.0,0.0,0.0,0.0,500.0,24064590.0,670877960.0,641574202.0,0.0,0.0,0.0,0.0,0.0,1.0,1.0,1.0,1.0,1.0,0.0,0.0,1.0,0.0,0.0,0.0,0.0,0.0,32.0,1.0,17121280.0,274120489.0,17170289.0,24925161.0,686620843.0,758.0,5310956556.0,0.0,1.0,1.0,0.0,1.0,0.0,0.0,1.0,1.0,1.0,1.0,2.0,1.0,0.0,0.0,0.0,2.0,0.0,0.0,1.0,1.0,3.0,50.0,50.0,1.0,0.0,0.0,0.0,0.0,0.0,0.0,0.0,0.0,0.0,0.0,2.0,2.0,0.0,1.0,1.0,0.0,1.0,0.0,0.0,0.0,0.0,0.0,1.0,0.0,0.0,1.0,0.0,0.0,0.0,1.0,10.0,0.0,0.0,0.0,0.0,0.0,11.0,0.0,0.0,0.0,0.0,0.0,0.0,0.0,0.0,0.0,1.0,1.0,0.0,0.0,0.0,0.0,1.0,1.0,1.0,0.0,0.0,0.0,0.0,0.0,0.0,1.0,1.0,0.0,0.0,0.0,0.0,0.0,1.0,1.0,0.0,1400569581.0,1042.0,1042.0,2290.0,2290.0,2320.0,0.0,91.0,21207.0,22176.0,22142.0,33.0,0.0,0.0,0.0,115.0,0.0,0.0,31.0,35.0,34.0,11.0,29.0,161806496.0,0.0,3515013664.0,43731764480.0,202937120.0,0.0,0.0,758.0,0.0,0.0,966.0,68.0,1332.0
1198,0.0,1.0,1.0,0.0,1.0,806400.0,1.0,1032750000.0,1.0,204000000.0,0.39696192741400005,11361.0,1905.0,3277.0,40583.3333333,41500.0,42500.0,92.0,25.0,64.0,896.0,5000.0,0.0,25.0,1000000.0,950000.0,1.0,1.0,0.0,10.0,0.0,0.0,0.0,500.0,29088675.0,701168629.0,662383447.0,0.0,0.0,0.0,0.0,0.0,1.0,1.0,1.0,1.0,1.0,0.0,0.0,1.0,0.0,0.0,0.0,0.0,0.0,31.0,1.0,17927868.0,293228304.0,17963298.0,29197849.0,711091254.0,1174.0,5360275077.0,0.0,1.0,1.0,0.0,1.0,0.0,0.0,1.0,1.0,1.0,1.0,2.0,1.0,0.0,0.0,0.0,2.0,0.0,0.0,1.0,1.0,3.0,50.0,50.0,1.0,0.0,0.0,0.0,0.0,0.0,0.0,0.0,0.0,0.0,0.0,2.0,2.0,0.0,1.0,1.0,0.0,1.0,0.0,0.0,0.0,0.0,0.0,1.0,0.0,0.0,1.0,0.0,0.0,0.0,1.0,11.0,0.0,0.0,0.0,0.0,0.0,12.0,0.0,0.0,0.0,0.0,0.0,0.0,0.0,0.0,0.0,1.0,1.0,0.0,0.0,0.0,0.0,1.0,1.0,1.0,0.0,0.0,0.0,0.0,0.0,0.0,1.0,1.0,0.0,0.0,0.0,0.0,0.0,1.0,1.0,0.0,1450825214.0,1055.0,1055.0,2410.0,2410.0,2446.0,0.0,153.0,24775.0,23153.0,23105.0,48.0,0.0,0.0,0.0,174.0,0.0,0.0,43.0,49.0,48.0,13.0,41.0,354693408.0,0.0,3640145760.0,59422428992.0,392641888.0,0.0,0.0,1174.0,0.0,0.0,1431.0,96.0,1794.0
1199,0.0,1.0,1.0,0.0,1.0,806400.0,1.0,1032750000.0,1.0,204000000.0,0.394455909729,7396.0,1371.0,2057.0,41125.0,42000.0,42000.0,100.0,25.0,64.0,896.0,5000.0,0.0,25.0,1000000.0,950000.0,1.0,0.0,0.0,10.0,0.0,0.0,100.0,100.0,23966811.0,667157349.0,632497229.0,0.0,0.0,0.0,0.0,0.0,1.0,1.0,1.0,1.0,1.0,0.0,0.0,1.0,0.0,0.0,0.0,0.0,0.0,35.0,1.0,16501843.0,267654442.0,16257616.0,24277994.0,669024776.0,855.0,4939413565.0,0.0,1.0,1.0,0.0,1.0,0.0,0.0,1.0,1.0,1.0,1.0,2.0,1.0,0.0,0.0,0.0,2.0,0.0,0.0,1.0,1.0,3.0,50.0,50.0,1.0,0.0,0.0,0.0,0.0,0.0,0.0,0.0,0.0,0.0,0.0,2.0,2.0,0.0,1.0,1.0,0.0,1.0,0.0,0.0,0.0,0.0,0.0,1.0,0.0,0.0,1.0,0.0,0.0,0.0,1.0,11.0,0.0,0.0,0.0,0.0,0.0,12.0,0.0,0.0,0.0,0.0,0.0,0.0,0.0,0.0,0.0,1.0,1.0,0.0,0.0,0.0,0.0,1.0,1.0,1.0,0.0,0.0,0.0,0.0,0.0,0.0,1.0,1.0,0.0,0.0,0.0,0.0,0.0,1.0,1.0,0.0,1381744337.0,1015.0,1015.0,2226.0,2226.0,2258.0,0.0,88.0,21888.0,22063.0,22029.0,81.0,0.0,0.0,0.0,109.0,0.0,0.0,31.0,35.0,34.0,7.0,29.0,151686464.0,2250976.0,3285830528.0,51316676992.0,281096288.0,0.0,0.0,855.0,0.0,0.0,1154.0,68.0,1423.0
1200,0.0,1.0,1.0,0.0,1.0,806400.0,1.0,1032750000.0,1.0,204000000.0,0.381579875946,11704.0,1828.0,3429.0,40375.0,41500.0,42250.0,100.0,25.0,64.0,896.0,5000.0,0.0,25.0,1000000.0,950000.0,1.0,0.0,0.0,10.0,0.0,0.0,100.0,100.0,24903907.0,679243070.0,643316897.0,0.0,0.0,0.0,0.0,0.0,1.0,1.0,1.0,1.0,1.0,0.0,0.0,1.0,0.0,0.0,0.0,0.0,0.0,36.0,1.0,17116203.0,286704330.0,17192867.0,27342715.0,698948660.0,1006.0,5122398577.0,0.0,1.0,1.0,0.0,1.0,0.0,0.0,1.0,1.0,1.0,1.0,2.0,1.0,0.0,0.0,0.0,2.0,0.0,0.0,1.0,1.0,3.0,50.0,50.0,1.0,0.0,0.0,0.0,0.0,0.0,0.0,0.0,0.0,0.0,0.0,2.0,2.0,0.0,1.0,1.0,0.0,1.0,0.0,0.0,0.0,0.0,0.0,1.0,0.0,0.0,1.0,0.0,0.0,0.0,1.0,11.0,0.0,0.0,0.0,0.0,0.0,12.0,0.0,0.0,0.0,0.0,0.0,0.0,0.0,0.0,0.0,1.0,1.0,0.0,0.0,0.0,0.0,1.0,1.0,1.0,0.0,0.0,0.0,0.0,0.0,0.0,1.0,1.0,0.0,0.0,0.0,0.0,0.0,1.0,1.0,0.0,1461570828.0,1068.0,1068.0,2397.0,2397.0,2431.0,0.0,113.0,23419.0,22637.0,22596.0,53.0,0.0,0.0,0.0,129.0,0.0,0.0,37.0,42.0,41.0,12.0,35.0,235672416.0,0.0,3455241824.0,41534778208.0,307468288.0,0.0,0.0,1006.0,0.0,0.0,1183.0,82.0,1560.0
1201,0.0,1.0,1.0,0.0,1.0,806400.0,1.0,1032750000.0,1.0,204000000.0,0.391411066055,7472.0,1142.0,2362.0,41125.0,41500.0,42000.0,100.0,25.0,64.0,896.0,5000.0,0.0,25.0,1000000.0,950000.0,1.0,0.0,0.0,10.0,0.0,0.0,100.0,100.0,23612874.0,675241465.0,634842939.0,0.0,0.0,0.0,0.0,0.0,1.0,1.0,1.0,1.0,1.0,0.0,0.0,1.0,0.0,0.0,0.0,0.0,0.0,32.0,1.0,16473298.0,266310870.0,16357560.0,25946121.0,682506473.0,784.0,4930492211.0,0.0,1.0,1.0,0.0,1.0,0.0,0.0,1.0,1.0,1.0,1.0,2.0,1.0,0.0,0.0,0.0,2.0,0.0,0.0,1.0,1.0,3.0,50.0,50.0,1.0,0.0,0.0,0.0,0.0,0.0,0.0,0.0,0.0,0.0,0.0,2.0,2.0,0.0,1.0,1.0,0.0,1.0,0.0,0.0,0.0,0.0,0.0,1.0,0.0,0.0,1.0,0.0,0.0,0.0,1.0,11.0,0.0,0.0,0.0,0.0,0.0,12.0,0.0,0.0,0.0,0.0,0.0,0.0,0.0,0.0,0.0,1.0,1.0,0.0,0.0,0.0,0.0,1.0,1.0,1.0,0.0,0.0,0.0,0.0,0.0,0.0,1.0,1.0,0.0,0.0,0.0,0.0,0.0,1.0,1.0,0.0,1391644305.0,992.0,992.0,2180.0,2180.0,2218.0,0.0,91.0,21390.0,22171.0,22137.0,40.0,0.0,0.0,0.0,110.0,0.0,0.0,31.0,35.0,34.0,12.0,29.0,147299904.0,2769856.0,3274868320.0,33648167680.0,224497504.0,0.0,0.0,784.0,0.0,0.0,1010.0,68.0,1350.0
1202,0.0,1.0,1.0,0.0,1.0,806400.0,1.0,1032750000.0,1.0,204000000.0,0.402629137039,11666.0,1675.0,3657.0,40583.3333333,41500.0,42000.0,97.0,25.0,64.0,896.0,5000.0,0.0,25.0,1000000.0,950000.0,1.0,1.0,0.0,10.0,0.0,0.0,100.0,100.0,30282010.0,706278085.0,662831369.0,0.0,0.0,0.0,0.0,0.0,1.0,1.0,1.0,1.0,1.0,0.0,0.0,1.0,0.0,0.0,0.0,0.0,0.0,32.0,1.0,17955419.0,292770113.0,17600701.0,29514619.0,718583866.0,1127.0,5300344151.0,0.0,1.0,1.0,0.0,1.0,0.0,0.0,1.0,1.0,1.0,1.0,2.0,1.0,0.0,0.0,0.0,2.0,0.0,0.0,1.0,1.0,3.0,50.0,50.0,1.0,0.0,0.0,0.0,0.0,0.0,0.0,0.0,0.0,0.0,0.0,2.0,2.0,0.0,1.0,1.0,0.0,1.0,0.0,0.0,0.0,0.0,0.0,1.0,0.0,0.0,1.0,0.0,0.0,0.0,1.0,10.0,0.0,0.0,0.0,0.0,0.0,11.0,0.0,0.0,0.0,0.0,0.0,0.0,0.0,0.0,0.0,1.0,1.0,0.0,0.0,0.0,0.0,1.0,1.0,1.0,0.0,0.0,0.0,0.0,0.0,0.0,1.0,1.0,0.0,0.0,0.0,0.0,0.0,1.0,1.0,0.0,1464080546.0,1104.0,1104.0,2495.0,2495.0,2540.0,0.0,118.0,25118.0,23189.0,23141.0,54.0,0.0,0.0,0.0,147.0,0.0,0.0,43.0,49.0,48.0,17.0,41.0,169523840.0,0.0,3678711200.0,39667347200.0,348202688.0,0.0,0.0,1127.0,0.0,0.0,1492.0,96.0,1924.0
1203,0.0,1.0,1.0,0.0,1.0,806400.0,1.0,1032750000.0,1.0,204000000.0,0.393296957016,11094.0,1828.0,2743.0,41250.0,41250.0,42000.0,97.0,25.0,64.0,896.0,5000.0,0.0,25.0,1000000.0,950000.0,1.0,1.0,0.0,10.0,0.0,0.0,100.0,100.0,27459802.0,668352199.0,632359718.0,0.0,0.0,0.0,0.0,0.0,1.0,1.0,1.0,1.0,1.0,0.0,0.0,1.0,0.0,0.0,0.0,0.0,0.0,32.0,1.0,16989879.0,278126037.0,16936802.0,28121877.0,684131577.0,1050.0,4924305246.0,0.0,1.0,1.0,0.0,1.0,0.0,0.0,1.0,1.0,1.0,1.0,2.0,1.0,0.0,0.0,0.0,2.0,0.0,0.0,1.0,1.0,3.0,50.0,50.0,1.0,0.0,0.0,0.0,0.0,0.0,0.0,0.0,0.0,0.0,0.0,2.0,2.0,0.0,1.0,1.0,0.0,1.0,0.0,0.0,0.0,0.0,0.0,1.0,0.0,0.0,1.0,0.0,0.0,0.0,1.0,11.0,0.0,0.0,0.0,0.0,0.0,12.0,0.0,0.0,0.0,0.0,0.0,0.0,0.0,0.0,0.0,1.0,1.0,0.0,0.0,0.0,0.0,1.0,1.0,1.0,0.0,0.0,0.0,0.0,0.0,0.0,1.0,1.0,0.0,0.0,0.0,0.0,0.0,1.0,1.0,0.0,1422765343.0,1105.0,1105.0,2373.0,2373.0,2406.0,0.0,134.0,23390.0,22741.0,22700.0,111.0,0.0,0.0,0.0,167.0,0.0,0.0,37.0,42.0,41.0,10.0,35.0,293070944.0,0.0,3492362240.0,50876783808.0,352325504.0,0.0,0.0,1050.0,0.0,0.0,1433.0,82.0,1692.0
1204,0.0,1.0,1.0,0.0,1.0,806400.0,1.0,1032750000.0,1.0,204000000.0,0.39749002456699994,7967.0,1295.0,2210.0,40625.0,41500.0,42000.0,97.0,25.0,64.0,896.0,5000.0,0.0,25.0,1000000.0,950000.0,1.0,1.0,0.0,10.0,0.0,0.0,100.0,100.0,22329706.0,653210437.0,616472846.0,0.0,0.0,0.0,0.0,0.0,1.0,1.0,1.0,1.0,1.0,0.0,0.0,1.0,0.0,0.0,0.0,0.0,0.0,30.0,1.0,16801525.0,274269164.0,16871070.0,23714798.0,680993160.0,781.0,4847550847.0,0.0,1.0,1.0,0.0,1.0,0.0,0.0,1.0,1.0,1.0,1.0,2.0,1.0,0.0,0.0,0.0,2.0,0.0,0.0,1.0,1.0,3.0,50.0,50.0,1.0,0.0,0.0,0.0,0.0,0.0,0.0,0.0,0.0,0.0,0.0,2.0,2.0,0.0,1.0,1.0,0.0,1.0,0.0,0.0,0.0,0.0,0.0,1.0,0.0,0.0,1.0,0.0,0.0,0.0,1.0,11.0,0.0,0.0,0.0,0.0,0.0,12.0,0.0,0.0,0.0,0.0,0.0,0.0,0.0,0.0,0.0,1.0,1.0,0.0,0.0,0.0,0.0,1.0,1.0,1.0,0.0,0.0,0.0,0.0,0.0,0.0,1.0,1.0,0.0,0.0,0.0,0.0,0.0,1.0,1.0,0.0,1415372026.0,1066.0,1066.0,2188.0,2188.0,2214.0,0.0,81.0,21277.0,22041.0,22008.0,60.0,0.0,0.0,0.0,100.0,0.0,0.0,31.0,34.0,33.0,15.0,29.0,68132288.0,1684128.0,3200752608.0,46946346144.0,281443008.0,0.0,0.0,781.0,0.0,0.0,993.0,66.0,1384.0
1205,0.0,1.0,1.0,0.0,1.0,806400.0,1.0,1032750000.0,1.0,204000000.0,0.390747070312,7396.0,1219.0,2210.0,40375.0,41500.0,42000.0,96.0,25.0,64.0,896.0,5000.0,0.0,25.0,1000000.0,950000.0,1.0,0.0,0.0,10.0,0.0,0.0,100.0,500.0,24023064.0,676704201.0,624936490.0,0.0,0.0,0.0,0.0,0.0,1.0,1.0,1.0,1.0,1.0,0.0,0.0,1.0,0.0,0.0,0.0,0.0,0.0,32.0,1.0,16210877.0,264414051.0,16499426.0,25395067.0,686555840.0,825.0,4946974509.0,0.0,1.0,1.0,0.0,1.0,0.0,0.0,1.0,1.0,1.0,1.0,2.0,1.0,0.0,0.0,0.0,2.0,0.0,0.0,1.0,1.0,3.0,50.0,50.0,1.0,0.0,0.0,0.0,0.0,0.0,0.0,0.0,0.0,0.0,0.0,2.0,2.0,0.0,1.0,1.0,0.0,1.0,0.0,0.0,0.0,0.0,0.0,1.0,0.0,0.0,1.0,0.0,0.0,0.0,1.0,11.0,0.0,0.0,0.0,0.0,0.0,12.0,0.0,0.0,0.0,0.0,0.0,0.0,0.0,0.0,0.0,1.0,1.0,0.0,0.0,0.0,0.0,1.0,1.0,1.0,0.0,0.0,0.0,0.0,0.0,0.0,1.0,1.0,0.0,0.0,0.0,0.0,0.0,1.0,1.0,0.0,1428149381.0,941.0,941.0,2228.0,2228.0,2258.0,0.0,84.0,21458.0,22235.0,22201.0,45.0,0.0,0.0,0.0,91.0,0.0,0.0,31.0,35.0,34.0,10.0,29.0,349917856.0,0.0,3223682720.0,330436888032.0,257096000.0,0.0,0.0,825.0,0.0,0.0,986.0,68.0,1338.0
1206,0.0,1.0,1.0,0.0,1.0,806400.0,1.0,1032750000.0,1.0,204000000.0,0.402951955795,15440.0,2438.0,4267.0,40916.6666667,41333.3333333,42000.0,96.0,25.0,64.0,896.0,5000.0,0.0,25.0,1000000.0,950000.0,1.0,0.0,0.0,10.0,0.0,0.0,100.0,500.0,31369701.0,695291500.0,666648389.0,0.0,0.0,0.0,0.0,0.0,1.0,1.0,1.0,1.0,1.0,0.0,0.0,1.0,0.0,0.0,0.0,0.0,0.0,32.0,1.0,17457170.0,297862642.0,17775313.0,31230625.0,719397725.0,1077.0,5310678192.0,0.0,1.0,1.0,0.0,1.0,0.0,0.0,1.0,1.0,1.0,1.0,2.0,1.0,0.0,0.0,0.0,2.0,0.0,0.0,1.0,1.0,3.0,50.0,50.0,1.0,0.0,0.0,0.0,0.0,0.0,0.0,0.0,0.0,0.0,0.0,2.0,2.0,0.0,1.0,1.0,0.0,1.0,0.0,0.0,0.0,0.0,0.0,1.0,0.0,0.0,1.0,0.0,0.0,0.0,1.0,11.0,0.0,0.0,0.0,0.0,0.0,12.0,0.0,0.0,0.0,0.0,0.0,0.0,0.0,0.0,0.0,1.0,1.0,0.0,0.0,0.0,0.0,1.0,1.0,1.0,0.0,0.0,0.0,0.0,0.0,0.0,1.0,1.0,0.0,0.0,0.0,0.0,0.0,1.0,1.0,0.0,1516453803.0,1189.0,1189.0,2654.0,2654.0,2689.0,0.0,165.0,25903.0,23520.0,23466.0,102.0,0.0,0.0,0.0,204.0,0.0,0.0,49.0,55.0,54.0,23.0,47.0,379829440.0,0.0,3799608416.0,60314011968.0,338491904.0,0.0,0.0,1077.0,0.0,0.0,1542.0,108.0,1891.0
1207,0.0,1.0,1.0,0.0,1.0,806400.0,1.0,1032750000.0,1.0,204000000.0,0.39311695098899996,7434.0,1219.0,2286.0,40250.0,41500.0,42000.0,96.0,25.0,64.0,896.0,5000.0,0.0,25.0,1000000.0,950000.0,1.0,0.0,0.0,10.0,0.0,0.0,100.0,500.0,23730180.0,674466872.0,641871055.0,0.0,0.0,0.0,0.0,0.0,1.0,1.0,1.0,1.0,1.0,0.0,0.0,1.0,0.0,0.0,0.0,0.0,0.0,32.0,1.0,16628479.0,285653103.0,16652925.0,26970938.0,667158636.0,894.0,4906466786.0,0.0,1.0,1.0,0.0,1.0,0.0,0.0,1.0,1.0,1.0,1.0,2.0,1.0,0.0,0.0,0.0,2.0,0.0,0.0,1.0,1.0,3.0,50.0,50.0,1.0,0.0,0.0,0.0,0.0,0.0,0.0,0.0,0.0,0.0,0.0,2.0,2.0,0.0,1.0,1.0,0.0,1.0,0.0,0.0,0.0,0.0,0.0,1.0,0.0,0.0,1.0,0.0,0.0,0.0,1.0,11.0,0.0,0.0,0.0,0.0,0.0,12.0,0.0,0.0,0.0,0.0,0.0,0.0,0.0,0.0,0.0,1.0,1.0,0.0,0.0,0.0,0.0,1.0,1.0,1.0,0.0,0.0,0.0,0.0,0.0,0.0,1.0,1.0,0.0,0.0,0.0,0.0,0.0,1.0,1.0,0.0,1372390531.0,1063.0,1063.0,2150.0,2150.0,2197.0,0.0,95.0,21493.0,22163.0,22129.0,49.0,0.0,0.0,0.0,128.0,0.0,0.0,31.0,35.0,34.0,12.0,29.0,242851744.0,2639136.0,3292387392.0,51828386816.0,287348512.0,0.0,0.0,894.0,0.0,0.0,1198.0,68.0,1468.0
1208,0.0,1.0,1.0,0.0,1.0,806400.0,1.0,1032750000.0,1.0,204000000.0,0.397536039352,11551.0,1829.0,3200.0,40875.0,41500.0,42250.0,74.0,25.0,64.0,896.0,5000.0,0.0,25.0,1000000.0,950000.0,1.0,1.0,0.0,10.0,0.0,0.0,100.0,500.0,25483642.0,674893222.0,638983493.0,0.0,0.0,0.0,0.0,0.0,1.0,1.0,1.0,1.0,1.0,0.0,0.0,1.0,0.0,0.0,0.0,0.0,0.0,32.0,1.0,17097749.0,281797985.0,16807145.0,27423711.0,692124712.0,886.0,5060209715.0,0.0,1.0,1.0,0.0,1.0,0.0,0.0,1.0,1.0,1.0,1.0,2.0,1.0,0.0,0.0,0.0,2.0,0.0,0.0,1.0,1.0,3.0,50.0,50.0,1.0,0.0,0.0,0.0,0.0,0.0,0.0,0.0,0.0,0.0,0.0,2.0,2.0,0.0,1.0,1.0,0.0,1.0,0.0,0.0,0.0,0.0,0.0,1.0,0.0,0.0,1.0,0.0,0.0,0.0,1.0,11.0,0.0,0.0,0.0,0.0,0.0,12.0,0.0,0.0,0.0,0.0,0.0,0.0,0.0,0.0,0.0,1.0,1.0,0.0,0.0,0.0,0.0,1.0,1.0,1.0,0.0,0.0,0.0,0.0,0.0,0.0,1.0,1.0,0.0,0.0,0.0,0.0,0.0,1.0,1.0,0.0,1416430005.0,1070.0,1070.0,2244.0,2244.0,2284.0,0.0,99.0,23125.0,22539.0,22498.0,54.0,0.0,0.0,0.0,132.0,0.0,0.0,37.0,42.0,41.0,11.0,35.0,338776928.0,0.0,3444849920.0,41588785152.0,236148544.0,0.0,0.0,886.0,0.0,0.0,1139.0,82.0,1457.0
1209,0.0,1.0,1.0,0.0,1.0,806400.0,1.0,1032750000.0,1.0,204000000.0,0.392689943314,7434.0,1142.0,2286.0,40250.0,41500.0,42000.0,74.0,25.0,64.0,896.0,5000.0,0.0,25.0,1000000.0,950000.0,1.0,1.0,0.0,10.0,0.0,0.0,100.0,500.0,24537072.0,677058116.0,640546179.0,0.0,0.0,0.0,0.0,0.0,1.0,1.0,1.0,1.0,1.0,0.0,0.0,1.0,0.0,0.0,0.0,0.0,0.0,29.0,1.0,17149652.0,271515634.0,16990203.0,25746154.0,683164694.0,932.0,4986274077.0,0.0,1.0,1.0,0.0,1.0,0.0,0.0,1.0,1.0,1.0,1.0,2.0,1.0,0.0,0.0,0.0,2.0,0.0,0.0,1.0,1.0,3.0,50.0,50.0,1.0,0.0,0.0,0.0,0.0,0.0,0.0,0.0,0.0,0.0,0.0,2.0,2.0,0.0,1.0,1.0,0.0,1.0,0.0,0.0,0.0,0.0,0.0,1.0,0.0,0.0,1.0,0.0,0.0,0.0,1.0,11.0,0.0,0.0,0.0,0.0,0.0,12.0,0.0,0.0,0.0,0.0,0.0,0.0,0.0,0.0,0.0,1.0,1.0,0.0,0.0,0.0,0.0,1.0,1.0,1.0,0.0,0.0,0.0,0.0,0.0,0.0,1.0,1.0,0.0,0.0,0.0,0.0,0.0,1.0,1.0,0.0,1398513754.0,934.0,934.0,2181.0,2181.0,2224.0,0.0,95.0,21297.0,22207.0,22173.0,48.0,0.0,0.0,0.0,118.0,0.0,0.0,31.0,35.0,34.0,4.0,29.0,343307296.0,0.0,3289095392.0,56104863232.0,347166720.0,0.0,0.0,932.0,0.0,0.0,1138.0,68.0,1344.0
1210,0.0,1.0,1.0,0.0,1.0,806400.0,1.0,1032750000.0,1.0,204000000.0,0.39889597892800005,7396.0,1219.0,2286.0,40375.0,41500.0,42000.0,74.0,25.0,64.0,896.0,5000.0,0.0,25.0,1000000.0,950000.0,1.0,1.0,0.0,10.0,0.0,0.0,100.0,500.0,23528420.0,665868258.0,611146220.0,0.0,0.0,0.0,0.0,0.0,1.0,1.0,1.0,1.0,1.0,0.0,0.0,1.0,0.0,0.0,0.0,0.0,0.0,32.0,1.0,16312706.0,258814720.0,16686998.0,25336106.0,681731289.0,833.0,4960230373.0,0.0,1.0,1.0,0.0,1.0,0.0,0.0,1.0,1.0,1.0,1.0,2.0,1.0,0.0,0.0,0.0,2.0,0.0,0.0,1.0,1.0,3.0,50.0,50.0,1.0,0.0,0.0,0.0,0.0,0.0,0.0,0.0,0.0,0.0,0.0,2.0,2.0,0.0,1.0,1.0,0.0,1.0,0.0,0.0,0.0,0.0,0.0,1.0,0.0,0.0,1.0,0.0,0.0,0.0,1.0,11.0,0.0,0.0,0.0,0.0,0.0,12.0,0.0,0.0,0.0,0.0,0.0,0.0,0.0,0.0,0.0,1.0,1.0,0.0,0.0,0.0,0.0,1.0,1.0,1.0,0.0,0.0,0.0,0.0,0.0,0.0,1.0,1.0,0.0,0.0,0.0,0.0,0.0,1.0,1.0,0.0,1433471635.0,947.0,947.0,2091.0,2091.0,2117.0,0.0,89.0,21182.0,22105.0,22071.0,84.0,0.0,0.0,0.0,118.0,0.0,0.0,31.0,35.0,34.0,12.0,29.0,263534016.0,0.0,3269224800.0,34979725056.0,273517280.0,0.0,0.0,833.0,0.0,0.0,1095.0,68.0,1329.0
1211,0.0,1.0,0.0,0.0,0.0,499200.0,1.0,765000000.0,1.0,102000000.0,0.862371921539,26994.0,2206.0,8229.0,40416.6666667,40833.3333333,42000.0,80.0,25.0,64.0,896.0,5000.0,0.0,25.0,1000000.0,950000.0,1.0,0.0,0.0,10.0,0.0,0.0,0.0,100.0,41632760.0,927805484.0,868227127.0,0.0,0.0,0.0,0.0,0.0,1.0,1.0,1.0,1.0,1.0,0.0,0.0,1.0,0.0,0.0,0.0,0.0,0.0,34.0,1.0,24921991.0,335962866.0,25536255.0,42853508.0,936955132.0,3227.0,12724272174.0,0.0,1.0,1.0,0.0,1.0,0.0,0.0,1.0,1.0,1.0,1.0,2.0,1.0,0.0,0.0,0.0,2.0,0.0,0.0,1.0,1.0,3.0,50.0,50.0,1.0,0.0,0.0,0.0,0.0,0.0,0.0,0.0,0.0,0.0,0.0,2.0,2.0,0.0,1.0,1.0,0.0,1.0,0.0,0.0,0.0,0.0,0.0,1.0,0.0,0.0,1.0,0.0,0.0,0.0,1.0,11.0,0.0,0.0,0.0,0.0,0.0,12.0,0.0,0.0,0.0,0.0,0.0,0.0,0.0,0.0,0.0,1.0,1.0,0.0,0.0,0.0,0.0,1.0,1.0,1.0,0.0,0.0,0.0,0.0,0.0,0.0,1.0,1.0,0.0,0.0,0.0,0.0,0.0,1.0,1.0,0.0,1694797050.0,3782.0,3782.0,5112.0,5112.0,5159.0,0.0,278.0,30352.0,24927.0,24850.0,131.0,0.0,0.0,0.0,223.0,0.0,0.0,73.0,78.0,77.0,31.0,71.0,1388739808.0,0.0,8189106752.0,105741419296.0,2051256032.0,0.0,0.0,3227.0,0.0,0.0,3760.0,154.0,4281.0
1212,0.0,1.0,0.0,0.0,0.0,499200.0,1.0,765000000.0,1.0,102000000.0,0.911470890045,23561.0,2054.0,7392.0,40333.3333333,41000.0,42000.0,80.0,25.0,64.0,896.0,5000.0,0.0,25.0,1000000.0,950000.0,1.0,0.0,0.0,10.0,0.0,0.0,0.0,100.0,38237649.0,887589737.0,825334089.0,0.0,0.0,0.0,0.0,0.0,1.0,1.0,1.0,1.0,1.0,0.0,0.0,1.0,0.0,0.0,0.0,0.0,0.0,35.0,1.0,23703321.0,323776324.0,24264217.0,40888985.0,914246735.0,3071.0,12100773258.0,0.0,1.0,1.0,0.0,1.0,0.0,0.0,1.0,1.0,1.0,1.0,2.0,1.0,0.0,0.0,0.0,2.0,0.0,0.0,1.0,1.0,3.0,50.0,50.0,1.0,0.0,0.0,0.0,0.0,0.0,0.0,0.0,0.0,0.0,0.0,2.0,2.0,0.0,1.0,1.0,0.0,1.0,0.0,0.0,0.0,0.0,0.0,1.0,0.0,0.0,1.0,0.0,0.0,0.0,1.0,11.0,0.0,0.0,0.0,0.0,0.0,12.0,0.0,0.0,0.0,0.0,0.0,0.0,0.0,0.0,0.0,1.0,1.0,0.0,0.0,0.0,0.0,1.0,1.0,1.0,0.0,0.0,0.0,0.0,0.0,0.0,1.0,1.0,0.0,0.0,0.0,0.0,0.0,1.0,1.0,0.0,1677769660.0,3764.0,3764.0,4845.0,4845.0,4889.0,0.0,193.0,29084.0,24501.0,24429.0,124.0,0.0,0.0,0.0,148.0,0.0,0.0,67.0,73.0,72.0,34.0,65.0,1170748320.0,0.0,7895524128.0,273019130176.0,2559826912.0,0.0,0.0,3071.0,0.0,0.0,3492.0,144.0,3966.0
1213,0.0,1.0,0.0,0.0,0.0,499200.0,1.0,765000000.0,1.0,102000000.0,0.8601028919220001,16888.0,1598.0,5258.0,40166.6666667,40833.3333333,42000.0,80.0,25.0,64.0,896.0,5000.0,0.0,25.0,1000000.0,950000.0,1.0,0.0,0.0,10.0,0.0,0.0,0.0,100.0,36811818.0,871924967.0,793707259.0,0.0,0.0,0.0,0.0,0.0,1.0,1.0,1.0,1.0,1.0,0.0,0.0,1.0,0.0,0.0,0.0,0.0,0.0,33.0,1.0,23554575.0,314369847.0,24003294.0,38487819.0,901383223.0,2731.0,11882633424.0,0.0,1.0,1.0,0.0,1.0,0.0,0.0,1.0,1.0,1.0,1.0,2.0,1.0,0.0,0.0,0.0,2.0,0.0,0.0,1.0,1.0,3.0,50.0,50.0,1.0,0.0,0.0,0.0,0.0,0.0,0.0,0.0,0.0,0.0,0.0,2.0,2.0,0.0,1.0,1.0,0.0,1.0,0.0,0.0,0.0,0.0,0.0,1.0,0.0,0.0,1.0,0.0,0.0,0.0,1.0,11.0,0.0,0.0,0.0,0.0,0.0,12.0,0.0,0.0,0.0,0.0,0.0,0.0,0.0,0.0,0.0,1.0,1.0,0.0,0.0,0.0,0.0,1.0,1.0,1.0,0.0,0.0,0.0,0.0,0.0,0.0,1.0,1.0,0.0,0.0,0.0,0.0,0.0,1.0,1.0,0.0,1664013973.0,3108.0,3108.0,4640.0,4640.0,4687.0,0.0,224.0,28354.0,24245.0,24186.0,96.0,0.0,0.0,0.0,181.0,0.0,0.0,55.0,60.0,59.0,28.0,53.0,1472346656.0,0.0,7820530304.0,144088393600.0,2482101728.0,0.0,0.0,2731.0,0.0,0.0,3205.0,118.0,3811.0
1214,0.0,1.0,0.0,0.0,0.0,499200.0,1.0,765000000.0,1.0,102000000.0,0.864464044571,17156.0,1599.0,5640.0,40142.8571429,41000.0,42000.0,75.0,25.0,64.0,896.0,5000.0,0.0,25.0,1000000.0,950000.0,1.0,1.0,0.0,10.0,0.0,0.0,0.0,100.0,43608998.0,931370370.0,854883036.0,0.0,0.0,0.0,0.0,0.0,1.0,1.0,1.0,1.0,1.0,0.0,0.0,1.0,0.0,0.0,0.0,0.0,0.0,35.0,1.0,25596254.0,332758646.0,25600161.0,46161787.0,937108484.0,2785.0,12764105308.0,0.0,1.0,1.0,0.0,1.0,0.0,0.0,1.0,1.0,1.0,1.0,2.0,1.0,0.0,0.0,0.0,2.0,0.0,0.0,1.0,1.0,3.0,50.0,50.0,1.0,0.0,0.0,0.0,0.0,0.0,0.0,0.0,0.0,0.0,0.0,2.0,2.0,0.0,1.0,1.0,0.0,1.0,0.0,0.0,0.0,0.0,0.0,1.0,0.0,0.0,1.0,0.0,0.0,0.0,1.0,11.0,0.0,0.0,0.0,0.0,0.0,12.0,0.0,0.0,0.0,0.0,0.0,0.0,0.0,0.0,0.0,1.0,1.0,0.0,0.0,0.0,0.0,1.0,1.0,1.0,0.0,0.0,0.0,0.0,0.0,0.0,1.0,1.0,0.0,0.0,0.0,0.0,0.0,1.0,1.0,0.0,1685093617.0,3327.0,3327.0,5061.0,5061.0,5117.0,0.0,274.0,31465.0,25421.0,25336.0,116.0,0.0,0.0,0.0,199.0,0.0,0.0,79.0,86.0,85.0,33.0,77.0,1381297504.0,1019008.0,8465729568.0,169942345056.0,2323435712.0,0.0,0.0,2785.0,0.0,0.0,3289.0,170.0,3887.0
1215,0.0,1.0,0.0,0.0,0.0,499200.0,1.0,765000000.0,1.0,102000000.0,0.885618925095,12122.0,1142.0,3581.0,40083.3333333,40833.3333333,42000.0,75.0,25.0,64.0,896.0,5000.0,0.0,25.0,1000000.0,950000.0,1.0,1.0,0.0,10.0,0.0,0.0,0.0,100.0,31069759.0,838869572.0,773007043.0,0.0,0.0,0.0,0.0,0.0,1.0,1.0,1.0,1.0,1.0,0.0,0.0,1.0,0.0,0.0,0.0,0.0,0.0,32.0,1.0,23215964.0,293507925.0,23379591.0,33221563.0,837060629.0,2624.0,11409169802.0,0.0,1.0,1.0,0.0,1.0,0.0,0.0,1.0,1.0,1.0,1.0,2.0,1.0,0.0,0.0,0.0,2.0,0.0,0.0,1.0,1.0,3.0,50.0,50.0,1.0,0.0,0.0,0.0,0.0,0.0,0.0,0.0,0.0,0.0,0.0,2.0,2.0,0.0,1.0,1.0,0.0,1.0,0.0,0.0,0.0,0.0,0.0,1.0,0.0,0.0,1.0,0.0,0.0,0.0,1.0,11.0,0.0,0.0,0.0,0.0,0.0,12.0,0.0,0.0,0.0,0.0,0.0,0.0,0.0,0.0,0.0,1.0,1.0,0.0,0.0,0.0,0.0,1.0,1.0,1.0,0.0,0.0,0.0,0.0,0.0,0.0,1.0,1.0,0.0,0.0,0.0,0.0,0.0,1.0,1.0,0.0,1542444289.0,3358.0,3358.0,4535.0,4535.0,4570.0,0.0,153.0,25128.0,23010.0,22964.0,65.0,0.0,0.0,0.0,143.0,0.0,0.0,43.0,47.0,46.0,18.0,41.0,1151301184.0,0.0,7443275968.0,121495456800.0,1956856000.0,0.0,0.0,2624.0,0.0,0.0,3017.0,92.0,3514.0
1216,0.0,1.0,0.0,0.0,0.0,499200.0,1.0,765000000.0,1.0,102000000.0,0.9238109588619999,11856.0,1066.0,3505.0,40166.6666667,40833.3333333,41833.3333333,75.0,25.0,64.0,896.0,5000.0,0.0,25.0,1000000.0,950000.0,1.0,1.0,0.0,10.0,0.0,0.0,0.0,100.0,30850168.0,804728555.0,748502412.0,0.0,0.0,0.0,0.0,0.0,1.0,1.0,1.0,1.0,1.0,0.0,0.0,1.0,0.0,0.0,0.0,0.0,0.0,30.0,1.0,22558354.0,293896547.0,23131634.0,33300698.0,827571594.0,2231.0,11040171651.0,0.0,1.0,1.0,0.0,1.0,0.0,0.0,1.0,1.0,1.0,1.0,2.0,1.0,0.0,0.0,0.0,2.0,0.0,0.0,1.0,1.0,3.0,50.0,50.0,1.0,0.0,0.0,0.0,0.0,0.0,0.0,0.0,0.0,0.0,0.0,2.0,2.0,0.0,1.0,1.0,0.0,1.0,0.0,0.0,0.0,0.0,0.0,1.0,0.0,0.0,1.0,0.0,0.0,0.0,1.0,11.0,0.0,0.0,0.0,0.0,0.0,12.0,0.0,0.0,0.0,0.0,0.0,0.0,0.0,0.0,0.0,1.0,1.0,0.0,0.0,0.0,0.0,1.0,1.0,1.0,0.0,0.0,0.0,0.0,0.0,0.0,1.0,1.0,0.0,0.0,0.0,0.0,0.0,1.0,1.0,0.0,1549761592.0,2948.0,2948.0,4185.0,4185.0,4218.0,0.0,144.0,24724.0,23072.0,23025.0,40.0,0.0,0.0,0.0,131.0,0.0,0.0,43.0,48.0,47.0,19.0,41.0,1338451296.0,0.0,7032563648.0,123827065312.0,2347850304.0,0.0,0.0,2231.0,0.0,0.0,2598.0,94.0,3070.0
1217,0.0,1.0,0.0,0.0,0.0,499200.0,1.0,765000000.0,1.0,102000000.0,0.905331134796,15972.0,1675.0,4724.0,40250.0,41000.0,42166.6666667,79.0,25.0,64.0,896.0,5000.0,0.0,25.0,1000000.0,950000.0,1.0,0.0,0.0,10.0,0.0,0.0,0.0,500.0,32220585.0,838238348.0,774084219.0,0.0,0.0,0.0,0.0,0.0,1.0,1.0,1.0,1.0,1.0,0.0,0.0,1.0,0.0,0.0,0.0,0.0,0.0,32.0,1.0,23420180.0,299497249.0,23756508.0,34673015.0,860894627.0,2503.0,11484454325.0,0.0,1.0,1.0,0.0,1.0,0.0,0.0,1.0,1.0,1.0,1.0,2.0,1.0,0.0,0.0,0.0,2.0,0.0,0.0,1.0,1.0,3.0,50.0,50.0,1.0,0.0,0.0,0.0,0.0,0.0,0.0,0.0,0.0,0.0,0.0,2.0,2.0,0.0,1.0,1.0,0.0,1.0,0.0,0.0,0.0,0.0,0.0,1.0,0.0,0.0,1.0,0.0,0.0,0.0,1.0,11.0,0.0,0.0,0.0,0.0,0.0,12.0,0.0,0.0,0.0,0.0,0.0,0.0,0.0,0.0,0.0,1.0,1.0,0.0,0.0,0.0,0.0,1.0,1.0,1.0,0.0,0.0,0.0,0.0,0.0,0.0,1.0,1.0,0.0,0.0,0.0,0.0,0.0,1.0,1.0,0.0,1580573560.0,3208.0,3208.0,4282.0,4282.0,4313.0,0.0,132.0,25995.0,23374.0,23323.0,68.0,0.0,0.0,0.0,106.0,0.0,0.0,49.0,52.0,51.0,23.0,47.0,1130947680.0,0.0,7128436640.0,91382271168.0,1855851936.0,0.0,0.0,2503.0,0.0,0.0,2893.0,102.0,3280.0
1218,0.0,1.0,0.0,0.0,0.0,499200.0,1.0,765000000.0,1.0,102000000.0,0.876348018646,10638.0,1142.0,3429.0,40208.3333333,40916.6666667,41916.6666667,79.0,25.0,64.0,896.0,5000.0,0.0,25.0,1000000.0,950000.0,1.0,0.0,0.0,10.0,0.0,0.0,0.0,500.0,37328992.0,868400264.0,805588012.0,0.0,0.0,0.0,0.0,0.0,1.0,1.0,1.0,1.0,1.0,0.0,0.0,1.0,0.0,0.0,0.0,0.0,0.0,30.0,1.0,22833542.0,302491208.0,22820195.0,39482798.0,886718041.0,2721.0,11810923394.0,0.0,1.0,1.0,0.0,1.0,0.0,0.0,1.0,1.0,1.0,1.0,2.0,1.0,0.0,0.0,0.0,2.0,0.0,0.0,1.0,1.0,3.0,50.0,50.0,1.0,0.0,0.0,0.0,0.0,0.0,0.0,0.0,0.0,0.0,0.0,2.0,2.0,0.0,1.0,1.0,0.0,1.0,0.0,0.0,0.0,0.0,0.0,1.0,0.0,0.0,1.0,0.0,0.0,0.0,1.0,11.0,0.0,0.0,0.0,0.0,0.0,12.0,0.0,0.0,0.0,0.0,0.0,0.0,0.0,0.0,0.0,1.0,1.0,0.0,0.0,0.0,0.0,1.0,1.0,1.0,0.0,0.0,0.0,0.0,0.0,0.0,1.0,1.0,0.0,0.0,0.0,0.0,0.0,1.0,1.0,0.0,1611087967.0,3241.0,3241.0,4565.0,4565.0,4602.0,0.0,169.0,28230.0,24151.0,24087.0,82.0,0.0,0.0,0.0,106.0,0.0,0.0,61.0,65.0,64.0,25.0,59.0,1084404256.0,0.0,7521654688.0,93840234752.0,1901820768.0,0.0,0.0,2721.0,0.0,0.0,3140.0,128.0,3510.0
1219,0.0,1.0,0.0,0.0,0.0,499200.0,1.0,765000000.0,1.0,102000000.0,0.868673086166,20967.0,1826.0,7087.0,40250.0,41000.0,42000.0,79.0,25.0,64.0,896.0,5000.0,0.0,25.0,1000000.0,950000.0,1.0,0.0,0.0,10.0,0.0,0.0,0.0,500.0,41352650.0,924750410.0,851361493.0,0.0,0.0,0.0,0.0,0.0,1.0,1.0,1.0,1.0,1.0,0.0,0.0,1.0,0.0,0.0,0.0,0.0,0.0,33.0,1.0,24173097.0,323575633.0,24832653.0,43324943.0,953521955.0,3698.0,12301691251.0,0.0,1.0,1.0,0.0,1.0,0.0,0.0,1.0,1.0,1.0,1.0,2.0,1.0,0.0,0.0,0.0,2.0,0.0,0.0,1.0,1.0,3.0,50.0,50.0,1.0,0.0,0.0,0.0,0.0,0.0,0.0,0.0,0.0,0.0,0.0,2.0,2.0,0.0,1.0,1.0,0.0,1.0,0.0,0.0,0.0,0.0,0.0,1.0,0.0,0.0,1.0,0.0,0.0,0.0,1.0,11.0,0.0,0.0,0.0,0.0,0.0,12.0,0.0,0.0,0.0,0.0,0.0,0.0,0.0,0.0,0.0,1.0,1.0,0.0,0.0,0.0,0.0,1.0,1.0,1.0,0.0,0.0,0.0,0.0,0.0,0.0,1.0,1.0,0.0,0.0,0.0,0.0,0.0,1.0,1.0,0.0,1743827112.0,4350.0,4350.0,4841.0,4841.0,4883.0,0.0,207.0,29456.0,24674.0,24596.0,91.0,0.0,0.0,0.0,147.0,0.0,0.0,73.0,79.0,78.0,31.0,71.0,1337516224.0,0.0,8031295616.0,145218429952.0,1932678816.0,0.0,0.0,3698.0,0.0,0.0,4136.0,156.0,4591.0
1220,0.0,1.0,0.0,0.0,0.0,499200.0,1.0,765000000.0,1.0,102000000.0,0.8578898906710001,14677.0,1522.0,4801.0,40166.6666667,41000.0,42000.0,83.0,25.0,64.0,896.0,5000.0,0.0,25.0,1000000.0,950000.0,1.0,1.0,0.0,10.0,0.0,0.0,0.0,500.0,34584053.0,853322307.0,768534946.0,0.0,0.0,0.0,0.0,0.0,1.0,1.0,1.0,1.0,1.0,0.0,0.0,1.0,0.0,0.0,0.0,0.0,0.0,31.0,1.0,23444135.0,296975422.0,23409902.0,35428653.0,870691012.0,2526.0,11741813739.0,0.0,1.0,1.0,0.0,1.0,0.0,0.0,1.0,1.0,1.0,1.0,2.0,1.0,0.0,0.0,0.0,2.0,0.0,0.0,1.0,1.0,3.0,50.0,50.0,1.0,0.0,0.0,0.0,0.0,0.0,0.0,0.0,0.0,0.0,0.0,2.0,2.0,0.0,1.0,1.0,0.0,1.0,0.0,0.0,0.0,0.0,0.0,1.0,0.0,0.0,1.0,0.0,0.0,0.0,1.0,11.0,0.0,0.0,0.0,0.0,0.0,12.0,0.0,0.0,0.0,0.0,0.0,0.0,0.0,0.0,0.0,1.0,1.0,0.0,0.0,0.0,0.0,1.0,1.0,1.0,0.0,0.0,0.0,0.0,0.0,0.0,1.0,1.0,0.0,0.0,0.0,0.0,0.0,1.0,1.0,0.0,1613079539.0,3030.0,3030.0,4363.0,4363.0,4410.0,0.0,159.0,26259.0,23446.0,23394.0,90.0,0.0,0.0,0.0,126.0,0.0,0.0,49.0,53.0,52.0,24.0,47.0,1260913440.0,0.0,7480194240.0,91839292736.0,1844976768.0,0.0,0.0,2526.0,0.0,0.0,2921.0,104.0,3424.0
1221,0.0,1.0,0.0,0.0,0.0,499200.0,1.0,765000000.0,1.0,102000000.0,0.874315977097,10903.0,1371.0,3505.0,40062.5,40875.0,41750.0,83.0,25.0,64.0,896.0,5000.0,0.0,25.0,1000000.0,950000.0,1.0,1.0,0.0,10.0,0.0,0.0,0.0,500.0,32762326.0,827300359.0,764562356.0,0.0,0.0,0.0,0.0,0.0,1.0,1.0,1.0,1.0,1.0,0.0,0.0,1.0,0.0,0.0,0.0,0.0,0.0,31.0,1.0,22060011.0,288657974.0,23006062.0,34392344.0,852008932.0,2218.0,11407167965.0,0.0,1.0,1.0,0.0,1.0,0.0,0.0,1.0,1.0,1.0,1.0,2.0,1.0,0.0,0.0,0.0,2.0,0.0,0.0,1.0,1.0,3.0,50.0,50.0,1.0,0.0,0.0,0.0,0.0,0.0,0.0,0.0,0.0,0.0,0.0,2.0,2.0,0.0,1.0,1.0,0.0,1.0,0.0,0.0,0.0,0.0,0.0,1.0,0.0,0.0,1.0,0.0,0.0,0.0,1.0,11.0,0.0,0.0,0.0,0.0,0.0,12.0,0.0,0.0,0.0,0.0,0.0,0.0,0.0,0.0,0.0,1.0,1.0,0.0,0.0,0.0,0.0,1.0,1.0,1.0,0.0,0.0,0.0,0.0,0.0,0.0,1.0,1.0,0.0,0.0,0.0,0.0,0.0,1.0,1.0,0.0,1566427332.0,2797.0,2797.0,4110.0,4110.0,4163.0,0.0,170.0,25721.0,23419.0,23367.0,87.0,0.0,0.0,0.0,117.0,0.0,0.0,49.0,53.0,52.0,20.0,47.0,934132096.0,7187584.0,7103038272.0,110770841024.0,2195074016.0,0.0,0.0,2218.0,0.0,0.0,2687.0,104.0,3085.0
1222,0.0,1.0,0.0,0.0,0.0,499200.0,1.0,765000000.0,1.0,102000000.0,0.8607130050660001,10788.0,1218.0,3657.0,40062.5,40875.0,42000.0,83.0,25.0,64.0,896.0,5000.0,0.0,25.0,1000000.0,950000.0,1.0,1.0,0.0,10.0,0.0,0.0,0.0,500.0,34627902.0,851514362.0,784880145.0,0.0,0.0,0.0,0.0,0.0,1.0,1.0,1.0,1.0,1.0,0.0,0.0,1.0,0.0,0.0,0.0,0.0,0.0,33.0,1.0,22643555.0,306977011.0,23251315.0,38142660.0,875804836.0,3345.0,11827202579.0,0.0,1.0,1.0,0.0,1.0,0.0,0.0,1.0,1.0,1.0,1.0,2.0,1.0,0.0,0.0,0.0,2.0,0.0,0.0,1.0,1.0,3.0,50.0,50.0,1.0,0.0,0.0,0.0,0.0,0.0,0.0,0.0,0.0,0.0,0.0,2.0,2.0,0.0,1.0,1.0,0.0,1.0,0.0,0.0,0.0,0.0,0.0,1.0,0.0,0.0,1.0,0.0,0.0,0.0,1.0,11.0,0.0,0.0,0.0,0.0,0.0,12.0,0.0,0.0,0.0,0.0,0.0,0.0,0.0,0.0,0.0,1.0,1.0,0.0,0.0,0.0,0.0,1.0,1.0,1.0,0.0,0.0,0.0,0.0,0.0,0.0,1.0,1.0,0.0,0.0,0.0,0.0,0.0,1.0,1.0,0.0,1635109861.0,4068.0,4068.0,4449.0,4449.0,4508.0,0.0,164.0,25145.0,23202.0,23149.0,71.0,0.0,0.0,0.0,115.0,0.0,0.0,49.0,54.0,53.0,25.0,47.0,850904480.0,0.0,7621232576.0,133223268480.0,1782360160.0,0.0,0.0,3345.0,0.0,0.0,3745.0,106.0,4205.0
1223,0.0,1.0,0.0,0.0,0.0,499200.0,1.0,765000000.0,1.0,102000000.0,0.9213380813600001,14258.0,1523.0,4800.0,40083.3333333,40666.6666667,42000.0,92.0,25.0,64.0,896.0,5000.0,0.0,25.0,1000000.0,950000.0,1.0,0.0,0.0,10.0,0.0,0.0,100.0,100.0,35068771.0,835881507.0,770035697.0,0.0,0.0,0.0,0.0,0.0,1.0,1.0,1.0,1.0,1.0,0.0,0.0,1.0,0.0,0.0,0.0,0.0,0.0,35.0,1.0,22745078.0,301290956.0,22956313.0,35245442.0,863472529.0,2818.0,11228169930.0,0.0,1.0,1.0,0.0,1.0,0.0,0.0,1.0,1.0,1.0,1.0,2.0,1.0,0.0,0.0,0.0,2.0,0.0,0.0,1.0,1.0,3.0,50.0,50.0,1.0,0.0,0.0,0.0,0.0,0.0,0.0,0.0,0.0,0.0,0.0,2.0,2.0,0.0,1.0,1.0,0.0,1.0,0.0,0.0,0.0,0.0,0.0,1.0,0.0,0.0,1.0,0.0,0.0,0.0,1.0,11.0,0.0,0.0,0.0,0.0,0.0,12.0,0.0,0.0,0.0,0.0,0.0,0.0,0.0,0.0,0.0,1.0,1.0,0.0,0.0,0.0,0.0,1.0,1.0,1.0,0.0,0.0,0.0,0.0,0.0,0.0,1.0,1.0,0.0,0.0,0.0,0.0,0.0,1.0,1.0,0.0,1610904360.0,3527.0,3527.0,4146.0,4146.0,4192.0,0.0,166.0,26390.0,23251.0,23199.0,55.0,0.0,0.0,0.0,132.0,0.0,0.0,49.0,53.0,52.0,26.0,47.0,1028498688.0,0.0,7200071776.0,192890745664.0,2129754688.0,0.0,0.0,2818.0,0.0,0.0,3241.0,104.0,3646.0
1224,0.0,1.0,0.0,0.0,0.0,499200.0,1.0,765000000.0,1.0,102000000.0,0.90119600296,10865.0,1218.0,3581.0,40083.3333333,40583.3333333,41750.0,92.0,25.0,64.0,896.0,5000.0,0.0,25.0,1000000.0,950000.0,1.0,0.0,0.0,10.0,0.0,0.0,100.0,100.0,37665304.0,880531562.0,791156051.0,0.0,0.0,0.0,0.0,0.0,1.0,1.0,1.0,1.0,1.0,0.0,0.0,1.0,0.0,0.0,0.0,0.0,0.0,32.0,1.0,23646008.0,303013128.0,24367522.0,39808133.0,892047865.0,3096.0,11873154483.0,0.0,1.0,1.0,0.0,1.0,0.0,0.0,1.0,1.0,1.0,1.0,2.0,1.0,0.0,0.0,0.0,2.0,0.0,0.0,1.0,1.0,3.0,50.0,50.0,1.0,0.0,0.0,0.0,0.0,0.0,0.0,0.0,0.0,0.0,0.0,2.0,2.0,0.0,1.0,1.0,0.0,1.0,0.0,0.0,0.0,0.0,0.0,1.0,0.0,0.0,1.0,0.0,0.0,0.0,1.0,11.0,0.0,0.0,0.0,0.0,0.0,12.0,0.0,0.0,0.0,0.0,0.0,0.0,0.0,0.0,0.0,1.0,1.0,0.0,0.0,0.0,0.0,1.0,1.0,1.0,0.0,0.0,0.0,0.0,0.0,0.0,1.0,1.0,0.0,0.0,0.0,0.0,0.0,1.0,1.0,0.0,1667505882.0,3677.0,3677.0,4524.0,4524.0,4572.0,0.0,172.0,27547.0,24116.0,24052.0,72.0,0.0,0.0,0.0,117.0,0.0,0.0,61.0,65.0,64.0,16.0,59.0,1244299296.0,0.0,7582736320.0,177874613952.0,2015068224.0,0.0,0.0,3096.0,0.0,0.0,3669.0,128.0,3978.0
1225,0.0,1.0,0.0,0.0,0.0,499200.0,1.0,765000000.0,1.0,102000000.0,0.893614053726,17500.0,1751.0,5487.0,40062.5,40625.0,41500.0,92.0,25.0,64.0,896.0,5000.0,0.0,25.0,1000000.0,950000.0,1.0,0.0,0.0,10.0,0.0,0.0,100.0,100.0,37716718.0,868165408.0,793507619.0,0.0,0.0,0.0,0.0,0.0,1.0,1.0,1.0,1.0,1.0,0.0,0.0,1.0,0.0,0.0,0.0,0.0,0.0,34.0,1.0,24325701.0,317477224.0,24407805.0,41627434.0,898396460.0,3266.0,11613950682.0,0.0,1.0,1.0,0.0,1.0,0.0,0.0,1.0,1.0,1.0,1.0,2.0,1.0,0.0,0.0,0.0,2.0,0.0,0.0,1.0,1.0,3.0,50.0,50.0,1.0,0.0,0.0,0.0,0.0,0.0,0.0,0.0,0.0,0.0,0.0,2.0,2.0,0.0,1.0,1.0,0.0,1.0,0.0,0.0,0.0,0.0,0.0,1.0,0.0,0.0,1.0,0.0,0.0,0.0,1.0,11.0,0.0,0.0,0.0,0.0,0.0,12.0,0.0,0.0,0.0,0.0,0.0,0.0,0.0,0.0,0.0,1.0,1.0,0.0,0.0,0.0,0.0,1.0,1.0,1.0,0.0,0.0,0.0,0.0,0.0,0.0,1.0,1.0,0.0,0.0,0.0,0.0,0.0,1.0,1.0,0.0,1681494783.0,3818.0,3818.0,4631.0,4631.0,4681.0,0.0,196.0,28585.0,24331.0,24265.0,87.0,0.0,0.0,0.0,142.0,0.0,0.0,61.0,67.0,66.0,28.0,59.0,1138750752.0,0.0,7735260928.0,160460595104.0,2389761024.0,0.0,0.0,3266.0,0.0,0.0,3707.0,132.0,4284.0
1226,0.0,1.0,0.0,0.0,0.0,499200.0,1.0,765000000.0,1.0,102000000.0,0.862661838531,14143.0,1599.0,4496.0,40000.0,41000.0,42000.0,75.0,25.0,64.0,896.0,5000.0,0.0,25.0,1000000.0,950000.0,1.0,1.0,0.0,10.0,0.0,0.0,100.0,100.0,31994859.0,806235285.0,740514826.0,0.0,0.0,0.0,0.0,0.0,1.0,1.0,1.0,1.0,1.0,0.0,0.0,1.0,0.0,0.0,0.0,0.0,0.0,36.0,1.0,21911400.0,296647399.0,22380132.0,32727801.0,834647278.0,2172.0,10812608146.0,0.0,1.0,1.0,0.0,1.0,0.0,0.0,1.0,1.0,1.0,1.0,2.0,1.0,0.0,0.0,0.0,2.0,0.0,0.0,1.0,1.0,3.0,50.0,50.0,1.0,0.0,0.0,0.0,0.0,0.0,0.0,0.0,0.0,0.0,0.0,2.0,2.0,0.0,1.0,1.0,0.0,1.0,0.0,0.0,0.0,0.0,0.0,1.0,0.0,0.0,1.0,0.0,0.0,0.0,1.0,11.0,0.0,0.0,0.0,0.0,0.0,12.0,0.0,0.0,0.0,0.0,0.0,0.0,0.0,0.0,0.0,1.0,1.0,0.0,0.0,0.0,0.0,1.0,1.0,1.0,0.0,0.0,0.0,0.0,0.0,0.0,1.0,1.0,0.0,0.0,0.0,0.0,0.0,1.0,1.0,0.0,1592209919.0,2794.0,2794.0,4158.0,4158.0,4192.0,0.0,151.0,25145.0,23095.0,23049.0,50.0,0.0,0.0,0.0,123.0,0.0,0.0,43.0,47.0,46.0,17.0,41.0,1223649568.0,0.0,6861751488.0,108540635296.0,1533486368.0,0.0,0.0,2172.0,0.0,0.0,2578.0,92.0,3064.0
1227,0.0,1.0,0.0,0.0,0.0,499200.0,1.0,765000000.0,1.0,102000000.0,0.858372926712,10524.0,1294.0,3353.0,40083.3333333,40666.6666667,41666.6666667,75.0,25.0,64.0,896.0,5000.0,0.0,25.0,1000000.0,950000.0,1.0,1.0,0.0,10.0,0.0,0.0,100.0,100.0,32259497.0,817306980.0,747162787.0,0.0,0.0,0.0,0.0,0.0,1.0,1.0,1.0,1.0,1.0,0.0,0.0,1.0,0.0,0.0,0.0,0.0,0.0,32.0,1.0,22013677.0,292914572.0,22326394.0,33222375.0,853559091.0,2456.0,10912421866.0,0.0,1.0,1.0,0.0,1.0,0.0,0.0,1.0,1.0,1.0,1.0,2.0,1.0,0.0,0.0,0.0,2.0,0.0,0.0,1.0,1.0,3.0,50.0,50.0,1.0,0.0,0.0,0.0,0.0,0.0,0.0,0.0,0.0,0.0,0.0,2.0,2.0,0.0,1.0,1.0,0.0,1.0,0.0,0.0,0.0,0.0,0.0,1.0,0.0,0.0,1.0,0.0,0.0,0.0,1.0,11.0,0.0,0.0,0.0,0.0,0.0,12.0,0.0,0.0,0.0,0.0,0.0,0.0,0.0,0.0,0.0,1.0,1.0,0.0,0.0,0.0,0.0,1.0,1.0,1.0,0.0,0.0,0.0,0.0,0.0,0.0,1.0,1.0,0.0,0.0,0.0,0.0,0.0,1.0,1.0,0.0,1583856790.0,3073.0,3073.0,4068.0,4068.0,4110.0,0.0,140.0,25193.0,22956.0,22910.0,89.0,0.0,0.0,0.0,115.0,0.0,0.0,43.0,47.0,46.0,23.0,41.0,745045856.0,0.0,6937889376.0,115564847680.0,2099743232.0,0.0,0.0,2456.0,0.0,0.0,2830.0,92.0,3202.0
1228,0.0,1.0,0.0,0.0,0.0,499200.0,1.0,765000000.0,1.0,102000000.0,0.852577924728,10751.0,1142.0,3581.0,40000.0,40666.6666667,41666.6666667,75.0,25.0,64.0,896.0,5000.0,0.0,25.0,1000000.0,950000.0,1.0,1.0,0.0,10.0,0.0,0.0,100.0,100.0,33047115.0,822403695.0,750369382.0,0.0,0.0,0.0,0.0,0.0,1.0,1.0,1.0,1.0,1.0,0.0,0.0,1.0,0.0,0.0,0.0,0.0,0.0,35.0,1.0,21352827.0,291729091.0,21564634.0,34080351.0,833910358.0,2673.0,10587266255.0,0.0,1.0,1.0,0.0,1.0,0.0,0.0,1.0,1.0,1.0,1.0,2.0,1.0,0.0,0.0,0.0,2.0,0.0,0.0,1.0,1.0,3.0,50.0,50.0,1.0,0.0,0.0,0.0,0.0,0.0,0.0,0.0,0.0,0.0,0.0,2.0,2.0,0.0,1.0,1.0,0.0,1.0,0.0,0.0,0.0,0.0,0.0,1.0,0.0,0.0,1.0,0.0,0.0,0.0,1.0,11.0,0.0,0.0,0.0,0.0,0.0,12.0,0.0,0.0,0.0,0.0,0.0,0.0,0.0,0.0,0.0,1.0,1.0,0.0,0.0,0.0,0.0,1.0,1.0,1.0,0.0,0.0,0.0,0.0,0.0,0.0,1.0,1.0,0.0,0.0,0.0,0.0,0.0,1.0,1.0,0.0,1580701757.0,3333.0,3333.0,4105.0,4105.0,4138.0,0.0,145.0,24497.0,22888.0,22843.0,117.0,0.0,0.0,0.0,135.0,0.0,0.0,43.0,46.0,45.0,15.0,41.0,1072821568.0,0.0,6770687008.0,126385818720.0,1556579968.0,0.0,0.0,2673.0,0.0,0.0,3081.0,90.0,3455.0
1229,0.0,1.0,0.0,0.0,0.0,499200.0,1.0,765000000.0,1.0,102000000.0,0.870274066925,14410.0,1370.0,4724.0,40062.5,40625.0,41875.0,84.0,25.0,64.0,896.0,5000.0,0.0,25.0,1000000.0,950000.0,1.0,0.0,0.0,10.0,0.0,0.0,100.0,500.0,36869722.0,851143441.0,789360676.0,0.0,0.0,0.0,0.0,0.0,1.0,1.0,1.0,1.0,1.0,0.0,0.0,1.0,0.0,0.0,0.0,0.0,0.0,31.0,1.0,24050251.0,309902173.0,24540792.0,38049208.0,885673894.0,2794.0,12031665805.0,0.0,1.0,1.0,0.0,1.0,0.0,0.0,1.0,1.0,1.0,1.0,2.0,1.0,0.0,0.0,0.0,2.0,0.0,0.0,1.0,1.0,3.0,50.0,50.0,1.0,0.0,0.0,0.0,0.0,0.0,0.0,0.0,0.0,0.0,0.0,2.0,2.0,0.0,1.0,1.0,0.0,1.0,0.0,0.0,0.0,0.0,0.0,1.0,0.0,0.0,1.0,0.0,0.0,0.0,1.0,11.0,0.0,0.0,0.0,0.0,0.0,12.0,0.0,0.0,0.0,0.0,0.0,0.0,0.0,0.0,0.0,1.0,1.0,0.0,0.0,0.0,0.0,1.0,1.0,1.0,0.0,0.0,0.0,0.0,0.0,0.0,1.0,1.0,0.0,0.0,0.0,0.0,0.0,1.0,1.0,0.0,1644448811.0,3530.0,3530.0,4801.0,4801.0,4832.0,0.0,178.0,27584.0,23897.0,23838.0,83.0,0.0,0.0,0.0,132.0,0.0,0.0,55.0,60.0,59.0,24.0,53.0,1333181184.0,0.0,7904959360.0,126407721056.0,2070043904.0,0.0,0.0,2794.0,0.0,0.0,3345.0,118.0,3893.0
1230,0.0,1.0,0.0,0.0,0.0,499200.0,1.0,765000000.0,1.0,102000000.0,0.9269599914550001,10903.0,1142.0,3581.0,40000.0,40666.6666667,41500.0,84.0,25.0,64.0,896.0,5000.0,0.0,25.0,1000000.0,950000.0,1.0,0.0,0.0,10.0,0.0,0.0,100.0,500.0,31961221.0,813165231.0,751782933.0,0.0,0.0,0.0,0.0,0.0,1.0,1.0,1.0,1.0,1.0,0.0,0.0,1.0,0.0,0.0,0.0,0.0,0.0,31.0,1.0,21759350.0,281703431.0,22033589.0,33045441.0,828012965.0,2364.0,10956988382.0,0.0,1.0,1.0,0.0,1.0,0.0,0.0,1.0,1.0,1.0,1.0,2.0,1.0,0.0,0.0,0.0,2.0,0.0,0.0,1.0,1.0,3.0,50.0,50.0,1.0,0.0,0.0,0.0,0.0,0.0,0.0,0.0,0.0,0.0,0.0,2.0,2.0,0.0,1.0,1.0,0.0,1.0,0.0,0.0,0.0,0.0,0.0,1.0,0.0,0.0,1.0,0.0,0.0,0.0,1.0,11.0,0.0,0.0,0.0,0.0,0.0,12.0,0.0,0.0,0.0,0.0,0.0,0.0,0.0,0.0,0.0,1.0,1.0,0.0,0.0,0.0,0.0,1.0,1.0,1.0,0.0,0.0,0.0,0.0,0.0,0.0,1.0,1.0,0.0,0.0,0.0,0.0,0.0,1.0,1.0,0.0,1563504775.0,2965.0,2965.0,4080.0,4080.0,4106.0,0.0,158.0,24586.0,22977.0,22932.0,47.0,0.0,0.0,0.0,112.0,0.0,0.0,43.0,46.0,45.0,16.0,41.0,642486624.0,0.0,6810656864.0,163055395520.0,1712290112.0,0.0,0.0,2364.0,0.0,0.0,2749.0,90.0,3115.0
1231,0.0,1.0,0.0,0.0,0.0,499200.0,1.0,765000000.0,1.0,102000000.0,0.8540129661560001,14107.0,1599.0,4572.0,40000.0,40375.0,41625.0,84.0,25.0,64.0,896.0,5000.0,0.0,25.0,1000000.0,950000.0,1.0,0.0,0.0,10.0,0.0,0.0,100.0,500.0,33365017.0,837323875.0,772904679.0,0.0,0.0,0.0,0.0,0.0,1.0,1.0,1.0,1.0,1.0,0.0,0.0,1.0,0.0,0.0,0.0,0.0,0.0,33.0,1.0,22451075.0,309768992.0,22952036.0,36118336.0,856650499.0,2214.0,11375755135.0,0.0,1.0,1.0,0.0,1.0,0.0,0.0,1.0,1.0,1.0,1.0,2.0,1.0,0.0,0.0,0.0,2.0,0.0,0.0,1.0,1.0,3.0,50.0,50.0,1.0,0.0,0.0,0.0,0.0,0.0,0.0,0.0,0.0,0.0,0.0,2.0,2.0,0.0,1.0,1.0,0.0,1.0,0.0,0.0,0.0,0.0,0.0,1.0,0.0,0.0,1.0,0.0,0.0,0.0,1.0,11.0,0.0,0.0,0.0,0.0,0.0,12.0,0.0,0.0,0.0,0.0,0.0,0.0,0.0,0.0,0.0,1.0,1.0,0.0,0.0,0.0,0.0,1.0,1.0,1.0,0.0,0.0,0.0,0.0,0.0,0.0,1.0,1.0,0.0,0.0,0.0,0.0,0.0,1.0,1.0,0.0,1607689793.0,2882.0,2882.0,4421.0,4421.0,4476.0,0.0,150.0,26747.0,23610.0,23552.0,126.0,0.0,0.0,0.0,127.0,0.0,0.0,55.0,59.0,58.0,23.0,53.0,1209144096.0,0.0,7272494464.0,108135899648.0,1963320896.0,0.0,0.0,2214.0,0.0,0.0,2573.0,116.0,2995.0
1232,0.0,1.0,0.0,0.0,0.0,499200.0,1.0,765000000.0,1.0,102000000.0,0.936817884445,10445.0,1066.0,3353.0,39916.6666667,40333.3333333,41666.6666667,70.0,25.0,64.0,896.0,5000.0,0.0,25.0,1000000.0,950000.0,1.0,1.0,0.0,10.0,0.0,0.0,100.0,500.0,32060394.0,832043611.0,754429564.0,0.0,0.0,0.0,0.0,0.0,1.0,1.0,1.0,1.0,1.0,0.0,0.0,1.0,0.0,0.0,0.0,0.0,0.0,34.0,1.0,21821183.0,296536375.0,22155497.0,34627834.0,843993397.0,3011.0,10929379597.0,0.0,1.0,1.0,0.0,1.0,0.0,0.0,1.0,1.0,1.0,1.0,2.0,1.0,0.0,0.0,0.0,2.0,0.0,0.0,1.0,1.0,3.0,50.0,50.0,1.0,0.0,0.0,0.0,0.0,0.0,0.0,0.0,0.0,0.0,0.0,2.0,2.0,0.0,1.0,1.0,0.0,1.0,0.0,0.0,0.0,0.0,0.0,1.0,0.0,0.0,1.0,0.0,0.0,0.0,1.0,11.0,0.0,0.0,0.0,0.0,0.0,12.0,0.0,0.0,0.0,0.0,0.0,0.0,0.0,0.0,0.0,1.0,1.0,0.0,0.0,0.0,0.0,1.0,1.0,1.0,0.0,0.0,0.0,0.0,0.0,0.0,1.0,1.0,0.0,0.0,0.0,0.0,0.0,1.0,1.0,0.0,1583710581.0,3644.0,3644.0,4144.0,4144.0,4174.0,0.0,150.0,24874.0,23072.0,23025.0,77.0,0.0,0.0,0.0,103.0,0.0,0.0,43.0,48.0,47.0,15.0,41.0,933020896.0,0.0,6991858240.0,115245571808.0,1943736704.0,0.0,0.0,3011.0,0.0,0.0,3421.0,94.0,3831.0
1233,0.0,1.0,0.0,0.0,0.0,499200.0,1.0,765000000.0,1.0,102000000.0,0.861825942993,15781.0,1446.0,4648.0,39950.0,40600.0,41600.0,70.0,25.0,64.0,896.0,5000.0,0.0,25.0,1000000.0,950000.0,1.0,1.0,0.0,10.0,0.0,0.0,100.0,500.0,38541406.0,890425579.0,824786134.0,0.0,0.0,0.0,0.0,0.0,1.0,1.0,1.0,1.0,1.0,0.0,0.0,1.0,0.0,0.0,0.0,0.0,0.0,32.0,1.0,24424448.0,318093649.0,24896644.0,38838927.0,916284521.0,2853.0,12400005309.0,0.0,1.0,1.0,0.0,1.0,0.0,0.0,1.0,1.0,1.0,1.0,2.0,1.0,0.0,0.0,0.0,2.0,0.0,0.0,1.0,1.0,3.0,50.0,50.0,1.0,0.0,0.0,0.0,0.0,0.0,0.0,0.0,0.0,0.0,0.0,2.0,2.0,0.0,1.0,1.0,0.0,1.0,0.0,0.0,0.0,0.0,0.0,1.0,0.0,0.0,1.0,0.0,0.0,0.0,1.0,11.0,0.0,0.0,0.0,0.0,0.0,12.0,0.0,0.0,0.0,0.0,0.0,0.0,0.0,0.0,0.0,1.0,1.0,0.0,0.0,0.0,0.0,1.0,1.0,1.0,0.0,0.0,0.0,0.0,0.0,0.0,1.0,1.0,0.0,0.0,0.0,0.0,0.0,1.0,1.0,0.0,1663933210.0,3430.0,3430.0,4872.0,4872.0,4923.0,0.0,227.0,29472.0,24376.0,24311.0,106.0,0.0,0.0,0.0,187.0,0.0,0.0,61.0,66.0,65.0,30.0,59.0,1347051648.0,0.0,8052227552.0,132638849664.0,2191698080.0,0.0,0.0,2853.0,0.0,0.0,3308.0,130.0,3813.0
1234,0.0,1.0,0.0,0.0,0.0,499200.0,1.0,765000000.0,1.0,102000000.0,0.981756925583,12045.0,1218.0,3581.0,39900.0,40600.0,41900.0,70.0,25.0,64.0,896.0,5000.0,0.0,25.0,1000000.0,950000.0,1.0,1.0,0.0,10.0,0.0,0.0,100.0,500.0,38179977.0,855887042.0,802545295.0,0.0,0.0,0.0,0.0,0.0,1.0,1.0,1.0,1.0,1.0,0.0,0.0,1.0,0.0,0.0,0.0,0.0,0.0,33.0,1.0,22782075.0,304310906.0,23362782.0,38274423.0,878973532.0,3470.0,11475386081.0,0.0,1.0,1.0,0.0,1.0,0.0,0.0,1.0,1.0,1.0,1.0,2.0,1.0,0.0,0.0,0.0,2.0,0.0,0.0,1.0,1.0,3.0,50.0,50.0,1.0,0.0,0.0,0.0,0.0,0.0,0.0,0.0,0.0,0.0,0.0,2.0,2.0,0.0,1.0,1.0,0.0,1.0,0.0,0.0,0.0,0.0,0.0,1.0,0.0,0.0,1.0,0.0,0.0,0.0,1.0,11.0,0.0,0.0,0.0,0.0,0.0,12.0,0.0,0.0,0.0,0.0,0.0,0.0,0.0,0.0,0.0,1.0,1.0,0.0,0.0,0.0,0.0,1.0,1.0,1.0,0.0,0.0,0.0,0.0,0.0,0.0,1.0,1.0,0.0,0.0,0.0,0.0,0.0,1.0,1.0,0.0,1649528932.0,4093.0,4093.0,4477.0,4477.0,4527.0,0.0,175.0,25968.0,23788.0,23730.0,95.0,0.0,0.0,0.0,149.0,0.0,0.0,55.0,59.0,58.0,15.0,53.0,977995840.0,0.0,7490149280.0,166382832960.0,2453641568.0,0.0,0.0,3470.0,0.0,0.0,4020.0,116.0,4325.0
1235,0.0,1.0,1.0,0.0,1.0,499200.0,1.0,318750000.0,1.0,408000000.0,0.31262588501,8575.0,837.0,2438.0,39875.0,40750.0,42000.0,77.0,25.0,64.0,896.0,5000.0,0.0,25.0,1000000.0,950000.0,1.0,0.0,0.0,10.0,0.0,0.0,0.0,100.0,23679887.0,631478830.0,620867470.0,0.0,0.0,0.0,0.0,0.0,1.0,1.0,1.0,1.0,1.0,0.0,0.0,1.0,0.0,0.0,0.0,0.0,0.0,28.0,1.0,16026238.0,277051448.0,16063421.0,23625982.0,659192852.0,799.0,3382854697.0,0.0,1.0,1.0,0.0,1.0,0.0,0.0,1.0,1.0,1.0,1.0,2.0,1.0,0.0,0.0,0.0,2.0,0.0,0.0,1.0,1.0,3.0,50.0,50.0,1.0,0.0,0.0,0.0,0.0,0.0,0.0,0.0,0.0,0.0,0.0,2.0,2.0,0.0,1.0,1.0,0.0,1.0,0.0,0.0,0.0,0.0,0.0,1.0,0.0,0.0,1.0,0.0,0.0,0.0,1.0,10.0,0.0,0.0,0.0,0.0,0.0,11.0,0.0,0.0,0.0,0.0,0.0,0.0,0.0,0.0,0.0,1.0,1.0,0.0,0.0,0.0,0.0,1.0,1.0,1.0,0.0,0.0,0.0,0.0,0.0,0.0,1.0,1.0,0.0,0.0,0.0,0.0,0.0,1.0,1.0,0.0,1394347014.0,652.0,652.0,1641.0,1641.0,1680.0,0.0,84.0,21190.0,22146.0,22112.0,78.0,0.0,0.0,0.0,71.0,0.0,0.0,31.0,35.0,34.0,11.0,29.0,120563872.0,0.0,2215655648.0,13057982944.0,203902784.0,0.0,0.0,799.0,0.0,0.0,971.0,68.0,1210.0
1236,0.0,1.0,1.0,0.0,1.0,499200.0,1.0,318750000.0,1.0,408000000.0,0.306543827057,7625.0,837.0,2362.0,40125.0,41000.0,41750.0,77.0,25.0,64.0,896.0,5000.0,0.0,25.0,1000000.0,950000.0,1.0,0.0,0.0,10.0,0.0,0.0,0.0,100.0,23593658.0,646611374.0,635686156.0,0.0,0.0,0.0,0.0,0.0,1.0,1.0,1.0,1.0,1.0,0.0,0.0,1.0,0.0,0.0,0.0,0.0,0.0,27.0,1.0,15930587.0,272083711.0,15745498.0,23866282.0,647637020.0,776.0,3323143107.0,0.0,1.0,1.0,0.0,1.0,0.0,0.0,1.0,1.0,1.0,1.0,2.0,1.0,0.0,0.0,0.0,2.0,0.0,0.0,1.0,1.0,3.0,50.0,50.0,1.0,0.0,0.0,0.0,0.0,0.0,0.0,0.0,0.0,0.0,0.0,2.0,2.0,0.0,1.0,1.0,0.0,1.0,0.0,0.0,0.0,0.0,0.0,1.0,0.0,0.0,1.0,0.0,0.0,0.0,1.0,10.0,0.0,0.0,0.0,0.0,0.0,11.0,0.0,0.0,0.0,0.0,0.0,0.0,0.0,0.0,0.0,1.0,1.0,0.0,0.0,0.0,0.0,1.0,1.0,1.0,0.0,0.0,0.0,0.0,0.0,0.0,1.0,1.0,0.0,0.0,0.0,0.0,0.0,1.0,1.0,0.0,1366047065.0,648.0,648.0,1646.0,1646.0,1690.0,0.0,77.0,21550.0,22117.0,22083.0,52.0,0.0,0.0,0.0,94.0,0.0,0.0,31.0,35.0,34.0,10.0,29.0,38401280.0,0.0,2251016512.0,27356869824.0,189551488.0,0.0,0.0,776.0,0.0,0.0,965.0,68.0,1155.0
1237,0.0,1.0,1.0,0.0,1.0,499200.0,1.0,318750000.0,1.0,408000000.0,0.308720111847,12047.0,1371.0,3581.0,39875.0,41000.0,42000.0,77.0,25.0,64.0,896.0,5000.0,0.0,25.0,1000000.0,950000.0,1.0,0.0,0.0,10.0,0.0,0.0,0.0,100.0,26374074.0,653384100.0,652859471.0,0.0,0.0,0.0,0.0,0.0,1.0,1.0,1.0,1.0,1.0,0.0,0.0,1.0,0.0,0.0,0.0,0.0,0.0,27.0,1.0,16831685.0,300887115.0,16405184.0,26207808.0,664091373.0,918.0,3560049974.0,0.0,1.0,1.0,0.0,1.0,0.0,0.0,1.0,1.0,1.0,1.0,2.0,1.0,0.0,0.0,0.0,2.0,0.0,0.0,1.0,1.0,3.0,50.0,50.0,1.0,0.0,0.0,0.0,0.0,0.0,0.0,0.0,0.0,0.0,0.0,2.0,2.0,0.0,1.0,1.0,0.0,1.0,0.0,0.0,0.0,0.0,0.0,1.0,0.0,0.0,1.0,0.0,0.0,0.0,1.0,10.0,0.0,0.0,0.0,0.0,0.0,11.0,0.0,0.0,0.0,0.0,0.0,0.0,0.0,0.0,0.0,1.0,1.0,0.0,0.0,0.0,0.0,1.0,1.0,1.0,0.0,0.0,0.0,0.0,0.0,0.0,1.0,1.0,0.0,0.0,0.0,0.0,0.0,1.0,1.0,0.0,1359626354.0,763.0,763.0,1859.0,1859.0,1901.0,0.0,107.0,23000.0,22470.0,22429.0,50.0,0.0,0.0,0.0,107.0,0.0,0.0,37.0,42.0,41.0,12.0,35.0,45006848.0,0.0,2596833952.0,25091066656.0,223704416.0,0.0,0.0,918.0,0.0,0.0,1145.0,82.0,1391.0
1238,0.0,1.0,1.0,0.0,1.0,499200.0,1.0,318750000.0,1.0,408000000.0,0.310320854187,7701.0,837.0,2210.0,40125.0,41000.0,41750.0,92.0,25.0,64.0,896.0,5000.0,0.0,25.0,1000000.0,950000.0,1.0,1.0,0.0,10.0,0.0,0.0,0.0,100.0,22934257.0,642184311.0,613923094.0,0.0,0.0,0.0,0.0,0.0,1.0,1.0,1.0,1.0,1.0,0.0,0.0,1.0,0.0,0.0,0.0,0.0,0.0,32.0,1.0,15763456.0,272400565.0,15790248.0,24711663.0,643560583.0,831.0,3235343666.0,0.0,1.0,1.0,0.0,1.0,0.0,0.0,1.0,1.0,1.0,1.0,2.0,1.0,0.0,0.0,0.0,2.0,0.0,0.0,1.0,1.0,3.0,50.0,50.0,1.0,0.0,0.0,0.0,0.0,0.0,0.0,0.0,0.0,0.0,0.0,2.0,2.0,0.0,1.0,1.0,0.0,1.0,0.0,0.0,0.0,0.0,0.0,1.0,0.0,0.0,1.0,0.0,0.0,0.0,1.0,11.0,0.0,0.0,0.0,0.0,0.0,12.0,0.0,0.0,0.0,0.0,0.0,0.0,0.0,0.0,0.0,1.0,1.0,0.0,0.0,0.0,0.0,1.0,1.0,1.0,0.0,0.0,0.0,0.0,0.0,0.0,1.0,1.0,0.0,0.0,0.0,0.0,0.0,1.0,1.0,0.0,1354972596.0,742.0,742.0,1732.0,1732.0,1766.0,0.0,78.0,21488.0,22002.0,21968.0,107.0,0.0,0.0,0.0,86.0,0.0,0.0,31.0,35.0,34.0,11.0,29.0,330680704.0,0.0,2327668192.0,19243549216.0,207710176.0,0.0,0.0,831.0,0.0,0.0,1050.0,68.0,1241.0
1239,0.0,1.0,1.0,0.0,1.0,499200.0,1.0,318750000.0,1.0,408000000.0,0.30793094635,7777.0,837.0,2590.0,40250.0,41000.0,42000.0,92.0,25.0,64.0,896.0,5000.0,0.0,25.0,1000000.0,950000.0,1.0,1.0,0.0,10.0,0.0,0.0,0.0,100.0,22234462.0,630740479.0,596232984.0,0.0,0.0,0.0,0.0,0.0,1.0,1.0,1.0,1.0,1.0,0.0,0.0,1.0,0.0,0.0,0.0,0.0,0.0,30.0,1.0,15209749.0,257016783.0,15574890.0,24058678.0,655339951.0,653.0,3254830046.0,0.0,1.0,1.0,0.0,1.0,0.0,0.0,1.0,1.0,1.0,1.0,2.0,1.0,0.0,0.0,0.0,2.0,0.0,0.0,1.0,1.0,3.0,50.0,50.0,1.0,0.0,0.0,0.0,0.0,0.0,0.0,0.0,0.0,0.0,0.0,2.0,2.0,0.0,1.0,1.0,0.0,1.0,0.0,0.0,0.0,0.0,0.0,1.0,0.0,0.0,1.0,0.0,0.0,0.0,1.0,10.0,0.0,0.0,0.0,0.0,0.0,11.0,0.0,0.0,0.0,0.0,0.0,0.0,0.0,0.0,0.0,1.0,1.0,0.0,0.0,0.0,0.0,1.0,1.0,1.0,0.0,0.0,0.0,0.0,0.0,0.0,1.0,1.0,0.0,0.0,0.0,0.0,0.0,1.0,1.0,0.0,1387682326.0,645.0,645.0,1681.0,1681.0,1709.0,0.0,74.0,21133.0,21862.0,21828.0,70.0,0.0,0.0,0.0,69.0,0.0,0.0,31.0,35.0,34.0,7.0,29.0,118661248.0,0.0,2198504352.0,23341066720.0,148502624.0,0.0,0.0,653.0,0.0,0.0,810.0,68.0,1004.0
1240,0.0,1.0,1.0,0.0,1.0,499200.0,1.0,318750000.0,1.0,408000000.0,0.318712949753,7701.0,837.0,2438.0,40250.0,41000.0,41750.0,92.0,25.0,64.0,896.0,5000.0,0.0,25.0,1000000.0,950000.0,1.0,1.0,0.0,10.0,0.0,0.0,0.0,100.0,20939652.0,646538381.0,615533031.0,0.0,0.0,0.0,0.0,0.0,1.0,1.0,1.0,1.0,1.0,0.0,0.0,1.0,0.0,0.0,0.0,0.0,0.0,33.0,1.0,15182129.0,276055881.0,15045511.0,23564406.0,653300024.0,662.0,3357670739.0,0.0,1.0,1.0,0.0,1.0,0.0,0.0,1.0,1.0,1.0,1.0,2.0,1.0,0.0,0.0,0.0,2.0,0.0,0.0,1.0,1.0,3.0,50.0,50.0,1.0,0.0,0.0,0.0,0.0,0.0,0.0,0.0,0.0,0.0,0.0,2.0,2.0,0.0,1.0,1.0,0.0,1.0,0.0,0.0,0.0,0.0,0.0,1.0,0.0,0.0,1.0,0.0,0.0,0.0,1.0,11.0,0.0,0.0,0.0,0.0,0.0,12.0,0.0,0.0,0.0,0.0,0.0,0.0,0.0,0.0,0.0,1.0,1.0,0.0,0.0,0.0,0.0,1.0,1.0,1.0,0.0,0.0,0.0,0.0,0.0,0.0,1.0,1.0,0.0,0.0,0.0,0.0,0.0,1.0,1.0,0.0,1346930799.0,590.0,590.0,1644.0,1644.0,1680.0,0.0,83.0,21061.0,22047.0,22013.0,75.0,0.0,0.0,0.0,69.0,0.0,0.0,31.0,35.0,34.0,14.0,29.0,118948544.0,279808.0,2138909664.0,22367894304.0,136988992.0,0.0,0.0,662.0,0.0,0.0,826.0,68.0,1057.0
1241,0.0,1.0,1.0,0.0,1.0,499200.0,1.0,318750000.0,1.0,408000000.0,0.315096139908,11856.0,1294.0,3581.0,40000.0,41000.0,42000.0,88.0,25.0,64.0,896.0,5000.0,0.0,25.0,1000000.0,950000.0,1.0,0.0,0.0,10.0,0.0,0.0,0.0,500.0,25649328.0,646762488.0,628555402.0,0.0,0.0,0.0,0.0,0.0,1.0,1.0,1.0,1.0,1.0,0.0,0.0,1.0,0.0,0.0,0.0,0.0,0.0,28.0,1.0,15965863.0,286261508.0,15731582.0,26752097.0,667202606.0,937.0,3350810600.0,0.0,1.0,1.0,0.0,1.0,0.0,0.0,1.0,1.0,1.0,1.0,2.0,1.0,0.0,0.0,0.0,2.0,0.0,0.0,1.0,1.0,3.0,50.0,50.0,1.0,0.0,0.0,0.0,0.0,0.0,0.0,0.0,0.0,0.0,0.0,2.0,2.0,0.0,1.0,1.0,0.0,1.0,0.0,0.0,0.0,0.0,0.0,1.0,0.0,0.0,1.0,0.0,0.0,0.0,1.0,10.0,0.0,0.0,0.0,0.0,0.0,11.0,0.0,0.0,0.0,0.0,0.0,0.0,0.0,0.0,0.0,1.0,1.0,0.0,0.0,0.0,0.0,1.0,1.0,1.0,0.0,0.0,0.0,0.0,0.0,0.0,1.0,1.0,0.0,0.0,0.0,0.0,0.0,1.0,1.0,0.0,1382197683.0,714.0,714.0,1730.0,1730.0,1768.0,0.0,124.0,23929.0,22555.0,22514.0,59.0,0.0,0.0,0.0,117.0,0.0,0.0,37.0,42.0,41.0,10.0,35.0,125595936.0,0.0,2412512928.0,26814152480.0,218172608.0,0.0,0.0,937.0,0.0,0.0,1169.0,82.0,1338.0
1242,0.0,1.0,1.0,0.0,1.0,499200.0,1.0,318750000.0,1.0,408000000.0,0.30838418006900004,7777.0,837.0,2438.0,39500.0,41000.0,41750.0,88.0,25.0,64.0,896.0,5000.0,0.0,25.0,1000000.0,950000.0,1.0,0.0,0.0,10.0,0.0,0.0,0.0,500.0,23601784.0,617088209.0,614132562.0,0.0,0.0,0.0,0.0,0.0,1.0,1.0,1.0,1.0,1.0,0.0,0.0,1.0,0.0,0.0,0.0,0.0,0.0,33.0,1.0,15896810.0,276747813.0,15874274.0,23644744.0,625927007.0,785.0,3282361113.0,0.0,1.0,1.0,0.0,1.0,0.0,0.0,1.0,1.0,1.0,1.0,2.0,1.0,0.0,0.0,0.0,2.0,0.0,0.0,1.0,1.0,3.0,50.0,50.0,1.0,0.0,0.0,0.0,0.0,0.0,0.0,0.0,0.0,0.0,0.0,2.0,2.0,0.0,1.0,1.0,0.0,1.0,0.0,0.0,0.0,0.0,0.0,1.0,0.0,0.0,1.0,0.0,0.0,0.0,1.0,11.0,0.0,0.0,0.0,0.0,0.0,12.0,0.0,0.0,0.0,0.0,0.0,0.0,0.0,0.0,0.0,1.0,1.0,0.0,0.0,0.0,0.0,1.0,1.0,1.0,0.0,0.0,0.0,0.0,0.0,0.0,1.0,1.0,0.0,0.0,0.0,0.0,0.0,1.0,1.0,0.0,1340452850.0,645.0,645.0,1648.0,1648.0,1688.0,0.0,86.0,21799.0,21980.0,21946.0,56.0,0.0,0.0,0.0,78.0,0.0,0.0,31.0,35.0,34.0,9.0,29.0,130555552.0,0.0,2268108032.0,27045870912.0,338773216.0,0.0,0.0,785.0,0.0,0.0,929.0,68.0,1208.0
1243,0.0,1.0,1.0,0.0,1.0,499200.0,1.0,318750000.0,1.0,408000000.0,0.313463926315,15173.0,1751.0,3886.0,40250.0,41000.0,41750.0,88.0,25.0,64.0,896.0,5000.0,0.0,25.0,1000000.0,950000.0,1.0,0.0,0.0,10.0,0.0,0.0,0.0,500.0,27545982.0,644508670.0,635132451.0,0.0,0.0,0.0,0.0,0.0,1.0,1.0,1.0,1.0,1.0,0.0,0.0,1.0,0.0,0.0,0.0,0.0,0.0,96.0,1.0,16126981.0,279289767.0,16092451.0,28341901.0,666473801.0,1041.0,3431719323.0,0.0,1.0,1.0,0.0,1.0,0.0,0.0,1.0,1.0,1.0,1.0,2.0,1.0,0.0,0.0,0.0,2.0,0.0,0.0,1.0,1.0,6.0,118.0,118.0,1.0,0.0,0.0,0.0,0.0,0.0,0.0,0.0,0.0,0.0,0.0,5.0,5.0,0.0,1.0,1.0,0.0,1.0,3.0,0.0,0.0,0.0,0.0,1.0,0.0,0.0,1.0,0.0,0.0,0.0,1.0,11.0,0.0,0.0,0.0,0.0,0.0,12.0,0.0,0.0,0.0,0.0,0.0,0.0,0.0,0.0,0.0,1.0,1.0,0.0,0.0,0.0,0.0,1.0,1.0,1.0,0.0,0.0,0.0,0.0,0.0,0.0,1.0,1.0,0.0,0.0,0.0,0.0,0.0,1.0,1.0,0.0,1416238629.0,804.0,804.0,1861.0,1861.0,1907.0,0.0,105.0,24589.0,22935.0,22888.0,96.0,0.0,0.0,0.0,121.0,0.0,0.0,43.0,48.0,47.0,17.0,41.0,247481888.0,0.0,2612259648.0,30984056416.0,200272608.0,0.0,0.0,1041.0,0.0,0.0,1339.0,94.0,1487.0
1244,0.0,1.0,1.0,0.0,1.0,499200.0,1.0,318750000.0,1.0,408000000.0,0.310005903244,11932.0,1294.0,3581.0,40125.0,40750.0,42000.0,80.0,25.0,64.0,896.0,5000.0,0.0,25.0,1000000.0,950000.0,1.0,1.0,0.0,10.0,0.0,0.0,0.0,500.0,24481209.0,649685542.0,625672516.0,0.0,0.0,0.0,0.0,0.0,1.0,1.0,1.0,1.0,1.0,0.0,0.0,1.0,0.0,0.0,0.0,0.0,0.0,33.0,1.0,16022821.0,285055962.0,15841455.0,26583321.0,653233203.0,795.0,3396237687.0,0.0,1.0,1.0,0.0,1.0,0.0,0.0,1.0,1.0,1.0,1.0,2.0,1.0,0.0,0.0,0.0,2.0,0.0,0.0,1.0,1.0,3.0,50.0,50.0,1.0,0.0,0.0,0.0,0.0,0.0,0.0,0.0,0.0,0.0,0.0,2.0,2.0,0.0,1.0,1.0,0.0,1.0,0.0,0.0,0.0,0.0,0.0,1.0,0.0,0.0,1.0,0.0,0.0,0.0,1.0,11.0,0.0,0.0,0.0,0.0,0.0,12.0,0.0,0.0,0.0,0.0,0.0,0.0,0.0,0.0,0.0,1.0,1.0,0.0,0.0,0.0,0.0,1.0,1.0,1.0,0.0,0.0,0.0,0.0,0.0,0.0,1.0,1.0,0.0,0.0,0.0,0.0,0.0,1.0,1.0,0.0,1361379836.0,708.0,708.0,1653.0,1653.0,1687.0,0.0,101.0,22803.0,22273.0,22232.0,92.0,0.0,0.0,0.0,97.0,0.0,0.0,37.0,42.0,41.0,12.0,35.0,133610752.0,0.0,2381851200.0,22232628960.0,260596288.0,0.0,0.0,795.0,0.0,0.0,981.0,82.0,1236.0
1245,0.0,1.0,1.0,0.0,1.0,499200.0,1.0,318750000.0,1.0,408000000.0,0.30957508087200003,7891.0,837.0,2438.0,40250.0,41000.0,41500.0,80.0,25.0,64.0,896.0,5000.0,0.0,25.0,1000000.0,950000.0,1.0,1.0,0.0,10.0,0.0,0.0,0.0,500.0,23528079.0,642919596.0,612071031.0,0.0,0.0,0.0,0.0,0.0,1.0,1.0,1.0,1.0,1.0,0.0,0.0,1.0,0.0,0.0,0.0,0.0,0.0,28.0,1.0,15384671.0,269616708.0,15329634.0,23362411.0,655936365.0,703.0,3262763026.0,0.0,1.0,1.0,0.0,1.0,0.0,0.0,1.0,1.0,1.0,1.0,2.0,1.0,0.0,0.0,0.0,2.0,0.0,0.0,1.0,1.0,3.0,50.0,50.0,1.0,0.0,0.0,0.0,0.0,0.0,0.0,0.0,0.0,0.0,0.0,2.0,2.0,0.0,1.0,1.0,0.0,1.0,0.0,0.0,0.0,0.0,0.0,1.0,0.0,0.0,1.0,0.0,0.0,0.0,1.0,10.0,0.0,0.0,0.0,0.0,0.0,11.0,0.0,0.0,0.0,0.0,0.0,0.0,0.0,0.0,0.0,1.0,1.0,0.0,0.0,0.0,0.0,1.0,1.0,1.0,0.0,0.0,0.0,0.0,0.0,0.0,1.0,1.0,0.0,0.0,0.0,0.0,0.0,1.0,1.0,0.0,1367681259.0,679.0,679.0,1696.0,1696.0,1732.0,0.0,75.0,21330.0,22118.0,22084.0,76.0,0.0,0.0,0.0,74.0,0.0,0.0,31.0,35.0,34.0,8.0,29.0,233824640.0,0.0,2238208416.0,30833421056.0,194069472.0,0.0,0.0,703.0,0.0,0.0,892.0,68.0,1301.0
1246,0.0,1.0,1.0,0.0,1.0,499200.0,1.0,318750000.0,1.0,408000000.0,1.19655990601,31910.0,1978.0,11581.0,39833.3333333,40583.3333333,41916.6666667,80.0,25.0,64.0,896.0,5000.0,0.0,25.0,1000000.0,950000.0,1.0,1.0,0.0,10.0,0.0,0.0,0.0,500.0,44446863.0,806935647.0,775570625.0,0.0,0.0,0.0,0.0,0.0,1.0,1.0,1.0,1.0,1.0,0.0,0.0,1.0,0.0,0.0,0.0,0.0,0.0,32.0,1.0,18518551.0,370335996.0,18649864.0,47486146.0,824415989.0,1674.0,4440281815.0,0.0,1.0,1.0,0.0,1.0,0.0,0.0,1.0,1.0,1.0,1.0,2.0,1.0,0.0,0.0,0.0,2.0,0.0,0.0,1.0,1.0,3.0,50.0,50.0,1.0,0.0,0.0,0.0,0.0,0.0,0.0,0.0,0.0,0.0,0.0,2.0,2.0,0.0,1.0,1.0,0.0,1.0,0.0,0.0,0.0,0.0,0.0,1.0,0.0,0.0,1.0,0.0,0.0,0.0,1.0,10.0,0.0,0.0,0.0,0.0,0.0,11.0,0.0,0.0,0.0,0.0,0.0,0.0,0.0,0.0,0.0,1.0,1.0,0.0,0.0,0.0,0.0,1.0,1.0,1.0,0.0,0.0,0.0,0.0,0.0,0.0,1.0,1.0,0.0,0.0,0.0,0.0,0.0,1.0,1.0,0.0,1705254511.0,1258.0,1258.0,2845.0,2845.0,2911.0,0.0,260.0,36042.0,26798.0,26698.0,92.0,0.0,0.0,0.0,329.0,0.0,0.0,91.0,101.0,100.0,24.0,89.0,1101020864.0,0.0,3917106912.0,82210858400.0,408513408.0,0.0,0.0,1674.0,0.0,0.0,2416.0,200.0,2781.0
1247,0.0,1.0,1.0,0.0,1.0,499200.0,1.0,318750000.0,1.0,408000000.0,0.310380935669,11894.0,1294.0,3658.0,40000.0,41000.0,41750.0,82.0,25.0,64.0,896.0,5000.0,0.0,25.0,1000000.0,950000.0,1.0,0.0,0.0,10.0,0.0,0.0,100.0,100.0,24889526.0,666761310.0,645485919.0,0.0,0.0,0.0,0.0,0.0,1.0,1.0,1.0,1.0,1.0,0.0,0.0,1.0,0.0,0.0,0.0,0.0,0.0,31.0,1.0,16724212.0,288350222.0,16198351.0,26483983.0,676592825.0,1000.0,3465480454.0,0.0,1.0,1.0,0.0,1.0,0.0,0.0,1.0,1.0,1.0,1.0,2.0,1.0,0.0,0.0,0.0,2.0,0.0,0.0,1.0,1.0,3.0,50.0,50.0,1.0,0.0,0.0,0.0,0.0,0.0,0.0,0.0,0.0,0.0,0.0,2.0,2.0,0.0,1.0,1.0,0.0,1.0,0.0,0.0,0.0,0.0,0.0,1.0,0.0,0.0,1.0,0.0,0.0,0.0,1.0,11.0,0.0,0.0,0.0,0.0,0.0,12.0,0.0,0.0,0.0,0.0,0.0,0.0,0.0,0.0,0.0,1.0,1.0,0.0,0.0,0.0,0.0,1.0,1.0,1.0,0.0,0.0,0.0,0.0,0.0,0.0,1.0,1.0,0.0,0.0,0.0,0.0,0.0,1.0,1.0,0.0,1391700052.0,731.0,731.0,1818.0,1818.0,1861.0,0.0,94.0,23994.0,22717.0,22676.0,104.0,0.0,0.0,0.0,98.0,0.0,0.0,37.0,42.0,41.0,8.0,35.0,238237056.0,0.0,2469837280.0,19670811616.0,224238208.0,0.0,0.0,1000.0,0.0,0.0,1243.0,82.0,1538.0
1248,0.0,1.0,1.0,0.0,1.0,499200.0,1.0,318750000.0,1.0,408000000.0,0.308687210083,7663.0,837.0,2438.0,40000.0,41000.0,42000.0,82.0,25.0,64.0,896.0,5000.0,0.0,25.0,1000000.0,950000.0,1.0,0.0,0.0,10.0,0.0,0.0,100.0,100.0,22421398.0,636397213.0,607865690.0,0.0,0.0,0.0,0.0,0.0,1.0,1.0,1.0,1.0,1.0,0.0,0.0,1.0,0.0,0.0,0.0,0.0,0.0,31.0,1.0,15707868.0,266587615.0,15514152.0,22725579.0,641939981.0,726.0,3255541150.0,0.0,1.0,1.0,0.0,1.0,0.0,0.0,1.0,1.0,1.0,1.0,2.0,1.0,0.0,0.0,0.0,2.0,0.0,0.0,1.0,1.0,3.0,50.0,50.0,1.0,0.0,0.0,0.0,0.0,0.0,0.0,0.0,0.0,0.0,0.0,2.0,2.0,0.0,1.0,1.0,0.0,1.0,0.0,0.0,0.0,0.0,0.0,1.0,0.0,0.0,1.0,0.0,0.0,0.0,1.0,10.0,0.0,0.0,0.0,0.0,0.0,11.0,0.0,0.0,0.0,0.0,0.0,0.0,0.0,0.0,0.0,1.0,1.0,0.0,0.0,0.0,0.0,1.0,1.0,1.0,0.0,0.0,0.0,0.0,0.0,0.0,1.0,1.0,0.0,0.0,0.0,0.0,0.0,1.0,1.0,0.0,1373675870.0,655.0,655.0,1711.0,1711.0,1749.0,0.0,99.0,21488.0,22161.0,22127.0,49.0,0.0,0.0,0.0,104.0,0.0,0.0,31.0,35.0,34.0,11.0,29.0,225099776.0,0.0,2250638336.0,25578007808.0,161553152.0,0.0,0.0,726.0,0.0,0.0,883.0,68.0,1119.0
1249,0.0,1.0,1.0,0.0,1.0,499200.0,1.0,318750000.0,1.0,408000000.0,0.319911956787,7701.0,837.0,2514.0,40000.0,41000.0,41500.0,82.0,25.0,64.0,896.0,5000.0,0.0,25.0,1000000.0,950000.0,1.0,0.0,0.0,10.0,0.0,0.0,100.0,100.0,22235086.0,645035669.0,603292561.0,0.0,0.0,0.0,0.0,0.0,1.0,1.0,1.0,1.0,1.0,0.0,0.0,1.0,0.0,0.0,0.0,0.0,0.0,28.0,1.0,15333402.0,256887311.0,15164227.0,23997344.0,655043756.0,757.0,3339152908.0,0.0,1.0,1.0,0.0,1.0,0.0,0.0,1.0,1.0,1.0,1.0,2.0,1.0,0.0,0.0,0.0,2.0,0.0,0.0,1.0,1.0,3.0,50.0,50.0,1.0,0.0,0.0,0.0,0.0,0.0,0.0,0.0,0.0,0.0,0.0,2.0,2.0,0.0,1.0,1.0,0.0,1.0,0.0,0.0,0.0,0.0,0.0,1.0,0.0,0.0,1.0,0.0,0.0,0.0,1.0,11.0,0.0,0.0,0.0,0.0,0.0,12.0,0.0,0.0,0.0,0.0,0.0,0.0,0.0,0.0,0.0,1.0,1.0,0.0,0.0,0.0,0.0,1.0,1.0,1.0,0.0,0.0,0.0,0.0,0.0,0.0,1.0,1.0,0.0,0.0,0.0,0.0,0.0,1.0,1.0,0.0,1377732793.0,565.0,565.0,1614.0,1614.0,1649.0,0.0,80.0,21351.0,22012.0,21978.0,107.0,0.0,0.0,0.0,66.0,0.0,0.0,31.0,35.0,34.0,12.0,29.0,120747584.0,0.0,2146756672.0,21155513920.0,166786528.0,0.0,0.0,757.0,0.0,0.0,931.0,68.0,1058.0
1250,0.0,1.0,1.0,0.0,1.0,499200.0,1.0,318750000.0,1.0,408000000.0,0.31892800331099996,11856.0,1370.0,3581.0,40125.0,41000.0,41750.0,82.0,25.0,64.0,896.0,5000.0,0.0,25.0,1000000.0,950000.0,1.0,1.0,0.0,10.0,0.0,0.0,100.0,100.0,25763370.0,652101206.0,626138018.0,0.0,0.0,0.0,0.0,0.0,1.0,1.0,1.0,1.0,1.0,0.0,0.0,1.0,0.0,0.0,0.0,0.0,0.0,31.0,1.0,16543752.0,282695486.0,16240849.0,26008746.0,664582032.0,885.0,3362651502.0,0.0,1.0,1.0,0.0,1.0,0.0,0.0,1.0,1.0,1.0,1.0,2.0,1.0,0.0,0.0,0.0,2.0,0.0,0.0,1.0,1.0,3.0,50.0,50.0,1.0,0.0,0.0,0.0,0.0,0.0,0.0,0.0,0.0,0.0,0.0,2.0,2.0,0.0,1.0,1.0,0.0,1.0,0.0,0.0,0.0,0.0,0.0,1.0,0.0,0.0,1.0,0.0,0.0,0.0,1.0,11.0,0.0,0.0,0.0,0.0,0.0,12.0,0.0,0.0,0.0,0.0,0.0,0.0,0.0,0.0,0.0,1.0,1.0,0.0,0.0,0.0,0.0,1.0,1.0,1.0,0.0,0.0,0.0,0.0,0.0,0.0,1.0,1.0,0.0,0.0,0.0,0.0,0.0,1.0,1.0,0.0,1411894892.0,727.0,727.0,1816.0,1816.0,1854.0,0.0,102.0,23695.0,22656.0,22615.0,57.0,0.0,0.0,0.0,100.0,0.0,0.0,37.0,42.0,41.0,16.0,35.0,130936256.0,0.0,2433487264.0,26511727040.0,258384128.0,0.0,0.0,885.0,0.0,0.0,1113.0,82.0,1347.0
1251,0.0,1.0,1.0,0.0,1.0,499200.0,1.0,318750000.0,1.0,408000000.0,0.308423995972,7739.0,837.0,2362.0,39875.0,40750.0,41500.0,82.0,25.0,64.0,896.0,5000.0,0.0,25.0,1000000.0,950000.0,1.0,1.0,0.0,10.0,0.0,0.0,100.0,100.0,23954631.0,638010706.0,614532901.0,0.0,0.0,0.0,0.0,0.0,1.0,1.0,1.0,1.0,1.0,0.0,0.0,1.0,0.0,0.0,0.0,0.0,0.0,33.0,1.0,16278583.0,271460166.0,15917738.0,24355370.0,653196187.0,826.0,3294859284.0,0.0,1.0,1.0,0.0,1.0,0.0,0.0,1.0,1.0,1.0,1.0,2.0,1.0,0.0,0.0,0.0,2.0,0.0,0.0,1.0,1.0,3.0,50.0,50.0,1.0,0.0,0.0,0.0,0.0,0.0,0.0,0.0,0.0,0.0,0.0,2.0,2.0,0.0,1.0,1.0,0.0,1.0,0.0,0.0,0.0,0.0,0.0,1.0,0.0,0.0,1.0,0.0,0.0,0.0,1.0,11.0,0.0,0.0,0.0,0.0,0.0,12.0,0.0,0.0,0.0,0.0,0.0,0.0,0.0,0.0,0.0,1.0,1.0,0.0,0.0,0.0,0.0,1.0,1.0,1.0,0.0,0.0,0.0,0.0,0.0,0.0,1.0,1.0,0.0,0.0,0.0,0.0,0.0,1.0,1.0,0.0,1388102361.0,675.0,675.0,1642.0,1642.0,1685.0,0.0,73.0,21690.0,22071.0,22037.0,50.0,0.0,0.0,0.0,72.0,0.0,0.0,31.0,35.0,34.0,7.0,29.0,227473824.0,284096.0,2275745856.0,24281479488.0,153755776.0,0.0,0.0,826.0,0.0,0.0,1027.0,68.0,1267.0
1252,0.0,1.0,1.0,0.0,1.0,499200.0,1.0,318750000.0,1.0,408000000.0,0.313453912735,11894.0,1294.0,3504.0,40000.0,40500.0,41500.0,82.0,25.0,64.0,896.0,5000.0,0.0,25.0,1000000.0,950000.0,1.0,1.0,0.0,10.0,0.0,0.0,100.0,100.0,25559053.0,637295533.0,620871719.0,0.0,0.0,0.0,0.0,0.0,1.0,1.0,1.0,1.0,1.0,0.0,0.0,1.0,0.0,0.0,0.0,0.0,0.0,33.0,1.0,16285803.0,278889257.0,15779872.0,25921514.0,650690499.0,817.0,3355350832.0,0.0,1.0,1.0,0.0,1.0,0.0,0.0,1.0,1.0,1.0,1.0,2.0,1.0,0.0,0.0,0.0,2.0,0.0,0.0,1.0,1.0,3.0,50.0,50.0,1.0,0.0,0.0,0.0,0.0,0.0,0.0,0.0,0.0,0.0,0.0,2.0,2.0,0.0,1.0,1.0,0.0,1.0,0.0,0.0,0.0,0.0,0.0,1.0,0.0,0.0,1.0,0.0,0.0,0.0,1.0,10.0,0.0,0.0,0.0,0.0,0.0,11.0,0.0,0.0,0.0,0.0,0.0,0.0,0.0,0.0,0.0,1.0,1.0,0.0,0.0,0.0,0.0,1.0,1.0,1.0,0.0,0.0,0.0,0.0,0.0,0.0,1.0,1.0,0.0,0.0,0.0,0.0,0.0,1.0,1.0,0.0,1382366021.0,763.0,763.0,1779.0,1779.0,1815.0,0.0,93.0,23503.0,22649.0,22608.0,69.0,0.0,0.0,0.0,103.0,0.0,0.0,37.0,42.0,41.0,13.0,35.0,130550304.0,0.0,2360174048.0,21183414240.0,189416960.0,0.0,0.0,817.0,0.0,0.0,1019.0,82.0,1441.0
1253,0.0,1.0,1.0,0.0,1.0,499200.0,1.0,318750000.0,1.0,408000000.0,0.310678958893,11856.0,1294.0,3581.0,39375.0,40750.0,41500.0,82.0,25.0,64.0,896.0,5000.0,0.0,25.0,1000000.0,950000.0,1.0,0.0,0.0,10.0,0.0,0.0,100.0,500.0,24548766.0,652160848.0,630573082.0,0.0,0.0,0.0,0.0,0.0,1.0,1.0,1.0,1.0,1.0,0.0,0.0,1.0,0.0,0.0,0.0,0.0,0.0,31.0,1.0,15211013.0,273123235.0,15448272.0,25177119.0,667809197.0,808.0,3374205629.0,0.0,1.0,1.0,0.0,1.0,0.0,0.0,1.0,1.0,1.0,1.0,2.0,1.0,0.0,0.0,0.0,2.0,0.0,0.0,1.0,1.0,3.0,50.0,50.0,1.0,0.0,0.0,0.0,0.0,0.0,0.0,0.0,0.0,0.0,0.0,2.0,2.0,0.0,1.0,1.0,0.0,1.0,0.0,0.0,0.0,0.0,0.0,1.0,0.0,0.0,1.0,0.0,0.0,0.0,1.0,11.0,0.0,0.0,0.0,0.0,0.0,12.0,0.0,0.0,0.0,0.0,0.0,0.0,0.0,0.0,0.0,1.0,1.0,0.0,0.0,0.0,0.0,1.0,1.0,1.0,0.0,0.0,0.0,0.0,0.0,0.0,1.0,1.0,0.0,0.0,0.0,0.0,0.0,1.0,1.0,0.0,1380599303.0,772.0,772.0,1875.0,1875.0,1914.0,0.0,112.0,23450.0,22646.0,22605.0,66.0,0.0,0.0,0.0,130.0,0.0,0.0,37.0,42.0,41.0,13.0,35.0,438863008.0,0.0,2417950048.0,22242308864.0,193753408.0,0.0,0.0,808.0,0.0,0.0,1059.0,82.0,1402.0
1254,0.0,1.0,1.0,0.0,1.0,499200.0,1.0,318750000.0,1.0,408000000.0,0.310013055801,11894.0,1218.0,3504.0,40375.0,41000.0,41500.0,82.0,25.0,64.0,896.0,5000.0,0.0,25.0,1000000.0,950000.0,1.0,0.0,0.0,10.0,0.0,0.0,100.0,500.0,25411383.0,643202105.0,619755497.0,0.0,0.0,0.0,0.0,0.0,1.0,1.0,1.0,1.0,1.0,0.0,0.0,1.0,0.0,0.0,0.0,0.0,0.0,33.0,1.0,15775861.0,271486908.0,16223378.0,25164892.0,671900971.0,910.0,3416226697.0,0.0,1.0,1.0,0.0,1.0,0.0,0.0,1.0,1.0,1.0,1.0,2.0,1.0,0.0,0.0,0.0,2.0,0.0,0.0,1.0,1.0,3.0,50.0,50.0,1.0,0.0,0.0,0.0,0.0,0.0,0.0,0.0,0.0,0.0,0.0,2.0,2.0,0.0,1.0,1.0,0.0,1.0,0.0,0.0,0.0,0.0,0.0,1.0,0.0,0.0,1.0,0.0,0.0,0.0,1.0,11.0,0.0,0.0,0.0,0.0,0.0,12.0,0.0,0.0,0.0,0.0,0.0,0.0,0.0,0.0,0.0,1.0,1.0,0.0,0.0,0.0,0.0,1.0,1.0,1.0,0.0,0.0,0.0,0.0,0.0,0.0,1.0,1.0,0.0,0.0,0.0,0.0,0.0,1.0,1.0,0.0,1432837765.0,743.0,743.0,1857.0,1857.0,1893.0,0.0,108.0,23500.0,22530.0,22489.0,57.0,0.0,0.0,0.0,111.0,0.0,0.0,37.0,42.0,41.0,11.0,35.0,218829216.0,0.0,2448460640.0,30721534880.0,282689728.0,0.0,0.0,910.0,0.0,0.0,1136.0,82.0,1411.0
1255,0.0,1.0,1.0,0.0,1.0,499200.0,1.0,318750000.0,1.0,408000000.0,0.307250022888,7777.0,837.0,2438.0,39875.0,40750.0,41500.0,82.0,25.0,64.0,896.0,5000.0,0.0,25.0,1000000.0,950000.0,1.0,0.0,0.0,10.0,0.0,0.0,100.0,500.0,22222571.0,634123818.0,609327889.0,0.0,0.0,0.0,0.0,0.0,1.0,1.0,1.0,1.0,1.0,0.0,0.0,1.0,0.0,0.0,0.0,0.0,0.0,29.0,1.0,15273462.0,269637002.0,15481321.0,23409960.0,650135216.0,686.0,3306667370.0,0.0,1.0,1.0,0.0,1.0,0.0,0.0,1.0,1.0,1.0,1.0,2.0,1.0,0.0,0.0,0.0,2.0,0.0,0.0,1.0,1.0,3.0,50.0,50.0,1.0,0.0,0.0,0.0,0.0,0.0,0.0,0.0,0.0,0.0,0.0,2.0,2.0,0.0,1.0,1.0,0.0,1.0,0.0,0.0,0.0,0.0,0.0,1.0,0.0,0.0,1.0,0.0,0.0,0.0,1.0,10.0,0.0,0.0,0.0,0.0,0.0,11.0,0.0,0.0,0.0,0.0,0.0,0.0,0.0,0.0,0.0,1.0,1.0,0.0,0.0,0.0,0.0,1.0,1.0,1.0,0.0,0.0,0.0,0.0,0.0,0.0,1.0,1.0,0.0,0.0,0.0,0.0,0.0,1.0,1.0,0.0,1341630430.0,628.0,628.0,1655.0,1655.0,1691.0,0.0,96.0,21034.0,21975.0,21941.0,82.0,0.0,0.0,0.0,82.0,0.0,0.0,31.0,35.0,34.0,8.0,29.0,38499584.0,0.0,2169383168.0,20466174528.0,223957920.0,0.0,0.0,686.0,0.0,0.0,852.0,68.0,1070.0
1256,0.0,1.0,1.0,0.0,1.0,499200.0,1.0,318750000.0,1.0,408000000.0,0.313585042953,7739.0,837.0,2514.0,39500.0,40750.0,41500.0,75.0,25.0,64.0,896.0,5000.0,0.0,25.0,1000000.0,950000.0,1.0,1.0,0.0,10.0,0.0,0.0,100.0,500.0,21422071.0,645136080.0,600188685.0,0.0,0.0,0.0,0.0,0.0,1.0,1.0,1.0,1.0,1.0,0.0,0.0,1.0,0.0,0.0,0.0,0.0,0.0,29.0,1.0,15178183.0,262048109.0,15451507.0,22999192.0,667845347.0,630.0,3314629146.0,0.0,1.0,1.0,0.0,1.0,0.0,0.0,1.0,1.0,1.0,1.0,2.0,1.0,0.0,0.0,0.0,2.0,0.0,0.0,1.0,1.0,3.0,50.0,50.0,1.0,0.0,0.0,0.0,0.0,0.0,0.0,0.0,0.0,0.0,0.0,2.0,2.0,0.0,1.0,1.0,0.0,1.0,0.0,0.0,0.0,0.0,0.0,1.0,0.0,0.0,1.0,0.0,0.0,0.0,1.0,10.0,0.0,0.0,0.0,0.0,0.0,11.0,0.0,0.0,0.0,0.0,0.0,0.0,0.0,0.0,0.0,1.0,1.0,0.0,0.0,0.0,0.0,1.0,1.0,1.0,0.0,0.0,0.0,0.0,0.0,0.0,1.0,1.0,0.0,0.0,0.0,0.0,0.0,1.0,1.0,0.0,1386691431.0,612.0,612.0,1677.0,1677.0,1711.0,0.0,75.0,21239.0,21929.0,21895.0,84.0,0.0,0.0,0.0,69.0,0.0,0.0,31.0,35.0,34.0,5.0,29.0,234671392.0,0.0,2183320608.0,17243748960.0,128597728.0,0.0,0.0,630.0,0.0,0.0,795.0,68.0,994.0
1257,0.0,1.0,1.0,0.0,1.0,499200.0,1.0,318750000.0,1.0,408000000.0,0.315133094788,11742.0,1294.0,3276.0,39750.0,40500.0,41500.0,75.0,25.0,64.0,896.0,5000.0,0.0,25.0,1000000.0,950000.0,1.0,1.0,0.0,10.0,0.0,0.0,100.0,500.0,25586303.0,640758345.0,621162650.0,0.0,0.0,0.0,0.0,0.0,1.0,1.0,1.0,1.0,1.0,0.0,0.0,1.0,0.0,0.0,0.0,0.0,0.0,28.0,1.0,15800750.0,283335910.0,15823085.0,25881530.0,657590367.0,967.0,3307689140.0,0.0,1.0,1.0,0.0,1.0,0.0,0.0,1.0,1.0,1.0,1.0,2.0,1.0,0.0,0.0,0.0,2.0,0.0,0.0,1.0,1.0,3.0,50.0,50.0,1.0,0.0,0.0,0.0,0.0,0.0,0.0,0.0,0.0,0.0,0.0,2.0,2.0,0.0,1.0,1.0,0.0,1.0,0.0,0.0,0.0,0.0,0.0,1.0,0.0,0.0,1.0,0.0,0.0,0.0,1.0,10.0,0.0,0.0,0.0,0.0,0.0,11.0,0.0,0.0,0.0,0.0,0.0,0.0,0.0,0.0,0.0,1.0,1.0,0.0,0.0,0.0,0.0,1.0,1.0,1.0,0.0,0.0,0.0,0.0,0.0,0.0,1.0,1.0,0.0,0.0,0.0,0.0,0.0,1.0,1.0,0.0,1388036745.0,719.0,719.0,1796.0,1796.0,1839.0,0.0,125.0,23976.0,22536.0,22495.0,129.0,0.0,0.0,0.0,130.0,0.0,0.0,37.0,42.0,41.0,10.0,35.0,337331456.0,163456.0,2482027680.0,27499120416.0,237904800.0,0.0,0.0,967.0,0.0,0.0,1266.0,82.0,1413.0
1258,0.0,1.0,1.0,0.0,1.0,499200.0,1.0,318750000.0,1.0,408000000.0,0.308476209641,7853.0,837.0,2591.0,39750.0,40750.0,41750.0,75.0,25.0,64.0,896.0,5000.0,0.0,25.0,1000000.0,950000.0,1.0,1.0,0.0,10.0,0.0,0.0,100.0,500.0,24070058.0,643998299.0,612647313.0,0.0,0.0,0.0,0.0,0.0,1.0,1.0,1.0,1.0,1.0,0.0,0.0,1.0,0.0,0.0,0.0,0.0,0.0,33.0,1.0,15819979.0,271104355.0,15657861.0,23455182.0,654581396.0,816.0,3264815208.0,0.0,1.0,1.0,0.0,1.0,0.0,0.0,1.0,1.0,1.0,1.0,2.0,1.0,0.0,0.0,0.0,2.0,0.0,0.0,1.0,1.0,3.0,50.0,50.0,1.0,0.0,0.0,0.0,0.0,0.0,0.0,0.0,0.0,0.0,0.0,2.0,2.0,0.0,1.0,1.0,0.0,1.0,0.0,0.0,0.0,0.0,0.0,1.0,0.0,0.0,1.0,0.0,0.0,0.0,1.0,11.0,0.0,0.0,0.0,0.0,0.0,12.0,0.0,0.0,0.0,0.0,0.0,0.0,0.0,0.0,0.0,1.0,1.0,0.0,0.0,0.0,0.0,1.0,1.0,1.0,0.0,0.0,0.0,0.0,0.0,0.0,1.0,1.0,0.0,0.0,0.0,0.0,0.0,1.0,1.0,0.0,1383968023.0,630.0,630.0,1672.0,1672.0,1708.0,0.0,78.0,21170.0,22133.0,22099.0,59.0,0.0,0.0,0.0,76.0,0.0,0.0,31.0,35.0,34.0,15.0,29.0,118985472.0,0.0,2246421888.0,35432825184.0,230838112.0,0.0,0.0,816.0,0.0,0.0,960.0,68.0,1153.0
1259,0.0,1.0,0.0,1.0,1.0,1267200.0,1.0,140250000.0,1.0,1331200000.0,0.536283016205,22181.0,1827.0,5791.0,40100.0,40900.0,41900.0,82.0,25.0,64.0,896.0,5000.0,0.0,25.0,1000000.0,950000.0,1.0,0.0,0.0,10.0,0.0,0.0,0.0,100.0,35842797.0,650425174.0,640599185.0,0.0,0.0,0.0,0.0,0.0,1.0,1.0,1.0,1.0,1.0,0.0,0.0,1.0,0.0,0.0,0.0,0.0,0.0,28.0,1.0,15975292.0,332483028.0,15680623.0,37677518.0,659990766.0,1024.0,2750782314.0,0.0,1.0,1.0,0.0,1.0,0.0,0.0,1.0,1.0,1.0,1.0,2.0,1.0,0.0,0.0,0.0,2.0,0.0,0.0,1.0,1.0,3.0,50.0,50.0,1.0,0.0,0.0,0.0,0.0,0.0,0.0,0.0,0.0,0.0,0.0,2.0,2.0,0.0,1.0,1.0,0.0,1.0,0.0,0.0,0.0,0.0,0.0,1.0,0.0,0.0,1.0,0.0,0.0,0.0,1.0,11.0,0.0,0.0,0.0,0.0,0.0,12.0,0.0,0.0,0.0,0.0,0.0,0.0,0.0,0.0,0.0,1.0,1.0,0.0,0.0,0.0,0.0,1.0,1.0,1.0,0.0,0.0,0.0,0.0,0.0,0.0,1.0,1.0,0.0,0.0,0.0,0.0,0.0,1.0,1.0,0.0,1506520900.0,720.0,720.0,1687.0,1687.0,1731.0,0.0,177.0,30292.0,24638.0,24562.0,169.0,0.0,0.0,0.0,196.0,0.0,0.0,67.0,77.0,76.0,11.0,65.0,339644160.0,2132832.0,2108406944.0,115109897600.0,214508576.0,0.0,0.0,1024.0,0.0,0.0,1506.0,152.0,1859.0
1260,0.0,1.0,0.0,1.0,1.0,1267200.0,1.0,140250000.0,1.0,1331200000.0,0.519272089005,22293.0,1903.0,5791.0,40050.0,40900.0,41900.0,82.0,25.0,64.0,896.0,5000.0,0.0,25.0,1000000.0,950000.0,1.0,0.0,0.0,10.0,0.0,0.0,0.0,100.0,36856857.0,661237137.0,633793934.0,0.0,0.0,0.0,0.0,0.0,2.0,2.0,1.0,2.0,2.0,0.0,0.0,2.0,0.0,0.0,0.0,0.0,0.0,30.0,2.0,15606629.0,322736113.0,15218280.0,36102752.0,658625434.0,1110.0,2781658932.0,0.0,1.0,1.0,0.0,1.0,0.0,0.0,1.0,1.0,1.0,1.0,2.0,1.0,0.0,0.0,0.0,2.0,0.0,0.0,1.0,1.0,4.0,51.0,51.0,1.0,0.0,0.0,0.0,0.0,0.0,0.0,0.0,0.0,0.0,0.0,3.0,3.0,0.0,1.0,1.0,0.0,1.0,1.0,0.0,0.0,0.0,0.0,1.0,0.0,0.0,1.0,0.0,0.0,0.0,1.0,10.0,0.0,0.0,0.0,0.0,0.0,11.0,0.0,0.0,0.0,0.0,0.0,0.0,0.0,0.0,0.0,1.0,1.0,0.0,0.0,0.0,0.0,1.0,1.0,1.0,0.0,0.0,0.0,0.0,0.0,0.0,1.0,1.0,0.0,0.0,0.0,0.0,0.0,1.0,1.0,0.0,1470080687.0,746.0,746.0,1677.0,1677.0,1725.0,1.0,180.0,30101.0,24667.0,24591.0,70.0,0.0,0.0,0.0,198.0,0.0,0.0,67.0,77.0,76.0,20.0,65.0,248501696.0,1310016.0,2100535936.0,32020479360.0,138373888.0,0.0,0.0,1110.0,0.0,0.0,1589.0,152.0,1850.0
1261,0.0,1.0,0.0,1.0,1.0,1267200.0,1.0,140250000.0,1.0,1331200000.0,0.514920949936,22598.0,1827.0,6096.0,40100.0,40900.0,42000.0,82.0,25.0,64.0,896.0,5000.0,0.0,25.0,1000000.0,950000.0,1.0,0.0,0.0,10.0,0.0,0.0,0.0,100.0,36417419.0,667726934.0,654237003.0,0.0,0.0,0.0,0.0,0.0,1.0,1.0,1.0,1.0,1.0,0.0,0.0,1.0,0.0,0.0,0.0,0.0,0.0,34.0,1.0,15761583.0,329746722.0,15602314.0,35562224.0,669302059.0,1100.0,2867391242.0,0.0,1.0,1.0,0.0,1.0,0.0,0.0,1.0,1.0,1.0,1.0,2.0,1.0,0.0,0.0,0.0,2.0,0.0,0.0,1.0,1.0,3.0,50.0,50.0,1.0,0.0,0.0,0.0,0.0,0.0,0.0,0.0,0.0,0.0,0.0,2.0,2.0,0.0,1.0,1.0,0.0,1.0,0.0,0.0,0.0,0.0,0.0,1.0,0.0,0.0,1.0,0.0,0.0,0.0,1.0,10.0,0.0,0.0,0.0,0.0,0.0,11.0,0.0,0.0,0.0,0.0,0.0,0.0,0.0,0.0,0.0,1.0,1.0,0.0,0.0,0.0,0.0,1.0,1.0,1.0,0.0,0.0,0.0,0.0,0.0,0.0,1.0,1.0,0.0,0.0,0.0,0.0,0.0,1.0,1.0,0.0,1554117840.0,692.0,692.0,1698.0,1698.0,1740.0,0.0,192.0,29641.0,24548.0,24472.0,80.0,0.0,0.0,0.0,207.0,0.0,0.0,67.0,77.0,76.0,14.0,65.0,30731392.0,110272.0,2086185184.0,39136053024.0,176211616.0,0.0,0.0,1100.0,0.0,0.0,1491.0,152.0,1776.0
1262,0.0,1.0,0.0,1.0,1.0,1267200.0,1.0,140250000.0,1.0,1331200000.0,0.534765958786,22334.0,1827.0,5715.0,40150.0,40600.0,42000.0,70.0,25.0,64.0,896.0,5000.0,0.0,25.0,1000000.0,950000.0,1.0,1.0,0.0,10.0,0.0,0.0,0.0,100.0,36212100.0,668117556.0,640802323.0,0.0,0.0,0.0,0.0,0.0,1.0,1.0,1.0,1.0,1.0,0.0,0.0,1.0,0.0,0.0,0.0,0.0,0.0,31.0,1.0,15121408.0,316013564.0,15537086.0,37825715.0,680319254.0,1203.0,2825217788.0,0.0,1.0,1.0,0.0,1.0,0.0,0.0,1.0,1.0,1.0,1.0,2.0,1.0,0.0,0.0,0.0,2.0,0.0,0.0,1.0,1.0,3.0,50.0,50.0,1.0,0.0,0.0,0.0,0.0,0.0,0.0,0.0,0.0,0.0,0.0,2.0,2.0,0.0,1.0,1.0,0.0,1.0,0.0,0.0,0.0,0.0,0.0,1.0,0.0,0.0,1.0,0.0,0.0,0.0,1.0,10.0,0.0,0.0,0.0,0.0,0.0,11.0,0.0,0.0,0.0,0.0,0.0,0.0,0.0,0.0,0.0,1.0,1.0,0.0,0.0,0.0,0.0,1.0,1.0,1.0,0.0,0.0,0.0,0.0,0.0,0.0,1.0,1.0,0.0,0.0,0.0,0.0,0.0,1.0,1.0,0.0,1524617424.0,818.0,818.0,1684.0,1684.0,1735.0,0.0,188.0,29617.0,24462.0,24386.0,119.0,0.0,0.0,0.0,223.0,0.0,0.0,67.0,77.0,76.0,18.0,65.0,276747040.0,232768.0,2078887104.0,39429473984.0,284203744.0,0.0,0.0,1203.0,0.0,0.0,1642.0,152.0,1998.0
1263,0.0,1.0,0.0,1.0,1.0,1267200.0,1.0,140250000.0,1.0,1331200000.0,0.5155341625209999,22332.0,1904.0,5791.0,40125.0,40750.0,42000.0,70.0,25.0,64.0,896.0,5000.0,0.0,25.0,1000000.0,950000.0,1.0,1.0,0.0,10.0,0.0,0.0,0.0,100.0,33678471.0,645391363.0,622045716.0,0.0,0.0,0.0,0.0,0.0,1.0,1.0,1.0,1.0,1.0,0.0,0.0,1.0,0.0,0.0,0.0,0.0,0.0,35.0,1.0,15015197.0,288240997.0,15167998.0,36264248.0,642322049.0,1005.0,2789489166.0,0.0,1.0,1.0,0.0,1.0,0.0,0.0,1.0,1.0,1.0,1.0,2.0,1.0,0.0,0.0,0.0,2.0,0.0,0.0,1.0,1.0,3.0,50.0,50.0,1.0,0.0,0.0,0.0,0.0,0.0,0.0,0.0,0.0,0.0,0.0,2.0,2.0,0.0,1.0,1.0,0.0,1.0,0.0,0.0,0.0,0.0,0.0,1.0,0.0,0.0,1.0,0.0,0.0,0.0,1.0,10.0,0.0,0.0,0.0,0.0,0.0,11.0,0.0,0.0,0.0,0.0,0.0,0.0,0.0,0.0,0.0,1.0,1.0,0.0,0.0,0.0,0.0,1.0,1.0,1.0,0.0,0.0,0.0,0.0,0.0,0.0,1.0,1.0,0.0,0.0,0.0,0.0,0.0,1.0,1.0,0.0,1462875355.0,679.0,679.0,1649.0,1649.0,1695.0,0.0,172.0,28851.0,24232.0,24163.0,95.0,0.0,0.0,0.0,201.0,0.0,0.0,61.0,70.0,69.0,18.0,59.0,37748768.0,0.0,2013286528.0,26900084544.0,201434880.0,0.0,0.0,1005.0,0.0,0.0,1471.0,138.0,1800.0
1264,0.0,1.0,0.0,1.0,1.0,1267200.0,1.0,140250000.0,1.0,1331200000.0,0.516282081604,20808.0,1522.0,5713.0,40200.0,41000.0,42200.0,70.0,25.0,64.0,896.0,5000.0,0.0,25.0,1000000.0,950000.0,1.0,1.0,0.0,10.0,0.0,0.0,0.0,100.0,37175941.0,644345704.0,638726577.0,0.0,0.0,0.0,0.0,0.0,1.0,1.0,1.0,1.0,1.0,0.0,0.0,1.0,0.0,0.0,0.0,0.0,0.0,29.0,1.0,16399280.0,303824255.0,15776275.0,36500666.0,645553675.0,1193.0,2686856050.0,0.0,1.0,1.0,0.0,1.0,0.0,0.0,1.0,1.0,1.0,1.0,2.0,1.0,0.0,0.0,0.0,2.0,0.0,0.0,1.0,1.0,3.0,50.0,50.0,1.0,0.0,0.0,0.0,0.0,0.0,0.0,0.0,0.0,0.0,0.0,2.0,2.0,0.0,1.0,1.0,0.0,1.0,0.0,0.0,0.0,0.0,0.0,1.0,0.0,0.0,1.0,0.0,0.0,0.0,1.0,10.0,0.0,0.0,0.0,0.0,0.0,11.0,0.0,0.0,0.0,0.0,0.0,0.0,0.0,0.0,0.0,1.0,1.0,0.0,0.0,0.0,0.0,1.0,1.0,1.0,0.0,0.0,0.0,0.0,0.0,0.0,1.0,1.0,0.0,0.0,0.0,0.0,0.0,1.0,1.0,0.0,1450329659.0,693.0,693.0,1508.0,1508.0,1547.0,0.0,174.0,28361.0,24219.0,24150.0,124.0,0.0,0.0,0.0,199.0,0.0,0.0,61.0,70.0,69.0,22.0,59.0,216344032.0,0.0,1992602752.0,31323993632.0,271680352.0,0.0,0.0,1193.0,0.0,0.0,1593.0,138.0,1770.0
1265,0.0,1.0,0.0,1.0,1.0,1267200.0,1.0,140250000.0,1.0,1331200000.0,0.534241914749,24390.0,1826.0,5790.0,40200.0,40900.0,42000.0,100.0,25.0,64.0,896.0,5000.0,0.0,25.0,1000000.0,950000.0,1.0,0.0,0.0,10.0,0.0,0.0,0.0,500.0,38000582.0,654915674.0,646573596.0,0.0,0.0,0.0,0.0,0.0,1.0,1.0,1.0,1.0,1.0,0.0,0.0,1.0,0.0,0.0,0.0,0.0,0.0,32.0,1.0,16074818.0,323974886.0,16403801.0,38429775.0,656499539.0,1161.0,2888416361.0,0.0,1.0,1.0,0.0,1.0,0.0,0.0,1.0,1.0,1.0,1.0,2.0,1.0,0.0,0.0,0.0,2.0,0.0,0.0,1.0,1.0,3.0,50.0,50.0,1.0,0.0,0.0,0.0,0.0,0.0,0.0,0.0,0.0,0.0,0.0,2.0,2.0,0.0,1.0,1.0,0.0,1.0,0.0,0.0,0.0,0.0,0.0,1.0,0.0,0.0,1.0,0.0,0.0,0.0,1.0,10.0,0.0,0.0,0.0,0.0,0.0,11.0,0.0,0.0,0.0,1.0,0.0,0.0,0.0,1.0,0.0,1.0,0.0,0.0,0.0,0.0,0.0,1.0,1.0,1.0,0.0,0.0,0.0,0.0,0.0,0.0,1.0,1.0,0.0,0.0,0.0,0.0,0.0,1.0,1.0,0.0,1538640787.0,720.0,720.0,1581.0,1581.0,1626.0,0.0,192.0,29968.0,24569.0,24493.0,155.0,0.0,0.0,0.0,202.0,0.0,0.0,67.0,77.0,76.0,20.0,65.0,471308192.0,0.0,2077043648.0,94051793088.0,189112544.0,0.0,0.0,1161.0,0.0,0.0,1644.0,152.0,1958.0
1266,0.0,1.0,0.0,1.0,1.0,1267200.0,1.0,140250000.0,1.0,1331200000.0,0.5146369934080001,24276.0,1826.0,5713.0,40250.0,41000.0,42000.0,100.0,25.0,64.0,896.0,5000.0,0.0,25.0,1000000.0,950000.0,1.0,0.0,0.0,10.0,0.0,0.0,0.0,500.0,35272518.0,630279410.0,624322457.0,0.0,0.0,0.0,0.0,0.0,1.0,1.0,1.0,1.0,1.0,0.0,0.0,1.0,0.0,0.0,0.0,0.0,0.0,32.0,1.0,15467616.0,310306070.0,15300986.0,34010758.0,643414433.0,1061.0,2711727455.0,0.0,1.0,1.0,0.0,1.0,0.0,0.0,1.0,1.0,1.0,1.0,2.0,1.0,0.0,0.0,0.0,2.0,0.0,0.0,1.0,1.0,3.0,50.0,50.0,1.0,0.0,0.0,0.0,0.0,0.0,0.0,0.0,0.0,0.0,0.0,2.0,2.0,0.0,1.0,1.0,0.0,1.0,0.0,0.0,0.0,0.0,0.0,1.0,0.0,0.0,1.0,0.0,0.0,0.0,1.0,10.0,0.0,0.0,0.0,0.0,0.0,11.0,0.0,0.0,0.0,0.0,0.0,0.0,0.0,0.0,0.0,1.0,1.0,0.0,0.0,0.0,0.0,1.0,1.0,1.0,0.0,0.0,0.0,0.0,0.0,0.0,1.0,1.0,0.0,0.0,0.0,0.0,0.0,1.0,1.0,0.0,1496556078.0,762.0,762.0,1610.0,1610.0,1651.0,0.0,172.0,28858.0,24093.0,24024.0,103.0,0.0,0.0,0.0,204.0,0.0,0.0,61.0,70.0,69.0,21.0,59.0,148004928.0,0.0,2004604928.0,25366563968.0,145574176.0,0.0,0.0,1061.0,0.0,0.0,1478.0,138.0,1686.0
1267,0.0,1.0,0.0,1.0,1.0,1267200.0,1.0,140250000.0,1.0,1331200000.0,0.514621019363,24504.0,1826.0,6093.0,40300.0,41000.0,42000.0,100.0,25.0,64.0,896.0,5000.0,0.0,25.0,1000000.0,950000.0,1.0,0.0,0.0,10.0,0.0,0.0,0.0,500.0,37353111.0,672887822.0,670914059.0,0.0,0.0,0.0,0.0,0.0,1.0,1.0,1.0,1.0,1.0,0.0,0.0,1.0,0.0,0.0,0.0,0.0,0.0,31.0,1.0,15542246.0,326197782.0,15497425.0,36757551.0,674930167.0,1019.0,2799911010.0,0.0,1.0,1.0,0.0,1.0,0.0,0.0,1.0,1.0,1.0,1.0,2.0,1.0,0.0,0.0,0.0,2.0,0.0,0.0,1.0,1.0,3.0,50.0,50.0,1.0,0.0,0.0,0.0,0.0,0.0,0.0,0.0,0.0,0.0,0.0,2.0,2.0,0.0,1.0,1.0,0.0,1.0,0.0,0.0,0.0,0.0,0.0,1.0,0.0,0.0,1.0,0.0,0.0,0.0,1.0,11.0,0.0,0.0,0.0,0.0,0.0,12.0,0.0,0.0,0.0,0.0,0.0,0.0,0.0,0.0,0.0,1.0,1.0,0.0,0.0,0.0,0.0,1.0,1.0,1.0,0.0,0.0,0.0,0.0,0.0,0.0,1.0,1.0,0.0,0.0,0.0,0.0,0.0,1.0,1.0,0.0,1563977428.0,736.0,736.0,1725.0,1725.0,1770.0,0.0,175.0,29764.0,24350.0,24274.0,88.0,0.0,0.0,0.0,207.0,0.0,0.0,67.0,77.0,76.0,17.0,65.0,348719808.0,2633920.0,2107712320.0,39225880448.0,182524768.0,0.0,0.0,1019.0,0.0,0.0,1441.0,152.0,1796.0
1268,0.0,1.0,0.0,1.0,1.0,1267200.0,1.0,140250000.0,1.0,1331200000.0,0.532049894333,29382.0,2283.0,6854.0,40200.0,41000.0,42000.0,85.0,25.0,64.0,896.0,5000.0,0.0,25.0,1000000.0,950000.0,1.0,1.0,0.0,10.0,0.0,0.0,0.0,500.0,39130298.0,688077951.0,664266013.0,0.0,0.0,0.0,0.0,0.0,1.0,1.0,1.0,1.0,1.0,0.0,0.0,1.0,0.0,0.0,0.0,0.0,0.0,34.0,1.0,15214940.0,331713708.0,14654005.0,40034457.0,696126135.0,1265.0,2842944530.0,0.0,1.0,1.0,0.0,1.0,0.0,0.0,1.0,1.0,1.0,1.0,2.0,1.0,0.0,0.0,0.0,2.0,0.0,0.0,1.0,1.0,3.0,50.0,50.0,1.0,0.0,0.0,0.0,0.0,0.0,0.0,0.0,0.0,0.0,0.0,2.0,2.0,0.0,1.0,1.0,0.0,1.0,0.0,0.0,0.0,0.0,0.0,1.0,0.0,0.0,1.0,0.0,0.0,0.0,1.0,10.0,0.0,0.0,0.0,0.0,0.0,11.0,0.0,0.0,0.0,0.0,0.0,0.0,0.0,0.0,0.0,1.0,1.0,0.0,0.0,0.0,0.0,1.0,1.0,1.0,0.0,0.0,0.0,0.0,0.0,0.0,1.0,1.0,0.0,0.0,0.0,0.0,0.0,1.0,1.0,0.0,1542781222.0,706.0,706.0,1640.0,1640.0,1690.0,0.0,195.0,31411.0,24887.0,24805.0,132.0,0.0,0.0,0.0,205.0,0.0,0.0,73.0,83.0,82.0,17.0,71.0,357798304.0,59680.0,2129846912.0,33869856928.0,196209216.0,0.0,0.0,1265.0,0.0,0.0,1770.0,164.0,2060.0
1269,0.0,1.0,0.0,1.0,1.0,1267200.0,1.0,140250000.0,1.0,1331200000.0,0.516178846359,23819.0,1904.0,5714.0,40200.0,40900.0,42100.0,85.0,25.0,64.0,896.0,5000.0,0.0,25.0,1000000.0,950000.0,1.0,1.0,0.0,10.0,0.0,0.0,0.0,500.0,37632618.0,666409504.0,648244945.0,0.0,0.0,0.0,0.0,0.0,1.0,1.0,1.0,1.0,1.0,0.0,0.0,1.0,0.0,0.0,0.0,0.0,0.0,34.0,1.0,15433420.0,312983370.0,15314914.0,37484338.0,683703101.0,1145.0,2797652405.0,0.0,1.0,1.0,0.0,1.0,0.0,0.0,1.0,1.0,1.0,1.0,2.0,1.0,0.0,0.0,0.0,2.0,0.0,0.0,1.0,1.0,3.0,50.0,50.0,1.0,0.0,0.0,0.0,0.0,0.0,0.0,0.0,0.0,0.0,0.0,2.0,2.0,0.0,1.0,1.0,0.0,1.0,0.0,0.0,0.0,0.0,0.0,1.0,0.0,0.0,1.0,0.0,0.0,0.0,1.0,10.0,0.0,0.0,0.0,0.0,0.0,11.0,0.0,0.0,0.0,0.0,0.0,0.0,0.0,0.0,0.0,1.0,1.0,0.0,0.0,0.0,0.0,1.0,1.0,1.0,0.0,0.0,0.0,0.0,0.0,0.0,1.0,1.0,0.0,0.0,0.0,0.0,0.0,1.0,1.0,0.0,1547274099.0,703.0,703.0,1558.0,1558.0,1599.0,0.0,194.0,29640.0,24505.0,24429.0,127.0,0.0,0.0,0.0,204.0,0.0,0.0,67.0,77.0,76.0,18.0,65.0,244497056.0,0.0,2040520864.0,28856500032.0,205268224.0,0.0,0.0,1145.0,0.0,0.0,1642.0,152.0,1929.0
1270,0.0,1.0,0.0,1.0,1.0,1267200.0,1.0,140250000.0,1.0,1331200000.0,0.51510310173,22296.0,1903.0,5868.0,40250.0,41000.0,42000.0,85.0,25.0,64.0,896.0,5000.0,0.0,25.0,1000000.0,950000.0,1.0,1.0,0.0,10.0,0.0,0.0,0.0,500.0,37085752.0,670510432.0,649536497.0,0.0,0.0,0.0,0.0,0.0,1.0,1.0,1.0,1.0,1.0,0.0,0.0,1.0,0.0,0.0,0.0,0.0,0.0,31.0,1.0,15950118.0,325576991.0,15937610.0,36255611.0,679856227.0,1258.0,2848234779.0,0.0,1.0,1.0,0.0,1.0,0.0,0.0,1.0,1.0,1.0,1.0,2.0,1.0,0.0,0.0,0.0,2.0,0.0,0.0,1.0,1.0,3.0,50.0,50.0,1.0,0.0,0.0,0.0,0.0,0.0,0.0,0.0,0.0,0.0,0.0,2.0,2.0,0.0,1.0,1.0,0.0,1.0,0.0,0.0,0.0,0.0,0.0,1.0,0.0,0.0,1.0,0.0,0.0,0.0,1.0,10.0,0.0,0.0,0.0,0.0,0.0,11.0,0.0,0.0,0.0,0.0,0.0,0.0,0.0,0.0,0.0,1.0,1.0,0.0,0.0,0.0,0.0,1.0,1.0,1.0,0.0,0.0,0.0,0.0,0.0,0.0,1.0,1.0,0.0,0.0,0.0,0.0,0.0,1.0,1.0,0.0,1545560188.0,729.0,729.0,1751.0,1751.0,1803.0,0.0,197.0,29461.0,24586.0,24510.0,77.0,0.0,0.0,0.0,206.0,0.0,0.0,67.0,77.0,76.0,24.0,65.0,138157504.0,0.0,2112540864.0,39935235264.0,148505472.0,0.0,0.0,1258.0,0.0,0.0,1655.0,152.0,1974.0
1271,0.0,1.0,0.0,1.0,1.0,1267200.0,1.0,140250000.0,1.0,1331200000.0,0.533741950989,26983.0,2284.0,7011.0,40291.6666667,41000.0,42250.0,72.0,25.0,64.0,896.0,5000.0,0.0,25.0,1000000.0,950000.0,1.0,0.0,0.0,10.0,0.0,0.0,100.0,100.0,40582898.0,681113355.0,685406029.0,0.0,0.0,0.0,0.0,0.0,1.0,1.0,1.0,1.0,1.0,0.0,0.0,1.0,0.0,0.0,0.0,0.0,0.0,35.0,1.0,15634606.0,339582010.0,15171189.0,41773110.0,691509470.0,1320.0,2932120961.0,0.0,1.0,1.0,0.0,1.0,0.0,0.0,1.0,1.0,1.0,1.0,2.0,1.0,0.0,0.0,0.0,2.0,0.0,0.0,1.0,1.0,3.0,50.0,50.0,1.0,0.0,0.0,0.0,0.0,0.0,0.0,0.0,0.0,0.0,0.0,2.0,2.0,0.0,1.0,1.0,0.0,1.0,0.0,0.0,0.0,0.0,0.0,1.0,0.0,0.0,1.0,0.0,0.0,0.0,1.0,10.0,0.0,0.0,0.0,0.0,0.0,11.0,0.0,0.0,0.0,0.0,0.0,0.0,0.0,0.0,0.0,1.0,1.0,0.0,0.0,0.0,0.0,1.0,1.0,1.0,0.0,0.0,0.0,0.0,0.0,0.0,1.0,1.0,0.0,0.0,0.0,0.0,0.0,1.0,1.0,0.0,1548884274.0,778.0,778.0,1852.0,1852.0,1907.0,0.0,207.0,32585.0,25467.0,25379.0,95.0,0.0,0.0,0.0,239.0,0.0,0.0,79.0,89.0,88.0,23.0,77.0,149770752.0,0.0,2165526464.0,38017639552.0,157805600.0,0.0,0.0,1320.0,0.0,0.0,1906.0,176.0,2234.0
1272,0.0,1.0,0.0,1.0,1.0,1267200.0,1.0,140250000.0,1.0,1331200000.0,0.5148811340330001,22219.0,1827.0,5791.0,40300.0,41000.0,42200.0,72.0,25.0,64.0,896.0,5000.0,0.0,25.0,1000000.0,950000.0,1.0,0.0,0.0,10.0,0.0,0.0,100.0,100.0,36270648.0,650447938.0,638494457.0,0.0,0.0,0.0,0.0,0.0,1.0,1.0,1.0,1.0,1.0,0.0,0.0,1.0,0.0,0.0,0.0,0.0,0.0,32.0,1.0,15489401.0,320958217.0,15409718.0,34284954.0,657963435.0,1109.0,2811201580.0,0.0,1.0,1.0,0.0,1.0,0.0,0.0,1.0,1.0,1.0,1.0,2.0,1.0,0.0,0.0,0.0,2.0,0.0,0.0,1.0,1.0,3.0,50.0,50.0,1.0,0.0,0.0,0.0,0.0,0.0,0.0,0.0,0.0,0.0,0.0,2.0,2.0,0.0,1.0,1.0,0.0,1.0,0.0,0.0,0.0,0.0,0.0,1.0,0.0,0.0,1.0,0.0,0.0,0.0,1.0,10.0,0.0,0.0,0.0,0.0,0.0,11.0,0.0,0.0,0.0,0.0,0.0,0.0,0.0,0.0,0.0,1.0,1.0,0.0,0.0,0.0,0.0,1.0,1.0,1.0,0.0,0.0,0.0,0.0,0.0,0.0,1.0,1.0,0.0,0.0,0.0,0.0,0.0,1.0,1.0,0.0,1535377934.0,700.0,700.0,1699.0,1699.0,1746.0,0.0,191.0,29909.0,24640.0,24564.0,80.0,0.0,0.0,0.0,194.0,0.0,0.0,67.0,77.0,76.0,19.0,65.0,238356288.0,0.0,2061864192.0,38182756288.0,162280640.0,0.0,0.0,1109.0,0.0,0.0,1517.0,152.0,1827.0
1273,0.0,1.0,0.0,1.0,1.0,1267200.0,1.0,140250000.0,1.0,1331200000.0,0.515406131744,17837.0,1523.0,4725.0,40200.0,41000.0,42000.0,72.0,25.0,64.0,896.0,5000.0,0.0,25.0,1000000.0,950000.0,1.0,0.0,0.0,10.0,0.0,0.0,100.0,100.0,34654041.0,654145934.0,627850951.0,0.0,0.0,0.0,0.0,0.0,1.0,1.0,1.0,1.0,1.0,0.0,0.0,1.0,0.0,0.0,0.0,0.0,0.0,33.0,1.0,15215626.0,306718562.0,15502550.0,35753498.0,648161707.0,1132.0,2771158486.0,0.0,1.0,1.0,0.0,1.0,0.0,0.0,1.0,1.0,1.0,1.0,2.0,1.0,0.0,0.0,0.0,2.0,0.0,0.0,1.0,1.0,3.0,50.0,50.0,1.0,0.0,0.0,0.0,0.0,0.0,0.0,0.0,0.0,0.0,0.0,2.0,2.0,0.0,1.0,1.0,0.0,1.0,0.0,0.0,0.0,0.0,0.0,1.0,0.0,0.0,1.0,0.0,0.0,0.0,1.0,10.0,0.0,0.0,0.0,0.0,0.0,11.0,0.0,0.0,0.0,0.0,0.0,0.0,0.0,0.0,0.0,1.0,1.0,0.0,0.0,0.0,0.0,1.0,1.0,1.0,0.0,0.0,0.0,0.0,0.0,0.0,1.0,1.0,0.0,0.0,0.0,0.0,0.0,1.0,1.0,0.0,1486850191.0,701.0,701.0,1454.0,1454.0,1505.0,0.0,162.0,28895.0,24066.0,23997.0,116.0,0.0,0.0,0.0,187.0,0.0,0.0,61.0,70.0,69.0,16.0,59.0,362784800.0,0.0,2019490688.0,31755456480.0,163219616.0,0.0,0.0,1132.0,0.0,0.0,1572.0,138.0,1726.0
1274,0.0,1.0,0.0,1.0,1.0,1267200.0,1.0,140250000.0,1.0,1331200000.0,0.532545089722,22372.0,1903.0,5791.0,40400.0,41000.0,42400.0,71.0,25.0,64.0,896.0,5000.0,0.0,25.0,1000000.0,950000.0,1.0,1.0,0.0,10.0,0.0,0.0,100.0,100.0,36324084.0,673311670.0,675176312.0,0.0,0.0,0.0,0.0,0.0,1.0,1.0,1.0,1.0,1.0,0.0,0.0,1.0,0.0,0.0,0.0,0.0,0.0,34.0,1.0,15192842.0,329484388.0,15109452.0,37909207.0,665976948.0,1056.0,2817655652.0,0.0,1.0,1.0,0.0,1.0,0.0,0.0,1.0,1.0,1.0,1.0,2.0,1.0,0.0,0.0,0.0,2.0,0.0,0.0,1.0,1.0,3.0,50.0,50.0,1.0,0.0,0.0,0.0,0.0,0.0,0.0,0.0,0.0,0.0,0.0,2.0,2.0,0.0,1.0,1.0,0.0,1.0,0.0,0.0,0.0,0.0,0.0,1.0,0.0,0.0,1.0,0.0,0.0,0.0,1.0,10.0,0.0,0.0,0.0,0.0,0.0,11.0,0.0,0.0,0.0,0.0,0.0,0.0,0.0,0.0,0.0,1.0,1.0,0.0,0.0,0.0,0.0,1.0,1.0,1.0,0.0,0.0,0.0,0.0,0.0,0.0,1.0,1.0,0.0,0.0,0.0,0.0,0.0,1.0,1.0,0.0,1524116229.0,685.0,685.0,1714.0,1714.0,1762.0,0.0,171.0,29579.0,24400.0,24324.0,80.0,0.0,0.0,0.0,176.0,0.0,0.0,67.0,77.0,76.0,19.0,65.0,44033568.0,0.0,2023688864.0,25289656544.0,157023136.0,0.0,0.0,1056.0,0.0,0.0,1402.0,152.0,1661.0
1275,0.0,1.0,0.0,1.0,1.0,1267200.0,1.0,140250000.0,1.0,1331200000.0,0.517109870911,17835.0,1523.0,4648.0,40400.0,41000.0,42100.0,71.0,25.0,64.0,896.0,5000.0,0.0,25.0,1000000.0,950000.0,1.0,1.0,0.0,10.0,0.0,0.0,100.0,100.0,34735081.0,651547888.0,626457074.0,0.0,0.0,0.0,0.0,0.0,1.0,1.0,1.0,1.0,1.0,0.0,0.0,1.0,0.0,0.0,0.0,0.0,0.0,32.0,1.0,15719771.0,302714379.0,15286931.0,34462023.0,666255440.0,1032.0,2721523207.0,0.0,1.0,1.0,0.0,1.0,0.0,0.0,1.0,1.0,1.0,1.0,2.0,1.0,0.0,0.0,0.0,2.0,0.0,0.0,1.0,1.0,3.0,50.0,50.0,1.0,0.0,0.0,0.0,0.0,0.0,0.0,0.0,0.0,0.0,0.0,2.0,2.0,0.0,1.0,1.0,0.0,1.0,0.0,0.0,0.0,0.0,0.0,1.0,0.0,0.0,1.0,0.0,0.0,0.0,1.0,10.0,0.0,0.0,0.0,0.0,0.0,11.0,0.0,0.0,0.0,0.0,0.0,0.0,0.0,0.0,0.0,1.0,1.0,0.0,0.0,0.0,0.0,1.0,1.0,1.0,0.0,0.0,0.0,0.0,0.0,0.0,1.0,1.0,0.0,0.0,0.0,0.0,0.0,1.0,1.0,0.0,1537048280.0,696.0,696.0,1617.0,1617.0,1656.0,0.0,175.0,28927.0,24090.0,24021.0,65.0,0.0,0.0,0.0,204.0,0.0,0.0,61.0,70.0,69.0,16.0,59.0,140759360.0,0.0,1995143072.0,46534803616.0,179696480.0,0.0,0.0,1032.0,0.0,0.0,1486.0,138.0,1757.0
1276,0.0,1.0,0.0,1.0,1.0,1267200.0,1.0,140250000.0,1.0,1331200000.0,0.51916384697,22372.0,1903.0,5867.0,40400.0,41100.0,42100.0,71.0,25.0,64.0,896.0,5000.0,0.0,25.0,1000000.0,950000.0,1.0,1.0,0.0,10.0,0.0,0.0,100.0,100.0,37630905.0,658606683.0,634653020.0,0.0,0.0,0.0,0.0,0.0,1.0,1.0,1.0,1.0,1.0,0.0,0.0,1.0,0.0,0.0,0.0,0.0,0.0,33.0,1.0,15383862.0,317864213.0,15469328.0,36853796.0,658929602.0,1099.0,2777277940.0,0.0,1.0,1.0,0.0,1.0,0.0,0.0,1.0,1.0,1.0,1.0,2.0,1.0,0.0,0.0,0.0,2.0,0.0,0.0,1.0,1.0,3.0,50.0,50.0,1.0,0.0,0.0,0.0,0.0,0.0,0.0,0.0,0.0,0.0,0.0,2.0,2.0,0.0,1.0,1.0,0.0,1.0,0.0,0.0,0.0,0.0,0.0,1.0,0.0,0.0,1.0,0.0,0.0,0.0,1.0,10.0,0.0,0.0,0.0,0.0,0.0,11.0,0.0,0.0,0.0,0.0,0.0,0.0,0.0,0.0,0.0,1.0,1.0,0.0,0.0,0.0,0.0,1.0,1.0,1.0,0.0,0.0,0.0,0.0,0.0,0.0,1.0,1.0,0.0,0.0,0.0,0.0,0.0,1.0,1.0,0.0,1504726217.0,721.0,721.0,1644.0,1644.0,1691.0,0.0,163.0,29423.0,24353.0,24277.0,111.0,0.0,0.0,0.0,183.0,0.0,0.0,67.0,77.0,76.0,20.0,65.0,151242080.0,0.0,2054245536.0,38513246368.0,176404576.0,0.0,0.0,1099.0,0.0,0.0,1500.0,152.0,1734.0
1277,0.0,1.0,0.0,1.0,1.0,1267200.0,1.0,140250000.0,1.0,1331200000.0,0.53490114212,22179.0,1827.0,5638.0,40450.0,41000.0,42100.0,90.0,25.0,64.0,896.0,5000.0,0.0,25.0,1000000.0,950000.0,1.0,0.0,0.0,10.0,0.0,0.0,100.0,500.0,37317539.0,634826605.0,646943045.0,0.0,0.0,0.0,0.0,0.0,1.0,1.0,1.0,1.0,1.0,0.0,0.0,1.0,0.0,0.0,0.0,0.0,0.0,32.0,1.0,15586257.0,321320547.0,15545408.0,35656667.0,663671593.0,1129.0,2788564538.0,0.0,1.0,1.0,0.0,1.0,0.0,0.0,1.0,1.0,1.0,1.0,2.0,1.0,0.0,0.0,0.0,2.0,0.0,0.0,1.0,1.0,3.0,50.0,50.0,1.0,0.0,0.0,0.0,0.0,0.0,0.0,0.0,0.0,0.0,0.0,2.0,2.0,0.0,1.0,1.0,0.0,1.0,0.0,0.0,0.0,0.0,0.0,1.0,0.0,0.0,1.0,0.0,0.0,0.0,1.0,10.0,0.0,0.0,0.0,0.0,0.0,11.0,0.0,0.0,0.0,0.0,0.0,0.0,0.0,0.0,0.0,1.0,1.0,0.0,0.0,0.0,0.0,1.0,1.0,1.0,0.0,0.0,0.0,0.0,0.0,0.0,1.0,1.0,0.0,0.0,0.0,0.0,0.0,1.0,1.0,0.0,1506066469.0,787.0,787.0,1617.0,1617.0,1657.0,0.0,174.0,29919.0,24372.0,24296.0,154.0,0.0,0.0,0.0,221.0,0.0,0.0,67.0,77.0,76.0,11.0,65.0,151203392.0,0.0,2117815840.0,25989597248.0,171895648.0,0.0,0.0,1129.0,0.0,0.0,1554.0,152.0,1778.0
1278,0.0,1.0,0.0,1.0,1.0,1267200.0,1.0,140250000.0,1.0,1331200000.0,0.515988826752,22334.0,1827.0,5714.0,40400.0,41000.0,42100.0,90.0,25.0,64.0,896.0,5000.0,0.0,25.0,1000000.0,950000.0,1.0,0.0,0.0,10.0,0.0,0.0,100.0,500.0,35583297.0,669673277.0,656801185.0,0.0,0.0,0.0,0.0,0.0,1.0,1.0,1.0,1.0,1.0,0.0,0.0,1.0,0.0,0.0,0.0,0.0,0.0,32.0,1.0,15681456.0,336347590.0,14922758.0,36487458.0,674030082.0,1094.0,2727265123.0,0.0,1.0,1.0,0.0,1.0,0.0,0.0,1.0,1.0,1.0,1.0,2.0,1.0,0.0,0.0,0.0,2.0,0.0,0.0,1.0,1.0,3.0,50.0,50.0,1.0,0.0,0.0,0.0,0.0,0.0,0.0,0.0,0.0,0.0,0.0,2.0,2.0,0.0,1.0,1.0,0.0,1.0,0.0,0.0,0.0,0.0,0.0,1.0,0.0,0.0,1.0,0.0,0.0,0.0,1.0,10.0,0.0,0.0,0.0,0.0,0.0,11.0,0.0,0.0,0.0,0.0,0.0,0.0,0.0,0.0,0.0,1.0,1.0,0.0,0.0,0.0,0.0,1.0,1.0,1.0,0.0,0.0,0.0,0.0,0.0,0.0,1.0,1.0,0.0,0.0,0.0,0.0,0.0,1.0,1.0,0.0,1506357098.0,710.0,710.0,1715.0,1715.0,1767.0,0.0,169.0,29201.0,24351.0,24275.0,81.0,0.0,0.0,0.0,187.0,0.0,0.0,67.0,77.0,76.0,14.0,65.0,168413600.0,594112.0,2108477920.0,32163882976.0,206826944.0,0.0,0.0,1094.0,0.0,0.0,1473.0,152.0,1692.0
1279,0.0,1.0,0.0,1.0,1.0,1267200.0,1.0,140250000.0,1.0,1331200000.0,0.517836093903,22334.0,1904.0,5791.0,40400.0,41000.0,42300.0,90.0,25.0,64.0,896.0,5000.0,0.0,25.0,1000000.0,950000.0,1.0,0.0,0.0,10.0,0.0,0.0,100.0,500.0,35344807.0,647469407.0,638183393.0,0.0,0.0,0.0,0.0,0.0,1.0,1.0,1.0,1.0,1.0,0.0,0.0,1.0,0.0,0.0,0.0,0.0,0.0,33.0,1.0,14763703.0,310108477.0,15004480.0,37303216.0,673631777.0,1122.0,2749357460.0,0.0,1.0,1.0,0.0,1.0,0.0,0.0,1.0,1.0,1.0,1.0,2.0,1.0,0.0,0.0,0.0,2.0,0.0,0.0,1.0,1.0,3.0,50.0,50.0,1.0,0.0,0.0,0.0,0.0,0.0,0.0,0.0,0.0,0.0,0.0,2.0,2.0,0.0,1.0,1.0,0.0,1.0,0.0,0.0,0.0,0.0,0.0,1.0,0.0,0.0,1.0,0.0,0.0,0.0,1.0,11.0,0.0,0.0,0.0,0.0,0.0,12.0,0.0,0.0,0.0,0.0,0.0,0.0,0.0,0.0,0.0,1.0,1.0,0.0,0.0,0.0,0.0,1.0,1.0,1.0,0.0,0.0,0.0,0.0,0.0,0.0,1.0,1.0,0.0,0.0,0.0,0.0,0.0,1.0,1.0,0.0,1512836563.0,736.0,736.0,1702.0,1702.0,1747.0,0.0,174.0,30039.0,24482.0,24406.0,153.0,0.0,0.0,0.0,198.0,0.0,0.0,67.0,77.0,76.0,19.0,65.0,149275456.0,0.0,2101835680.0,34922073088.0,172254816.0,0.0,0.0,1122.0,0.0,0.0,1684.0,152.0,1877.0
1280,0.0,1.0,0.0,1.0,1.0,1267200.0,1.0,140250000.0,1.0,1331200000.0,0.53494811058,21953.0,1827.0,5562.0,40500.0,41000.0,42000.0,99.0,25.0,64.0,896.0,5000.0,0.0,25.0,1000000.0,950000.0,1.0,1.0,0.0,10.0,0.0,0.0,100.0,500.0,36648147.0,636821679.0,619767825.0,0.0,0.0,0.0,0.0,0.0,1.0,1.0,1.0,1.0,1.0,0.0,0.0,1.0,0.0,0.0,0.0,0.0,0.0,33.0,1.0,15286086.0,298513611.0,15413233.0,35877225.0,648530208.0,1004.0,2716658130.0,0.0,1.0,1.0,0.0,1.0,0.0,0.0,1.0,1.0,1.0,1.0,2.0,1.0,0.0,0.0,0.0,2.0,0.0,0.0,1.0,1.0,3.0,50.0,50.0,1.0,0.0,0.0,0.0,0.0,0.0,0.0,0.0,0.0,0.0,0.0,2.0,2.0,0.0,1.0,1.0,0.0,1.0,0.0,0.0,0.0,0.0,0.0,1.0,0.0,0.0,1.0,0.0,0.0,0.0,1.0,10.0,0.0,0.0,0.0,0.0,0.0,11.0,0.0,0.0,0.0,0.0,0.0,0.0,0.0,0.0,0.0,1.0,1.0,0.0,0.0,0.0,0.0,1.0,1.0,1.0,0.0,0.0,0.0,0.0,0.0,0.0,1.0,1.0,0.0,0.0,0.0,0.0,0.0,1.0,1.0,0.0,1471371775.0,678.0,678.0,1610.0,1610.0,1651.0,0.0,155.0,28176.0,24081.0,24012.0,89.0,0.0,0.0,0.0,180.0,0.0,0.0,61.0,70.0,69.0,15.0,59.0,245088704.0,49472.0,1996932960.0,35705174976.0,184204416.0,0.0,0.0,1004.0,0.0,0.0,1409.0,138.0,1603.0
1281,0.0,1.0,0.0,1.0,1.0,1267200.0,1.0,140250000.0,1.0,1331200000.0,0.5163981914519999,22410.0,1903.0,5791.0,40400.0,41100.0,42200.0,99.0,25.0,64.0,896.0,5000.0,0.0,25.0,1000000.0,950000.0,1.0,1.0,0.0,10.0,0.0,0.0,100.0,500.0,36842286.0,670387750.0,654311578.0,0.0,0.0,0.0,0.0,0.0,1.0,1.0,1.0,1.0,1.0,0.0,0.0,1.0,0.0,0.0,0.0,0.0,0.0,33.0,1.0,15711710.0,325607395.0,15119592.0,37417545.0,687924925.0,1172.0,2737563039.0,0.0,1.0,1.0,0.0,1.0,0.0,0.0,1.0,1.0,1.0,1.0,2.0,1.0,0.0,0.0,0.0,2.0,0.0,0.0,1.0,1.0,3.0,50.0,50.0,1.0,0.0,0.0,0.0,0.0,0.0,0.0,0.0,0.0,0.0,0.0,2.0,2.0,0.0,1.0,1.0,0.0,1.0,0.0,0.0,0.0,0.0,0.0,1.0,0.0,0.0,1.0,0.0,0.0,0.0,1.0,11.0,0.0,0.0,0.0,0.0,0.0,12.0,0.0,0.0,0.0,0.0,0.0,0.0,0.0,0.0,0.0,1.0,1.0,0.0,0.0,0.0,0.0,1.0,1.0,1.0,0.0,0.0,0.0,0.0,0.0,0.0,1.0,1.0,0.0,0.0,0.0,0.0,0.0,1.0,1.0,0.0,1579040940.0,764.0,764.0,1706.0,1706.0,1752.0,0.0,190.0,30314.0,24658.0,24582.0,71.0,0.0,0.0,0.0,215.0,0.0,0.0,67.0,77.0,76.0,17.0,65.0,47990912.0,2539136.0,2067460256.0,32492912800.0,149321664.0,0.0,0.0,1172.0,0.0,0.0,1614.0,152.0,1879.0
1282,0.0,1.0,0.0,1.0,1.0,1267200.0,1.0,140250000.0,1.0,1331200000.0,0.518028020859,21953.0,1827.0,5638.0,40350.0,41000.0,42500.0,99.0,25.0,64.0,896.0,5000.0,0.0,25.0,1000000.0,950000.0,1.0,1.0,0.0,10.0,0.0,0.0,100.0,500.0,36591868.0,652618750.0,631578975.0,0.0,0.0,0.0,0.0,0.0,1.0,1.0,1.0,1.0,1.0,0.0,0.0,1.0,0.0,0.0,0.0,0.0,0.0,34.0,1.0,14948409.0,310542940.0,15051531.0,37387545.0,670442822.0,984.0,2803210884.0,0.0,1.0,1.0,0.0,1.0,0.0,0.0,1.0,1.0,1.0,1.0,2.0,1.0,0.0,0.0,0.0,2.0,0.0,0.0,1.0,1.0,3.0,50.0,50.0,1.0,0.0,0.0,0.0,0.0,0.0,0.0,0.0,0.0,0.0,0.0,2.0,2.0,0.0,1.0,1.0,0.0,1.0,0.0,0.0,0.0,0.0,0.0,1.0,0.0,0.0,1.0,0.0,0.0,0.0,1.0,10.0,0.0,0.0,0.0,0.0,0.0,11.0,0.0,0.0,0.0,0.0,0.0,0.0,0.0,0.0,0.0,1.0,1.0,0.0,0.0,0.0,0.0,1.0,1.0,1.0,0.0,0.0,0.0,0.0,0.0,0.0,1.0,1.0,0.0,0.0,0.0,0.0,0.0,1.0,1.0,0.0,1538576871.0,670.0,670.0,1727.0,1727.0,1782.0,0.0,170.0,29614.0,24316.0,24240.0,104.0,0.0,0.0,0.0,180.0,0.0,0.0,67.0,77.0,76.0,22.0,65.0,249228704.0,0.0,2081404576.0,35717655296.0,137563808.0,0.0,0.0,984.0,0.0,0.0,1392.0,152.0,1617.0
1283,0.0,1.0,1.0,1.0,0.0,960000.0,1.0,943500000.0,1.0,204000000.0,0.390865087509,7396.0,1295.0,2057.0,41000.0,41500.0,42000.0,99.0,25.0,64.0,896.0,5000.0,0.0,25.0,1000000.0,950000.0,1.0,0.0,0.0,10.0,0.0,0.0,0.0,100.0,23815436.0,654941624.0,613984104.0,0.0,0.0,0.0,0.0,0.0,1.0,1.0,1.0,1.0,1.0,0.0,0.0,1.0,0.0,0.0,0.0,0.0,0.0,32.0,1.0,16335961.0,267636417.0,16606016.0,26007462.0,685858462.0,862.0,4837990974.0,0.0,1.0,1.0,0.0,1.0,0.0,0.0,1.0,1.0,1.0,1.0,2.0,1.0,0.0,0.0,0.0,2.0,0.0,0.0,1.0,1.0,3.0,50.0,50.0,1.0,0.0,0.0,0.0,0.0,0.0,0.0,0.0,0.0,0.0,0.0,2.0,2.0,0.0,1.0,1.0,0.0,1.0,0.0,0.0,0.0,0.0,0.0,1.0,0.0,0.0,1.0,0.0,0.0,0.0,1.0,11.0,0.0,0.0,0.0,0.0,0.0,12.0,0.0,0.0,0.0,0.0,0.0,0.0,0.0,0.0,0.0,1.0,1.0,0.0,0.0,0.0,0.0,1.0,1.0,1.0,0.0,0.0,0.0,0.0,0.0,0.0,1.0,1.0,0.0,0.0,0.0,0.0,0.0,1.0,1.0,0.0,1439615082.0,960.0,960.0,2160.0,2160.0,2191.0,0.0,87.0,21641.0,22051.0,22017.0,48.0,0.0,0.0,0.0,116.0,0.0,0.0,31.0,35.0,34.0,12.0,29.0,438745792.0,3128928.0,3267084256.0,44984609216.0,399632576.0,0.0,0.0,862.0,0.0,0.0,1124.0,68.0,1311.0
1284,0.0,1.0,1.0,1.0,0.0,960000.0,1.0,943500000.0,1.0,204000000.0,0.391717910767,11323.0,1752.0,3124.0,40125.0,41000.0,42000.0,99.0,25.0,64.0,896.0,5000.0,0.0,25.0,1000000.0,950000.0,1.0,0.0,0.0,10.0,0.0,0.0,0.0,100.0,26630689.0,662358531.0,635198841.0,0.0,0.0,0.0,0.0,0.0,1.0,1.0,1.0,1.0,1.0,0.0,0.0,1.0,0.0,0.0,0.0,0.0,0.0,31.0,1.0,17176820.0,290178894.0,17234697.0,27530308.0,682463221.0,984.0,5088800567.0,0.0,1.0,1.0,0.0,1.0,0.0,0.0,1.0,1.0,1.0,1.0,2.0,1.0,0.0,0.0,0.0,2.0,0.0,0.0,1.0,1.0,3.0,50.0,50.0,1.0,0.0,0.0,0.0,0.0,0.0,0.0,0.0,0.0,0.0,0.0,2.0,2.0,0.0,1.0,1.0,0.0,1.0,0.0,0.0,0.0,0.0,0.0,1.0,0.0,0.0,1.0,0.0,0.0,0.0,1.0,10.0,0.0,0.0,0.0,0.0,0.0,11.0,0.0,0.0,0.0,0.0,0.0,0.0,0.0,0.0,0.0,1.0,1.0,0.0,0.0,0.0,0.0,1.0,1.0,1.0,0.0,0.0,0.0,0.0,0.0,0.0,1.0,1.0,0.0,0.0,0.0,0.0,0.0,1.0,1.0,0.0,1449938664.0,1056.0,1056.0,2295.0,2295.0,2334.0,0.0,102.0,23495.0,22625.0,22584.0,65.0,0.0,0.0,0.0,142.0,0.0,0.0,37.0,42.0,41.0,13.0,35.0,361693376.0,0.0,3436556064.0,31790239168.0,231801920.0,0.0,0.0,984.0,0.0,0.0,1277.0,82.0,1583.0
1285,0.0,1.0,1.0,1.0,0.0,960000.0,1.0,943500000.0,1.0,204000000.0,0.39829897880599996,15745.0,2132.0,4114.0,40625.0,41000.0,42000.0,99.0,25.0,64.0,896.0,5000.0,0.0,25.0,1000000.0,950000.0,1.0,0.0,0.0,10.0,0.0,0.0,0.0,100.0,27926254.0,700778177.0,645109725.0,0.0,0.0,0.0,0.0,0.0,1.0,1.0,1.0,1.0,1.0,0.0,0.0,1.0,0.0,0.0,0.0,0.0,0.0,32.0,1.0,17045583.0,278300190.0,17402556.0,28513022.0,713595100.0,1120.0,5275290192.0,0.0,1.0,1.0,0.0,1.0,0.0,0.0,1.0,1.0,1.0,1.0,2.0,1.0,0.0,0.0,0.0,2.0,0.0,0.0,1.0,1.0,3.0,50.0,50.0,1.0,0.0,0.0,0.0,0.0,0.0,0.0,0.0,0.0,0.0,0.0,2.0,2.0,0.0,1.0,1.0,0.0,1.0,0.0,0.0,0.0,0.0,0.0,1.0,0.0,0.0,1.0,0.0,0.0,0.0,1.0,11.0,0.0,0.0,0.0,0.0,0.0,12.0,0.0,0.0,0.0,0.0,0.0,0.0,0.0,0.0,0.0,1.0,1.0,0.0,0.0,0.0,0.0,1.0,1.0,1.0,0.0,0.0,0.0,0.0,0.0,0.0,1.0,1.0,0.0,0.0,0.0,0.0,0.0,1.0,1.0,0.0,1482130151.0,1135.0,1135.0,2446.0,2446.0,2480.0,0.0,113.0,25050.0,23027.0,22980.0,80.0,0.0,0.0,0.0,137.0,0.0,0.0,43.0,48.0,47.0,13.0,41.0,355652640.0,3312544.0,3601150816.0,47004471904.0,324019744.0,0.0,0.0,1120.0,0.0,0.0,1454.0,94.0,1708.0
1286,0.0,1.0,1.0,1.0,0.0,960000.0,1.0,943500000.0,1.0,204000000.0,0.395792961121,7510.0,1143.0,2133.0,40437.5,41125.0,42000.0,92.0,25.0,64.0,896.0,5000.0,0.0,25.0,1000000.0,950000.0,1.0,1.0,0.0,10.0,0.0,0.0,0.0,100.0,28705314.0,676553394.0,651298484.0,0.0,0.0,0.0,0.0,0.0,1.0,1.0,1.0,1.0,1.0,0.0,0.0,1.0,0.0,0.0,0.0,0.0,0.0,29.0,1.0,16971733.0,283692461.0,17051955.0,29482571.0,704952453.0,1072.0,5191021675.0,0.0,1.0,1.0,0.0,1.0,0.0,0.0,1.0,1.0,1.0,1.0,2.0,1.0,0.0,0.0,0.0,2.0,0.0,0.0,1.0,1.0,3.0,50.0,50.0,1.0,0.0,0.0,0.0,0.0,0.0,0.0,0.0,0.0,0.0,0.0,2.0,2.0,0.0,1.0,1.0,0.0,1.0,0.0,0.0,0.0,0.0,0.0,1.0,0.0,0.0,1.0,0.0,0.0,0.0,1.0,11.0,0.0,0.0,0.0,0.0,0.0,12.0,0.0,0.0,0.0,0.0,0.0,0.0,0.0,0.0,0.0,1.0,1.0,0.0,0.0,0.0,0.0,1.0,1.0,1.0,0.0,0.0,0.0,0.0,0.0,0.0,1.0,1.0,0.0,0.0,0.0,0.0,0.0,1.0,1.0,0.0,1470437575.0,1154.0,1154.0,2486.0,2486.0,2521.0,0.0,114.0,24762.0,23026.0,22979.0,83.0,0.0,0.0,0.0,164.0,0.0,0.0,43.0,48.0,47.0,16.0,41.0,452816576.0,0.0,3643257504.0,39989276832.0,291721600.0,0.0,0.0,1072.0,0.0,0.0,1453.0,94.0,1741.0
1287,0.0,1.0,1.0,1.0,0.0,960000.0,1.0,943500000.0,1.0,204000000.0,0.400583982468,11437.0,1752.0,3352.0,40125.0,41000.0,42000.0,92.0,25.0,64.0,896.0,5000.0,0.0,25.0,1000000.0,950000.0,1.0,1.0,0.0,10.0,0.0,0.0,0.0,100.0,27079611.0,670208923.0,634126874.0,0.0,0.0,0.0,0.0,0.0,1.0,1.0,1.0,1.0,1.0,0.0,0.0,1.0,0.0,0.0,0.0,0.0,0.0,34.0,1.0,17346256.0,276768225.0,17367283.0,26069804.0,697127673.0,981.0,5267744000.0,0.0,1.0,1.0,0.0,1.0,0.0,0.0,1.0,1.0,1.0,1.0,2.0,1.0,0.0,0.0,0.0,2.0,0.0,0.0,1.0,1.0,3.0,50.0,50.0,1.0,0.0,0.0,0.0,0.0,0.0,0.0,0.0,0.0,0.0,0.0,2.0,2.0,0.0,1.0,1.0,0.0,1.0,0.0,0.0,0.0,0.0,0.0,1.0,0.0,0.0,1.0,0.0,0.0,0.0,1.0,10.0,0.0,0.0,0.0,0.0,0.0,11.0,0.0,0.0,0.0,0.0,0.0,0.0,0.0,0.0,0.0,1.0,1.0,0.0,0.0,0.0,0.0,1.0,1.0,1.0,0.0,0.0,0.0,0.0,0.0,0.0,1.0,1.0,0.0,0.0,0.0,0.0,0.0,1.0,1.0,0.0,1438621967.0,1073.0,1073.0,2287.0,2287.0,2323.0,0.0,112.0,23550.0,22612.0,22572.0,71.0,0.0,0.0,0.0,145.0,0.0,0.0,37.0,41.0,40.0,17.0,35.0,356310304.0,2142720.0,3430451520.0,37430920288.0,277765344.0,0.0,0.0,981.0,0.0,0.0,1287.0,80.0,1593.0
1288,0.0,1.0,1.0,1.0,0.0,960000.0,1.0,943500000.0,1.0,204000000.0,0.39089012145999996,7244.0,1143.0,2133.0,40125.0,41000.0,42000.0,92.0,25.0,64.0,896.0,5000.0,0.0,25.0,1000000.0,950000.0,1.0,1.0,0.0,10.0,0.0,0.0,0.0,100.0,24371040.0,661751613.0,627699857.0,0.0,0.0,0.0,0.0,0.0,1.0,1.0,1.0,1.0,1.0,0.0,0.0,1.0,0.0,0.0,0.0,0.0,0.0,33.0,1.0,16682155.0,279963332.0,16533006.0,24837253.0,680261788.0,861.0,5008723857.0,0.0,1.0,1.0,0.0,1.0,0.0,0.0,1.0,1.0,1.0,1.0,2.0,1.0,0.0,0.0,0.0,2.0,0.0,0.0,1.0,1.0,3.0,50.0,50.0,1.0,0.0,0.0,0.0,0.0,0.0,0.0,0.0,0.0,0.0,0.0,2.0,2.0,0.0,1.0,1.0,0.0,1.0,0.0,0.0,0.0,0.0,0.0,1.0,0.0,0.0,1.0,0.0,0.0,0.0,1.0,11.0,0.0,0.0,0.0,0.0,0.0,12.0,0.0,0.0,0.0,0.0,0.0,0.0,0.0,0.0,0.0,1.0,1.0,0.0,0.0,0.0,0.0,1.0,1.0,1.0,0.0,0.0,0.0,0.0,0.0,0.0,1.0,1.0,0.0,0.0,0.0,0.0,0.0,1.0,1.0,0.0,1407089831.0,1052.0,1052.0,2275.0,2275.0,2310.0,0.0,76.0,21324.0,22053.0,22019.0,49.0,0.0,0.0,0.0,111.0,0.0,0.0,31.0,35.0,34.0,10.0,29.0,358146496.0,2834144.0,3274418080.0,39855935872.0,320376352.0,0.0,0.0,861.0,0.0,0.0,1070.0,68.0,1356.0
1289,0.0,1.0,1.0,1.0,0.0,960000.0,1.0,943500000.0,1.0,204000000.0,0.39584183692900005,7206.0,1143.0,2057.0,40250.0,41000.0,42000.0,96.0,25.0,64.0,896.0,5000.0,0.0,25.0,1000000.0,950000.0,1.0,0.0,0.0,10.0,0.0,0.0,0.0,500.0,24617887.0,659638333.0,628438654.0,0.0,0.0,0.0,0.0,0.0,1.0,1.0,1.0,1.0,1.0,0.0,0.0,1.0,0.0,0.0,0.0,0.0,0.0,33.0,1.0,16627020.0,274872500.0,16794923.0,24575051.0,672935111.0,879.0,5083477476.0,0.0,1.0,1.0,0.0,1.0,0.0,0.0,1.0,1.0,1.0,1.0,2.0,1.0,0.0,0.0,0.0,2.0,0.0,0.0,1.0,1.0,3.0,50.0,50.0,1.0,0.0,0.0,0.0,0.0,0.0,0.0,0.0,0.0,0.0,0.0,2.0,2.0,0.0,1.0,1.0,0.0,1.0,0.0,0.0,0.0,0.0,0.0,1.0,0.0,0.0,1.0,0.0,0.0,0.0,1.0,10.0,0.0,0.0,0.0,0.0,0.0,11.0,0.0,0.0,0.0,0.0,0.0,0.0,0.0,0.0,0.0,1.0,1.0,0.0,0.0,0.0,0.0,1.0,1.0,1.0,0.0,0.0,0.0,0.0,0.0,0.0,1.0,1.0,0.0,0.0,0.0,0.0,0.0,1.0,1.0,0.0,1415755548.0,1078.0,1078.0,2156.0,2156.0,2185.0,0.0,92.0,21504.0,22210.0,22176.0,39.0,0.0,0.0,0.0,130.0,0.0,0.0,31.0,35.0,34.0,6.0,29.0,145368768.0,0.0,3264378688.0,30879493312.0,301789536.0,0.0,0.0,879.0,0.0,0.0,1177.0,68.0,1486.0
1290,0.0,1.0,1.0,1.0,0.0,960000.0,1.0,943500000.0,1.0,204000000.0,0.39338994026199997,11247.0,1600.0,3277.0,40450.0,40900.0,41900.0,96.0,25.0,64.0,896.0,5000.0,0.0,25.0,1000000.0,950000.0,1.0,0.0,0.0,10.0,0.0,0.0,0.0,500.0,32176202.0,733246407.0,689272828.0,0.0,0.0,0.0,0.0,0.0,1.0,1.0,1.0,1.0,1.0,0.0,0.0,1.0,0.0,0.0,0.0,0.0,0.0,33.0,1.0,17930986.0,294328556.0,17935354.0,34680325.0,731259148.0,1201.0,5712425196.0,0.0,1.0,1.0,0.0,1.0,0.0,0.0,1.0,1.0,1.0,1.0,2.0,1.0,0.0,0.0,0.0,2.0,0.0,0.0,1.0,1.0,3.0,50.0,50.0,1.0,0.0,0.0,0.0,0.0,0.0,0.0,0.0,0.0,0.0,0.0,2.0,2.0,0.0,1.0,1.0,0.0,1.0,0.0,0.0,0.0,0.0,0.0,1.0,0.0,0.0,1.0,0.0,0.0,0.0,1.0,10.0,0.0,0.0,0.0,0.0,0.0,11.0,0.0,0.0,0.0,0.0,0.0,0.0,0.0,0.0,0.0,1.0,1.0,0.0,0.0,0.0,0.0,1.0,1.0,1.0,0.0,0.0,0.0,0.0,0.0,0.0,1.0,1.0,0.0,0.0,0.0,0.0,0.0,1.0,1.0,0.0,1503697000.0,1187.0,1187.0,2583.0,2583.0,2623.0,0.0,154.0,27041.0,23830.0,23770.0,50.0,0.0,0.0,0.0,190.0,0.0,0.0,55.0,61.0,60.0,19.0,53.0,39069696.0,0.0,3868216096.0,39973568832.0,292809088.0,0.0,0.0,1201.0,0.0,0.0,1686.0,120.0,1958.0
1291,0.0,1.0,1.0,1.0,0.0,960000.0,1.0,943500000.0,1.0,204000000.0,0.39815711975100004,7320.0,1143.0,2209.0,40125.0,41000.0,42000.0,96.0,25.0,64.0,896.0,5000.0,0.0,25.0,1000000.0,950000.0,1.0,0.0,0.0,10.0,0.0,0.0,0.0,500.0,24874925.0,648411603.0,625629341.0,0.0,0.0,0.0,0.0,0.0,1.0,1.0,1.0,1.0,1.0,0.0,0.0,1.0,0.0,0.0,0.0,0.0,0.0,35.0,1.0,16611370.0,277347539.0,16728252.0,24711028.0,673866911.0,856.0,4990579445.0,0.0,1.0,1.0,0.0,1.0,0.0,0.0,1.0,1.0,1.0,1.0,2.0,1.0,0.0,0.0,0.0,2.0,0.0,0.0,1.0,1.0,3.0,50.0,50.0,1.0,0.0,0.0,0.0,0.0,0.0,0.0,0.0,0.0,0.0,0.0,2.0,2.0,0.0,1.0,1.0,0.0,1.0,0.0,0.0,0.0,0.0,0.0,1.0,0.0,0.0,1.0,0.0,0.0,0.0,1.0,11.0,0.0,0.0,0.0,0.0,0.0,12.0,0.0,0.0,0.0,0.0,0.0,0.0,0.0,0.0,0.0,1.0,1.0,0.0,0.0,0.0,0.0,1.0,1.0,1.0,0.0,0.0,0.0,0.0,0.0,0.0,1.0,1.0,0.0,0.0,0.0,0.0,0.0,1.0,1.0,0.0,1435295420.0,967.0,967.0,2171.0,2171.0,2211.0,0.0,101.0,21865.0,22223.0,22189.0,64.0,0.0,0.0,0.0,119.0,0.0,0.0,31.0,35.0,34.0,11.0,29.0,275119616.0,0.0,3306787424.0,30311860896.0,232789792.0,0.0,0.0,856.0,0.0,0.0,1104.0,68.0,1477.0
1292,0.0,1.0,1.0,1.0,0.0,960000.0,1.0,943500000.0,1.0,204000000.0,0.390801906586,11094.0,1752.0,2971.0,40250.0,41250.0,42000.0,81.0,25.0,64.0,896.0,5000.0,0.0,25.0,1000000.0,950000.0,1.0,1.0,0.0,10.0,0.0,0.0,0.0,500.0,27104057.0,655639863.0,637156890.0,0.0,0.0,0.0,0.0,0.0,1.0,1.0,1.0,1.0,1.0,0.0,0.0,1.0,0.0,0.0,0.0,0.0,0.0,33.0,1.0,17189361.0,285791869.0,17170657.0,26878009.0,690442274.0,997.0,5114610471.0,0.0,1.0,1.0,0.0,1.0,0.0,0.0,1.0,1.0,1.0,1.0,2.0,1.0,0.0,0.0,0.0,2.0,0.0,0.0,1.0,1.0,3.0,50.0,50.0,1.0,0.0,0.0,0.0,0.0,0.0,0.0,0.0,0.0,0.0,0.0,2.0,2.0,0.0,1.0,1.0,0.0,1.0,0.0,0.0,0.0,0.0,0.0,1.0,0.0,0.0,1.0,0.0,0.0,0.0,1.0,11.0,0.0,0.0,0.0,0.0,0.0,12.0,0.0,0.0,0.0,0.0,0.0,0.0,0.0,0.0,0.0,1.0,1.0,0.0,0.0,0.0,0.0,1.0,1.0,1.0,0.0,0.0,0.0,0.0,0.0,0.0,1.0,1.0,0.0,0.0,0.0,0.0,0.0,1.0,1.0,0.0,1447022244.0,1109.0,1109.0,2362.0,2362.0,2391.0,0.0,114.0,23330.0,22586.0,22545.0,57.0,0.0,0.0,0.0,167.0,0.0,0.0,37.0,42.0,41.0,12.0,35.0,394174208.0,3059520.0,3492925184.0,45633003232.0,367149152.0,0.0,0.0,997.0,0.0,0.0,1300.0,82.0,1571.0
1293,0.0,1.0,1.0,1.0,0.0,960000.0,1.0,943500000.0,1.0,204000000.0,0.39944005012500006,11094.0,1676.0,2895.0,40250.0,40833.3333333,41833.3333333,81.0,25.0,64.0,896.0,5000.0,0.0,25.0,1000000.0,950000.0,1.0,1.0,0.0,10.0,0.0,0.0,0.0,500.0,30173450.0,682077277.0,655817318.0,0.0,0.0,0.0,0.0,0.0,1.0,1.0,1.0,1.0,1.0,0.0,0.0,1.0,0.0,0.0,0.0,0.0,0.0,33.0,1.0,16851749.0,291248448.0,17023447.0,29308789.0,706090435.0,1094.0,5193955606.0,0.0,1.0,1.0,0.0,1.0,0.0,0.0,1.0,1.0,1.0,1.0,2.0,1.0,0.0,0.0,0.0,2.0,0.0,0.0,1.0,1.0,3.0,50.0,50.0,1.0,0.0,0.0,0.0,0.0,0.0,0.0,0.0,0.0,0.0,0.0,2.0,2.0,0.0,1.0,1.0,0.0,1.0,0.0,0.0,0.0,0.0,0.0,1.0,0.0,0.0,1.0,0.0,0.0,0.0,1.0,10.0,0.0,0.0,0.0,0.0,0.0,11.0,0.0,0.0,0.0,0.0,0.0,0.0,0.0,0.0,0.0,1.0,1.0,0.0,0.0,0.0,0.0,1.0,1.0,1.0,0.0,0.0,0.0,0.0,0.0,0.0,1.0,1.0,0.0,0.0,0.0,0.0,0.0,1.0,1.0,0.0,1479321151.0,1160.0,1160.0,2418.0,2418.0,2456.0,0.0,146.0,24932.0,22979.0,22932.0,159.0,0.0,0.0,0.0,169.0,0.0,0.0,43.0,48.0,47.0,15.0,41.0,314467072.0,0.0,3669445376.0,44032362624.0,425050528.0,0.0,0.0,1094.0,0.0,0.0,1520.0,94.0,1804.0
1294,0.0,1.0,1.0,1.0,0.0,960000.0,1.0,943500000.0,1.0,204000000.0,0.403429031372,11209.0,1752.0,3200.0,40250.0,40875.0,41750.0,81.0,25.0,64.0,896.0,5000.0,0.0,25.0,1000000.0,950000.0,1.0,1.0,0.0,10.0,0.0,0.0,0.0,500.0,29640681.0,702780202.0,645361474.0,0.0,0.0,0.0,0.0,0.0,1.0,1.0,1.0,1.0,1.0,0.0,0.0,1.0,0.0,0.0,0.0,0.0,0.0,44.0,1.0,17498443.0,285594762.0,17662571.0,31680829.0,714557948.0,1146.0,5365695942.0,0.0,1.0,1.0,0.0,1.0,0.0,0.0,1.0,1.0,1.0,1.0,2.0,1.0,0.0,0.0,0.0,2.0,0.0,0.0,1.0,1.0,3.0,50.0,50.0,1.0,0.0,0.0,0.0,0.0,0.0,0.0,0.0,0.0,0.0,0.0,2.0,2.0,0.0,1.0,1.0,0.0,1.0,0.0,0.0,0.0,0.0,0.0,1.0,0.0,0.0,1.0,0.0,0.0,0.0,1.0,10.0,0.0,0.0,0.0,0.0,0.0,11.0,0.0,0.0,0.0,0.0,0.0,0.0,0.0,0.0,0.0,1.0,1.0,0.0,0.0,0.0,0.0,1.0,1.0,1.0,0.0,0.0,0.0,0.0,0.0,0.0,1.0,1.0,0.0,0.0,0.0,0.0,0.0,1.0,1.0,0.0,1477506160.0,1202.0,1202.0,2496.0,2496.0,2526.0,0.0,150.0,25907.0,23360.0,23306.0,66.0,0.0,0.0,0.0,193.0,0.0,0.0,49.0,55.0,54.0,13.0,47.0,247184544.0,0.0,3787543936.0,46739408640.0,365413472.0,0.0,0.0,1146.0,0.0,0.0,1512.0,108.0,1852.0
1295,0.0,1.0,1.0,1.0,0.0,960000.0,1.0,943500000.0,1.0,204000000.0,0.38667988777199996,7510.0,1219.0,2286.0,40125.0,41000.0,42000.0,70.0,25.0,64.0,896.0,5000.0,0.0,25.0,1000000.0,950000.0,1.0,0.0,0.0,10.0,0.0,0.0,100.0,100.0,23886623.0,652684982.0,615767199.0,0.0,0.0,0.0,0.0,0.0,1.0,1.0,1.0,1.0,1.0,0.0,0.0,1.0,0.0,0.0,0.0,0.0,0.0,29.0,1.0,16993742.0,274099851.0,17316370.0,23526953.0,698410418.0,862.0,5012759863.0,0.0,1.0,1.0,0.0,1.0,0.0,0.0,1.0,1.0,1.0,1.0,2.0,1.0,0.0,0.0,0.0,2.0,0.0,0.0,1.0,1.0,3.0,50.0,50.0,1.0,0.0,0.0,0.0,0.0,0.0,0.0,0.0,0.0,0.0,0.0,2.0,2.0,0.0,1.0,1.0,0.0,1.0,0.0,0.0,0.0,0.0,0.0,1.0,0.0,0.0,1.0,0.0,0.0,0.0,1.0,11.0,0.0,0.0,0.0,0.0,0.0,12.0,0.0,0.0,0.0,0.0,0.0,0.0,0.0,0.0,0.0,1.0,1.0,0.0,0.0,0.0,0.0,1.0,1.0,1.0,0.0,0.0,0.0,0.0,0.0,0.0,1.0,1.0,0.0,0.0,0.0,0.0,0.0,1.0,1.0,0.0,1479627065.0,945.0,945.0,2161.0,2161.0,2189.0,0.0,81.0,21306.0,22145.0,22112.0,38.0,0.0,0.0,0.0,119.0,0.0,0.0,31.0,34.0,33.0,12.0,29.0,357768000.0,0.0,3170207456.0,45241381600.0,231560992.0,0.0,0.0,862.0,0.0,0.0,1103.0,66.0,1348.0
1296,0.0,1.0,1.0,1.0,0.0,960000.0,1.0,943500000.0,1.0,204000000.0,0.39189505577100003,8158.0,1143.0,2210.0,40250.0,41000.0,42000.0,70.0,25.0,64.0,896.0,5000.0,0.0,25.0,1000000.0,950000.0,1.0,0.0,0.0,10.0,0.0,0.0,100.0,100.0,25318963.0,665261912.0,624979461.0,0.0,0.0,0.0,0.0,0.0,1.0,1.0,1.0,1.0,1.0,0.0,0.0,1.0,0.0,0.0,0.0,0.0,0.0,30.0,1.0,16767676.0,269916277.0,16636406.0,24058585.0,682242197.0,898.0,4959571193.0,0.0,1.0,1.0,0.0,1.0,0.0,0.0,1.0,1.0,1.0,1.0,2.0,1.0,0.0,0.0,0.0,2.0,0.0,0.0,1.0,1.0,3.0,50.0,50.0,1.0,0.0,0.0,0.0,0.0,0.0,0.0,0.0,0.0,0.0,0.0,2.0,2.0,0.0,1.0,1.0,0.0,1.0,0.0,0.0,0.0,0.0,0.0,1.0,0.0,0.0,1.0,0.0,0.0,0.0,1.0,11.0,0.0,0.0,0.0,0.0,0.0,12.0,0.0,0.0,0.0,0.0,0.0,0.0,0.0,0.0,0.0,1.0,1.0,0.0,0.0,0.0,0.0,1.0,1.0,1.0,0.0,0.0,0.0,0.0,0.0,0.0,1.0,1.0,0.0,0.0,0.0,0.0,0.0,1.0,1.0,0.0,1419153613.0,935.0,935.0,2238.0,2238.0,2264.0,0.0,95.0,21941.0,22174.0,22140.0,66.0,0.0,0.0,0.0,116.0,0.0,0.0,31.0,35.0,34.0,11.0,29.0,283448192.0,2813984.0,3226632992.0,24905221536.0,278691168.0,0.0,0.0,898.0,0.0,0.0,1133.0,68.0,1424.0
1297,0.0,1.0,1.0,1.0,0.0,960000.0,1.0,943500000.0,1.0,204000000.0,0.392400979996,8232.0,1143.0,2286.0,40125.0,41000.0,42000.0,70.0,25.0,64.0,896.0,5000.0,0.0,25.0,1000000.0,950000.0,1.0,0.0,0.0,10.0,0.0,0.0,100.0,100.0,24372491.0,649919053.0,626603839.0,0.0,0.0,0.0,0.0,0.0,1.0,1.0,1.0,1.0,1.0,0.0,0.0,1.0,0.0,0.0,0.0,0.0,0.0,32.0,1.0,16777730.0,277459712.0,16695528.0,24986236.0,687892279.0,843.0,4934355733.0,0.0,1.0,1.0,0.0,1.0,0.0,0.0,1.0,1.0,1.0,1.0,2.0,1.0,0.0,0.0,0.0,2.0,0.0,0.0,1.0,1.0,3.0,50.0,50.0,1.0,0.0,0.0,0.0,0.0,0.0,0.0,0.0,0.0,0.0,0.0,2.0,2.0,0.0,1.0,1.0,0.0,1.0,0.0,0.0,0.0,0.0,0.0,1.0,0.0,0.0,1.0,0.0,0.0,0.0,1.0,11.0,0.0,0.0,0.0,0.0,0.0,12.0,0.0,0.0,0.0,0.0,0.0,0.0,0.0,0.0,0.0,1.0,1.0,0.0,0.0,0.0,0.0,1.0,1.0,1.0,0.0,0.0,0.0,0.0,0.0,0.0,1.0,1.0,0.0,0.0,0.0,0.0,0.0,1.0,1.0,0.0,1428142326.0,1034.0,1034.0,2194.0,2194.0,2222.0,0.0,86.0,21445.0,22072.0,22038.0,53.0,0.0,0.0,0.0,112.0,0.0,0.0,31.0,35.0,34.0,13.0,29.0,277576000.0,0.0,3223794144.0,357344583264.0,340368736.0,0.0,0.0,843.0,0.0,0.0,1103.0,68.0,1333.0
1298,0.0,1.0,1.0,1.0,0.0,960000.0,1.0,943500000.0,1.0,204000000.0,0.392624139786,8158.0,1066.0,2286.0,40250.0,41000.0,41750.0,95.0,25.0,64.0,896.0,5000.0,0.0,25.0,1000000.0,950000.0,1.0,1.0,0.0,10.0,0.0,0.0,100.0,100.0,23651657.0,659917840.0,633918031.0,0.0,0.0,0.0,0.0,0.0,1.0,1.0,1.0,1.0,1.0,0.0,0.0,1.0,0.0,0.0,0.0,0.0,0.0,33.0,1.0,16958590.0,281246907.0,16831269.0,24463488.0,690581132.0,818.0,5108776087.0,0.0,1.0,1.0,0.0,1.0,0.0,0.0,1.0,1.0,1.0,1.0,2.0,1.0,0.0,0.0,0.0,2.0,0.0,0.0,1.0,1.0,3.0,50.0,50.0,1.0,0.0,0.0,0.0,0.0,0.0,0.0,0.0,0.0,0.0,0.0,2.0,2.0,0.0,1.0,1.0,0.0,1.0,0.0,0.0,0.0,0.0,0.0,1.0,0.0,0.0,1.0,0.0,0.0,0.0,1.0,11.0,0.0,0.0,0.0,0.0,0.0,12.0,0.0,0.0,0.0,0.0,0.0,0.0,0.0,0.0,0.0,1.0,1.0,0.0,0.0,0.0,0.0,1.0,1.0,1.0,0.0,0.0,0.0,0.0,0.0,0.0,1.0,1.0,0.0,0.0,0.0,0.0,0.0,1.0,1.0,0.0,1430314524.0,916.0,916.0,2119.0,2119.0,2141.0,0.0,79.0,21527.0,22171.0,22137.0,57.0,0.0,0.0,0.0,105.0,0.0,0.0,31.0,35.0,34.0,9.0,29.0,338502528.0,1681632.0,3214146400.0,28790281408.0,229180896.0,0.0,0.0,818.0,0.0,0.0,1041.0,68.0,1343.0
1299,0.0,1.0,1.0,1.0,0.0,960000.0,1.0,943500000.0,1.0,204000000.0,0.38882613182099995,8500.0,1143.0,2438.0,40375.0,41000.0,42000.0,95.0,25.0,64.0,896.0,5000.0,0.0,25.0,1000000.0,950000.0,1.0,1.0,0.0,10.0,0.0,0.0,100.0,100.0,24736888.0,655781940.0,632207030.0,0.0,0.0,0.0,0.0,0.0,1.0,1.0,1.0,1.0,1.0,0.0,0.0,1.0,0.0,0.0,0.0,0.0,0.0,32.0,1.0,17128115.0,270276967.0,17108935.0,25677646.0,694990856.0,909.0,5087027014.0,0.0,1.0,1.0,0.0,1.0,0.0,0.0,1.0,1.0,1.0,1.0,2.0,1.0,0.0,0.0,0.0,2.0,0.0,0.0,1.0,1.0,3.0,50.0,50.0,1.0,0.0,0.0,0.0,0.0,0.0,0.0,0.0,0.0,0.0,0.0,2.0,2.0,0.0,1.0,1.0,0.0,1.0,0.0,0.0,0.0,0.0,0.0,1.0,0.0,0.0,1.0,0.0,0.0,0.0,1.0,11.0,0.0,0.0,0.0,0.0,0.0,12.0,0.0,0.0,0.0,0.0,0.0,0.0,0.0,0.0,0.0,1.0,1.0,0.0,0.0,0.0,0.0,1.0,1.0,1.0,0.0,0.0,0.0,0.0,0.0,0.0,1.0,1.0,0.0,0.0,0.0,0.0,0.0,1.0,1.0,0.0,1431363556.0,1080.0,1080.0,2333.0,2333.0,2364.0,0.0,103.0,21536.0,22233.0,22199.0,46.0,0.0,0.0,0.0,161.0,0.0,0.0,31.0,35.0,34.0,12.0,29.0,353298528.0,0.0,3390393760.0,47187188352.0,327462688.0,0.0,0.0,909.0,0.0,0.0,1244.0,68.0,1462.0
1300,0.0,1.0,1.0,1.0,0.0,960000.0,1.0,943500000.0,1.0,204000000.0,0.393241882324,11247.0,1752.0,3047.0,40250.0,41000.0,42000.0,95.0,25.0,64.0,896.0,5000.0,0.0,25.0,1000000.0,950000.0,1.0,1.0,0.0,10.0,0.0,0.0,100.0,100.0,29108401.0,700797606.0,661410320.0,0.0,0.0,0.0,0.0,0.0,1.0,1.0,1.0,1.0,1.0,0.0,0.0,1.0,0.0,0.0,0.0,0.0,0.0,34.0,1.0,17400285.0,287466315.0,17287616.0,29206163.0,714461960.0,1145.0,5302300899.0,0.0,1.0,1.0,0.0,1.0,0.0,0.0,1.0,1.0,1.0,1.0,2.0,1.0,0.0,0.0,0.0,2.0,0.0,0.0,1.0,1.0,3.0,50.0,50.0,1.0,0.0,0.0,0.0,0.0,0.0,0.0,0.0,0.0,0.0,0.0,2.0,2.0,0.0,1.0,1.0,0.0,1.0,0.0,0.0,0.0,0.0,0.0,1.0,0.0,0.0,1.0,0.0,0.0,0.0,1.0,10.0,0.0,0.0,0.0,0.0,0.0,11.0,0.0,0.0,0.0,0.0,0.0,0.0,0.0,0.0,0.0,1.0,1.0,0.0,0.0,0.0,0.0,1.0,1.0,1.0,0.0,0.0,0.0,0.0,0.0,0.0,1.0,1.0,0.0,0.0,0.0,0.0,0.0,1.0,1.0,0.0,1469644494.0,1171.0,1171.0,2527.0,2527.0,2566.0,0.0,149.0,24648.0,23080.0,23032.0,78.0,0.0,0.0,0.0,183.0,0.0,0.0,43.0,49.0,48.0,20.0,41.0,584855456.0,0.0,3652563936.0,177851128096.0,406917856.0,0.0,0.0,1145.0,0.0,0.0,1566.0,96.0,1858.0
1301,0.0,1.0,1.0,1.0,0.0,960000.0,1.0,943500000.0,1.0,204000000.0,0.397442817688,7282.0,1143.0,2133.0,40375.0,41000.0,42000.0,91.0,25.0,64.0,896.0,5000.0,0.0,25.0,1000000.0,950000.0,1.0,0.0,0.0,10.0,0.0,0.0,100.0,500.0,24180143.0,654880853.0,608747268.0,0.0,0.0,0.0,0.0,0.0,1.0,1.0,1.0,1.0,1.0,0.0,0.0,1.0,0.0,0.0,0.0,0.0,0.0,34.0,1.0,16640777.0,267288278.0,16932013.0,25746344.0,673376333.0,862.0,4973845782.0,0.0,1.0,1.0,0.0,1.0,0.0,0.0,1.0,1.0,1.0,1.0,2.0,1.0,0.0,0.0,0.0,2.0,0.0,0.0,1.0,1.0,3.0,50.0,50.0,1.0,0.0,0.0,0.0,0.0,0.0,0.0,0.0,0.0,0.0,0.0,2.0,2.0,0.0,1.0,1.0,0.0,1.0,0.0,0.0,0.0,0.0,0.0,1.0,0.0,0.0,1.0,0.0,0.0,0.0,1.0,11.0,0.0,0.0,0.0,0.0,0.0,12.0,0.0,0.0,0.0,0.0,0.0,0.0,0.0,0.0,0.0,1.0,1.0,0.0,0.0,0.0,0.0,1.0,1.0,1.0,0.0,0.0,0.0,0.0,0.0,0.0,1.0,1.0,0.0,0.0,0.0,0.0,0.0,1.0,1.0,0.0,1408691567.0,922.0,922.0,2143.0,2143.0,2179.0,0.0,79.0,21205.0,22197.0,22163.0,39.0,0.0,0.0,0.0,105.0,0.0,0.0,31.0,35.0,34.0,13.0,29.0,155463808.0,2798208.0,3226559168.0,35066977568.0,268446080.0,0.0,0.0,862.0,0.0,0.0,1104.0,68.0,1460.0
1302,0.0,1.0,1.0,1.0,0.0,960000.0,1.0,943500000.0,1.0,204000000.0,0.39865899085999995,11285.0,1752.0,3276.0,40333.3333333,40833.3333333,42000.0,91.0,25.0,64.0,896.0,5000.0,0.0,25.0,1000000.0,950000.0,1.0,0.0,0.0,10.0,0.0,0.0,100.0,500.0,28629001.0,686625070.0,660906741.0,0.0,0.0,0.0,0.0,0.0,1.0,1.0,1.0,1.0,1.0,0.0,0.0,1.0,0.0,0.0,0.0,0.0,0.0,32.0,1.0,17080940.0,290587366.0,17413291.0,30072927.0,699852389.0,1104.0,5352534525.0,0.0,1.0,1.0,0.0,1.0,0.0,0.0,1.0,1.0,1.0,1.0,2.0,1.0,0.0,0.0,0.0,2.0,0.0,0.0,1.0,1.0,3.0,50.0,50.0,1.0,0.0,0.0,0.0,0.0,0.0,0.0,0.0,0.0,0.0,0.0,2.0,2.0,0.0,1.0,1.0,0.0,1.0,0.0,0.0,0.0,0.0,0.0,1.0,0.0,0.0,1.0,0.0,0.0,0.0,1.0,10.0,0.0,0.0,0.0,0.0,0.0,11.0,0.0,0.0,0.0,0.0,0.0,0.0,0.0,0.0,0.0,1.0,1.0,0.0,0.0,0.0,0.0,1.0,1.0,1.0,0.0,0.0,0.0,0.0,0.0,0.0,1.0,1.0,0.0,0.0,0.0,0.0,0.0,1.0,1.0,0.0,1464731073.0,1120.0,1120.0,2466.0,2466.0,2499.0,0.0,140.0,24379.0,23103.0,23055.0,116.0,0.0,0.0,0.0,163.0,0.0,0.0,43.0,49.0,48.0,13.0,41.0,130511616.0,0.0,3619675232.0,51899277824.0,253499808.0,0.0,0.0,1104.0,0.0,0.0,1465.0,96.0,1819.0
1303,0.0,1.0,1.0,1.0,0.0,960000.0,1.0,943500000.0,1.0,204000000.0,0.390137910843,11209.0,1675.0,3200.0,40125.0,41000.0,42000.0,91.0,25.0,64.0,896.0,5000.0,0.0,25.0,1000000.0,950000.0,1.0,0.0,0.0,10.0,0.0,0.0,100.0,500.0,27054587.0,689126397.0,651926498.0,0.0,0.0,0.0,0.0,0.0,1.0,1.0,1.0,1.0,1.0,0.0,0.0,1.0,0.0,0.0,0.0,0.0,0.0,29.0,1.0,17234006.0,281550889.0,17281004.0,28044314.0,699928524.0,1093.0,5221775944.0,0.0,1.0,1.0,0.0,1.0,0.0,0.0,1.0,1.0,1.0,1.0,2.0,1.0,0.0,0.0,0.0,2.0,0.0,0.0,1.0,1.0,3.0,50.0,50.0,1.0,0.0,0.0,0.0,0.0,0.0,0.0,0.0,0.0,0.0,0.0,2.0,2.0,0.0,1.0,1.0,0.0,1.0,0.0,0.0,0.0,0.0,0.0,1.0,0.0,0.0,1.0,0.0,0.0,0.0,1.0,10.0,0.0,0.0,0.0,0.0,0.0,11.0,0.0,0.0,0.0,0.0,0.0,0.0,0.0,0.0,0.0,1.0,1.0,0.0,0.0,0.0,0.0,1.0,1.0,1.0,0.0,0.0,0.0,0.0,0.0,0.0,1.0,1.0,0.0,0.0,0.0,0.0,0.0,1.0,1.0,0.0,1443146870.0,1147.0,1147.0,2329.0,2329.0,2367.0,0.0,115.0,23684.0,22767.0,22726.0,57.0,0.0,0.0,0.0,152.0,0.0,0.0,37.0,42.0,41.0,11.0,35.0,469994944.0,0.0,3545285280.0,47915855232.0,247941408.0,0.0,0.0,1093.0,0.0,0.0,1404.0,82.0,1781.0
1304,0.0,1.0,1.0,1.0,0.0,960000.0,1.0,943500000.0,1.0,204000000.0,0.405836105347,11780.0,1676.0,3962.0,40166.6666667,40833.3333333,42166.6666667,71.0,25.0,64.0,896.0,5000.0,0.0,25.0,1000000.0,950000.0,1.0,1.0,0.0,10.0,0.0,0.0,100.0,500.0,27385849.0,686012460.0,659684518.0,0.0,0.0,0.0,0.0,0.0,2.0,2.0,1.0,2.0,2.0,0.0,0.0,2.0,0.0,0.0,0.0,0.0,0.0,28.0,2.0,17988873.0,298666891.0,17910253.0,27865094.0,734385403.0,1044.0,5520944978.0,0.0,1.0,1.0,0.0,1.0,0.0,0.0,1.0,1.0,1.0,1.0,2.0,1.0,0.0,0.0,0.0,2.0,0.0,0.0,1.0,1.0,4.0,51.0,51.0,1.0,0.0,0.0,0.0,0.0,0.0,0.0,0.0,0.0,0.0,0.0,3.0,3.0,0.0,1.0,1.0,0.0,1.0,1.0,0.0,0.0,0.0,0.0,1.0,0.0,0.0,1.0,0.0,0.0,0.0,1.0,10.0,0.0,0.0,0.0,0.0,0.0,11.0,0.0,0.0,0.0,0.0,0.0,0.0,0.0,0.0,0.0,1.0,1.0,0.0,0.0,0.0,0.0,1.0,1.0,1.0,0.0,0.0,0.0,0.0,0.0,0.0,1.0,1.0,0.0,0.0,0.0,0.0,0.0,1.0,1.0,0.0,1497323139.0,1058.0,1058.0,2408.0,2408.0,2451.0,1.0,130.0,24997.0,23138.0,23090.0,29.0,0.0,0.0,0.0,162.0,0.0,0.0,43.0,49.0,48.0,11.0,41.0,156857056.0,2840512.0,3592516032.0,29962453568.0,334538368.0,0.0,0.0,1044.0,0.0,0.0,1382.0,96.0,1763.0
1305,0.0,1.0,1.0,1.0,0.0,960000.0,1.0,943500000.0,1.0,204000000.0,0.390294790268,7320.0,1066.0,2133.0,40375.0,41000.0,42000.0,71.0,25.0,64.0,896.0,5000.0,0.0,25.0,1000000.0,950000.0,1.0,1.0,0.0,10.0,0.0,0.0,100.0,500.0,22735136.0,660948759.0,636295970.0,0.0,0.0,0.0,0.0,0.0,1.0,1.0,1.0,1.0,1.0,0.0,0.0,1.0,0.0,0.0,0.0,0.0,0.0,1961.0,1.0,17402317.0,276970394.0,17205212.0,25983489.0,686623986.0,896.0,5019935906.0,0.0,1.0,1.0,0.0,1.0,0.0,0.0,1.0,1.0,1.0,1.0,2.0,1.0,0.0,0.0,0.0,2.0,0.0,0.0,1.0,1.0,98.0,2165.0,2165.0,1.0,0.0,0.0,0.0,0.0,0.0,0.0,0.0,0.0,0.0,0.0,97.0,97.0,0.0,1.0,1.0,0.0,1.0,95.0,0.0,0.0,0.0,0.0,1.0,0.0,0.0,1.0,0.0,0.0,0.0,1.0,11.0,0.0,0.0,0.0,0.0,0.0,12.0,0.0,0.0,0.0,0.0,0.0,0.0,0.0,0.0,0.0,1.0,1.0,0.0,0.0,0.0,0.0,1.0,1.0,1.0,0.0,0.0,0.0,0.0,0.0,0.0,1.0,1.0,0.0,0.0,0.0,0.0,0.0,1.0,1.0,0.0,1429286969.0,961.0,961.0,2197.0,2197.0,2234.0,0.0,95.0,21114.0,22109.0,22075.0,68.0,0.0,0.0,0.0,111.0,0.0,0.0,31.0,35.0,34.0,13.0,29.0,252971552.0,0.0,3259172576.0,26485821056.0,294558112.0,0.0,0.0,896.0,0.0,0.0,1108.0,68.0,1315.0
1306,0.0,1.0,1.0,1.0,0.0,960000.0,1.0,943500000.0,1.0,204000000.0,0.39550709724399996,7320.0,1143.0,2210.0,40000.0,41000.0,42000.0,71.0,25.0,64.0,896.0,5000.0,0.0,25.0,1000000.0,950000.0,1.0,1.0,0.0,10.0,0.0,0.0,100.0,500.0,24892982.0,656210987.0,613387836.0,0.0,0.0,0.0,0.0,0.0,1.0,1.0,1.0,1.0,1.0,0.0,0.0,1.0,0.0,0.0,0.0,0.0,0.0,34.0,1.0,17122986.0,274953245.0,17119927.0,25022562.0,681110299.0,806.0,5033446938.0,0.0,1.0,1.0,0.0,1.0,0.0,0.0,1.0,1.0,1.0,1.0,2.0,1.0,0.0,0.0,0.0,2.0,0.0,0.0,1.0,1.0,3.0,50.0,50.0,1.0,0.0,0.0,0.0,0.0,0.0,0.0,0.0,0.0,0.0,0.0,2.0,2.0,0.0,1.0,1.0,0.0,1.0,0.0,0.0,0.0,0.0,0.0,1.0,0.0,0.0,1.0,0.0,0.0,0.0,1.0,10.0,0.0,0.0,0.0,0.0,0.0,11.0,0.0,0.0,0.0,0.0,0.0,0.0,0.0,0.0,0.0,1.0,1.0,0.0,0.0,0.0,0.0,1.0,1.0,1.0,0.0,0.0,0.0,0.0,0.0,0.0,1.0,1.0,0.0,0.0,0.0,0.0,0.0,1.0,1.0,0.0,1413630985.0,924.0,924.0,2140.0,2140.0,2177.0,0.0,78.0,21667.0,22221.0,22187.0,35.0,0.0,0.0,0.0,91.0,0.0,0.0,31.0,35.0,34.0,10.0,29.0,163627424.0,0.0,3228945280.0,40371003232.0,207687488.0,0.0,0.0,806.0,0.0,0.0,1083.0,68.0,1422.0
1307,0.0,1.0,0.0,1.0,0.0,345600.0,1.0,497250000.0,1.0,102000000.0,0.9353499412540001,10333.0,1142.0,3353.0,40000.0,40333.3333333,41833.3333333,93.0,25.0,64.0,896.0,5000.0,0.0,25.0,1000000.0,950000.0,1.0,0.0,0.0,10.0,0.0,0.0,0.0,100.0,30249828.0,795688631.0,733749549.0,0.0,0.0,0.0,0.0,0.0,1.0,1.0,1.0,1.0,1.0,0.0,0.0,1.0,0.0,0.0,0.0,0.0,0.0,33.0,1.0,22677994.0,293280925.0,23100099.0,31770955.0,808741259.0,1404.0,10800664350.0,0.0,1.0,1.0,0.0,1.0,0.0,0.0,1.0,1.0,1.0,1.0,2.0,1.0,0.0,0.0,0.0,2.0,0.0,0.0,1.0,1.0,3.0,50.0,50.0,1.0,0.0,0.0,0.0,0.0,0.0,0.0,0.0,0.0,0.0,0.0,2.0,2.0,0.0,1.0,1.0,0.0,1.0,0.0,0.0,0.0,0.0,0.0,1.0,0.0,0.0,1.0,0.0,0.0,0.0,1.0,11.0,0.0,0.0,0.0,0.0,0.0,12.0,0.0,0.0,0.0,0.0,0.0,0.0,0.0,0.0,0.0,1.0,1.0,0.0,0.0,0.0,0.0,1.0,1.0,1.0,0.0,0.0,0.0,0.0,0.0,0.0,1.0,1.0,0.0,0.0,0.0,0.0,0.0,1.0,1.0,0.0,1527258875.0,2004.0,2004.0,4281.0,4281.0,4324.0,0.0,181.0,24263.0,23215.0,23169.0,48.0,0.0,0.0,0.0,197.0,0.0,0.0,43.0,47.0,46.0,22.0,41.0,851211200.0,0.0,6993694592.0,383535199456.0,1268936384.0,0.0,0.0,1404.0,0.0,0.0,1728.0,92.0,1978.0
1308,0.0,1.0,0.0,1.0,0.0,345600.0,1.0,497250000.0,1.0,102000000.0,0.8656730651860001,10560.0,1142.0,3429.0,39833.3333333,40500.0,42000.0,93.0,25.0,64.0,896.0,5000.0,0.0,25.0,1000000.0,950000.0,1.0,0.0,0.0,10.0,0.0,0.0,0.0,100.0,30390532.0,808655545.0,725419206.0,0.0,0.0,0.0,0.0,0.0,1.0,1.0,1.0,1.0,1.0,0.0,0.0,1.0,0.0,0.0,0.0,0.0,0.0,29.0,1.0,22331451.0,294334792.0,22565815.0,32988518.0,832086231.0,1690.0,10633165887.0,0.0,1.0,1.0,0.0,1.0,0.0,0.0,1.0,1.0,1.0,1.0,2.0,1.0,0.0,0.0,0.0,2.0,0.0,0.0,1.0,1.0,3.0,50.0,50.0,1.0,0.0,0.0,0.0,0.0,0.0,0.0,0.0,0.0,0.0,0.0,2.0,2.0,0.0,1.0,1.0,0.0,1.0,0.0,0.0,0.0,0.0,0.0,1.0,0.0,0.0,1.0,0.0,0.0,0.0,1.0,11.0,0.0,0.0,0.0,0.0,0.0,12.0,0.0,0.0,0.0,0.0,0.0,0.0,0.0,0.0,0.0,1.0,1.0,0.0,0.0,0.0,0.0,1.0,1.0,1.0,0.0,0.0,0.0,0.0,0.0,0.0,1.0,1.0,0.0,0.0,0.0,0.0,0.0,1.0,1.0,0.0,1592122646.0,2350.0,2350.0,4360.0,4360.0,4395.0,0.0,177.0,24400.0,23118.0,23073.0,114.0,0.0,0.0,0.0,198.0,0.0,0.0,43.0,46.0,45.0,24.0,41.0,521460448.0,0.0,7172648352.0,115165476288.0,1246961024.0,0.0,0.0,1690.0,0.0,0.0,2150.0,90.0,2461.0
1309,0.0,1.0,0.0,1.0,0.0,345600.0,1.0,497250000.0,1.0,102000000.0,0.8675110340119999,10217.0,990.0,3201.0,39583.3333333,40500.0,42000.0,93.0,25.0,64.0,896.0,5000.0,0.0,25.0,1000000.0,950000.0,1.0,0.0,0.0,10.0,0.0,0.0,0.0,100.0,28532124.0,805549318.0,745562503.0,0.0,0.0,0.0,0.0,0.0,1.0,1.0,1.0,1.0,1.0,0.0,0.0,1.0,0.0,0.0,0.0,0.0,0.0,33.0,1.0,22579184.0,294188349.0,22562375.0,32203596.0,812482179.0,1720.0,10799000859.0,0.0,1.0,1.0,0.0,1.0,0.0,0.0,1.0,1.0,1.0,1.0,2.0,1.0,0.0,0.0,0.0,2.0,0.0,0.0,1.0,1.0,3.0,50.0,50.0,1.0,0.0,0.0,0.0,0.0,0.0,0.0,0.0,0.0,0.0,0.0,2.0,2.0,0.0,1.0,1.0,0.0,1.0,0.0,0.0,0.0,0.0,0.0,1.0,0.0,0.0,1.0,0.0,0.0,0.0,1.0,11.0,0.0,0.0,0.0,0.0,0.0,12.0,0.0,0.0,0.0,0.0,0.0,0.0,0.0,0.0,0.0,1.0,1.0,0.0,0.0,0.0,0.0,1.0,1.0,1.0,0.0,0.0,0.0,0.0,0.0,0.0,1.0,1.0,0.0,0.0,0.0,0.0,0.0,1.0,1.0,0.0,1540332121.0,2332.0,2332.0,4096.0,4096.0,4133.0,0.0,180.0,25263.0,23198.0,23152.0,63.0,0.0,0.0,0.0,201.0,0.0,0.0,43.0,47.0,46.0,19.0,41.0,886293472.0,0.0,7148476320.0,76891818368.0,1537044416.0,0.0,0.0,1720.0,0.0,0.0,2127.0,92.0,2552.0
1310,0.0,1.0,0.0,1.0,0.0,345600.0,1.0,497250000.0,1.0,102000000.0,0.8961820602420001,10407.0,1066.0,3353.0,40166.6666667,40500.0,42000.0,71.0,25.0,64.0,896.0,5000.0,0.0,25.0,1000000.0,950000.0,1.0,1.0,0.0,10.0,0.0,0.0,0.0,100.0,29998130.0,792919933.0,723752008.0,0.0,0.0,0.0,0.0,0.0,1.0,1.0,1.0,1.0,1.0,0.0,0.0,1.0,0.0,0.0,0.0,0.0,0.0,33.0,1.0,21475053.0,294578341.0,22915229.0,30241476.0,833493577.0,1484.0,10920894980.0,0.0,1.0,1.0,0.0,1.0,0.0,0.0,1.0,1.0,1.0,1.0,2.0,1.0,0.0,0.0,0.0,2.0,0.0,0.0,1.0,1.0,3.0,50.0,50.0,1.0,0.0,0.0,0.0,0.0,0.0,0.0,0.0,0.0,0.0,0.0,2.0,2.0,0.0,1.0,1.0,0.0,1.0,0.0,0.0,0.0,0.0,0.0,1.0,0.0,0.0,1.0,0.0,0.0,0.0,1.0,11.0,0.0,0.0,0.0,0.0,0.0,12.0,0.0,0.0,0.0,0.0,0.0,0.0,0.0,0.0,0.0,1.0,1.0,0.0,0.0,0.0,0.0,1.0,1.0,1.0,0.0,0.0,0.0,0.0,0.0,0.0,1.0,1.0,0.0,0.0,0.0,0.0,0.0,1.0,1.0,0.0,1580767778.0,2021.0,2021.0,4408.0,4408.0,4448.0,0.0,188.0,25148.0,23344.0,23297.0,67.0,0.0,0.0,0.0,230.0,0.0,0.0,43.0,48.0,47.0,19.0,41.0,768910944.0,0.0,7181855104.0,81374127776.0,1446459072.0,0.0,0.0,1484.0,0.0,0.0,1883.0,94.0,2223.0
1311,0.0,1.0,0.0,1.0,0.0,345600.0,1.0,497250000.0,1.0,102000000.0,0.86661696434,10332.0,1142.0,3277.0,39666.6666667,40583.3333333,41666.6666667,71.0,25.0,64.0,896.0,5000.0,0.0,25.0,1000000.0,950000.0,1.0,1.0,0.0,10.0,0.0,0.0,0.0,100.0,36125118.0,837259608.0,762237809.0,0.0,0.0,0.0,0.0,0.0,1.0,1.0,1.0,1.0,1.0,0.0,0.0,1.0,0.0,0.0,0.0,0.0,0.0,34.0,1.0,22042479.0,312781146.0,22581001.0,37255520.0,864601450.0,1998.0,10798894660.0,0.0,1.0,1.0,0.0,1.0,0.0,0.0,1.0,1.0,1.0,1.0,2.0,1.0,0.0,0.0,0.0,2.0,0.0,0.0,1.0,1.0,3.0,50.0,50.0,1.0,0.0,0.0,0.0,0.0,0.0,0.0,0.0,0.0,0.0,0.0,2.0,2.0,0.0,1.0,1.0,0.0,1.0,0.0,0.0,0.0,0.0,0.0,1.0,0.0,0.0,1.0,0.0,0.0,0.0,1.0,11.0,0.0,0.0,0.0,0.0,0.0,12.0,0.0,0.0,0.0,0.0,0.0,0.0,0.0,0.0,0.0,1.0,1.0,0.0,0.0,0.0,0.0,1.0,1.0,1.0,0.0,0.0,0.0,0.0,0.0,0.0,1.0,1.0,0.0,0.0,0.0,0.0,0.0,1.0,1.0,0.0,1644454984.0,2872.0,2872.0,4526.0,4526.0,4571.0,0.0,194.0,27823.0,24183.0,24117.0,135.0,0.0,0.0,0.0,252.0,0.0,0.0,61.0,67.0,66.0,30.0,59.0,1162110880.0,0.0,7943413184.0,117714295872.0,1149761024.0,0.0,0.0,1998.0,0.0,0.0,2455.0,132.0,3035.0
1312,0.0,1.0,0.0,1.0,0.0,345600.0,1.0,497250000.0,1.0,102000000.0,0.889098882675,14183.0,1446.0,4572.0,40166.6666667,40500.0,41666.6666667,71.0,25.0,64.0,896.0,5000.0,0.0,25.0,1000000.0,950000.0,1.0,1.0,0.0,10.0,0.0,0.0,0.0,100.0,30803307.0,820005853.0,753984680.0,0.0,0.0,0.0,0.0,0.0,1.0,1.0,1.0,1.0,1.0,0.0,0.0,1.0,0.0,0.0,0.0,0.0,0.0,29.0,1.0,22930231.0,296721396.0,23716884.0,33798866.0,848949373.0,1346.0,11255868248.0,0.0,1.0,1.0,0.0,1.0,0.0,0.0,1.0,1.0,1.0,1.0,2.0,1.0,0.0,0.0,0.0,2.0,0.0,0.0,1.0,1.0,3.0,50.0,50.0,1.0,0.0,0.0,0.0,0.0,0.0,0.0,0.0,0.0,0.0,0.0,2.0,2.0,0.0,1.0,1.0,0.0,1.0,0.0,0.0,0.0,0.0,0.0,1.0,0.0,0.0,1.0,0.0,0.0,0.0,1.0,11.0,0.0,0.0,0.0,0.0,0.0,12.0,0.0,0.0,0.0,0.0,0.0,0.0,0.0,0.0,0.0,1.0,1.0,0.0,0.0,0.0,0.0,1.0,1.0,1.0,0.0,0.0,0.0,0.0,0.0,0.0,1.0,1.0,0.0,0.0,0.0,0.0,0.0,1.0,1.0,0.0,1559002849.0,2036.0,2036.0,4560.0,4560.0,4609.0,0.0,209.0,26392.0,23478.0,23426.0,62.0,0.0,0.0,0.0,207.0,0.0,0.0,49.0,53.0,52.0,23.0,47.0,759124032.0,0.0,7363875808.0,68644316096.0,1257080480.0,0.0,0.0,1346.0,0.0,0.0,1724.0,104.0,2027.0
1313,0.0,1.0,0.0,1.0,0.0,345600.0,1.0,497250000.0,1.0,102000000.0,0.8926370143889999,20473.0,1902.0,6096.0,39562.5,40500.0,41625.0,86.0,25.0,64.0,896.0,5000.0,0.0,25.0,1000000.0,950000.0,1.0,0.0,0.0,10.0,0.0,0.0,0.0,500.0,39469852.0,882201999.0,828282065.0,0.0,0.0,0.0,0.0,0.0,1.0,1.0,1.0,1.0,1.0,0.0,0.0,1.0,0.0,0.0,0.0,0.0,0.0,33.0,1.0,23388878.0,322596157.0,23720079.0,38827838.0,918756305.0,2005.0,11981322977.0,0.0,1.0,1.0,0.0,1.0,0.0,0.0,1.0,1.0,1.0,1.0,2.0,1.0,0.0,0.0,0.0,2.0,0.0,0.0,1.0,1.0,3.0,50.0,50.0,1.0,0.0,0.0,0.0,0.0,0.0,0.0,0.0,0.0,0.0,0.0,2.0,2.0,0.0,1.0,1.0,0.0,1.0,0.0,0.0,0.0,0.0,0.0,1.0,0.0,0.0,1.0,0.0,0.0,0.0,1.0,11.0,0.0,0.0,0.0,0.0,0.0,12.0,0.0,0.0,0.0,0.0,0.0,0.0,0.0,0.0,0.0,1.0,1.0,0.0,0.0,0.0,0.0,1.0,1.0,1.0,0.0,0.0,0.0,0.0,0.0,0.0,1.0,1.0,0.0,0.0,0.0,0.0,0.0,1.0,1.0,0.0,1704597001.0,2688.0,2688.0,5017.0,5017.0,5065.0,0.0,227.0,29745.0,24829.0,24758.0,113.0,0.0,0.0,0.0,291.0,0.0,0.0,67.0,72.0,71.0,37.0,65.0,966477792.0,0.0,8303323264.0,186174508832.0,1339697504.0,0.0,0.0,2005.0,0.0,0.0,2516.0,142.0,3010.0
1314,0.0,1.0,0.0,1.0,0.0,345600.0,1.0,497250000.0,1.0,102000000.0,0.8771140575409999,10484.0,1142.0,3353.0,40083.3333333,40500.0,41666.6666667,86.0,25.0,64.0,896.0,5000.0,0.0,25.0,1000000.0,950000.0,1.0,0.0,0.0,10.0,0.0,0.0,0.0,500.0,30002895.0,789452535.0,721307233.0,0.0,0.0,0.0,0.0,0.0,1.0,1.0,1.0,1.0,1.0,0.0,0.0,1.0,0.0,0.0,0.0,0.0,0.0,34.0,1.0,21034164.0,282151867.0,21581954.0,32320732.0,821721251.0,1304.0,10542464775.0,0.0,1.0,1.0,0.0,1.0,0.0,0.0,1.0,1.0,1.0,1.0,2.0,1.0,0.0,0.0,0.0,2.0,0.0,0.0,1.0,1.0,3.0,50.0,50.0,1.0,0.0,0.0,0.0,0.0,0.0,0.0,0.0,0.0,0.0,0.0,2.0,2.0,0.0,1.0,1.0,0.0,1.0,0.0,0.0,0.0,0.0,0.0,1.0,0.0,0.0,1.0,0.0,0.0,0.0,1.0,11.0,0.0,0.0,0.0,0.0,0.0,12.0,0.0,0.0,0.0,0.0,0.0,0.0,0.0,0.0,0.0,1.0,1.0,0.0,0.0,0.0,0.0,1.0,1.0,1.0,0.0,0.0,0.0,0.0,0.0,0.0,1.0,1.0,0.0,0.0,0.0,0.0,0.0,1.0,1.0,0.0,1563144243.0,2011.0,2011.0,4243.0,4243.0,4273.0,0.0,160.0,24907.0,23112.0,23065.0,42.0,0.0,0.0,0.0,182.0,0.0,0.0,43.0,48.0,47.0,20.0,41.0,677411424.0,0.0,7034869024.0,74546335680.0,1128290720.0,0.0,0.0,1304.0,0.0,0.0,1665.0,94.0,2061.0
1315,0.0,1.0,0.0,1.0,0.0,345600.0,1.0,497250000.0,1.0,102000000.0,0.8812489509579999,14335.0,1446.0,4648.0,39687.5,40500.0,41500.0,86.0,25.0,64.0,896.0,5000.0,0.0,25.0,1000000.0,950000.0,1.0,0.0,0.0,10.0,0.0,0.0,0.0,500.0,31744318.0,841673532.0,789423356.0,0.0,0.0,0.0,0.0,0.0,1.0,1.0,1.0,1.0,1.0,0.0,0.0,1.0,0.0,0.0,0.0,0.0,0.0,35.0,1.0,22996786.0,315994244.0,23231557.0,34518553.0,876481697.0,1460.0,11711285186.0,0.0,1.0,1.0,0.0,1.0,0.0,0.0,1.0,1.0,1.0,1.0,2.0,1.0,0.0,0.0,0.0,2.0,0.0,0.0,1.0,1.0,3.0,50.0,50.0,1.0,0.0,0.0,0.0,0.0,0.0,0.0,0.0,0.0,0.0,0.0,2.0,2.0,0.0,1.0,1.0,0.0,1.0,0.0,0.0,0.0,0.0,0.0,1.0,0.0,0.0,1.0,0.0,0.0,0.0,1.0,11.0,0.0,0.0,0.0,0.0,0.0,12.0,0.0,0.0,0.0,0.0,0.0,0.0,0.0,0.0,0.0,1.0,1.0,0.0,0.0,0.0,0.0,1.0,1.0,1.0,0.0,0.0,0.0,0.0,0.0,0.0,1.0,1.0,0.0,0.0,0.0,0.0,0.0,1.0,1.0,0.0,1601602450.0,2279.0,2279.0,4477.0,4477.0,4523.0,0.0,189.0,27741.0,23869.0,23811.0,47.0,0.0,0.0,0.0,219.0,0.0,0.0,55.0,59.0,58.0,22.0,53.0,810404160.0,0.0,7801797440.0,94103048800.0,1242689056.0,0.0,0.0,1460.0,0.0,0.0,1864.0,116.0,2370.0
1316,0.0,1.0,0.0,1.0,0.0,345600.0,1.0,497250000.0,1.0,102000000.0,0.947893857956,10293.0,1066.0,3277.0,39812.5,40625.0,41625.0,96.0,25.0,64.0,896.0,5000.0,0.0,25.0,1000000.0,950000.0,1.0,1.0,0.0,10.0,0.0,0.0,0.0,500.0,32854744.0,823877289.0,757121086.0,0.0,0.0,0.0,0.0,0.0,1.0,1.0,1.0,1.0,1.0,0.0,0.0,1.0,0.0,0.0,0.0,0.0,0.0,33.0,1.0,22179060.0,298159807.0,22138538.0,35936985.0,842183676.0,1791.0,10903375147.0,0.0,1.0,1.0,0.0,1.0,0.0,0.0,1.0,1.0,1.0,1.0,2.0,1.0,0.0,0.0,0.0,2.0,0.0,0.0,1.0,1.0,3.0,50.0,50.0,1.0,0.0,0.0,0.0,0.0,0.0,0.0,0.0,0.0,0.0,0.0,2.0,2.0,0.0,1.0,1.0,0.0,1.0,0.0,0.0,0.0,0.0,0.0,1.0,0.0,0.0,1.0,0.0,0.0,0.0,1.0,11.0,0.0,0.0,0.0,0.0,0.0,12.0,0.0,0.0,0.0,0.0,0.0,0.0,0.0,0.0,0.0,1.0,1.0,0.0,0.0,0.0,0.0,1.0,1.0,1.0,0.0,0.0,0.0,0.0,0.0,0.0,1.0,1.0,0.0,0.0,0.0,0.0,0.0,1.0,1.0,0.0,1557871396.0,2288.0,2288.0,4088.0,4088.0,4121.0,0.0,219.0,26653.0,23802.0,23748.0,84.0,0.0,0.0,0.0,243.0,0.0,0.0,49.0,55.0,54.0,20.0,47.0,421166752.0,0.0,7337899424.0,177191167936.0,1573769088.0,0.0,0.0,1791.0,0.0,0.0,2187.0,108.0,2636.0
1317,0.0,1.0,0.0,1.0,0.0,345600.0,1.0,497250000.0,1.0,102000000.0,0.8919010162350001,10218.0,1066.0,3201.0,39666.6666667,40500.0,41500.0,96.0,25.0,64.0,896.0,5000.0,0.0,25.0,1000000.0,950000.0,1.0,1.0,0.0,10.0,0.0,0.0,0.0,500.0,29367163.0,795239270.0,717296416.0,0.0,0.0,0.0,0.0,0.0,1.0,1.0,1.0,1.0,1.0,0.0,0.0,1.0,0.0,0.0,0.0,0.0,0.0,32.0,1.0,21293305.0,284720494.0,21711984.0,32187821.0,822100091.0,1721.0,10403915188.0,0.0,1.0,1.0,0.0,1.0,0.0,0.0,1.0,1.0,1.0,1.0,2.0,1.0,0.0,0.0,0.0,2.0,0.0,0.0,1.0,1.0,3.0,50.0,50.0,1.0,0.0,0.0,0.0,0.0,0.0,0.0,0.0,0.0,0.0,0.0,2.0,2.0,0.0,1.0,1.0,0.0,1.0,0.0,0.0,0.0,0.0,0.0,1.0,0.0,0.0,1.0,0.0,0.0,0.0,1.0,11.0,0.0,0.0,0.0,0.0,0.0,12.0,0.0,0.0,0.0,0.0,0.0,0.0,0.0,0.0,0.0,1.0,1.0,0.0,0.0,0.0,0.0,1.0,1.0,1.0,0.0,0.0,0.0,0.0,0.0,0.0,1.0,1.0,0.0,0.0,0.0,0.0,0.0,1.0,1.0,0.0,1561391590.0,2350.0,2350.0,3901.0,3901.0,3946.0,0.0,132.0,24531.0,23290.0,23244.0,77.0,0.0,0.0,0.0,184.0,0.0,0.0,43.0,47.0,46.0,21.0,41.0,717213536.0,0.0,6902589920.0,104254558208.0,1095386336.0,0.0,0.0,1721.0,0.0,0.0,2083.0,92.0,2602.0
1318,0.0,1.0,0.0,1.0,0.0,345600.0,1.0,497250000.0,1.0,102000000.0,0.876899957657,19290.0,1675.0,5488.0,39750.0,40500.0,41500.0,96.0,25.0,64.0,896.0,5000.0,0.0,25.0,1000000.0,950000.0,1.0,1.0,0.0,10.0,0.0,0.0,0.0,500.0,40252614.0,858172984.0,786565544.0,0.0,0.0,0.0,0.0,0.0,1.0,1.0,1.0,1.0,1.0,0.0,0.0,1.0,0.0,0.0,0.0,0.0,0.0,34.0,1.0,23516724.0,310680733.0,24054716.0,40949781.0,870534302.0,2377.0,11174478115.0,0.0,1.0,1.0,0.0,1.0,0.0,0.0,1.0,1.0,1.0,1.0,2.0,1.0,0.0,0.0,0.0,2.0,0.0,0.0,1.0,1.0,3.0,50.0,50.0,1.0,0.0,0.0,0.0,0.0,0.0,0.0,0.0,0.0,0.0,0.0,2.0,2.0,0.0,1.0,1.0,0.0,1.0,0.0,0.0,0.0,0.0,0.0,1.0,0.0,0.0,1.0,0.0,0.0,0.0,1.0,11.0,0.0,0.0,0.0,0.0,0.0,12.0,0.0,0.0,0.0,0.0,0.0,0.0,0.0,0.0,0.0,1.0,1.0,0.0,0.0,0.0,0.0,1.0,1.0,1.0,0.0,0.0,0.0,0.0,0.0,0.0,1.0,1.0,0.0,0.0,0.0,0.0,0.0,1.0,1.0,0.0,1651790438.0,2980.0,2980.0,4704.0,4704.0,4753.0,0.0,220.0,28524.0,24735.0,24664.0,152.0,0.0,0.0,0.0,299.0,0.0,0.0,67.0,72.0,71.0,26.0,65.0,1399398592.0,731072.0,8191908544.0,117555304480.0,1430431808.0,0.0,0.0,2377.0,0.0,0.0,2872.0,142.0,3579.0
1319,0.0,1.0,0.0,1.0,0.0,345600.0,1.0,497250000.0,1.0,102000000.0,0.899775028229,10636.0,1142.0,3201.0,39916.6666667,40500.0,41666.6666667,70.0,25.0,64.0,896.0,5000.0,0.0,25.0,1000000.0,950000.0,1.0,0.0,0.0,10.0,0.0,0.0,100.0,100.0,29731554.0,784299343.0,722834865.0,0.0,0.0,0.0,0.0,0.0,1.0,1.0,1.0,1.0,1.0,0.0,0.0,1.0,0.0,0.0,0.0,0.0,0.0,32.0,1.0,22711132.0,287401115.0,22906247.0,31493839.0,810669007.0,1549.0,10706223853.0,0.0,1.0,1.0,0.0,1.0,0.0,0.0,1.0,1.0,1.0,1.0,2.0,1.0,0.0,0.0,0.0,2.0,0.0,0.0,1.0,1.0,3.0,50.0,50.0,1.0,0.0,0.0,0.0,0.0,0.0,0.0,0.0,0.0,0.0,0.0,2.0,2.0,0.0,1.0,1.0,0.0,1.0,0.0,0.0,0.0,0.0,0.0,1.0,0.0,0.0,1.0,0.0,0.0,0.0,1.0,11.0,0.0,0.0,0.0,0.0,0.0,12.0,0.0,0.0,0.0,0.0,0.0,0.0,0.0,0.0,0.0,1.0,1.0,0.0,0.0,0.0,0.0,1.0,1.0,1.0,0.0,0.0,0.0,0.0,0.0,0.0,1.0,1.0,0.0,0.0,0.0,0.0,0.0,1.0,1.0,0.0,1542226982.0,2190.0,2190.0,4134.0,4134.0,4169.0,0.0,183.0,25024.0,23134.0,23088.0,52.0,0.0,0.0,0.0,226.0,0.0,0.0,43.0,47.0,46.0,17.0,41.0,276156256.0,0.0,7050806176.0,68976057088.0,1024601792.0,0.0,0.0,1549.0,0.0,0.0,1966.0,92.0,2177.0
1320,0.0,1.0,0.0,1.0,0.0,345600.0,1.0,497250000.0,1.0,102000000.0,0.888985157013,13953.0,1371.0,4344.0,39750.0,40500.0,41500.0,70.0,25.0,64.0,896.0,5000.0,0.0,25.0,1000000.0,950000.0,1.0,0.0,0.0,10.0,0.0,0.0,100.0,100.0,31803416.0,800248741.0,736590247.0,0.0,0.0,0.0,0.0,0.0,1.0,1.0,1.0,1.0,1.0,0.0,0.0,1.0,0.0,0.0,0.0,0.0,0.0,33.0,1.0,21960494.0,298625473.0,22282720.0,35169717.0,834477095.0,1524.0,10930522720.0,0.0,1.0,1.0,0.0,1.0,0.0,0.0,1.0,1.0,1.0,1.0,2.0,1.0,0.0,0.0,0.0,2.0,0.0,0.0,1.0,1.0,3.0,50.0,50.0,1.0,0.0,0.0,0.0,0.0,0.0,0.0,0.0,0.0,0.0,0.0,2.0,2.0,0.0,1.0,1.0,0.0,1.0,0.0,0.0,0.0,0.0,0.0,1.0,0.0,0.0,1.0,0.0,0.0,0.0,1.0,11.0,0.0,0.0,0.0,0.0,0.0,12.0,0.0,0.0,0.0,0.0,0.0,0.0,0.0,0.0,0.0,1.0,1.0,0.0,0.0,0.0,0.0,1.0,1.0,1.0,0.0,0.0,0.0,0.0,0.0,0.0,1.0,1.0,0.0,0.0,0.0,0.0,0.0,1.0,1.0,0.0,1583944475.0,2244.0,2244.0,4226.0,4226.0,4274.0,0.0,163.0,26294.0,23608.0,23556.0,70.0,0.0,0.0,0.0,194.0,0.0,0.0,49.0,53.0,52.0,19.0,47.0,513817440.0,0.0,7329862144.0,106184485024.0,1132848544.0,0.0,0.0,1524.0,0.0,0.0,1847.0,104.0,2440.0
1321,0.0,1.0,0.0,1.0,0.0,345600.0,1.0,497250000.0,1.0,102000000.0,0.8965370655060001,10408.0,1066.0,3353.0,39416.6666667,40000.0,41666.6666667,70.0,25.0,64.0,896.0,5000.0,0.0,25.0,1000000.0,950000.0,1.0,0.0,0.0,10.0,0.0,0.0,100.0,100.0,30153878.0,804361489.0,732059003.0,0.0,0.0,0.0,0.0,0.0,1.0,1.0,1.0,1.0,1.0,0.0,0.0,1.0,0.0,0.0,0.0,0.0,0.0,30.0,1.0,22193583.0,288137626.0,23195658.0,32572327.0,832756223.0,1821.0,10538489182.0,0.0,1.0,1.0,0.0,1.0,0.0,0.0,1.0,1.0,1.0,1.0,2.0,1.0,0.0,0.0,0.0,2.0,0.0,0.0,1.0,1.0,3.0,50.0,50.0,1.0,0.0,0.0,0.0,0.0,0.0,0.0,0.0,0.0,0.0,0.0,2.0,2.0,0.0,1.0,1.0,0.0,1.0,0.0,0.0,0.0,0.0,0.0,1.0,0.0,0.0,1.0,0.0,0.0,0.0,1.0,11.0,0.0,0.0,0.0,0.0,0.0,12.0,0.0,0.0,0.0,0.0,0.0,0.0,0.0,0.0,0.0,1.0,1.0,0.0,0.0,0.0,0.0,1.0,1.0,1.0,0.0,0.0,0.0,0.0,0.0,0.0,1.0,1.0,0.0,0.0,0.0,0.0,0.0,1.0,1.0,0.0,1593610522.0,2422.0,2422.0,4221.0,4221.0,4264.0,0.0,166.0,24680.0,23179.0,23132.0,90.0,0.0,0.0,0.0,163.0,0.0,0.0,43.0,48.0,47.0,25.0,41.0,988364512.0,0.0,7009227296.0,80611724736.0,1507982400.0,0.0,0.0,1821.0,0.0,0.0,2125.0,94.0,2510.0
1322,0.0,1.0,0.0,1.0,0.0,345600.0,1.0,497250000.0,1.0,102000000.0,0.8870179653170001,13838.0,1371.0,4344.0,40000.0,40333.3333333,41500.0,92.0,25.0,64.0,896.0,5000.0,0.0,25.0,1000000.0,950000.0,1.0,1.0,0.0,10.0,0.0,0.0,100.0,100.0,33251880.0,825380594.0,744432015.0,0.0,0.0,0.0,0.0,0.0,1.0,1.0,1.0,1.0,1.0,0.0,0.0,1.0,0.0,0.0,0.0,0.0,0.0,32.0,1.0,21179082.0,286889968.0,21620899.0,33314113.0,833159254.0,1705.0,10892918552.0,0.0,1.0,1.0,0.0,1.0,0.0,0.0,1.0,1.0,1.0,1.0,2.0,1.0,0.0,0.0,0.0,2.0,0.0,0.0,1.0,1.0,3.0,50.0,50.0,1.0,0.0,0.0,0.0,0.0,0.0,0.0,0.0,0.0,0.0,0.0,2.0,2.0,0.0,1.0,1.0,0.0,1.0,0.0,0.0,0.0,0.0,0.0,1.0,0.0,0.0,1.0,0.0,0.0,0.0,1.0,11.0,0.0,0.0,0.0,0.0,0.0,12.0,0.0,0.0,0.0,0.0,0.0,0.0,0.0,0.0,0.0,1.0,1.0,0.0,0.0,0.0,0.0,1.0,1.0,1.0,0.0,0.0,0.0,0.0,0.0,0.0,1.0,1.0,0.0,0.0,0.0,0.0,0.0,1.0,1.0,0.0,1571594857.0,2501.0,2501.0,4447.0,4447.0,4495.0,0.0,168.0,26319.0,23557.0,23504.0,84.0,0.0,0.0,0.0,250.0,0.0,0.0,49.0,54.0,53.0,19.0,47.0,731455264.0,426336.0,7466556224.0,142105856832.0,1018476352.0,0.0,0.0,1705.0,0.0,0.0,2176.0,106.0,2772.0
1323,0.0,1.0,0.0,1.0,0.0,345600.0,1.0,497250000.0,1.0,102000000.0,0.895442962646,10599.0,990.0,3353.0,39416.6666667,40500.0,41500.0,92.0,25.0,64.0,896.0,5000.0,0.0,25.0,1000000.0,950000.0,1.0,1.0,0.0,10.0,0.0,0.0,100.0,100.0,31494752.0,821150912.0,731998805.0,0.0,0.0,0.0,0.0,0.0,1.0,1.0,1.0,1.0,1.0,0.0,0.0,1.0,0.0,0.0,0.0,0.0,0.0,30.0,1.0,22317603.0,288522011.0,23159667.0,31424335.0,852395261.0,1861.0,11246504563.0,0.0,1.0,1.0,0.0,1.0,0.0,0.0,1.0,1.0,1.0,1.0,2.0,1.0,0.0,0.0,0.0,2.0,0.0,0.0,1.0,1.0,3.0,50.0,50.0,1.0,0.0,0.0,0.0,0.0,0.0,0.0,0.0,0.0,0.0,0.0,2.0,2.0,0.0,1.0,1.0,0.0,1.0,0.0,0.0,0.0,0.0,0.0,1.0,0.0,0.0,1.0,0.0,0.0,0.0,1.0,11.0,0.0,0.0,0.0,0.0,0.0,12.0,0.0,0.0,0.0,0.0,0.0,0.0,0.0,0.0,0.0,1.0,1.0,0.0,0.0,0.0,0.0,1.0,1.0,1.0,0.0,0.0,0.0,0.0,0.0,0.0,1.0,1.0,0.0,0.0,0.0,0.0,0.0,1.0,1.0,0.0,1619421762.0,2617.0,2617.0,4167.0,4167.0,4207.0,0.0,175.0,24740.0,23010.0,22964.0,61.0,0.0,0.0,0.0,190.0,0.0,0.0,43.0,47.0,46.0,18.0,41.0,680905952.0,0.0,7251736224.0,78580678272.0,1151486944.0,0.0,0.0,1861.0,0.0,0.0,2270.0,92.0,2538.0
1324,0.0,1.0,0.0,1.0,0.0,345600.0,1.0,497250000.0,1.0,102000000.0,0.851146936417,19748.0,1674.0,5869.0,39666.6666667,40333.3333333,41500.0,92.0,25.0,64.0,896.0,5000.0,0.0,25.0,1000000.0,950000.0,1.0,1.0,0.0,10.0,0.0,0.0,100.0,100.0,36750539.0,846965206.0,776852886.0,0.0,0.0,0.0,0.0,0.0,1.0,1.0,1.0,1.0,1.0,0.0,0.0,1.0,0.0,0.0,0.0,0.0,0.0,34.0,1.0,22252402.0,298292282.0,22465992.0,37376670.0,866984059.0,2143.0,11097077461.0,0.0,1.0,1.0,0.0,1.0,0.0,0.0,1.0,1.0,1.0,1.0,2.0,1.0,0.0,0.0,0.0,2.0,0.0,0.0,1.0,1.0,3.0,50.0,50.0,1.0,0.0,0.0,0.0,0.0,0.0,0.0,0.0,0.0,0.0,0.0,2.0,2.0,0.0,1.0,1.0,0.0,1.0,0.0,0.0,0.0,0.0,0.0,1.0,0.0,0.0,1.0,0.0,0.0,0.0,1.0,11.0,0.0,0.0,0.0,0.0,0.0,12.0,0.0,0.0,0.0,0.0,0.0,0.0,0.0,0.0,0.0,1.0,1.0,0.0,0.0,0.0,0.0,1.0,1.0,1.0,0.0,0.0,0.0,0.0,0.0,0.0,1.0,1.0,0.0,0.0,0.0,0.0,0.0,1.0,1.0,0.0,1633568150.0,2785.0,2785.0,4450.0,4450.0,4495.0,0.0,225.0,27269.0,24228.0,24163.0,53.0,0.0,0.0,0.0,243.0,0.0,0.0,61.0,66.0,65.0,24.0,59.0,523049856.0,0.0,7435100288.0,97973540640.0,1137302464.0,0.0,0.0,2143.0,0.0,0.0,2575.0,130.0,3082.0
1325,0.0,1.0,0.0,1.0,0.0,345600.0,1.0,497250000.0,1.0,102000000.0,0.878930091858,10332.0,990.0,3277.0,39583.3333333,40000.0,41500.0,100.0,25.0,64.0,896.0,5000.0,0.0,25.0,1000000.0,950000.0,1.0,0.0,0.0,10.0,0.0,0.0,100.0,500.0,31502455.0,794105383.0,730665202.0,0.0,0.0,0.0,0.0,0.0,1.0,1.0,1.0,1.0,1.0,0.0,0.0,1.0,0.0,0.0,0.0,0.0,0.0,35.0,1.0,22080393.0,279714926.0,22352119.0,31133593.0,824337069.0,1989.0,10758910699.0,0.0,1.0,1.0,0.0,1.0,0.0,0.0,1.0,1.0,1.0,1.0,2.0,1.0,0.0,0.0,0.0,2.0,0.0,0.0,1.0,1.0,3.0,50.0,50.0,1.0,0.0,0.0,0.0,0.0,0.0,0.0,0.0,0.0,0.0,0.0,2.0,2.0,0.0,1.0,1.0,0.0,1.0,0.0,0.0,0.0,0.0,0.0,1.0,0.0,0.0,1.0,0.0,0.0,0.0,1.0,11.0,0.0,0.0,0.0,0.0,0.0,12.0,0.0,0.0,0.0,0.0,0.0,0.0,0.0,0.0,0.0,1.0,1.0,0.0,0.0,0.0,0.0,1.0,1.0,1.0,0.0,0.0,0.0,0.0,0.0,0.0,1.0,1.0,0.0,0.0,0.0,0.0,0.0,1.0,1.0,0.0,1570696309.0,2634.0,2634.0,4081.0,4081.0,4120.0,0.0,185.0,25165.0,23309.0,23263.0,38.0,0.0,0.0,0.0,218.0,0.0,0.0,43.0,47.0,46.0,18.0,41.0,399130304.0,436992.0,7107946976.0,102495209696.0,1418243360.0,0.0,0.0,1989.0,0.0,0.0,2436.0,92.0,2941.0
1326,0.0,1.0,0.0,1.0,0.0,345600.0,1.0,497250000.0,1.0,102000000.0,0.852995872498,16735.0,1523.0,5259.0,39687.5,40250.0,41500.0,100.0,25.0,64.0,896.0,5000.0,0.0,25.0,1000000.0,950000.0,1.0,0.0,0.0,10.0,0.0,0.0,100.0,500.0,37564938.0,859062290.0,803540999.0,0.0,0.0,0.0,0.0,0.0,1.0,1.0,1.0,1.0,1.0,0.0,0.0,1.0,0.0,0.0,0.0,0.0,0.0,35.0,1.0,23445227.0,328357934.0,23559689.0,38730645.0,893038501.0,2567.0,11452486928.0,0.0,1.0,1.0,0.0,1.0,0.0,0.0,1.0,1.0,1.0,1.0,2.0,1.0,0.0,0.0,0.0,2.0,0.0,0.0,1.0,1.0,3.0,50.0,50.0,1.0,0.0,0.0,0.0,0.0,0.0,0.0,0.0,0.0,0.0,0.0,2.0,2.0,0.0,1.0,1.0,0.0,1.0,0.0,0.0,0.0,0.0,0.0,1.0,0.0,0.0,1.0,0.0,0.0,0.0,1.0,11.0,0.0,0.0,0.0,0.0,0.0,12.0,0.0,0.0,0.0,0.0,0.0,0.0,0.0,0.0,0.0,1.0,1.0,0.0,0.0,0.0,0.0,1.0,1.0,1.0,0.0,0.0,0.0,0.0,0.0,0.0,1.0,1.0,0.0,0.0,0.0,0.0,0.0,1.0,1.0,0.0,1659329402.0,3118.0,3118.0,4819.0,4819.0,4864.0,0.0,226.0,29473.0,24413.0,24348.0,113.0,0.0,0.0,0.0,270.0,0.0,0.0,61.0,66.0,65.0,29.0,59.0,967646368.0,2898560.0,7942735648.0,110102779360.0,1602376288.0,0.0,0.0,2567.0,0.0,0.0,3058.0,130.0,3544.0
1327,0.0,1.0,0.0,1.0,0.0,345600.0,1.0,497250000.0,1.0,102000000.0,0.860095024109,10484.0,1066.0,3353.0,39416.6666667,40333.3333333,41500.0,100.0,25.0,64.0,896.0,5000.0,0.0,25.0,1000000.0,950000.0,1.0,0.0,0.0,10.0,0.0,0.0,100.0,500.0,30601686.0,811978649.0,728125097.0,0.0,0.0,0.0,0.0,0.0,1.0,1.0,1.0,1.0,1.0,0.0,0.0,1.0,0.0,0.0,0.0,0.0,0.0,33.0,1.0,21433283.0,292719387.0,22184336.0,32980597.0,834266505.0,1924.0,10603253388.0,0.0,1.0,1.0,0.0,1.0,0.0,0.0,1.0,1.0,1.0,1.0,2.0,1.0,0.0,0.0,0.0,2.0,0.0,0.0,1.0,1.0,3.0,50.0,50.0,1.0,0.0,0.0,0.0,0.0,0.0,0.0,0.0,0.0,0.0,0.0,2.0,2.0,0.0,1.0,1.0,0.0,1.0,0.0,0.0,0.0,0.0,0.0,1.0,0.0,0.0,1.0,0.0,0.0,0.0,1.0,11.0,0.0,0.0,0.0,0.0,0.0,12.0,0.0,0.0,0.0,0.0,0.0,0.0,0.0,0.0,0.0,1.0,1.0,0.0,0.0,0.0,0.0,1.0,1.0,1.0,0.0,0.0,0.0,0.0,0.0,0.0,1.0,1.0,0.0,0.0,0.0,0.0,0.0,1.0,1.0,0.0,1574921347.0,2624.0,2624.0,4092.0,4092.0,4135.0,0.0,170.0,25089.0,23233.0,23186.0,85.0,0.0,0.0,0.0,224.0,0.0,0.0,43.0,48.0,47.0,19.0,41.0,432396224.0,0.0,7214531232.0,109255741920.0,1216158112.0,0.0,0.0,1924.0,0.0,0.0,2365.0,94.0,2792.0
1328,0.0,1.0,0.0,1.0,0.0,345600.0,1.0,497250000.0,1.0,102000000.0,0.8614878654479999,20549.0,1750.0,6782.0,39500.0,40166.6666667,41500.0,85.0,25.0,64.0,896.0,5000.0,0.0,25.0,1000000.0,950000.0,1.0,1.0,0.0,10.0,0.0,0.0,100.0,500.0,37325700.0,836974890.0,780295053.0,0.0,0.0,0.0,0.0,0.0,1.0,1.0,1.0,1.0,1.0,0.0,0.0,1.0,0.0,0.0,0.0,0.0,0.0,32.0,1.0,23308330.0,309229409.0,24038309.0,38824575.0,864711356.0,2101.0,11513934438.0,0.0,1.0,1.0,0.0,1.0,0.0,0.0,1.0,1.0,1.0,1.0,2.0,1.0,0.0,0.0,0.0,2.0,0.0,0.0,1.0,1.0,3.0,50.0,50.0,1.0,0.0,0.0,0.0,0.0,0.0,0.0,0.0,0.0,0.0,0.0,2.0,2.0,0.0,1.0,1.0,0.0,1.0,0.0,0.0,0.0,0.0,0.0,1.0,0.0,0.0,1.0,0.0,0.0,0.0,1.0,11.0,0.0,0.0,0.0,0.0,0.0,12.0,0.0,0.0,0.0,0.0,0.0,0.0,0.0,0.0,0.0,1.0,1.0,0.0,0.0,0.0,0.0,1.0,1.0,1.0,0.0,0.0,0.0,0.0,0.0,0.0,1.0,1.0,0.0,0.0,0.0,0.0,0.0,1.0,1.0,0.0,1622657942.0,2695.0,2695.0,4481.0,4481.0,4527.0,0.0,228.0,28306.0,24360.0,24295.0,150.0,0.0,0.0,0.0,259.0,0.0,0.0,61.0,66.0,65.0,26.0,59.0,1613319584.0,0.0,7972661248.0,101877176064.0,1620756160.0,0.0,0.0,2101.0,0.0,0.0,2639.0,130.0,2932.0
1329,0.0,1.0,0.0,1.0,0.0,345600.0,1.0,497250000.0,1.0,102000000.0,0.873776912689,10446.0,1142.0,3429.0,39666.6666667,40166.6666667,41500.0,85.0,25.0,64.0,896.0,5000.0,0.0,25.0,1000000.0,950000.0,1.0,1.0,0.0,10.0,0.0,0.0,100.0,500.0,29433869.0,814792707.0,728568191.0,0.0,0.0,0.0,0.0,0.0,1.0,1.0,1.0,1.0,1.0,0.0,0.0,1.0,0.0,0.0,0.0,0.0,0.0,30.0,1.0,20518370.0,289122189.0,20867450.0,31532017.0,838357673.0,1648.0,10254751029.0,0.0,1.0,1.0,0.0,1.0,0.0,0.0,1.0,1.0,1.0,1.0,2.0,1.0,0.0,0.0,0.0,2.0,0.0,0.0,1.0,1.0,3.0,50.0,50.0,1.0,0.0,0.0,0.0,0.0,0.0,0.0,0.0,0.0,0.0,0.0,2.0,2.0,0.0,1.0,1.0,0.0,1.0,0.0,0.0,0.0,0.0,0.0,1.0,0.0,0.0,1.0,0.0,0.0,0.0,1.0,11.0,0.0,0.0,0.0,0.0,0.0,12.0,0.0,0.0,0.0,0.0,0.0,0.0,0.0,0.0,0.0,1.0,1.0,0.0,0.0,0.0,0.0,1.0,1.0,1.0,0.0,0.0,0.0,0.0,0.0,0.0,1.0,1.0,0.0,0.0,0.0,0.0,0.0,1.0,1.0,0.0,1578261736.0,2246.0,2246.0,3957.0,3957.0,3998.0,0.0,167.0,24773.0,23239.0,23192.0,76.0,0.0,0.0,0.0,195.0,0.0,0.0,43.0,48.0,47.0,18.0,41.0,721092448.0,0.0,6956086048.0,87663119616.0,1140627264.0,0.0,0.0,1648.0,0.0,0.0,1976.0,94.0,2486.0
1330,0.0,1.0,0.0,1.0,0.0,345600.0,1.0,497250000.0,1.0,102000000.0,0.9102089405060001,10371.0,1142.0,3353.0,39583.3333333,40166.6666667,41500.0,85.0,25.0,64.0,896.0,5000.0,0.0,25.0,1000000.0,950000.0,1.0,1.0,0.0,10.0,0.0,0.0,100.0,500.0,30378477.0,782836218.0,719883531.0,0.0,0.0,0.0,0.0,0.0,1.0,1.0,1.0,1.0,1.0,0.0,0.0,1.0,0.0,0.0,0.0,0.0,0.0,31.0,1.0,20959655.0,281437100.0,21616245.0,31775912.0,825786267.0,1561.0,10426297669.0,0.0,1.0,1.0,0.0,1.0,0.0,0.0,1.0,1.0,1.0,1.0,2.0,1.0,0.0,0.0,0.0,2.0,0.0,0.0,1.0,1.0,3.0,50.0,50.0,1.0,0.0,0.0,0.0,0.0,0.0,0.0,0.0,0.0,0.0,0.0,2.0,2.0,0.0,1.0,1.0,0.0,1.0,0.0,0.0,0.0,0.0,0.0,1.0,0.0,0.0,1.0,0.0,0.0,0.0,1.0,11.0,0.0,0.0,0.0,0.0,0.0,12.0,0.0,0.0,0.0,0.0,0.0,0.0,0.0,0.0,0.0,1.0,1.0,0.0,0.0,0.0,0.0,1.0,1.0,1.0,0.0,0.0,0.0,0.0,0.0,0.0,1.0,1.0,0.0,0.0,0.0,0.0,0.0,1.0,1.0,0.0,1588067189.0,2205.0,2205.0,4252.0,4252.0,4288.0,0.0,221.0,24986.0,23253.0,23206.0,91.0,0.0,0.0,0.0,244.0,0.0,0.0,43.0,48.0,47.0,18.0,41.0,1001968448.0,881152.0,6956679424.0,84935819424.0,1206715200.0,0.0,0.0,1561.0,0.0,0.0,1915.0,94.0,2287.0
1331,0.0,1.0,0.0,1.0,0.0,1420800.0,1.0,1122000000.0,1.0,40800000.0,15.0140590668,31109.0,5410.0,10056.0,39781.25,40437.5,41937.5,94.0,25.0,64.0,896.0,5000.0,0.0,25.0,1000000.0,950000.0,1.0,0.0,0.0,10.0,0.0,0.0,0.0,100.0,74136228.0,1442672754.0,1318441507.0,0.0,0.0,0.0,0.0,0.0,1.0,1.0,1.0,1.0,1.0,0.0,0.0,1.0,0.0,0.0,0.0,0.0,0.0,31.0,1.0,90779633.0,561721072.0,95870659.0,74992561.0,1486941577.0,8616.0,76463029072.0,0.0,1.0,1.0,0.0,1.0,0.0,0.0,1.0,1.0,1.0,1.0,2.0,1.0,0.0,0.0,0.0,2.0,0.0,0.0,1.0,1.0,3.0,50.0,50.0,1.0,0.0,0.0,0.0,0.0,0.0,0.0,0.0,0.0,0.0,0.0,2.0,2.0,0.0,1.0,1.0,0.0,1.0,0.0,0.0,0.0,0.0,0.0,1.0,0.0,0.0,1.0,0.0,0.0,0.0,1.0,11.0,0.0,0.0,0.0,0.0,0.0,12.0,0.0,0.0,0.0,0.0,0.0,0.0,0.0,0.0,0.0,1.0,1.0,0.0,0.0,0.0,0.0,1.0,1.0,1.0,0.0,0.0,0.0,0.0,0.0,0.0,1.0,1.0,0.0,0.0,0.0,0.0,0.0,1.0,1.0,0.0,2575731818.0,16974.0,16974.0,22719.0,22719.0,22967.0,0.0,625.0,39650.0,28891.0,28779.0,349.0,0.0,0.0,0.0,987.0,0.0,0.0,103.0,113.0,112.0,42.0,101.0,8877168192.0,777344.0,47092635616.0,956689395584.0,17660756064.0,0.0,0.0,8616.0,0.0,0.0,10490.0,224.0,11750.0
1332,0.0,1.0,0.0,1.0,0.0,1420800.0,1.0,1122000000.0,1.0,40800000.0,14.076784849200001,33854.0,6019.0,10742.0,40062.5,40687.5,41937.5,94.0,25.0,64.0,896.0,5000.0,0.0,25.0,1000000.0,950000.0,1.0,0.0,0.0,10.0,0.0,0.0,0.0,100.0,75340020.0,1468354543.0,1348353598.0,0.0,0.0,0.0,0.0,0.0,1.0,1.0,1.0,1.0,1.0,0.0,0.0,1.0,0.0,0.0,0.0,0.0,0.0,30.0,1.0,88699732.0,596092375.0,91794426.0,78957817.0,1513241287.0,8869.0,74674845615.0,0.0,1.0,1.0,0.0,1.0,0.0,0.0,1.0,1.0,1.0,1.0,2.0,1.0,0.0,0.0,0.0,2.0,0.0,0.0,1.0,1.0,3.0,50.0,50.0,1.0,0.0,0.0,0.0,0.0,0.0,0.0,0.0,0.0,0.0,0.0,2.0,2.0,0.0,1.0,1.0,0.0,1.0,0.0,0.0,0.0,0.0,0.0,1.0,0.0,0.0,1.0,0.0,0.0,0.0,1.0,11.0,0.0,0.0,0.0,0.0,0.0,12.0,0.0,0.0,0.0,0.0,0.0,0.0,0.0,0.0,0.0,1.0,1.0,0.0,0.0,0.0,0.0,1.0,1.0,1.0,0.0,0.0,0.0,0.0,0.0,0.0,1.0,1.0,0.0,0.0,0.0,0.0,0.0,1.0,1.0,0.0,2677985752.0,17168.0,17168.0,22888.0,22888.0,23096.0,0.0,598.0,40770.0,29680.0,29562.0,368.0,0.0,0.0,0.0,1108.0,0.0,0.0,109.0,119.0,118.0,47.0,107.0,8573862656.0,16339168.0,46090433664.0,964627920480.0,13057434816.0,0.0,0.0,8869.0,0.0,0.0,11036.0,236.0,12459.0
1333,0.0,1.0,0.0,1.0,0.0,1420800.0,1.0,1122000000.0,1.0,40800000.0,14.3369967937,33929.0,5943.0,11124.0,40062.5,40750.0,41937.5,94.0,25.0,64.0,896.0,5000.0,0.0,25.0,1000000.0,950000.0,1.0,0.0,0.0,10.0,0.0,0.0,0.0,100.0,80690866.0,1525616664.0,1401166971.0,0.0,0.0,0.0,0.0,0.0,1.0,1.0,1.0,1.0,1.0,0.0,0.0,1.0,0.0,0.0,0.0,0.0,0.0,45.0,1.0,90625934.0,584721755.0,92290297.0,83778187.0,1563971481.0,11191.0,77667362899.0,0.0,1.0,1.0,0.0,1.0,0.0,0.0,1.0,1.0,1.0,1.0,2.0,1.0,0.0,0.0,0.0,2.0,0.0,0.0,1.0,1.0,3.0,50.0,50.0,1.0,0.0,0.0,0.0,0.0,0.0,0.0,0.0,0.0,0.0,0.0,2.0,2.0,0.0,1.0,1.0,0.0,1.0,0.0,0.0,0.0,0.0,0.0,1.0,0.0,0.0,1.0,0.0,0.0,0.0,1.0,11.0,0.0,0.0,0.0,0.0,0.0,12.0,0.0,0.0,0.0,0.0,0.0,0.0,0.0,0.0,0.0,1.0,1.0,0.0,0.0,0.0,0.0,1.0,1.0,1.0,0.0,0.0,0.0,0.0,0.0,0.0,1.0,1.0,0.0,0.0,0.0,0.0,0.0,1.0,1.0,0.0,2785333110.0,19778.0,19778.0,24146.0,24146.0,24351.0,0.0,595.0,41926.0,29669.0,29551.0,320.0,0.0,0.0,0.0,1064.0,0.0,0.0,109.0,119.0,118.0,51.0,107.0,10498409504.0,18051200.0,48087765856.0,1351673022016.0,17738389664.0,0.0,0.0,11191.0,0.0,0.0,13448.0,236.0,14948.0
1334,0.0,1.0,0.0,1.0,0.0,1420800.0,1.0,1122000000.0,1.0,40800000.0,14.7818789482,31261.0,5486.0,10285.0,40187.5,40750.0,42125.0,98.0,25.0,64.0,896.0,5000.0,0.0,25.0,1000000.0,950000.0,1.0,1.0,0.0,10.0,0.0,0.0,0.0,100.0,75370702.0,1454794724.0,1346645991.0,0.0,0.0,0.0,0.0,0.0,1.0,1.0,1.0,1.0,1.0,0.0,0.0,1.0,0.0,0.0,0.0,0.0,0.0,32.0,1.0,88588071.0,599224334.0,93944542.0,77116582.0,1490170827.0,9328.0,73867431542.0,0.0,1.0,1.0,0.0,1.0,0.0,0.0,1.0,1.0,1.0,1.0,2.0,1.0,0.0,0.0,0.0,2.0,0.0,0.0,1.0,1.0,3.0,50.0,50.0,1.0,0.0,0.0,0.0,0.0,0.0,0.0,0.0,0.0,0.0,0.0,2.0,2.0,0.0,1.0,1.0,0.0,1.0,0.0,0.0,0.0,0.0,0.0,1.0,0.0,0.0,1.0,0.0,0.0,0.0,1.0,11.0,0.0,0.0,0.0,0.0,0.0,12.0,0.0,0.0,0.0,0.0,0.0,0.0,0.0,0.0,0.0,1.0,1.0,0.0,0.0,0.0,0.0,1.0,1.0,1.0,0.0,0.0,0.0,0.0,0.0,0.0,1.0,1.0,0.0,0.0,0.0,0.0,0.0,1.0,1.0,0.0,2666956996.0,17721.0,17721.0,22650.0,22650.0,22854.0,0.0,586.0,39762.0,29216.0,29104.0,316.0,0.0,0.0,0.0,1011.0,0.0,0.0,103.0,113.0,112.0,46.0,101.0,9052921728.0,21531488.0,45582568256.0,1009552796384.0,18473391648.0,0.0,0.0,9328.0,0.0,0.0,11465.0,224.0,12677.0
1335,0.0,1.0,0.0,1.0,0.0,1420800.0,1.0,1122000000.0,1.0,40800000.0,15.0797970295,37894.0,6400.0,12571.0,40225.0,40800.0,42050.0,98.0,25.0,64.0,896.0,5000.0,0.0,25.0,1000000.0,950000.0,1.0,1.0,0.0,10.0,0.0,0.0,0.0,100.0,85324179.0,1588173896.0,1482382101.0,0.0,0.0,0.0,0.0,0.0,1.0,1.0,1.0,1.0,1.0,0.0,0.0,1.0,0.0,0.0,0.0,0.0,0.0,32.0,1.0,104817189.0,659193426.0,109679918.0,88731462.0,1621665967.0,11218.0,83073854004.0,0.0,1.0,1.0,0.0,1.0,0.0,0.0,1.0,1.0,1.0,1.0,2.0,1.0,0.0,0.0,0.0,2.0,0.0,0.0,1.0,1.0,3.0,50.0,50.0,1.0,0.0,0.0,0.0,0.0,0.0,0.0,0.0,0.0,0.0,0.0,2.0,2.0,0.0,1.0,1.0,0.0,1.0,0.0,0.0,0.0,0.0,0.0,1.0,0.0,0.0,1.0,0.0,0.0,0.0,1.0,11.0,0.0,0.0,0.0,0.0,0.0,12.0,0.0,0.0,0.0,0.0,0.0,0.0,0.0,0.0,0.0,1.0,1.0,0.0,0.0,0.0,0.0,1.0,1.0,1.0,0.0,0.0,0.0,0.0,0.0,0.0,1.0,1.0,0.0,0.0,0.0,0.0,0.0,1.0,1.0,0.0,2899645915.0,20653.0,20653.0,26585.0,26585.0,26830.0,0.0,682.0,46660.0,31075.0,30939.0,339.0,0.0,0.0,0.0,1275.0,0.0,0.0,127.0,137.0,136.0,54.0,125.0,11214965920.0,9231040.0,51335601056.0,1149876035168.0,15539582656.0,0.0,0.0,11218.0,0.0,0.0,13887.0,272.0,15351.0
1336,0.0,1.0,0.0,1.0,0.0,1420800.0,1.0,1122000000.0,1.0,40800000.0,13.9467380047,30881.0,5486.0,10209.0,40250.0,41062.5,42062.5,98.0,25.0,64.0,896.0,5000.0,0.0,25.0,1000000.0,950000.0,1.0,1.0,0.0,10.0,0.0,0.0,0.0,100.0,74101533.0,1440515514.0,1328581399.0,0.0,0.0,0.0,0.0,0.0,1.0,1.0,1.0,1.0,1.0,0.0,0.0,1.0,0.0,0.0,0.0,0.0,0.0,31.0,1.0,89456915.0,585742029.0,92877544.0,76748016.0,1465251138.0,8404.0,72151077666.0,0.0,1.0,1.0,0.0,1.0,0.0,0.0,1.0,1.0,1.0,1.0,2.0,1.0,0.0,0.0,0.0,2.0,0.0,0.0,1.0,1.0,3.0,50.0,50.0,1.0,0.0,0.0,0.0,0.0,0.0,0.0,0.0,0.0,0.0,0.0,2.0,2.0,0.0,1.0,1.0,0.0,1.0,0.0,0.0,0.0,0.0,0.0,1.0,0.0,0.0,1.0,0.0,0.0,0.0,1.0,11.0,0.0,0.0,0.0,0.0,0.0,12.0,0.0,0.0,0.0,0.0,0.0,0.0,0.0,0.0,0.0,1.0,1.0,0.0,0.0,0.0,0.0,1.0,1.0,1.0,0.0,0.0,0.0,0.0,0.0,0.0,1.0,1.0,0.0,0.0,0.0,0.0,0.0,1.0,1.0,0.0,2580714581.0,16745.0,16745.0,22754.0,22754.0,22970.0,0.0,561.0,39872.0,29128.0,29016.0,282.0,0.0,0.0,0.0,1045.0,0.0,0.0,103.0,113.0,112.0,44.0,101.0,7552596320.0,492672.0,44115627648.0,803705460032.0,11985726560.0,0.0,0.0,8404.0,0.0,0.0,10429.0,224.0,11959.0
1337,0.0,1.0,0.0,1.0,0.0,1420800.0,1.0,1122000000.0,1.0,40800000.0,14.37545681,38810.0,6553.0,12419.0,40388.8888889,40888.8888889,42333.3333333,100.0,25.0,64.0,896.0,5000.0,0.0,25.0,1000000.0,950000.0,1.0,0.0,0.0,10.0,0.0,0.0,0.0,500.0,79107409.0,1507523825.0,1411550885.0,0.0,0.0,0.0,0.0,0.0,1.0,1.0,1.0,1.0,1.0,0.0,0.0,1.0,0.0,0.0,0.0,0.0,0.0,28.0,1.0,96652351.0,645898227.0,100982831.0,82732195.0,1543394385.0,9015.0,77432931718.0,0.0,1.0,1.0,0.0,1.0,0.0,0.0,1.0,1.0,1.0,1.0,2.0,1.0,0.0,0.0,0.0,2.0,0.0,0.0,1.0,1.0,3.0,50.0,50.0,1.0,0.0,0.0,0.0,0.0,0.0,0.0,0.0,0.0,0.0,0.0,2.0,2.0,0.0,1.0,1.0,0.0,1.0,0.0,0.0,0.0,0.0,0.0,1.0,0.0,0.0,1.0,0.0,0.0,0.0,1.0,11.0,0.0,0.0,0.0,0.0,0.0,12.0,0.0,0.0,0.0,0.0,0.0,0.0,0.0,0.0,0.0,1.0,1.0,0.0,0.0,0.0,0.0,1.0,1.0,1.0,0.0,0.0,0.0,0.0,0.0,0.0,1.0,1.0,0.0,0.0,0.0,0.0,0.0,1.0,1.0,0.0,2757098758.0,18172.0,18172.0,23880.0,23880.0,24117.0,0.0,616.0,44006.0,30393.0,30263.0,313.0,0.0,0.0,0.0,1124.0,0.0,0.0,121.0,131.0,130.0,59.0,119.0,8165663616.0,1606464.0,47912528160.0,1032992359040.0,13616443008.0,0.0,0.0,9015.0,0.0,0.0,11376.0,260.0,12967.0
1338,0.0,1.0,0.0,1.0,0.0,1420800.0,1.0,1122000000.0,1.0,40800000.0,15.165651083,30881.0,5257.0,10132.0,40343.75,40937.5,42437.5,100.0,25.0,64.0,896.0,5000.0,0.0,25.0,1000000.0,950000.0,1.0,0.0,0.0,10.0,0.0,0.0,0.0,500.0,77257394.0,1452487696.0,1344743493.0,0.0,0.0,0.0,0.0,0.0,1.0,1.0,1.0,1.0,1.0,0.0,0.0,1.0,0.0,0.0,0.0,0.0,0.0,45.0,1.0,94769758.0,575449851.0,97570679.0,78867608.0,1495676881.0,10268.0,76683028940.0,0.0,1.0,1.0,0.0,1.0,0.0,0.0,1.0,1.0,1.0,1.0,2.0,1.0,0.0,0.0,0.0,2.0,0.0,0.0,1.0,1.0,3.0,50.0,50.0,1.0,0.0,0.0,0.0,0.0,0.0,0.0,0.0,0.0,0.0,0.0,2.0,2.0,0.0,1.0,1.0,0.0,1.0,0.0,0.0,0.0,0.0,0.0,1.0,0.0,0.0,1.0,0.0,0.0,0.0,1.0,11.0,0.0,0.0,0.0,0.0,0.0,12.0,0.0,0.0,0.0,0.0,0.0,0.0,0.0,0.0,0.0,1.0,1.0,0.0,0.0,0.0,0.0,1.0,1.0,1.0,0.0,0.0,0.0,0.0,0.0,0.0,1.0,1.0,0.0,0.0,0.0,0.0,0.0,1.0,1.0,0.0,2650820460.0,19230.0,19230.0,24141.0,24141.0,24376.0,0.0,608.0,39907.0,29039.0,28927.0,330.0,0.0,0.0,0.0,1064.0,0.0,0.0,103.0,113.0,112.0,46.0,101.0,10088144384.0,0.0,47524032096.0,1375650566624.0,18425328224.0,0.0,0.0,10268.0,0.0,0.0,12483.0,224.0,14180.0
1339,0.0,1.0,0.0,1.0,0.0,1420800.0,1.0,1122000000.0,1.0,40800000.0,14.4183211327,34655.0,6095.0,11047.0,40375.0,41000.0,42437.5,100.0,25.0,64.0,896.0,5000.0,0.0,25.0,1000000.0,950000.0,1.0,0.0,0.0,10.0,0.0,0.0,0.0,500.0,74001672.0,1462999689.0,1375644839.0,0.0,0.0,0.0,0.0,0.0,1.0,1.0,1.0,1.0,1.0,0.0,0.0,1.0,0.0,0.0,0.0,0.0,0.0,32.0,1.0,103069786.0,625290784.0,106656527.0,78476251.0,1504284989.0,8363.0,77468178110.0,0.0,1.0,1.0,0.0,1.0,0.0,0.0,1.0,1.0,1.0,1.0,2.0,1.0,0.0,0.0,0.0,2.0,0.0,0.0,1.0,1.0,3.0,50.0,50.0,1.0,0.0,0.0,0.0,0.0,0.0,0.0,0.0,0.0,0.0,0.0,2.0,2.0,0.0,1.0,1.0,0.0,1.0,0.0,0.0,0.0,0.0,0.0,1.0,0.0,0.0,1.0,0.0,0.0,0.0,1.0,11.0,0.0,0.0,0.0,0.0,0.0,12.0,0.0,0.0,0.0,0.0,0.0,0.0,0.0,0.0,0.0,1.0,1.0,0.0,0.0,0.0,0.0,1.0,1.0,1.0,0.0,0.0,0.0,0.0,0.0,0.0,1.0,1.0,0.0,0.0,0.0,0.0,0.0,1.0,1.0,0.0,2660338103.0,17149.0,17149.0,23543.0,23543.0,23781.0,0.0,633.0,41549.0,29823.0,29705.0,275.0,0.0,0.0,0.0,1122.0,0.0,0.0,109.0,119.0,118.0,40.0,107.0,7671090944.0,6343232.0,47517623968.0,1033156853920.0,13751908736.0,0.0,0.0,8363.0,0.0,0.0,10346.0,236.0,12006.0
1340,0.0,1.0,0.0,1.0,0.0,1420800.0,1.0,1122000000.0,1.0,40800000.0,14.0496690273,34350.0,5867.0,11199.0,40527.77777780001,41000.0,42277.77777780001,92.0,25.0,64.0,896.0,5000.0,0.0,25.0,1000000.0,950000.0,1.0,1.0,0.0,10.0,0.0,0.0,0.0,500.0,79703100.0,1492732654.0,1388400738.0,0.0,0.0,0.0,0.0,0.0,1.0,1.0,1.0,1.0,1.0,0.0,0.0,1.0,0.0,0.0,0.0,0.0,0.0,29.0,1.0,98599225.0,605078984.0,101512898.0,79957338.0,1533256859.0,9261.0,76956252333.0,0.0,1.0,1.0,0.0,1.0,0.0,0.0,1.0,1.0,1.0,1.0,2.0,1.0,0.0,0.0,0.0,2.0,0.0,0.0,1.0,1.0,3.0,50.0,50.0,1.0,0.0,0.0,0.0,0.0,0.0,0.0,0.0,0.0,0.0,0.0,2.0,2.0,0.0,1.0,1.0,0.0,1.0,0.0,0.0,0.0,0.0,0.0,1.0,0.0,0.0,1.0,0.0,0.0,0.0,1.0,11.0,0.0,0.0,0.0,0.0,0.0,12.0,0.0,0.0,0.0,0.0,0.0,0.0,0.0,0.0,0.0,1.0,1.0,0.0,0.0,0.0,0.0,1.0,1.0,1.0,0.0,0.0,0.0,0.0,0.0,0.0,1.0,1.0,0.0,0.0,0.0,0.0,0.0,1.0,1.0,0.0,2646667063.0,18021.0,18021.0,23428.0,23428.0,23640.0,0.0,634.0,43147.0,29930.0,29806.0,283.0,0.0,0.0,0.0,1206.0,0.0,0.0,115.0,125.0,124.0,51.0,113.0,9443823552.0,0.0,47628823296.0,1390081201568.0,15034169568.0,0.0,0.0,9261.0,0.0,0.0,11372.0,248.0,12919.0
1341,0.0,1.0,0.0,1.0,0.0,1420800.0,1.0,1122000000.0,1.0,40800000.0,14.4169929028,30689.0,5486.0,10209.0,40593.75,41125.0,42500.0,92.0,25.0,64.0,896.0,5000.0,0.0,25.0,1000000.0,950000.0,1.0,1.0,0.0,10.0,0.0,0.0,0.0,500.0,78928655.0,1518360122.0,1419395766.0,0.0,0.0,0.0,0.0,0.0,1.0,1.0,1.0,1.0,1.0,0.0,0.0,1.0,0.0,0.0,0.0,0.0,0.0,32.0,1.0,93490026.0,629689621.0,97693357.0,81393005.0,1563187823.0,11329.0,80016140386.0,0.0,1.0,1.0,0.0,1.0,0.0,0.0,1.0,1.0,1.0,1.0,2.0,1.0,0.0,0.0,0.0,2.0,0.0,0.0,1.0,1.0,3.0,50.0,50.0,1.0,0.0,0.0,0.0,0.0,0.0,0.0,0.0,0.0,0.0,0.0,2.0,2.0,0.0,1.0,1.0,0.0,1.0,0.0,0.0,0.0,0.0,0.0,1.0,0.0,0.0,1.0,0.0,0.0,0.0,1.0,11.0,0.0,0.0,0.0,0.0,0.0,12.0,0.0,0.0,0.0,0.0,0.0,0.0,0.0,0.0,0.0,1.0,1.0,0.0,0.0,0.0,0.0,1.0,1.0,1.0,0.0,0.0,0.0,0.0,0.0,0.0,1.0,1.0,0.0,0.0,0.0,0.0,0.0,1.0,1.0,0.0,2751720198.0,20435.0,20435.0,25065.0,25065.0,25285.0,0.0,592.0,40402.0,29335.0,29223.0,270.0,0.0,0.0,0.0,1001.0,0.0,0.0,103.0,113.0,112.0,49.0,101.0,9136498592.0,0.0,49316148544.0,6569319361120.0,17804532192.0,0.0,0.0,11329.0,0.0,0.0,13707.0,224.0,15148.0
1342,0.0,1.0,0.0,1.0,0.0,1420800.0,1.0,1122000000.0,1.0,40800000.0,14.045902013800001,35075.0,6248.0,11428.0,40611.1111111,41222.22222219999,42500.0,92.0,25.0,64.0,896.0,5000.0,0.0,25.0,1000000.0,950000.0,1.0,1.0,0.0,10.0,0.0,0.0,0.0,500.0,78167035.0,1507292624.0,1379159280.0,0.0,0.0,0.0,0.0,0.0,1.0,1.0,1.0,1.0,1.0,0.0,0.0,1.0,0.0,0.0,0.0,0.0,0.0,30.0,1.0,95318284.0,613323922.0,100070577.0,79501874.0,1554938579.0,8887.0,76791644109.0,0.0,1.0,1.0,0.0,1.0,0.0,0.0,1.0,1.0,1.0,1.0,2.0,1.0,0.0,0.0,0.0,2.0,0.0,0.0,1.0,1.0,3.0,50.0,50.0,1.0,0.0,0.0,0.0,0.0,0.0,0.0,0.0,0.0,0.0,0.0,2.0,2.0,0.0,1.0,1.0,0.0,1.0,0.0,0.0,0.0,0.0,0.0,1.0,0.0,0.0,1.0,0.0,0.0,0.0,1.0,11.0,0.0,0.0,0.0,0.0,0.0,12.0,0.0,0.0,0.0,0.0,0.0,0.0,0.0,0.0,0.0,1.0,1.0,0.0,0.0,0.0,0.0,1.0,1.0,1.0,0.0,0.0,0.0,0.0,0.0,0.0,1.0,1.0,0.0,0.0,0.0,0.0,0.0,1.0,1.0,0.0,2749729011.0,17887.0,17887.0,23614.0,23614.0,23806.0,0.0,592.0,42664.0,29853.0,29729.0,337.0,0.0,0.0,0.0,1196.0,0.0,0.0,115.0,125.0,124.0,49.0,113.0,8510012224.0,0.0,47133781856.0,966594140032.0,13069592128.0,0.0,0.0,8887.0,0.0,0.0,11123.0,248.0,12696.0
1343,0.0,1.0,0.0,1.0,0.0,1420800.0,1.0,1122000000.0,1.0,40800000.0,15.5100550652,34998.0,6324.0,11505.0,40656.25,41437.5,42437.5,97.0,25.0,64.0,896.0,5000.0,0.0,25.0,1000000.0,950000.0,1.0,0.0,0.0,10.0,0.0,0.0,100.0,100.0,80238626.0,1541106884.0,1454620352.0,0.0,0.0,0.0,0.0,0.0,1.0,1.0,1.0,1.0,1.0,0.0,0.0,1.0,0.0,0.0,0.0,0.0,0.0,31.0,1.0,100436588.0,633232465.0,104559889.0,86366329.0,1593096052.0,11417.0,77573886898.0,0.0,1.0,1.0,0.0,1.0,0.0,0.0,1.0,1.0,1.0,1.0,2.0,1.0,0.0,0.0,0.0,2.0,0.0,0.0,1.0,1.0,3.0,50.0,50.0,1.0,0.0,0.0,0.0,0.0,0.0,0.0,0.0,0.0,0.0,0.0,2.0,2.0,0.0,1.0,1.0,0.0,1.0,0.0,0.0,0.0,0.0,0.0,1.0,0.0,0.0,1.0,0.0,0.0,0.0,1.0,11.0,0.0,0.0,0.0,0.0,0.0,12.0,0.0,0.0,0.0,0.0,0.0,0.0,0.0,0.0,0.0,1.0,1.0,0.0,0.0,0.0,0.0,1.0,1.0,1.0,0.0,0.0,0.0,0.0,0.0,0.0,1.0,1.0,0.0,0.0,0.0,0.0,0.0,1.0,1.0,0.0,2801468325.0,19953.0,19953.0,24342.0,24342.0,24552.0,0.0,566.0,41032.0,29758.0,29640.0,324.0,0.0,0.0,0.0,1075.0,0.0,0.0,109.0,119.0,118.0,47.0,107.0,8728822688.0,0.0,47725428000.0,1522180720896.0,16082890816.0,0.0,0.0,11417.0,0.0,0.0,13563.0,236.0,14962.0
1344,0.0,1.0,0.0,1.0,0.0,1420800.0,1.0,1122000000.0,1.0,40800000.0,14.5775449276,34044.0,5714.0,10896.0,40593.75,41250.0,42437.5,97.0,25.0,64.0,896.0,5000.0,0.0,25.0,1000000.0,950000.0,1.0,0.0,0.0,10.0,0.0,0.0,100.0,100.0,76841119.0,1477186219.0,1363579618.0,0.0,0.0,0.0,0.0,0.0,1.0,1.0,1.0,1.0,1.0,0.0,0.0,1.0,0.0,0.0,0.0,0.0,0.0,33.0,1.0,92249546.0,590325887.0,93446639.0,79966609.0,1524429998.0,9700.0,75962530857.0,0.0,1.0,1.0,0.0,1.0,0.0,0.0,1.0,1.0,1.0,1.0,2.0,1.0,0.0,0.0,0.0,2.0,0.0,0.0,1.0,1.0,3.0,50.0,50.0,1.0,0.0,0.0,0.0,0.0,0.0,0.0,0.0,0.0,0.0,0.0,2.0,2.0,0.0,1.0,1.0,0.0,1.0,0.0,0.0,0.0,0.0,0.0,1.0,0.0,0.0,1.0,0.0,0.0,0.0,1.0,11.0,0.0,0.0,0.0,0.0,0.0,12.0,0.0,0.0,0.0,0.0,0.0,0.0,0.0,0.0,0.0,1.0,1.0,0.0,0.0,0.0,0.0,1.0,1.0,1.0,0.0,0.0,0.0,0.0,0.0,0.0,1.0,1.0,0.0,0.0,0.0,0.0,0.0,1.0,1.0,0.0,2667080905.0,18341.0,18341.0,23379.0,23379.0,23586.0,0.0,618.0,42210.0,29781.0,29663.0,375.0,0.0,0.0,0.0,1197.0,0.0,0.0,109.0,119.0,118.0,49.0,107.0,10363006272.0,0.0,47082809280.0,1714155774336.0,17698550176.0,0.0,0.0,9700.0,0.0,0.0,11790.0,236.0,13376.0
1345,0.0,1.0,0.0,1.0,0.0,1420800.0,1.0,1122000000.0,1.0,40800000.0,14.217355966600001,34579.0,6172.0,11504.0,40611.1111111,41277.77777780001,42444.444444400004,97.0,25.0,64.0,896.0,5000.0,0.0,25.0,1000000.0,950000.0,1.0,0.0,0.0,10.0,0.0,0.0,100.0,100.0,75875584.0,1513527256.0,1380152940.0,0.0,0.0,0.0,0.0,0.0,1.0,1.0,1.0,1.0,1.0,0.0,0.0,1.0,0.0,0.0,0.0,0.0,0.0,30.0,1.0,105074336.0,602361985.0,110311952.0,79523285.0,1540271785.0,8445.0,80920561625.0,0.0,1.0,1.0,0.0,1.0,0.0,0.0,1.0,1.0,1.0,1.0,2.0,1.0,0.0,0.0,0.0,2.0,0.0,0.0,1.0,1.0,3.0,50.0,50.0,1.0,0.0,0.0,0.0,0.0,0.0,0.0,0.0,0.0,0.0,0.0,2.0,2.0,0.0,1.0,1.0,0.0,1.0,0.0,0.0,0.0,0.0,0.0,1.0,0.0,0.0,1.0,0.0,0.0,0.0,1.0,11.0,0.0,0.0,0.0,0.0,0.0,12.0,0.0,0.0,0.0,0.0,0.0,0.0,0.0,0.0,0.0,1.0,1.0,0.0,0.0,0.0,0.0,1.0,1.0,1.0,0.0,0.0,0.0,0.0,0.0,0.0,1.0,1.0,0.0,0.0,0.0,0.0,0.0,1.0,1.0,0.0,2617216059.0,17636.0,17636.0,24704.0,24704.0,24918.0,0.0,676.0,42945.0,30220.0,30096.0,310.0,0.0,0.0,0.0,1224.0,0.0,0.0,115.0,125.0,124.0,45.0,113.0,8638364640.0,0.0,49444684608.0,891549112992.0,13237710016.0,0.0,0.0,8445.0,0.0,0.0,10662.0,248.0,12159.0
1346,0.0,1.0,0.0,1.0,0.0,1420800.0,1.0,1122000000.0,1.0,40800000.0,15.1153421402,31337.0,5791.0,10591.0,40687.5,41375.0,42500.0,85.0,25.0,64.0,896.0,5000.0,0.0,25.0,1000000.0,950000.0,1.0,1.0,0.0,10.0,0.0,0.0,100.0,100.0,77564592.0,1455024586.0,1353819012.0,0.0,0.0,0.0,0.0,0.0,1.0,1.0,1.0,1.0,1.0,0.0,0.0,1.0,0.0,0.0,0.0,0.0,0.0,31.0,1.0,89895191.0,556393429.0,95453422.0,78841100.0,1486202383.0,10206.0,74916972031.0,0.0,1.0,1.0,0.0,1.0,0.0,0.0,1.0,1.0,1.0,1.0,2.0,1.0,0.0,0.0,0.0,2.0,0.0,0.0,1.0,1.0,3.0,50.0,50.0,1.0,0.0,0.0,0.0,0.0,0.0,0.0,0.0,0.0,0.0,0.0,2.0,2.0,0.0,1.0,1.0,0.0,1.0,0.0,0.0,0.0,0.0,0.0,1.0,0.0,0.0,1.0,0.0,0.0,0.0,1.0,11.0,0.0,0.0,0.0,0.0,0.0,12.0,0.0,0.0,0.0,0.0,0.0,0.0,0.0,0.0,0.0,1.0,1.0,0.0,0.0,0.0,0.0,1.0,1.0,1.0,0.0,0.0,0.0,0.0,0.0,0.0,1.0,1.0,0.0,0.0,0.0,0.0,0.0,1.0,1.0,0.0,2579850030.0,18923.0,18923.0,22911.0,22911.0,23129.0,0.0,570.0,39250.0,28758.0,28646.0,288.0,0.0,0.0,0.0,1057.0,0.0,0.0,103.0,113.0,112.0,51.0,101.0,8420918752.0,0.0,46207147200.0,1382926804928.0,15289318272.0,0.0,0.0,10206.0,0.0,0.0,12372.0,224.0,13812.0
1347,0.0,1.0,0.0,1.0,0.0,1420800.0,1.0,1122000000.0,1.0,40800000.0,14.6447510719,31601.0,5333.0,10286.0,40718.75,41250.0,42500.0,85.0,25.0,64.0,896.0,5000.0,0.0,25.0,1000000.0,950000.0,1.0,1.0,0.0,10.0,0.0,0.0,100.0,100.0,76162111.0,1483140379.0,1379541910.0,0.0,0.0,0.0,0.0,0.0,1.0,1.0,1.0,1.0,1.0,0.0,0.0,1.0,0.0,0.0,0.0,0.0,0.0,32.0,1.0,94576845.0,603903629.0,97999504.0,77873038.0,1514278308.0,9874.0,74365605407.0,0.0,1.0,1.0,0.0,1.0,0.0,0.0,1.0,1.0,1.0,1.0,2.0,1.0,0.0,0.0,0.0,2.0,0.0,0.0,1.0,1.0,3.0,50.0,50.0,1.0,0.0,0.0,0.0,0.0,0.0,0.0,0.0,0.0,0.0,0.0,2.0,2.0,0.0,1.0,1.0,0.0,1.0,0.0,0.0,0.0,0.0,0.0,1.0,0.0,0.0,1.0,0.0,0.0,0.0,1.0,11.0,0.0,0.0,0.0,0.0,0.0,12.0,0.0,0.0,0.0,0.0,0.0,0.0,0.0,0.0,0.0,1.0,1.0,0.0,0.0,0.0,0.0,1.0,1.0,1.0,0.0,0.0,0.0,0.0,0.0,0.0,1.0,1.0,0.0,0.0,0.0,0.0,0.0,1.0,1.0,0.0,2661694258.0,18202.0,18202.0,23338.0,23338.0,23552.0,0.0,541.0,39726.0,28936.0,28824.0,351.0,0.0,0.0,0.0,947.0,0.0,0.0,103.0,113.0,112.0,52.0,101.0,7748783136.0,0.0,45553479744.0,934802750880.0,15841678400.0,0.0,0.0,9874.0,0.0,0.0,11881.0,224.0,13244.0
1348,0.0,1.0,0.0,1.0,0.0,1420800.0,1.0,1122000000.0,1.0,40800000.0,16.4601950645,35605.0,5866.0,11580.0,40750.0,41250.0,42500.0,85.0,25.0,64.0,896.0,5000.0,0.0,25.0,1000000.0,950000.0,1.0,1.0,0.0,10.0,0.0,0.0,100.0,100.0,81282100.0,1547877302.0,1419769009.0,0.0,0.0,0.0,0.0,0.0,1.0,1.0,1.0,1.0,1.0,0.0,0.0,1.0,0.0,0.0,0.0,0.0,0.0,31.0,1.0,95161205.0,606558639.0,98991841.0,85463292.0,1588191563.0,11875.0,80705332266.0,0.0,1.0,1.0,0.0,1.0,0.0,0.0,1.0,1.0,1.0,1.0,2.0,1.0,0.0,0.0,0.0,2.0,0.0,0.0,1.0,1.0,3.0,50.0,50.0,1.0,0.0,0.0,0.0,0.0,0.0,0.0,0.0,0.0,0.0,0.0,2.0,2.0,0.0,1.0,1.0,0.0,1.0,0.0,0.0,0.0,0.0,0.0,1.0,0.0,0.0,1.0,0.0,0.0,0.0,1.0,11.0,0.0,0.0,0.0,0.0,0.0,12.0,0.0,0.0,0.0,0.0,0.0,0.0,0.0,0.0,0.0,1.0,1.0,0.0,0.0,0.0,0.0,1.0,1.0,1.0,0.0,0.0,0.0,0.0,0.0,0.0,1.0,1.0,0.0,0.0,0.0,0.0,0.0,1.0,1.0,0.0,2762261248.0,21073.0,21073.0,25440.0,25440.0,25653.0,0.0,537.0,40586.0,29307.0,29189.0,361.0,0.0,0.0,0.0,999.0,0.0,0.0,109.0,119.0,118.0,58.0,107.0,10601444704.0,12556448.0,49796683360.0,1376818677760.0,23095037120.0,0.0,0.0,11875.0,0.0,0.0,13952.0,236.0,15227.0
1349,0.0,1.0,0.0,1.0,0.0,1420800.0,1.0,1122000000.0,1.0,40800000.0,13.9959468842,35225.0,6248.0,11277.0,40812.5,41437.5,42500.0,72.0,25.0,64.0,896.0,5000.0,0.0,25.0,1000000.0,950000.0,1.0,0.0,0.0,10.0,0.0,0.0,100.0,500.0,79044693.0,1492313360.0,1386774529.0,0.0,0.0,0.0,0.0,0.0,1.0,1.0,1.0,1.0,1.0,0.0,0.0,1.0,0.0,0.0,0.0,0.0,0.0,34.0,1.0,90000984.0,600135544.0,92747051.0,79672616.0,1519370815.0,10173.0,74964759139.0,0.0,1.0,1.0,0.0,1.0,0.0,0.0,1.0,1.0,1.0,1.0,2.0,1.0,0.0,0.0,0.0,2.0,0.0,0.0,1.0,1.0,3.0,50.0,50.0,1.0,0.0,0.0,0.0,0.0,0.0,0.0,0.0,0.0,0.0,0.0,2.0,2.0,0.0,1.0,1.0,0.0,1.0,0.0,0.0,0.0,0.0,0.0,1.0,0.0,0.0,1.0,0.0,0.0,0.0,1.0,11.0,0.0,0.0,0.0,0.0,0.0,12.0,0.0,0.0,0.0,0.0,0.0,0.0,0.0,0.0,0.0,1.0,1.0,0.0,0.0,0.0,0.0,1.0,1.0,1.0,0.0,0.0,0.0,0.0,0.0,0.0,1.0,1.0,0.0,0.0,0.0,0.0,0.0,1.0,1.0,0.0,2665020313.0,18826.0,18826.0,22733.0,22733.0,22929.0,0.0,580.0,41866.0,29497.0,29379.0,289.0,0.0,0.0,0.0,1139.0,0.0,0.0,109.0,119.0,118.0,46.0,107.0,8371212256.0,0.0,45897940544.0,1242196709376.0,14088985248.0,0.0,0.0,10173.0,0.0,0.0,12546.0,236.0,14045.0
1350,0.0,1.0,0.0,1.0,0.0,1420800.0,1.0,1122000000.0,1.0,40800000.0,14.081110000599999,31259.0,5410.0,10208.0,40611.1111111,41388.8888889,42444.444444400004,72.0,25.0,64.0,896.0,5000.0,0.0,25.0,1000000.0,950000.0,1.0,0.0,0.0,10.0,0.0,0.0,100.0,500.0,81438367.0,1516517055.0,1398818075.0,0.0,0.0,0.0,0.0,0.0,1.0,1.0,1.0,1.0,1.0,0.0,0.0,1.0,0.0,0.0,0.0,0.0,0.0,28.0,1.0,94516611.0,601040803.0,96323964.0,83918082.0,1547437051.0,10212.0,80460287074.0,0.0,1.0,1.0,0.0,1.0,0.0,0.0,1.0,1.0,1.0,1.0,2.0,1.0,0.0,0.0,0.0,2.0,0.0,0.0,1.0,1.0,3.0,50.0,50.0,1.0,0.0,0.0,0.0,0.0,0.0,0.0,0.0,0.0,0.0,0.0,2.0,2.0,0.0,1.0,1.0,0.0,1.0,0.0,0.0,0.0,0.0,0.0,1.0,0.0,0.0,1.0,0.0,0.0,0.0,1.0,11.0,0.0,0.0,0.0,0.0,0.0,12.0,0.0,0.0,0.0,0.0,0.0,0.0,0.0,0.0,0.0,1.0,1.0,0.0,0.0,0.0,0.0,1.0,1.0,1.0,0.0,0.0,0.0,0.0,0.0,0.0,1.0,1.0,0.0,0.0,0.0,0.0,0.0,1.0,1.0,0.0,2658978575.0,19260.0,19260.0,23264.0,23264.0,23496.0,0.0,668.0,41564.0,29486.0,29368.0,358.0,0.0,0.0,0.0,1145.0,0.0,0.0,109.0,119.0,118.0,45.0,107.0,10060475840.0,4131776.0,49636176160.0,1050167415104.0,16711679456.0,0.0,0.0,10212.0,0.0,0.0,12516.0,236.0,13778.0
1351,0.0,1.0,0.0,1.0,0.0,1420800.0,1.0,1122000000.0,1.0,40800000.0,15.4619700909,38658.0,6400.0,12266.0,40694.444444400004,41444.444444400004,42500.0,72.0,25.0,64.0,896.0,5000.0,0.0,25.0,1000000.0,950000.0,1.0,0.0,0.0,10.0,0.0,0.0,100.0,500.0,82751901.0,1567000997.0,1456424671.0,0.0,0.0,0.0,0.0,0.0,1.0,1.0,1.0,1.0,1.0,0.0,0.0,1.0,0.0,0.0,0.0,0.0,0.0,33.0,1.0,101601332.0,644602686.0,104915723.0,88465268.0,1610789975.0,10255.0,83795366074.0,0.0,1.0,1.0,0.0,1.0,0.0,0.0,1.0,1.0,1.0,1.0,2.0,1.0,0.0,0.0,0.0,2.0,0.0,0.0,1.0,1.0,3.0,50.0,50.0,1.0,0.0,0.0,0.0,0.0,0.0,0.0,0.0,0.0,0.0,0.0,2.0,2.0,0.0,1.0,1.0,0.0,1.0,0.0,0.0,0.0,0.0,0.0,1.0,0.0,0.0,1.0,0.0,0.0,0.0,1.0,11.0,0.0,0.0,0.0,0.0,0.0,12.0,0.0,0.0,0.0,0.0,0.0,0.0,0.0,0.0,0.0,1.0,1.0,0.0,0.0,0.0,0.0,1.0,1.0,1.0,0.0,0.0,0.0,0.0,0.0,0.0,1.0,1.0,0.0,0.0,0.0,0.0,0.0,1.0,1.0,0.0,2789680985.0,19603.0,19603.0,24808.0,24808.0,25046.0,0.0,734.0,44785.0,30477.0,30347.0,367.0,0.0,0.0,0.0,1280.0,0.0,0.0,121.0,131.0,130.0,58.0,119.0,9729389664.0,0.0,51561166528.0,1462344926080.0,16310934624.0,0.0,0.0,10255.0,0.0,0.0,12762.0,260.0,14228.0
1352,0.0,1.0,0.0,1.0,0.0,1420800.0,1.0,1122000000.0,1.0,40800000.0,15.3441669941,33802.0,5257.0,10362.0,41000.0,41428.5714286,42571.4285714,68.0,25.0,64.0,896.0,5000.0,0.0,25.0,1000000.0,950000.0,1.0,1.0,0.0,10.0,0.0,0.0,100.0,500.0,76179570.0,1475969581.0,1332393470.0,0.0,0.0,0.0,0.0,0.0,1.0,1.0,1.0,1.0,1.0,0.0,0.0,1.0,0.0,0.0,0.0,0.0,0.0,33.0,1.0,79870772.0,584884628.0,81881740.0,79567848.0,1514490815.0,11207.0,72767614451.0,0.0,1.0,1.0,0.0,1.0,0.0,0.0,1.0,1.0,1.0,1.0,2.0,1.0,0.0,0.0,0.0,2.0,0.0,0.0,1.0,1.0,3.0,50.0,50.0,1.0,0.0,0.0,0.0,0.0,0.0,0.0,0.0,0.0,0.0,0.0,2.0,2.0,0.0,1.0,1.0,0.0,1.0,0.0,0.0,0.0,0.0,0.0,1.0,0.0,0.0,1.0,0.0,0.0,0.0,1.0,11.0,0.0,0.0,0.0,0.0,0.0,12.0,0.0,0.0,0.0,0.0,0.0,0.0,0.0,0.0,0.0,1.0,1.0,0.0,0.0,0.0,0.0,1.0,1.0,1.0,0.0,0.0,0.0,0.0,0.0,0.0,1.0,1.0,0.0,0.0,0.0,0.0,0.0,1.0,1.0,0.0,2695328354.0,19572.0,19572.0,22377.0,22377.0,22615.0,0.0,485.0,38975.0,28275.0,28169.0,334.0,0.0,0.0,0.0,945.0,0.0,0.0,97.0,107.0,106.0,43.0,95.0,10231193728.0,0.0,44870912192.0,1181223997312.0,21762177248.0,0.0,0.0,11207.0,0.0,0.0,13405.0,212.0,14483.0
1353,0.0,1.0,0.0,1.0,0.0,1420800.0,1.0,1122000000.0,1.0,40800000.0,14.4756109715,34883.0,6095.0,11352.0,40694.444444400004,41500.0,42555.555555599996,68.0,25.0,64.0,896.0,5000.0,0.0,25.0,1000000.0,950000.0,1.0,1.0,0.0,10.0,0.0,0.0,100.0,500.0,78561238.0,1490071213.0,1366458185.0,0.0,0.0,0.0,0.0,0.0,1.0,1.0,1.0,1.0,1.0,0.0,0.0,1.0,0.0,0.0,0.0,0.0,0.0,32.0,1.0,97226500.0,589756373.0,100744914.0,83909321.0,1547658293.0,9338.0,79481386738.0,0.0,1.0,1.0,0.0,1.0,0.0,0.0,1.0,1.0,1.0,1.0,2.0,1.0,0.0,0.0,0.0,2.0,0.0,0.0,1.0,1.0,3.0,50.0,50.0,1.0,0.0,0.0,0.0,0.0,0.0,0.0,0.0,0.0,0.0,0.0,2.0,2.0,0.0,1.0,1.0,0.0,1.0,0.0,0.0,0.0,0.0,0.0,1.0,0.0,0.0,1.0,0.0,0.0,0.0,1.0,11.0,0.0,0.0,0.0,0.0,0.0,12.0,0.0,0.0,0.0,0.0,0.0,0.0,0.0,0.0,0.0,1.0,1.0,0.0,0.0,0.0,0.0,1.0,1.0,1.0,0.0,0.0,0.0,0.0,0.0,0.0,1.0,1.0,0.0,0.0,0.0,0.0,0.0,1.0,1.0,0.0,2702557630.0,18406.0,18406.0,23522.0,23522.0,23730.0,0.0,629.0,43559.0,30040.0,29916.0,402.0,0.0,0.0,0.0,1208.0,0.0,0.0,115.0,125.0,124.0,52.0,113.0,11180469664.0,0.0,49186478176.0,1109045203936.0,14663029536.0,0.0,0.0,9338.0,0.0,0.0,11573.0,248.0,13041.0
1354,0.0,1.0,0.0,1.0,0.0,1420800.0,1.0,1122000000.0,1.0,40800000.0,15.0592041016,35073.0,5943.0,11274.0,40937.5,41500.0,42625.0,68.0,25.0,64.0,896.0,5000.0,0.0,25.0,1000000.0,950000.0,1.0,1.0,0.0,10.0,0.0,0.0,100.0,500.0,79980089.0,1549968668.0,1430557897.0,0.0,0.0,0.0,0.0,0.0,1.0,1.0,1.0,1.0,1.0,0.0,0.0,1.0,0.0,0.0,0.0,0.0,0.0,32.0,1.0,98128581.0,615926670.0,99996016.0,82868586.0,1582202094.0,10968.0,79817804350.0,0.0,1.0,1.0,0.0,1.0,0.0,0.0,1.0,1.0,1.0,1.0,2.0,1.0,0.0,0.0,0.0,2.0,0.0,0.0,1.0,1.0,3.0,50.0,50.0,1.0,0.0,0.0,0.0,0.0,0.0,0.0,0.0,0.0,0.0,0.0,2.0,2.0,0.0,1.0,1.0,0.0,1.0,0.0,0.0,0.0,0.0,0.0,1.0,0.0,0.0,1.0,0.0,0.0,0.0,1.0,11.0,0.0,0.0,0.0,0.0,0.0,12.0,0.0,0.0,0.0,0.0,0.0,0.0,0.0,0.0,0.0,1.0,1.0,0.0,0.0,0.0,0.0,1.0,1.0,1.0,0.0,0.0,0.0,0.0,0.0,0.0,1.0,1.0,0.0,0.0,0.0,0.0,0.0,1.0,1.0,0.0,2742636797.0,20075.0,20075.0,24454.0,24454.0,24638.0,0.0,643.0,42063.0,29688.0,29570.0,332.0,0.0,0.0,0.0,1133.0,0.0,0.0,109.0,119.0,118.0,38.0,107.0,7965190432.0,0.0,49133777536.0,1044930145664.0,14894006688.0,0.0,0.0,10968.0,0.0,0.0,13065.0,236.0,14698.0
1355,0.0,1.0,1.0,0.0,1.0,2035200.0,1.0,586500000.0,1.0,40800000.0,14.5821881294,35302.0,3200.0,14858.0,40583.3333333,41333.3333333,42611.1111111,68.0,25.0,64.0,896.0,5000.0,0.0,25.0,1000000.0,950000.0,1.0,0.0,0.0,10.0,0.0,0.0,0.0,100.0,74858899.0,1497447623.0,1372760170.0,0.0,0.0,0.0,0.0,0.0,1.0,1.0,1.0,1.0,1.0,0.0,0.0,1.0,0.0,0.0,0.0,0.0,0.0,28.0,1.0,97433638.0,719941649.0,103627293.0,77431721.0,1543140423.0,6803.0,95610665760.0,0.0,1.0,1.0,0.0,1.0,0.0,0.0,1.0,1.0,1.0,1.0,2.0,1.0,0.0,0.0,0.0,2.0,0.0,0.0,1.0,1.0,3.0,50.0,50.0,1.0,0.0,0.0,0.0,0.0,0.0,0.0,0.0,0.0,0.0,0.0,2.0,2.0,0.0,1.0,1.0,0.0,1.0,0.0,0.0,0.0,0.0,0.0,1.0,0.0,0.0,1.0,0.0,0.0,0.0,1.0,11.0,0.0,0.0,0.0,0.0,0.0,12.0,0.0,0.0,0.0,0.0,0.0,0.0,0.0,0.0,0.0,1.0,1.0,0.0,0.0,0.0,0.0,1.0,1.0,1.0,0.0,0.0,0.0,0.0,0.0,0.0,1.0,1.0,0.0,0.0,0.0,0.0,0.0,1.0,1.0,0.0,2955368915.0,16824.0,16824.0,25432.0,25432.0,25692.0,0.0,720.0,43825.0,30446.0,30322.0,445.0,0.0,0.0,0.0,1646.0,0.0,0.0,115.0,125.0,124.0,46.0,113.0,10348908512.0,0.0,52504105664.0,1029890542784.0,11197607296.0,0.0,0.0,6803.0,0.0,0.0,9515.0,248.0,11053.0
1356,0.0,1.0,1.0,0.0,1.0,2035200.0,1.0,586500000.0,1.0,40800000.0,14.498816013299999,39176.0,3200.0,15314.0,40777.77777780001,41444.444444400004,42722.22222219999,68.0,25.0,64.0,896.0,5000.0,0.0,25.0,1000000.0,950000.0,1.0,0.0,0.0,10.0,0.0,0.0,0.0,100.0,77523544.0,1523245856.0,1434472670.0,0.0,0.0,0.0,0.0,0.0,1.0,1.0,1.0,1.0,1.0,0.0,0.0,1.0,0.0,0.0,0.0,0.0,0.0,32.0,1.0,106807349.0,706751307.0,114035218.0,80803322.0,1550211175.0,7077.0,97368250732.0,0.0,1.0,1.0,0.0,1.0,0.0,0.0,1.0,1.0,1.0,1.0,2.0,1.0,0.0,0.0,0.0,2.0,0.0,0.0,1.0,1.0,3.0,50.0,50.0,1.0,0.0,0.0,0.0,0.0,0.0,0.0,0.0,0.0,0.0,0.0,2.0,2.0,0.0,1.0,1.0,0.0,1.0,0.0,0.0,0.0,0.0,0.0,1.0,0.0,0.0,1.0,0.0,0.0,0.0,1.0,11.0,0.0,0.0,0.0,0.0,0.0,12.0,0.0,0.0,0.0,0.0,0.0,0.0,0.0,0.0,0.0,1.0,1.0,0.0,0.0,0.0,0.0,1.0,1.0,1.0,0.0,0.0,0.0,0.0,0.0,0.0,1.0,1.0,0.0,0.0,0.0,0.0,0.0,1.0,1.0,0.0,2865037037.0,17244.0,17244.0,25423.0,25423.0,25707.0,0.0,841.0,43465.0,30575.0,30451.0,417.0,0.0,0.0,0.0,1721.0,0.0,0.0,115.0,125.0,124.0,48.0,113.0,8018489408.0,0.0,53885389792.0,1032953556352.0,11312023424.0,0.0,0.0,7077.0,0.0,0.0,9711.0,248.0,11348.0
1357,0.0,1.0,1.0,0.0,1.0,2035200.0,1.0,586500000.0,1.0,40800000.0,15.4270298481,46472.0,3656.0,18821.0,40925.0,41650.0,42950.0,68.0,25.0,64.0,896.0,5000.0,0.0,25.0,1000000.0,950000.0,1.0,0.0,0.0,10.0,0.0,0.0,0.0,100.0,85097877.0,1584039643.0,1471534254.0,0.0,0.0,0.0,0.0,0.0,2.0,2.0,1.0,2.0,2.0,0.0,0.0,2.0,0.0,0.0,0.0,0.0,0.0,35.0,2.0,113396624.0,721600410.0,116649801.0,86171529.0,1624190093.0,6876.0,101878698615.0,0.0,1.0,1.0,0.0,1.0,0.0,0.0,1.0,1.0,1.0,1.0,2.0,1.0,0.0,0.0,0.0,2.0,0.0,0.0,1.0,1.0,4.0,51.0,51.0,1.0,0.0,0.0,0.0,0.0,0.0,0.0,0.0,0.0,0.0,0.0,3.0,3.0,0.0,1.0,1.0,0.0,1.0,1.0,0.0,0.0,0.0,0.0,1.0,0.0,0.0,1.0,0.0,0.0,0.0,1.0,11.0,0.0,0.0,0.0,0.0,0.0,12.0,0.0,0.0,0.0,0.0,0.0,0.0,0.0,0.0,0.0,1.0,1.0,0.0,0.0,0.0,0.0,1.0,1.0,1.0,0.0,0.0,0.0,0.0,0.0,0.0,1.0,1.0,0.0,0.0,0.0,0.0,0.0,1.0,1.0,0.0,3030907707.0,17432.0,17432.0,26046.0,26046.0,26327.0,1.0,793.0,48946.0,32084.0,31936.0,415.0,0.0,0.0,0.0,1861.0,0.0,0.0,139.0,149.0,148.0,63.0,137.0,9016441344.0,8439552.0,55955725376.0,1881489888160.0,11240319296.0,0.0,0.0,6876.0,0.0,0.0,9760.0,296.0,11241.0
1358,0.0,1.0,1.0,0.0,1.0,2035200.0,1.0,586500000.0,1.0,40800000.0,14.5730950832,31337.0,2895.0,13486.0,40906.25,41500.0,42875.0,82.0,25.0,64.0,896.0,5000.0,0.0,25.0,1000000.0,950000.0,1.0,1.0,0.0,10.0,0.0,0.0,0.0,100.0,68187539.0,1459001161.0,1373917503.0,0.0,0.0,0.0,0.0,0.0,5.0,5.0,1.0,5.0,3.0,0.0,0.0,5.0,0.0,0.0,0.0,0.0,0.0,32.0,3.0,106303219.0,700809687.0,112196568.0,70579899.0,1477634287.0,6201.0,92723287794.0,0.0,1.0,1.0,0.0,1.0,0.0,0.0,1.0,1.0,1.0,1.0,2.0,1.0,0.0,0.0,0.0,2.0,0.0,0.0,1.0,1.0,7.0,54.0,54.0,1.0,0.0,0.0,0.0,0.0,0.0,0.0,0.0,0.0,0.0,0.0,6.0,6.0,0.0,1.0,1.0,0.0,1.0,4.0,0.0,0.0,0.0,0.0,1.0,0.0,0.0,1.0,0.0,0.0,0.0,1.0,11.0,0.0,0.0,0.0,0.0,0.0,12.0,0.0,0.0,0.0,0.0,0.0,0.0,0.0,0.0,0.0,1.0,1.0,0.0,0.0,0.0,0.0,1.0,1.0,1.0,0.0,0.0,0.0,0.0,0.0,0.0,1.0,1.0,0.0,0.0,0.0,0.0,0.0,1.0,1.0,0.0,2712975361.0,15598.0,15598.0,24309.0,24309.0,24561.0,2.0,691.0,39818.0,29620.0,29508.0,333.0,0.0,0.0,0.0,1494.0,0.0,0.0,103.0,113.0,112.0,44.0,101.0,8967258496.0,9759904.0,51001243072.0,904048941536.0,10781277120.0,0.0,0.0,6201.0,0.0,0.0,8603.0,224.0,9930.0
1359,0.0,1.0,1.0,0.0,1.0,2035200.0,1.0,586500000.0,1.0,40800000.0,15.050072908399999,35265.0,3276.0,15010.0,40944.444444400004,41500.0,42833.3333333,82.0,25.0,64.0,896.0,5000.0,0.0,25.0,1000000.0,950000.0,1.0,1.0,0.0,10.0,0.0,0.0,0.0,100.0,72512264.0,1459514489.0,1355490028.0,0.0,0.0,0.0,0.0,0.0,1.0,1.0,1.0,1.0,1.0,0.0,0.0,1.0,0.0,0.0,0.0,0.0,0.0,32.0,1.0,103316680.0,664476533.0,109570104.0,75496538.0,1511462927.0,5803.0,93890732301.0,0.0,1.0,1.0,0.0,1.0,0.0,0.0,1.0,1.0,1.0,1.0,2.0,1.0,0.0,0.0,0.0,2.0,0.0,0.0,1.0,1.0,3.0,50.0,50.0,1.0,0.0,0.0,0.0,0.0,0.0,0.0,0.0,0.0,0.0,0.0,2.0,2.0,0.0,1.0,1.0,0.0,1.0,0.0,0.0,0.0,0.0,0.0,1.0,0.0,0.0,1.0,0.0,0.0,0.0,1.0,11.0,0.0,0.0,0.0,0.0,0.0,12.0,0.0,0.0,0.0,0.0,0.0,0.0,0.0,0.0,0.0,1.0,1.0,0.0,0.0,0.0,0.0,1.0,1.0,1.0,0.0,0.0,0.0,0.0,0.0,0.0,1.0,1.0,0.0,0.0,0.0,0.0,0.0,1.0,1.0,0.0,2722693638.0,15641.0,15641.0,23925.0,23925.0,24208.0,0.0,719.0,42727.0,30169.0,30045.0,361.0,0.0,0.0,0.0,1608.0,0.0,0.0,115.0,125.0,124.0,45.0,113.0,8789316960.0,0.0,51671919936.0,1208456941760.0,10381203744.0,0.0,0.0,5803.0,0.0,0.0,8118.0,248.0,9730.0
1360,0.0,1.0,1.0,0.0,1.0,2035200.0,1.0,586500000.0,1.0,40800000.0,15.5736811161,43296.0,3504.0,16382.0,41083.3333333,41722.22222219999,43000.0,82.0,25.0,64.0,896.0,5000.0,0.0,25.0,1000000.0,950000.0,1.0,1.0,0.0,10.0,0.0,0.0,0.0,100.0,76517425.0,1503227462.0,1382260178.0,0.0,0.0,0.0,0.0,0.0,1.0,1.0,1.0,1.0,1.0,0.0,0.0,1.0,0.0,0.0,0.0,0.0,0.0,35.0,1.0,111519160.0,690657626.0,115786390.0,79573545.0,1539747626.0,6000.0,100443755301.0,0.0,1.0,1.0,0.0,1.0,0.0,0.0,1.0,1.0,1.0,1.0,2.0,1.0,0.0,0.0,0.0,2.0,0.0,0.0,1.0,1.0,3.0,50.0,50.0,1.0,0.0,0.0,0.0,0.0,0.0,0.0,0.0,0.0,0.0,0.0,2.0,2.0,0.0,1.0,1.0,0.0,1.0,0.0,0.0,0.0,0.0,0.0,1.0,0.0,0.0,1.0,0.0,0.0,0.0,1.0,11.0,0.0,0.0,0.0,0.0,0.0,12.0,0.0,0.0,0.0,0.0,0.0,0.0,0.0,0.0,0.0,1.0,1.0,0.0,0.0,0.0,0.0,1.0,1.0,1.0,0.0,0.0,0.0,0.0,0.0,0.0,1.0,1.0,0.0,0.0,0.0,0.0,0.0,1.0,1.0,0.0,2768365983.0,16487.0,16487.0,25981.0,25981.0,26265.0,0.0,797.0,45778.0,30838.0,30708.0,414.0,0.0,0.0,0.0,1800.0,0.0,0.0,121.0,131.0,130.0,47.0,119.0,8936182592.0,1679712.0,55425897312.0,1105988342432.0,11966921536.0,0.0,0.0,6000.0,0.0,0.0,8501.0,260.0,9985.0
1361,0.0,1.0,1.0,0.0,1.0,2035200.0,1.0,586500000.0,1.0,40800000.0,14.528574943499999,35227.0,3123.0,14935.0,41031.25,41687.5,43000.0,73.0,25.0,64.0,896.0,5000.0,0.0,25.0,1000000.0,950000.0,1.0,0.0,0.0,10.0,0.0,0.0,0.0,500.0,72670949.0,1393519168.0,1333037974.0,0.0,0.0,0.0,0.0,0.0,1.0,1.0,1.0,1.0,1.0,0.0,0.0,1.0,0.0,0.0,0.0,0.0,0.0,32.0,1.0,95798594.0,671385462.0,98547919.0,76323844.0,1444245193.0,6305.0,90569195601.0,0.0,1.0,1.0,0.0,1.0,0.0,0.0,1.0,1.0,1.0,1.0,2.0,1.0,0.0,0.0,0.0,2.0,0.0,0.0,1.0,1.0,3.0,50.0,50.0,1.0,0.0,0.0,0.0,0.0,0.0,0.0,0.0,0.0,0.0,0.0,2.0,2.0,0.0,1.0,1.0,0.0,1.0,0.0,0.0,0.0,0.0,0.0,1.0,0.0,0.0,1.0,0.0,0.0,0.0,1.0,11.0,0.0,0.0,0.0,0.0,0.0,12.0,0.0,0.0,0.0,0.0,0.0,0.0,0.0,0.0,0.0,1.0,1.0,0.0,0.0,0.0,0.0,1.0,1.0,1.0,0.0,0.0,0.0,0.0,0.0,0.0,1.0,1.0,0.0,0.0,0.0,0.0,0.0,1.0,1.0,0.0,2705658994.0,15486.0,15486.0,23209.0,23209.0,23424.0,0.0,730.0,41249.0,29910.0,29792.0,436.0,0.0,0.0,0.0,1595.0,0.0,0.0,109.0,119.0,118.0,49.0,107.0,8415936608.0,4414688.0,49929884672.0,941593473440.0,10763116832.0,0.0,0.0,6305.0,0.0,0.0,8755.0,236.0,10186.0
1362,0.0,1.0,1.0,0.0,1.0,2035200.0,1.0,586500000.0,1.0,40800000.0,14.5951640606,35530.0,3351.0,15088.0,41031.25,41687.5,43000.0,73.0,25.0,64.0,896.0,5000.0,0.0,25.0,1000000.0,950000.0,1.0,0.0,0.0,10.0,0.0,0.0,0.0,500.0,69019394.0,1439815582.0,1349694686.0,0.0,0.0,0.0,0.0,0.0,1.0,1.0,1.0,1.0,1.0,0.0,0.0,1.0,0.0,0.0,0.0,0.0,0.0,38.0,1.0,104942537.0,693994013.0,113320194.0,72685383.0,1470977601.0,5400.0,90651864852.0,0.0,1.0,1.0,0.0,1.0,0.0,0.0,1.0,1.0,1.0,1.0,2.0,1.0,0.0,0.0,0.0,2.0,0.0,0.0,1.0,1.0,3.0,50.0,50.0,1.0,0.0,0.0,0.0,0.0,0.0,0.0,0.0,0.0,0.0,0.0,2.0,2.0,0.0,1.0,1.0,0.0,1.0,0.0,0.0,0.0,0.0,0.0,1.0,0.0,0.0,1.0,0.0,0.0,0.0,1.0,11.0,0.0,0.0,0.0,0.0,0.0,12.0,0.0,0.0,0.0,0.0,0.0,0.0,0.0,0.0,0.0,1.0,1.0,0.0,0.0,0.0,0.0,1.0,1.0,1.0,0.0,0.0,0.0,0.0,0.0,0.0,1.0,1.0,0.0,0.0,0.0,0.0,0.0,1.0,1.0,0.0,2724206816.0,14557.0,14557.0,24336.0,24336.0,24613.0,0.0,733.0,41351.0,29755.0,29637.0,362.0,0.0,0.0,0.0,1530.0,0.0,0.0,109.0,119.0,118.0,48.0,107.0,7796117088.0,1621760.0,49710179904.0,841057580640.0,10196346144.0,0.0,0.0,5400.0,0.0,0.0,7574.0,236.0,8842.0
1363,0.0,1.0,1.0,0.0,1.0,2035200.0,1.0,586500000.0,1.0,40800000.0,16.3605351448,40105.0,3580.0,17069.0,41111.1111111,41500.0,43055.555555599996,73.0,25.0,64.0,896.0,5000.0,0.0,25.0,1000000.0,950000.0,1.0,0.0,0.0,10.0,0.0,0.0,0.0,500.0,81169912.0,1531385504.0,1466253880.0,0.0,0.0,0.0,0.0,0.0,1.0,1.0,1.0,1.0,1.0,0.0,0.0,1.0,0.0,0.0,0.0,0.0,0.0,37.0,1.0,111377370.0,721067173.0,116245783.0,83586262.0,1558125209.0,7707.0,101350977192.0,0.0,1.0,1.0,0.0,1.0,0.0,0.0,1.0,1.0,1.0,1.0,2.0,1.0,0.0,0.0,0.0,2.0,0.0,0.0,1.0,1.0,3.0,50.0,50.0,1.0,0.0,0.0,0.0,0.0,0.0,0.0,0.0,0.0,0.0,0.0,2.0,2.0,0.0,1.0,1.0,0.0,1.0,0.0,0.0,0.0,0.0,0.0,1.0,0.0,0.0,1.0,0.0,0.0,0.0,1.0,11.0,0.0,0.0,0.0,0.0,0.0,12.0,0.0,0.0,0.0,0.0,0.0,0.0,0.0,0.0,0.0,1.0,1.0,0.0,0.0,0.0,0.0,1.0,1.0,1.0,0.0,0.0,0.0,0.0,0.0,0.0,1.0,1.0,0.0,0.0,0.0,0.0,0.0,1.0,1.0,0.0,2854324380.0,18151.0,18151.0,26299.0,26299.0,26560.0,0.0,736.0,44539.0,30763.0,30633.0,407.0,0.0,0.0,0.0,1634.0,0.0,0.0,121.0,131.0,130.0,56.0,119.0,8956011776.0,0.0,55349278720.0,2279627455520.0,13253611104.0,0.0,0.0,7707.0,0.0,0.0,10261.0,260.0,11622.0
1364,0.0,1.0,1.0,0.0,1.0,2035200.0,1.0,586500000.0,1.0,40800000.0,14.6861681938,38569.0,2971.0,15087.0,41138.8888889,41888.8888889,43055.555555599996,91.0,25.0,64.0,896.0,5000.0,0.0,25.0,1000000.0,950000.0,1.0,1.0,0.0,10.0,0.0,0.0,0.0,500.0,76627752.0,1481979680.0,1376916072.0,0.0,0.0,0.0,0.0,0.0,1.0,1.0,1.0,1.0,1.0,0.0,0.0,1.0,0.0,0.0,0.0,0.0,0.0,36.0,1.0,113445365.0,669531104.0,118736553.0,77134870.0,1511244185.0,6474.0,96285341777.0,0.0,1.0,1.0,0.0,1.0,0.0,0.0,1.0,1.0,1.0,1.0,2.0,1.0,0.0,0.0,0.0,2.0,0.0,0.0,1.0,1.0,3.0,50.0,50.0,1.0,0.0,0.0,0.0,0.0,0.0,0.0,0.0,0.0,0.0,0.0,2.0,2.0,0.0,1.0,1.0,0.0,1.0,0.0,0.0,0.0,0.0,0.0,1.0,0.0,0.0,1.0,0.0,0.0,0.0,1.0,11.0,0.0,0.0,0.0,0.0,0.0,12.0,0.0,0.0,0.0,0.0,0.0,0.0,0.0,0.0,0.0,1.0,1.0,0.0,0.0,0.0,0.0,1.0,1.0,1.0,0.0,0.0,0.0,0.0,0.0,0.0,1.0,1.0,0.0,0.0,0.0,0.0,0.0,1.0,1.0,0.0,2734325773.0,16407.0,16407.0,24761.0,24761.0,25028.0,0.0,725.0,43783.0,30336.0,30212.0,401.0,0.0,0.0,0.0,1587.0,0.0,0.0,115.0,125.0,124.0,55.0,113.0,7727174528.0,7244448.0,53261608928.0,17927682047680.0,10672155392.0,0.0,0.0,6474.0,0.0,0.0,8861.0,248.0,10321.0
1365,0.0,1.0,1.0,0.0,1.0,2035200.0,1.0,586500000.0,1.0,40800000.0,14.8606219292,35454.0,3200.0,14934.0,41194.444444400004,41888.8888889,43111.1111111,91.0,25.0,64.0,896.0,5000.0,0.0,25.0,1000000.0,950000.0,1.0,1.0,0.0,10.0,0.0,0.0,0.0,500.0,72708969.0,1424841881.0,1331117399.0,0.0,0.0,0.0,0.0,0.0,1.0,1.0,1.0,1.0,1.0,0.0,0.0,1.0,0.0,0.0,0.0,0.0,0.0,29.0,1.0,103524418.0,647129971.0,106565907.0,76191437.0,1481851715.0,5953.0,93564678622.0,0.0,1.0,1.0,0.0,1.0,0.0,0.0,1.0,1.0,1.0,1.0,2.0,1.0,0.0,0.0,0.0,2.0,0.0,0.0,1.0,1.0,3.0,50.0,50.0,1.0,0.0,0.0,0.0,0.0,0.0,0.0,0.0,0.0,0.0,0.0,2.0,2.0,0.0,1.0,1.0,0.0,1.0,0.0,0.0,0.0,0.0,0.0,1.0,0.0,0.0,1.0,0.0,0.0,0.0,1.0,11.0,0.0,0.0,0.0,0.0,0.0,12.0,0.0,0.0,0.0,0.0,0.0,0.0,0.0,0.0,0.0,1.0,1.0,0.0,0.0,0.0,0.0,1.0,1.0,1.0,0.0,0.0,0.0,0.0,0.0,0.0,1.0,1.0,0.0,0.0,0.0,0.0,0.0,1.0,1.0,0.0,2691252218.0,15401.0,15401.0,24016.0,24016.0,24233.0,0.0,750.0,42695.0,30527.0,30403.0,357.0,0.0,0.0,0.0,1601.0,0.0,0.0,115.0,125.0,124.0,55.0,113.0,7730889568.0,0.0,51378139680.0,980208433888.0,10455289792.0,0.0,0.0,5953.0,0.0,0.0,8212.0,248.0,9736.0
1366,0.0,1.0,1.0,0.0,1.0,2035200.0,1.0,586500000.0,1.0,40800000.0,14.960771799100002,36026.0,3200.0,15239.0,41194.444444400004,41888.8888889,43111.1111111,91.0,25.0,64.0,896.0,5000.0,0.0,25.0,1000000.0,950000.0,1.0,1.0,0.0,10.0,0.0,0.0,0.0,500.0,76119707.0,1476737301.0,1397507904.0,0.0,0.0,0.0,0.0,0.0,1.0,1.0,1.0,1.0,1.0,0.0,0.0,1.0,0.0,0.0,0.0,0.0,0.0,35.0,1.0,100252152.0,710089936.0,105970921.0,78116209.0,1512468028.0,6816.0,97294581940.0,0.0,1.0,1.0,0.0,1.0,0.0,0.0,1.0,1.0,1.0,1.0,2.0,1.0,0.0,0.0,0.0,2.0,0.0,0.0,1.0,1.0,3.0,50.0,50.0,1.0,0.0,0.0,0.0,0.0,0.0,0.0,0.0,0.0,0.0,0.0,2.0,2.0,0.0,1.0,1.0,0.0,1.0,0.0,0.0,0.0,0.0,0.0,1.0,0.0,0.0,1.0,0.0,0.0,0.0,1.0,11.0,0.0,0.0,0.0,0.0,0.0,12.0,0.0,0.0,0.0,0.0,0.0,0.0,0.0,0.0,0.0,1.0,1.0,0.0,0.0,0.0,0.0,1.0,1.0,1.0,0.0,0.0,0.0,0.0,0.0,0.0,1.0,1.0,0.0,0.0,0.0,0.0,0.0,1.0,1.0,0.0,2839936873.0,16920.0,16920.0,26088.0,26088.0,26318.0,0.0,703.0,43766.0,30111.0,29987.0,459.0,0.0,0.0,0.0,1641.0,0.0,0.0,115.0,125.0,124.0,48.0,113.0,9836298624.0,8194432.0,53094580032.0,1551364781600.0,12775864032.0,0.0,0.0,6816.0,0.0,0.0,9474.0,248.0,10724.0
1367,0.0,1.0,1.0,0.0,1.0,2035200.0,1.0,586500000.0,1.0,40800000.0,14.389112949400001,39647.0,3428.0,16154.0,41166.6666667,41833.3333333,43055.555555599996,68.0,25.0,64.0,896.0,5000.0,0.0,25.0,1000000.0,950000.0,1.0,0.0,0.0,10.0,0.0,0.0,100.0,100.0,77160583.0,1516197383.0,1430971703.0,0.0,0.0,0.0,0.0,0.0,1.0,1.0,1.0,1.0,1.0,0.0,0.0,1.0,0.0,0.0,0.0,0.0,0.0,32.0,1.0,95172768.0,726492419.0,99243804.0,79025115.0,1554500985.0,6647.0,96463939732.0,0.0,1.0,1.0,0.0,1.0,0.0,0.0,1.0,1.0,1.0,1.0,2.0,1.0,0.0,0.0,0.0,2.0,0.0,0.0,1.0,1.0,3.0,50.0,50.0,1.0,0.0,0.0,0.0,0.0,0.0,0.0,0.0,0.0,0.0,0.0,2.0,2.0,0.0,1.0,1.0,0.0,1.0,0.0,0.0,0.0,0.0,0.0,1.0,0.0,0.0,1.0,0.0,0.0,0.0,1.0,11.0,0.0,0.0,0.0,0.0,0.0,12.0,0.0,0.0,0.0,0.0,0.0,0.0,0.0,0.0,0.0,1.0,1.0,0.0,0.0,0.0,0.0,1.0,1.0,1.0,0.0,0.0,0.0,0.0,0.0,0.0,1.0,1.0,0.0,0.0,0.0,0.0,0.0,1.0,1.0,0.0,2953025683.0,16417.0,16417.0,24829.0,24829.0,25102.0,0.0,808.0,44957.0,30841.0,30711.0,465.0,0.0,0.0,0.0,1672.0,0.0,0.0,121.0,131.0,130.0,55.0,119.0,8381722880.0,2001152.0,53079267584.0,990182569792.0,10850209536.0,0.0,0.0,6647.0,0.0,0.0,9306.0,260.0,10833.0
1368,0.0,1.0,1.0,0.0,1.0,2035200.0,1.0,586500000.0,1.0,40800000.0,14.740456104300002,43140.0,3275.0,16765.0,41222.22222219999,41833.3333333,43111.1111111,68.0,25.0,64.0,896.0,5000.0,0.0,25.0,1000000.0,950000.0,1.0,0.0,0.0,10.0,0.0,0.0,100.0,100.0,75432096.0,1483350155.0,1391286468.0,0.0,0.0,0.0,0.0,0.0,1.0,1.0,1.0,1.0,1.0,0.0,0.0,1.0,0.0,0.0,0.0,0.0,0.0,39.0,1.0,104352574.0,719396421.0,109540039.0,79714459.0,1509257989.0,6444.0,95483086643.0,0.0,1.0,1.0,0.0,1.0,0.0,0.0,1.0,1.0,1.0,1.0,2.0,1.0,0.0,0.0,0.0,2.0,0.0,0.0,1.0,1.0,3.0,50.0,50.0,1.0,0.0,0.0,0.0,0.0,0.0,0.0,0.0,0.0,0.0,0.0,2.0,2.0,0.0,1.0,1.0,0.0,1.0,0.0,0.0,0.0,0.0,0.0,1.0,0.0,0.0,1.0,0.0,0.0,0.0,1.0,11.0,0.0,0.0,0.0,0.0,0.0,12.0,0.0,0.0,0.0,0.0,0.0,0.0,0.0,0.0,0.0,1.0,1.0,0.0,0.0,0.0,0.0,1.0,1.0,1.0,0.0,0.0,0.0,0.0,0.0,0.0,1.0,1.0,0.0,0.0,0.0,0.0,0.0,1.0,1.0,0.0,2816348657.0,16457.0,16457.0,24760.0,24760.0,25051.0,0.0,812.0,45283.0,31010.0,30880.0,489.0,0.0,0.0,0.0,1647.0,0.0,0.0,121.0,131.0,130.0,50.0,119.0,8724343840.0,0.0,52574779680.0,950888609664.0,11765281120.0,0.0,0.0,6444.0,0.0,0.0,9241.0,260.0,10658.0
1369,0.0,1.0,1.0,0.0,1.0,2035200.0,1.0,586500000.0,1.0,40800000.0,15.139102935799999,35418.0,3123.0,15089.0,41281.25,41937.5,43062.5,68.0,25.0,64.0,896.0,5000.0,0.0,25.0,1000000.0,950000.0,1.0,0.0,0.0,10.0,0.0,0.0,100.0,100.0,73593701.0,1445390386.0,1328793828.0,0.0,0.0,0.0,0.0,0.0,1.0,1.0,1.0,1.0,1.0,0.0,0.0,1.0,0.0,0.0,0.0,0.0,0.0,33.0,1.0,89818283.0,648215687.0,95889262.0,75592061.0,1462534479.0,6142.0,93311416727.0,0.0,1.0,1.0,0.0,1.0,0.0,0.0,1.0,1.0,1.0,1.0,2.0,1.0,0.0,0.0,0.0,2.0,0.0,0.0,1.0,1.0,3.0,50.0,50.0,1.0,0.0,0.0,0.0,0.0,0.0,0.0,0.0,0.0,0.0,0.0,2.0,2.0,0.0,1.0,1.0,0.0,1.0,0.0,0.0,0.0,0.0,0.0,1.0,0.0,0.0,1.0,0.0,0.0,0.0,1.0,11.0,0.0,0.0,0.0,0.0,0.0,12.0,0.0,0.0,0.0,0.0,0.0,0.0,0.0,0.0,0.0,1.0,1.0,0.0,0.0,0.0,0.0,1.0,1.0,1.0,0.0,0.0,0.0,0.0,0.0,0.0,1.0,1.0,0.0,0.0,0.0,0.0,0.0,1.0,1.0,0.0,2747962282.0,16275.0,16275.0,25680.0,25680.0,25941.0,0.0,704.0,41041.0,29546.0,29428.0,420.0,0.0,0.0,0.0,1599.0,0.0,0.0,109.0,119.0,118.0,53.0,107.0,10834644448.0,0.0,51542465344.0,1140411264768.0,11499561248.0,0.0,0.0,6142.0,0.0,0.0,8581.0,236.0,10184.0
1370,0.0,1.0,1.0,0.0,1.0,2035200.0,1.0,586500000.0,1.0,40800000.0,14.337855100599999,38773.0,3275.0,16307.0,41305.555555599996,41944.444444400004,43166.6666667,73.0,25.0,64.0,896.0,5000.0,0.0,25.0,1000000.0,950000.0,1.0,1.0,0.0,10.0,0.0,0.0,100.0,100.0,77756434.0,1515954933.0,1411144485.0,0.0,0.0,0.0,0.0,0.0,1.0,1.0,1.0,1.0,1.0,0.0,0.0,1.0,0.0,0.0,0.0,0.0,0.0,31.0,1.0,97688487.0,699564747.0,100324207.0,80315637.0,1591343104.0,6628.0,95590983441.0,0.0,1.0,1.0,0.0,1.0,0.0,0.0,1.0,1.0,1.0,1.0,2.0,1.0,0.0,0.0,0.0,2.0,0.0,0.0,1.0,1.0,3.0,50.0,50.0,1.0,0.0,0.0,0.0,0.0,0.0,0.0,0.0,0.0,0.0,0.0,2.0,2.0,0.0,1.0,1.0,0.0,1.0,0.0,0.0,0.0,0.0,0.0,1.0,0.0,0.0,1.0,0.0,0.0,0.0,1.0,11.0,0.0,0.0,0.0,0.0,0.0,12.0,0.0,0.0,0.0,0.0,0.0,0.0,0.0,0.0,0.0,1.0,1.0,0.0,0.0,0.0,0.0,1.0,1.0,1.0,0.0,0.0,0.0,0.0,0.0,0.0,1.0,1.0,0.0,0.0,0.0,0.0,0.0,1.0,1.0,0.0,2992612708.0,16510.0,16510.0,24702.0,24702.0,24946.0,0.0,770.0,44419.0,30870.0,30740.0,441.0,0.0,0.0,0.0,1685.0,0.0,0.0,121.0,131.0,130.0,48.0,119.0,7685030176.0,1827040.0,52925906624.0,1011754288032.0,10512654816.0,0.0,0.0,6628.0,0.0,0.0,9215.0,260.0,10980.0
1371,0.0,1.0,1.0,0.0,1.0,2035200.0,1.0,586500000.0,1.0,40800000.0,15.55626297,35989.0,3200.0,15164.0,41343.75,41937.5,43125.0,73.0,25.0,64.0,896.0,5000.0,0.0,25.0,1000000.0,950000.0,1.0,1.0,0.0,10.0,0.0,0.0,100.0,100.0,72967538.0,1476677145.0,1354046137.0,0.0,0.0,0.0,0.0,0.0,1.0,1.0,1.0,1.0,1.0,0.0,0.0,1.0,0.0,0.0,0.0,0.0,0.0,34.0,1.0,117723017.0,646225197.0,123007309.0,74713237.0,1493199724.0,6650.0,92263547450.0,0.0,1.0,1.0,0.0,1.0,0.0,0.0,1.0,1.0,1.0,1.0,2.0,1.0,0.0,0.0,0.0,2.0,0.0,0.0,1.0,1.0,3.0,50.0,50.0,1.0,0.0,0.0,0.0,0.0,0.0,0.0,0.0,0.0,0.0,0.0,2.0,2.0,0.0,1.0,1.0,0.0,1.0,0.0,0.0,0.0,0.0,0.0,1.0,0.0,0.0,1.0,0.0,0.0,0.0,1.0,11.0,0.0,0.0,0.0,0.0,0.0,12.0,0.0,0.0,0.0,0.0,0.0,0.0,0.0,0.0,0.0,1.0,1.0,0.0,0.0,0.0,0.0,1.0,1.0,1.0,0.0,0.0,0.0,0.0,0.0,0.0,1.0,1.0,0.0,0.0,0.0,0.0,0.0,1.0,1.0,0.0,2758773519.0,15948.0,15948.0,23806.0,23806.0,24028.0,0.0,741.0,41017.0,30178.0,30060.0,395.0,0.0,0.0,0.0,1598.0,0.0,0.0,109.0,119.0,118.0,43.0,107.0,8951227296.0,2417056.0,50664468032.0,1164348474976.0,11380780032.0,0.0,0.0,6650.0,0.0,0.0,9019.0,236.0,10400.0
1372,0.0,1.0,1.0,0.0,1.0,2035200.0,1.0,586500000.0,1.0,40800000.0,14.665845870999998,34831.0,2971.0,13486.0,41343.75,41875.0,43187.5,73.0,25.0,64.0,896.0,5000.0,0.0,25.0,1000000.0,950000.0,1.0,1.0,0.0,10.0,0.0,0.0,100.0,100.0,67827719.0,1376171928.0,1274159817.0,0.0,0.0,0.0,0.0,0.0,1.0,1.0,1.0,1.0,1.0,0.0,0.0,1.0,0.0,0.0,0.0,0.0,0.0,42.0,1.0,103093513.0,613802110.0,107303197.0,70134873.0,1422875518.0,5552.0,91659693845.0,0.0,1.0,1.0,0.0,1.0,0.0,0.0,1.0,1.0,1.0,1.0,2.0,1.0,0.0,0.0,0.0,2.0,0.0,0.0,1.0,1.0,3.0,50.0,50.0,1.0,0.0,0.0,0.0,0.0,0.0,0.0,0.0,0.0,0.0,0.0,2.0,2.0,0.0,1.0,1.0,0.0,1.0,0.0,0.0,0.0,0.0,0.0,1.0,0.0,0.0,1.0,0.0,0.0,0.0,1.0,11.0,0.0,0.0,0.0,0.0,0.0,12.0,0.0,0.0,0.0,0.0,0.0,0.0,0.0,0.0,0.0,1.0,1.0,0.0,0.0,0.0,0.0,1.0,1.0,1.0,0.0,0.0,0.0,0.0,0.0,0.0,1.0,1.0,0.0,0.0,0.0,0.0,0.0,1.0,1.0,0.0,2623597164.0,15543.0,15543.0,24996.0,24996.0,25243.0,0.0,649.0,39045.0,29220.0,29108.0,362.0,0.0,0.0,0.0,1424.0,0.0,0.0,103.0,113.0,112.0,45.0,101.0,8069047712.0,0.0,50805681600.0,845204092672.0,10766714592.0,0.0,0.0,5552.0,0.0,0.0,7524.0,224.0,9260.0
1373,0.0,1.0,1.0,0.0,1.0,2035200.0,1.0,586500000.0,1.0,40800000.0,14.8028111458,35911.0,3276.0,14858.0,41281.25,41937.5,43187.5,87.0,25.0,64.0,896.0,5000.0,0.0,25.0,1000000.0,950000.0,1.0,0.0,0.0,10.0,0.0,0.0,100.0,500.0,68576421.0,1410612698.0,1301110349.0,0.0,0.0,0.0,0.0,0.0,1.0,1.0,1.0,1.0,1.0,0.0,0.0,1.0,0.0,0.0,0.0,0.0,0.0,31.0,1.0,97222775.0,639330281.0,100098824.0,72445797.0,1463834957.0,5812.0,91392224365.0,0.0,1.0,1.0,0.0,1.0,0.0,0.0,1.0,1.0,1.0,1.0,2.0,1.0,0.0,0.0,0.0,2.0,0.0,0.0,1.0,1.0,3.0,50.0,50.0,1.0,0.0,0.0,0.0,0.0,0.0,0.0,0.0,0.0,0.0,0.0,2.0,2.0,0.0,1.0,1.0,0.0,1.0,0.0,0.0,0.0,0.0,0.0,1.0,0.0,0.0,1.0,0.0,0.0,0.0,1.0,11.0,0.0,0.0,0.0,0.0,0.0,12.0,0.0,0.0,0.0,0.0,0.0,0.0,0.0,0.0,0.0,1.0,1.0,0.0,0.0,0.0,0.0,1.0,1.0,1.0,0.0,0.0,0.0,0.0,0.0,0.0,1.0,1.0,0.0,0.0,0.0,0.0,0.0,1.0,1.0,0.0,2726041309.0,15396.0,15396.0,23528.0,23528.0,23812.0,0.0,691.0,41080.0,29771.0,29653.0,334.0,0.0,0.0,0.0,1549.0,0.0,0.0,109.0,119.0,118.0,46.0,107.0,7815768480.0,0.0,50506199648.0,977701758272.0,10400952896.0,0.0,0.0,5812.0,0.0,0.0,8177.0,236.0,9674.0
1374,0.0,1.0,1.0,0.0,1.0,2035200.0,1.0,586500000.0,1.0,40800000.0,15.931607008,40332.0,3580.0,16764.0,41416.6666667,42166.6666667,43222.22222219999,87.0,25.0,64.0,896.0,5000.0,0.0,25.0,1000000.0,950000.0,1.0,0.0,0.0,10.0,0.0,0.0,100.0,500.0,76643572.0,1541887258.0,1434367729.0,0.0,0.0,0.0,0.0,0.0,1.0,1.0,1.0,1.0,1.0,0.0,0.0,1.0,0.0,0.0,0.0,0.0,0.0,33.0,1.0,107188720.0,718525531.0,114350504.0,81346351.0,1568496680.0,6707.0,97741097569.0,0.0,1.0,1.0,0.0,1.0,0.0,0.0,1.0,1.0,1.0,1.0,2.0,1.0,0.0,0.0,0.0,2.0,0.0,0.0,1.0,1.0,3.0,50.0,50.0,1.0,0.0,0.0,0.0,0.0,0.0,0.0,0.0,0.0,0.0,0.0,2.0,2.0,0.0,1.0,1.0,0.0,1.0,0.0,0.0,0.0,0.0,0.0,1.0,0.0,0.0,1.0,0.0,0.0,0.0,1.0,11.0,0.0,0.0,0.0,0.0,0.0,12.0,0.0,0.0,0.0,0.0,0.0,0.0,0.0,0.0,0.0,1.0,1.0,0.0,0.0,0.0,0.0,1.0,1.0,1.0,0.0,0.0,0.0,0.0,0.0,0.0,1.0,1.0,0.0,0.0,0.0,0.0,0.0,1.0,1.0,0.0,2887545611.0,16775.0,16775.0,25758.0,25758.0,26010.0,0.0,749.0,45052.0,30815.0,30685.0,316.0,0.0,0.0,0.0,1682.0,0.0,0.0,121.0,131.0,130.0,47.0,119.0,8418781824.0,0.0,53390261280.0,1022096571520.0,12333042176.0,0.0,0.0,6707.0,0.0,0.0,9367.0,260.0,10773.0
1375,0.0,1.0,1.0,0.0,1.0,2035200.0,1.0,586500000.0,1.0,40800000.0,15.3063161373,36670.0,3200.0,15086.0,41375.0,42000.0,43187.5,87.0,25.0,64.0,896.0,5000.0,0.0,25.0,1000000.0,950000.0,1.0,0.0,0.0,10.0,0.0,0.0,100.0,500.0,70125640.0,1482301262.0,1383564539.0,0.0,0.0,0.0,0.0,0.0,1.0,1.0,1.0,1.0,1.0,0.0,0.0,1.0,0.0,0.0,0.0,0.0,0.0,35.0,1.0,98297483.0,712236969.0,102547028.0,75410843.0,1512960323.0,6303.0,93466823768.0,0.0,1.0,1.0,0.0,1.0,0.0,0.0,1.0,1.0,1.0,1.0,2.0,1.0,0.0,0.0,0.0,2.0,0.0,0.0,1.0,1.0,3.0,50.0,50.0,1.0,0.0,0.0,0.0,0.0,0.0,0.0,0.0,0.0,0.0,0.0,2.0,2.0,0.0,1.0,1.0,0.0,1.0,0.0,0.0,0.0,0.0,0.0,1.0,0.0,0.0,1.0,0.0,0.0,0.0,1.0,11.0,0.0,0.0,0.0,0.0,0.0,12.0,0.0,0.0,0.0,0.0,0.0,0.0,0.0,0.0,0.0,1.0,1.0,0.0,0.0,0.0,0.0,1.0,1.0,1.0,0.0,0.0,0.0,0.0,0.0,0.0,1.0,1.0,0.0,0.0,0.0,0.0,0.0,1.0,1.0,0.0,2837655431.0,16177.0,16177.0,25197.0,25197.0,25483.0,0.0,749.0,42056.0,30034.0,29916.0,437.0,0.0,0.0,0.0,1516.0,0.0,0.0,109.0,119.0,118.0,45.0,107.0,8549770688.0,0.0,51722696000.0,1000930438720.0,12671542176.0,0.0,0.0,6303.0,0.0,0.0,8780.0,236.0,10124.0
1376,0.0,1.0,1.0,0.0,1.0,2035200.0,1.0,586500000.0,1.0,40800000.0,14.655258178699999,40166.0,3352.0,15468.0,41500.0,41937.5,43312.5,75.0,25.0,64.0,896.0,5000.0,0.0,25.0,1000000.0,950000.0,1.0,1.0,0.0,10.0,0.0,0.0,100.0,500.0,69335249.0,1400917526.0,1293879641.0,0.0,0.0,0.0,0.0,0.0,1.0,1.0,1.0,1.0,1.0,0.0,0.0,1.0,0.0,0.0,0.0,0.0,0.0,28.0,1.0,114869790.0,648050081.0,119306524.0,74604783.0,1464821961.0,5363.0,95320092240.0,0.0,1.0,1.0,0.0,1.0,0.0,0.0,1.0,1.0,1.0,1.0,2.0,1.0,0.0,0.0,0.0,2.0,0.0,0.0,1.0,1.0,3.0,50.0,50.0,1.0,0.0,0.0,0.0,0.0,0.0,0.0,0.0,0.0,0.0,0.0,2.0,2.0,0.0,1.0,1.0,0.0,1.0,0.0,0.0,0.0,0.0,0.0,1.0,0.0,0.0,1.0,0.0,0.0,0.0,1.0,11.0,0.0,0.0,0.0,0.0,0.0,12.0,0.0,0.0,0.0,0.0,0.0,0.0,0.0,0.0,0.0,1.0,1.0,0.0,0.0,0.0,0.0,1.0,1.0,1.0,0.0,0.0,0.0,0.0,0.0,0.0,1.0,1.0,0.0,0.0,0.0,0.0,0.0,1.0,1.0,0.0,2744723014.0,15472.0,15472.0,25431.0,25431.0,25661.0,0.0,730.0,41286.0,29947.0,29829.0,288.0,0.0,0.0,0.0,1478.0,0.0,0.0,109.0,119.0,118.0,45.0,107.0,6041351360.0,0.0,52376882304.0,1276233039168.0,10533685920.0,0.0,0.0,5363.0,0.0,0.0,7599.0,236.0,8909.0
1377,0.0,1.0,1.0,0.0,1.0,2035200.0,1.0,586500000.0,1.0,40800000.0,15.605236053499999,32135.0,2895.0,13639.0,41416.6666667,42222.22222219999,43444.444444400004,75.0,25.0,64.0,896.0,5000.0,0.0,25.0,1000000.0,950000.0,1.0,1.0,0.0,10.0,0.0,0.0,100.0,500.0,73937001.0,1464359026.0,1361739594.0,0.0,0.0,0.0,0.0,0.0,1.0,1.0,1.0,1.0,1.0,0.0,0.0,1.0,0.0,0.0,0.0,0.0,0.0,30.0,1.0,97066054.0,641296359.0,103135845.0,76259183.0,1500887479.0,6517.0,95901249543.0,0.0,1.0,1.0,0.0,1.0,0.0,0.0,1.0,1.0,1.0,1.0,2.0,1.0,0.0,0.0,0.0,2.0,0.0,0.0,1.0,1.0,3.0,50.0,50.0,1.0,0.0,0.0,0.0,0.0,0.0,0.0,0.0,0.0,0.0,0.0,2.0,2.0,0.0,1.0,1.0,0.0,1.0,0.0,0.0,0.0,0.0,0.0,1.0,0.0,0.0,1.0,0.0,0.0,0.0,1.0,11.0,0.0,0.0,0.0,0.0,0.0,12.0,0.0,0.0,0.0,0.0,0.0,0.0,0.0,0.0,0.0,1.0,1.0,0.0,0.0,0.0,0.0,1.0,1.0,1.0,0.0,0.0,0.0,0.0,0.0,0.0,1.0,1.0,0.0,0.0,0.0,0.0,0.0,1.0,1.0,0.0,2735743590.0,16559.0,16559.0,25411.0,25411.0,25650.0,0.0,686.0,41153.0,29821.0,29703.0,437.0,0.0,0.0,0.0,1470.0,0.0,0.0,109.0,119.0,118.0,36.0,107.0,7679030272.0,0.0,52842646240.0,962467121216.0,11034854560.0,0.0,0.0,6517.0,0.0,0.0,8764.0,236.0,10439.0
1378,0.0,1.0,1.0,0.0,1.0,2035200.0,1.0,586500000.0,1.0,40800000.0,15.076460123099999,36101.0,3200.0,15164.0,41406.25,42062.5,43250.0,75.0,25.0,64.0,896.0,5000.0,0.0,25.0,1000000.0,950000.0,1.0,1.0,0.0,10.0,0.0,0.0,100.0,500.0,72488410.0,1435855039.0,1336654871.0,0.0,0.0,0.0,0.0,0.0,1.0,1.0,1.0,1.0,1.0,0.0,0.0,1.0,0.0,0.0,0.0,0.0,0.0,31.0,1.0,97627117.0,639712862.0,102682869.0,74127698.0,1475018317.0,6161.0,94235139996.0,0.0,1.0,1.0,0.0,1.0,0.0,0.0,1.0,1.0,1.0,1.0,2.0,1.0,0.0,0.0,0.0,2.0,0.0,0.0,1.0,1.0,3.0,50.0,50.0,1.0,0.0,0.0,0.0,0.0,0.0,0.0,0.0,0.0,0.0,0.0,2.0,2.0,0.0,1.0,1.0,0.0,1.0,0.0,0.0,0.0,0.0,0.0,1.0,0.0,0.0,1.0,0.0,0.0,0.0,1.0,11.0,0.0,0.0,0.0,0.0,0.0,12.0,0.0,0.0,0.0,0.0,0.0,0.0,0.0,0.0,0.0,1.0,1.0,0.0,0.0,0.0,0.0,1.0,1.0,1.0,0.0,0.0,0.0,0.0,0.0,0.0,1.0,1.0,0.0,0.0,0.0,0.0,0.0,1.0,1.0,0.0,2698279604.0,15982.0,15982.0,23697.0,23697.0,23941.0,0.0,743.0,41834.0,29860.0,29742.0,424.0,0.0,0.0,0.0,1569.0,0.0,0.0,109.0,119.0,118.0,48.0,107.0,6974534272.0,33002656.0,51791581632.0,953022758944.0,12062637120.0,0.0,0.0,6161.0,0.0,0.0,8540.0,236.0,9854.0
1379,0.0,1.0,1.0,1.0,0.0,1113600.0,1.0,765000000.0,1.0,40800000.0,14.4909789562,31987.0,3732.0,10820.0,41222.22222219999,41833.3333333,42944.444444400004,89.0,25.0,64.0,896.0,5000.0,0.0,25.0,1000000.0,950000.0,1.0,0.0,0.0,10.0,0.0,0.0,0.0,100.0,69042425.0,1404022601.0,1290525494.0,0.0,0.0,0.0,0.0,0.0,1.0,1.0,1.0,1.0,1.0,0.0,0.0,1.0,0.0,0.0,0.0,0.0,0.0,32.0,1.0,104421710.0,570130772.0,107288238.0,74467109.0,1447120506.0,5772.0,77849045627.0,0.0,1.0,1.0,0.0,1.0,0.0,0.0,1.0,1.0,1.0,1.0,2.0,1.0,0.0,0.0,0.0,2.0,0.0,0.0,1.0,1.0,3.0,50.0,50.0,1.0,0.0,0.0,0.0,0.0,0.0,0.0,0.0,0.0,0.0,0.0,2.0,2.0,0.0,1.0,1.0,0.0,1.0,0.0,0.0,0.0,0.0,0.0,1.0,0.0,0.0,1.0,0.0,0.0,0.0,1.0,11.0,0.0,0.0,0.0,0.0,0.0,12.0,0.0,0.0,0.0,0.0,0.0,0.0,0.0,0.0,0.0,1.0,1.0,0.0,0.0,0.0,0.0,1.0,1.0,1.0,0.0,0.0,0.0,0.0,0.0,0.0,1.0,1.0,0.0,0.0,0.0,0.0,0.0,1.0,1.0,0.0,2540838095.0,15781.0,15781.0,25420.0,25420.0,25674.0,0.0,726.0,42745.0,29902.0,29778.0,271.0,0.0,0.0,0.0,1485.0,0.0,0.0,115.0,125.0,124.0,45.0,113.0,6571230688.0,0.0,51922031616.0,974519752128.0,9414887808.0,0.0,0.0,5772.0,0.0,0.0,7899.0,248.0,9284.0
1380,0.0,1.0,1.0,1.0,0.0,1113600.0,1.0,765000000.0,1.0,40800000.0,16.2312140465,35874.0,3884.0,11581.0,41138.8888889,41944.444444400004,42888.8888889,89.0,25.0,64.0,896.0,5000.0,0.0,25.0,1000000.0,950000.0,1.0,0.0,0.0,10.0,0.0,0.0,0.0,100.0,70659737.0,1417717062.0,1303764531.0,0.0,0.0,0.0,0.0,0.0,1.0,1.0,1.0,1.0,1.0,0.0,0.0,1.0,0.0,0.0,0.0,0.0,0.0,32.0,1.0,108216860.0,604006765.0,113245793.0,75197971.0,1475657063.0,6114.0,78518803463.0,0.0,1.0,1.0,0.0,1.0,0.0,0.0,1.0,1.0,1.0,1.0,2.0,1.0,0.0,0.0,0.0,2.0,0.0,0.0,1.0,1.0,3.0,50.0,50.0,1.0,0.0,0.0,0.0,0.0,0.0,0.0,0.0,0.0,0.0,0.0,2.0,2.0,0.0,1.0,1.0,0.0,1.0,0.0,0.0,0.0,0.0,0.0,1.0,0.0,0.0,1.0,0.0,0.0,0.0,1.0,11.0,0.0,0.0,0.0,0.0,0.0,12.0,0.0,0.0,0.0,0.0,0.0,0.0,0.0,0.0,0.0,1.0,1.0,0.0,0.0,0.0,0.0,1.0,1.0,1.0,0.0,0.0,0.0,0.0,0.0,0.0,1.0,1.0,0.0,0.0,0.0,0.0,0.0,1.0,1.0,0.0,2641248725.0,16454.0,16454.0,25876.0,25876.0,26146.0,0.0,670.0,42866.0,30058.0,29934.0,294.0,0.0,0.0,0.0,1576.0,0.0,0.0,115.0,125.0,124.0,47.0,113.0,7959634112.0,0.0,52797383712.0,1273627562912.0,10793678848.0,0.0,0.0,6114.0,0.0,0.0,8302.0,248.0,9745.0
1381,0.0,1.0,1.0,1.0,0.0,1113600.0,1.0,765000000.0,1.0,40800000.0,15.1435239315,33128.0,3732.0,11124.0,41031.25,41625.0,42812.5,89.0,25.0,64.0,896.0,5000.0,0.0,25.0,1000000.0,950000.0,1.0,0.0,0.0,10.0,0.0,0.0,0.0,100.0,71883928.0,1396437050.0,1278335457.0,0.0,0.0,0.0,0.0,0.0,1.0,1.0,1.0,1.0,1.0,0.0,0.0,1.0,0.0,0.0,0.0,0.0,0.0,30.0,1.0,100892090.0,570096106.0,104549302.0,71791924.0,1420172261.0,5817.0,76579256144.0,0.0,1.0,1.0,0.0,1.0,0.0,0.0,1.0,1.0,1.0,1.0,2.0,1.0,0.0,0.0,0.0,2.0,0.0,0.0,1.0,1.0,3.0,50.0,50.0,1.0,0.0,0.0,0.0,0.0,0.0,0.0,0.0,0.0,0.0,0.0,2.0,2.0,0.0,1.0,1.0,0.0,1.0,0.0,0.0,0.0,0.0,0.0,1.0,0.0,0.0,1.0,0.0,0.0,0.0,1.0,11.0,0.0,0.0,0.0,0.0,0.0,12.0,0.0,0.0,0.0,0.0,0.0,0.0,0.0,0.0,0.0,1.0,1.0,0.0,0.0,0.0,0.0,1.0,1.0,1.0,0.0,0.0,0.0,0.0,0.0,0.0,1.0,1.0,0.0,0.0,0.0,0.0,0.0,1.0,1.0,0.0,2492671932.0,15729.0,15729.0,25017.0,25017.0,25275.0,0.0,737.0,41559.0,29694.0,29576.0,308.0,0.0,0.0,0.0,1409.0,0.0,0.0,109.0,119.0,118.0,49.0,107.0,7866017280.0,8829952.0,51109314592.0,1849849539136.0,12214535776.0,0.0,0.0,5817.0,0.0,0.0,7750.0,236.0,9310.0
1382,0.0,1.0,1.0,1.0,0.0,1113600.0,1.0,765000000.0,1.0,40800000.0,14.466212034200002,32367.0,3808.0,10972.0,41027.77777780001,41555.555555599996,42777.77777780001,98.0,25.0,64.0,896.0,5000.0,0.0,25.0,1000000.0,950000.0,1.0,1.0,0.0,10.0,0.0,0.0,0.0,100.0,70796065.0,1414185088.0,1318434185.0,0.0,0.0,0.0,0.0,0.0,1.0,1.0,1.0,1.0,1.0,0.0,0.0,1.0,0.0,0.0,0.0,0.0,0.0,32.0,1.0,97617066.0,622758893.0,102237522.0,73563307.0,1467881951.0,5754.0,76835027697.0,0.0,1.0,1.0,0.0,1.0,0.0,0.0,1.0,1.0,1.0,1.0,2.0,1.0,0.0,0.0,0.0,2.0,0.0,0.0,1.0,1.0,3.0,50.0,50.0,1.0,0.0,0.0,0.0,0.0,0.0,0.0,0.0,0.0,0.0,0.0,2.0,2.0,0.0,1.0,1.0,0.0,1.0,0.0,0.0,0.0,0.0,0.0,1.0,0.0,0.0,1.0,0.0,0.0,0.0,1.0,11.0,0.0,0.0,0.0,0.0,0.0,12.0,0.0,0.0,0.0,0.0,0.0,0.0,0.0,0.0,0.0,1.0,1.0,0.0,0.0,0.0,0.0,1.0,1.0,1.0,0.0,0.0,0.0,0.0,0.0,0.0,1.0,1.0,0.0,0.0,0.0,0.0,0.0,1.0,1.0,0.0,2630150704.0,15926.0,15926.0,25546.0,25546.0,25829.0,0.0,738.0,43017.0,29991.0,29867.0,296.0,0.0,0.0,0.0,1546.0,0.0,0.0,115.0,125.0,124.0,50.0,113.0,7093796480.0,0.0,51184056224.0,912733541760.0,8797560832.0,0.0,0.0,5754.0,0.0,0.0,7963.0,248.0,9437.0
1383,0.0,1.0,1.0,1.0,0.0,1113600.0,1.0,765000000.0,1.0,40800000.0,14.7155559063,32557.0,3732.0,10895.0,40906.25,41500.0,42812.5,98.0,25.0,64.0,896.0,5000.0,0.0,25.0,1000000.0,950000.0,1.0,1.0,0.0,10.0,0.0,0.0,0.0,100.0,70134098.0,1396502762.0,1286724932.0,0.0,0.0,0.0,0.0,0.0,1.0,1.0,1.0,1.0,1.0,0.0,0.0,1.0,0.0,0.0,0.0,0.0,0.0,32.0,1.0,102256590.0,565807848.0,106260179.0,73011519.0,1450885668.0,6614.0,76053592220.0,0.0,1.0,1.0,0.0,1.0,0.0,0.0,1.0,1.0,1.0,1.0,2.0,1.0,0.0,0.0,0.0,2.0,0.0,0.0,1.0,1.0,3.0,50.0,50.0,1.0,0.0,0.0,0.0,0.0,0.0,0.0,0.0,0.0,0.0,0.0,2.0,2.0,0.0,1.0,1.0,0.0,1.0,0.0,0.0,0.0,0.0,0.0,1.0,0.0,0.0,1.0,0.0,0.0,0.0,1.0,11.0,0.0,0.0,0.0,0.0,0.0,12.0,0.0,0.0,0.0,0.0,0.0,0.0,0.0,0.0,0.0,1.0,1.0,0.0,0.0,0.0,0.0,1.0,1.0,1.0,0.0,0.0,0.0,0.0,0.0,0.0,1.0,1.0,0.0,0.0,0.0,0.0,0.0,1.0,1.0,0.0,2605183387.0,16477.0,16477.0,25526.0,25526.0,25752.0,0.0,717.0,41319.0,29749.0,29631.0,234.0,0.0,0.0,0.0,1485.0,0.0,0.0,109.0,119.0,118.0,42.0,107.0,7352752640.0,0.0,51068058816.0,1035168537568.0,10157140128.0,0.0,0.0,6614.0,0.0,0.0,8782.0,236.0,10212.0
1384,0.0,1.0,1.0,1.0,0.0,1113600.0,1.0,765000000.0,1.0,40800000.0,14.9010579586,31757.0,3351.0,10209.0,40906.25,41562.5,42625.0,98.0,25.0,64.0,896.0,5000.0,0.0,25.0,1000000.0,950000.0,1.0,1.0,0.0,10.0,0.0,0.0,0.0,100.0,69640986.0,1411789424.0,1276652361.0,0.0,0.0,0.0,0.0,0.0,1.0,1.0,1.0,1.0,1.0,0.0,0.0,1.0,0.0,0.0,0.0,0.0,0.0,32.0,1.0,102639100.0,549501335.0,107989788.0,70998574.0,1447868047.0,6319.0,80207733729.0,0.0,1.0,1.0,0.0,1.0,0.0,0.0,1.0,1.0,1.0,1.0,2.0,1.0,0.0,0.0,0.0,2.0,0.0,0.0,1.0,1.0,3.0,50.0,50.0,1.0,0.0,0.0,0.0,0.0,0.0,0.0,0.0,0.0,0.0,0.0,2.0,2.0,0.0,1.0,1.0,0.0,1.0,0.0,0.0,0.0,0.0,0.0,1.0,0.0,0.0,1.0,0.0,0.0,0.0,1.0,11.0,0.0,0.0,0.0,0.0,0.0,12.0,0.0,0.0,0.0,0.0,0.0,0.0,0.0,0.0,0.0,1.0,1.0,0.0,0.0,0.0,0.0,1.0,1.0,1.0,0.0,0.0,0.0,0.0,0.0,0.0,1.0,1.0,0.0,0.0,0.0,0.0,0.0,1.0,1.0,0.0,2514123972.0,16308.0,16308.0,25007.0,25007.0,25278.0,0.0,682.0,39291.0,29224.0,29112.0,318.0,0.0,0.0,0.0,1346.0,0.0,0.0,103.0,113.0,112.0,45.0,101.0,7068978752.0,2428224.0,52520973472.0,967845979840.0,12338517888.0,0.0,0.0,6319.0,0.0,0.0,8120.0,224.0,9438.0
1385,0.0,1.0,1.0,1.0,0.0,1113600.0,1.0,765000000.0,1.0,40800000.0,15.269471883800001,32481.0,3808.0,10971.0,40833.3333333,41500.0,42666.6666667,79.0,25.0,64.0,896.0,5000.0,0.0,25.0,1000000.0,950000.0,1.0,0.0,0.0,10.0,0.0,0.0,0.0,500.0,73081504.0,1436490509.0,1313019631.0,0.0,0.0,0.0,0.0,0.0,1.0,1.0,1.0,1.0,1.0,0.0,0.0,1.0,0.0,0.0,0.0,0.0,0.0,36.0,1.0,103503091.0,590193532.0,106441044.0,77046010.0,1466235093.0,6447.0,77980330999.0,0.0,1.0,1.0,0.0,1.0,0.0,0.0,1.0,1.0,1.0,1.0,2.0,1.0,0.0,0.0,0.0,2.0,0.0,0.0,1.0,1.0,3.0,50.0,50.0,1.0,0.0,0.0,0.0,0.0,0.0,0.0,0.0,0.0,0.0,0.0,2.0,2.0,0.0,1.0,1.0,0.0,1.0,0.0,0.0,0.0,0.0,0.0,1.0,0.0,0.0,1.0,0.0,0.0,0.0,1.0,11.0,0.0,0.0,0.0,0.0,0.0,12.0,0.0,0.0,0.0,0.0,0.0,0.0,0.0,0.0,0.0,1.0,1.0,0.0,0.0,0.0,0.0,1.0,1.0,1.0,0.0,0.0,0.0,0.0,0.0,0.0,1.0,1.0,0.0,0.0,0.0,0.0,0.0,1.0,1.0,0.0,2572803014.0,16386.0,16386.0,25715.0,25715.0,26021.0,0.0,717.0,42743.0,30260.0,30136.0,296.0,0.0,0.0,0.0,1514.0,0.0,0.0,115.0,125.0,124.0,41.0,113.0,6370494784.0,0.0,51816110208.0,1264259973664.0,9910067616.0,0.0,0.0,6447.0,0.0,0.0,8493.0,248.0,10044.0
1386,0.0,1.0,1.0,1.0,0.0,1113600.0,1.0,765000000.0,1.0,40800000.0,14.5007789135,35570.0,4113.0,12114.0,40611.1111111,41500.0,42500.0,79.0,25.0,64.0,896.0,5000.0,0.0,25.0,1000000.0,950000.0,1.0,0.0,0.0,10.0,0.0,0.0,0.0,500.0,73699391.0,1435279727.0,1305778604.0,0.0,0.0,0.0,0.0,0.0,1.0,1.0,1.0,1.0,1.0,0.0,0.0,1.0,0.0,0.0,0.0,0.0,0.0,33.0,1.0,111850847.0,589568128.0,115266246.0,77698508.0,1462876196.0,5884.0,77185130223.0,0.0,1.0,1.0,0.0,1.0,0.0,0.0,1.0,1.0,1.0,1.0,2.0,1.0,0.0,0.0,0.0,2.0,0.0,0.0,1.0,1.0,3.0,50.0,50.0,1.0,0.0,0.0,0.0,0.0,0.0,0.0,0.0,0.0,0.0,0.0,2.0,2.0,0.0,1.0,1.0,0.0,1.0,0.0,0.0,0.0,0.0,0.0,1.0,0.0,0.0,1.0,0.0,0.0,0.0,1.0,11.0,0.0,0.0,0.0,0.0,0.0,12.0,0.0,0.0,0.0,0.0,0.0,0.0,0.0,0.0,0.0,1.0,1.0,0.0,0.0,0.0,0.0,1.0,1.0,1.0,0.0,0.0,0.0,0.0,0.0,0.0,1.0,1.0,0.0,0.0,0.0,0.0,0.0,1.0,1.0,0.0,2599796452.0,16007.0,16007.0,25762.0,25762.0,26009.0,0.0,754.0,44629.0,30392.0,30262.0,264.0,0.0,0.0,0.0,1637.0,0.0,0.0,121.0,131.0,130.0,52.0,119.0,7474122208.0,952928.0,51960787808.0,925224838656.0,9796192576.0,0.0,0.0,5884.0,0.0,0.0,8137.0,260.0,9617.0
1387,0.0,1.0,1.0,1.0,0.0,1113600.0,1.0,765000000.0,1.0,40800000.0,14.8843021393,32596.0,3808.0,10971.0,40694.444444400004,41444.444444400004,42555.555555599996,79.0,25.0,64.0,896.0,5000.0,0.0,25.0,1000000.0,950000.0,1.0,0.0,0.0,10.0,0.0,0.0,0.0,500.0,74324622.0,1419316572.0,1299042282.0,0.0,0.0,0.0,0.0,0.0,1.0,1.0,1.0,1.0,1.0,0.0,0.0,1.0,0.0,0.0,0.0,0.0,0.0,34.0,1.0,115361995.0,587536986.0,120622368.0,75732829.0,1470686225.0,6099.0,80881625654.0,0.0,1.0,1.0,0.0,1.0,0.0,0.0,1.0,1.0,1.0,1.0,2.0,1.0,0.0,0.0,0.0,2.0,0.0,0.0,1.0,1.0,3.0,50.0,50.0,1.0,0.0,0.0,0.0,0.0,0.0,0.0,0.0,0.0,0.0,0.0,2.0,2.0,0.0,1.0,1.0,0.0,1.0,0.0,0.0,0.0,0.0,0.0,1.0,0.0,0.0,1.0,0.0,0.0,0.0,1.0,11.0,0.0,0.0,0.0,0.0,0.0,12.0,0.0,0.0,0.0,0.0,0.0,0.0,0.0,0.0,0.0,1.0,1.0,0.0,0.0,0.0,0.0,1.0,1.0,1.0,0.0,0.0,0.0,0.0,0.0,0.0,1.0,1.0,0.0,0.0,0.0,0.0,0.0,1.0,1.0,0.0,2607136430.0,16576.0,16576.0,26414.0,26414.0,26645.0,0.0,739.0,43325.0,30475.0,30351.0,279.0,0.0,0.0,0.0,1497.0,0.0,0.0,115.0,125.0,124.0,52.0,113.0,8738139776.0,0.0,53732510688.0,907084015264.0,9268145056.0,0.0,0.0,6099.0,0.0,0.0,8141.0,248.0,9907.0
1388,0.0,1.0,1.0,1.0,0.0,1113600.0,1.0,765000000.0,1.0,40800000.0,15.8502049446,36064.0,3808.0,11199.0,40777.77777780001,41388.8888889,42555.555555599996,75.0,25.0,64.0,896.0,5000.0,0.0,25.0,1000000.0,950000.0,1.0,1.0,0.0,10.0,0.0,0.0,0.0,500.0,74824338.0,1462207322.0,1330845268.0,0.0,0.0,0.0,0.0,0.0,1.0,1.0,1.0,1.0,1.0,0.0,0.0,1.0,0.0,0.0,0.0,0.0,0.0,31.0,1.0,111624064.0,615392650.0,116334928.0,74830447.0,1492228179.0,6298.0,80599931488.0,0.0,1.0,1.0,0.0,1.0,0.0,0.0,1.0,1.0,1.0,1.0,2.0,1.0,0.0,0.0,0.0,2.0,0.0,0.0,1.0,1.0,3.0,50.0,50.0,1.0,0.0,0.0,0.0,0.0,0.0,0.0,0.0,0.0,0.0,0.0,2.0,2.0,0.0,1.0,1.0,0.0,1.0,0.0,0.0,0.0,0.0,0.0,1.0,0.0,0.0,1.0,0.0,0.0,0.0,1.0,11.0,0.0,0.0,0.0,0.0,0.0,12.0,0.0,0.0,0.0,0.0,0.0,0.0,0.0,0.0,0.0,1.0,1.0,0.0,0.0,0.0,0.0,1.0,1.0,1.0,0.0,0.0,0.0,0.0,0.0,0.0,1.0,1.0,0.0,0.0,0.0,0.0,0.0,1.0,1.0,0.0,2608519593.0,16740.0,16740.0,26551.0,26551.0,26860.0,0.0,792.0,43587.0,30180.0,30056.0,306.0,0.0,0.0,0.0,1565.0,0.0,0.0,115.0,125.0,124.0,60.0,113.0,8688906016.0,0.0,53882282400.0,1555375870912.0,11819184672.0,0.0,0.0,6298.0,0.0,0.0,8498.0,248.0,9998.0
1389,0.0,1.0,1.0,1.0,0.0,1113600.0,1.0,765000000.0,1.0,40800000.0,14.3719289303,31832.0,3732.0,10971.0,40722.22222219999,41277.77777780001,42500.0,75.0,25.0,64.0,896.0,5000.0,0.0,25.0,1000000.0,950000.0,1.0,1.0,0.0,10.0,0.0,0.0,0.0,500.0,73101315.0,1420747143.0,1298933836.0,0.0,0.0,0.0,0.0,0.0,1.0,1.0,1.0,1.0,1.0,0.0,0.0,1.0,0.0,0.0,0.0,0.0,0.0,34.0,1.0,111990170.0,566773434.0,115392739.0,76670101.0,1452495636.0,6056.0,77249825833.0,0.0,1.0,1.0,0.0,1.0,0.0,0.0,1.0,1.0,1.0,1.0,2.0,1.0,0.0,0.0,0.0,2.0,0.0,0.0,1.0,1.0,3.0,50.0,50.0,1.0,0.0,0.0,0.0,0.0,0.0,0.0,0.0,0.0,0.0,0.0,2.0,2.0,0.0,1.0,1.0,0.0,1.0,0.0,0.0,0.0,0.0,0.0,1.0,0.0,0.0,1.0,0.0,0.0,0.0,1.0,11.0,0.0,0.0,0.0,0.0,0.0,12.0,0.0,0.0,0.0,0.0,0.0,0.0,0.0,0.0,0.0,1.0,1.0,0.0,0.0,0.0,0.0,1.0,1.0,1.0,0.0,0.0,0.0,0.0,0.0,0.0,1.0,1.0,0.0,0.0,0.0,0.0,0.0,1.0,1.0,0.0,2544324271.0,16031.0,16031.0,25814.0,25814.0,26088.0,0.0,684.0,42959.0,30322.0,30198.0,281.0,0.0,0.0,0.0,1526.0,0.0,0.0,115.0,125.0,124.0,46.0,113.0,7528186624.0,754688.0,51621644992.0,808664998304.0,8834508288.0,0.0,0.0,6056.0,0.0,0.0,8101.0,248.0,9901.0
1390,0.0,1.0,1.0,1.0,0.0,1113600.0,1.0,765000000.0,1.0,40800000.0,14.6374049187,32027.0,3732.0,10743.0,40583.3333333,41222.22222219999,42500.0,75.0,25.0,64.0,896.0,5000.0,0.0,25.0,1000000.0,950000.0,1.0,1.0,0.0,10.0,0.0,0.0,0.0,500.0,73778571.0,1421351073.0,1302495840.0,0.0,0.0,0.0,0.0,0.0,1.0,1.0,1.0,1.0,1.0,0.0,0.0,1.0,0.0,0.0,0.0,0.0,0.0,31.0,1.0,108177095.0,588465542.0,113073334.0,74345491.0,1472233736.0,6532.0,77985337160.0,0.0,1.0,1.0,0.0,1.0,0.0,0.0,1.0,1.0,1.0,1.0,2.0,1.0,0.0,0.0,0.0,2.0,0.0,0.0,1.0,1.0,3.0,50.0,50.0,1.0,0.0,0.0,0.0,0.0,0.0,0.0,0.0,0.0,0.0,0.0,2.0,2.0,0.0,1.0,1.0,0.0,1.0,0.0,0.0,0.0,0.0,0.0,1.0,0.0,0.0,1.0,0.0,0.0,0.0,1.0,11.0,0.0,0.0,0.0,0.0,0.0,12.0,0.0,0.0,0.0,0.0,0.0,0.0,0.0,0.0,0.0,1.0,1.0,0.0,0.0,0.0,0.0,1.0,1.0,1.0,0.0,0.0,0.0,0.0,0.0,0.0,1.0,1.0,0.0,0.0,0.0,0.0,0.0,1.0,1.0,0.0,2628249246.0,16567.0,16567.0,25923.0,25923.0,26186.0,0.0,731.0,43625.0,30282.0,30158.0,280.0,0.0,0.0,0.0,1600.0,0.0,0.0,115.0,125.0,124.0,47.0,113.0,7207887712.0,0.0,52370679136.0,833643771776.0,9625792992.0,0.0,0.0,6532.0,0.0,0.0,8646.0,248.0,10319.0
1391,0.0,1.0,1.0,1.0,0.0,1113600.0,1.0,765000000.0,1.0,40800000.0,16.4317059517,36445.0,4113.0,11887.0,40611.1111111,41277.77777780001,42500.0,84.0,25.0,64.0,896.0,5000.0,0.0,25.0,1000000.0,950000.0,1.0,0.0,0.0,10.0,0.0,0.0,100.0,100.0,78137939.0,1511782703.0,1383899212.0,0.0,0.0,0.0,0.0,0.0,1.0,1.0,1.0,1.0,1.0,0.0,0.0,1.0,0.0,0.0,0.0,0.0,0.0,31.0,1.0,109781711.0,640334490.0,112117424.0,81094611.0,1540254187.0,7196.0,81842527921.0,0.0,1.0,1.0,0.0,1.0,0.0,0.0,1.0,1.0,1.0,1.0,2.0,1.0,0.0,0.0,0.0,2.0,0.0,0.0,1.0,1.0,3.0,50.0,50.0,1.0,0.0,0.0,0.0,0.0,0.0,0.0,0.0,0.0,0.0,0.0,2.0,2.0,0.0,1.0,1.0,0.0,1.0,0.0,0.0,0.0,0.0,0.0,1.0,0.0,0.0,1.0,0.0,0.0,0.0,1.0,11.0,0.0,0.0,0.0,0.0,0.0,12.0,0.0,0.0,0.0,0.0,0.0,0.0,0.0,0.0,0.0,1.0,1.0,0.0,0.0,0.0,0.0,1.0,1.0,1.0,0.0,0.0,0.0,0.0,0.0,0.0,1.0,1.0,0.0,0.0,0.0,0.0,0.0,1.0,1.0,0.0,2681993967.0,17957.0,17957.0,27185.0,27185.0,27441.0,0.0,714.0,45504.0,30878.0,30748.0,347.0,0.0,0.0,0.0,1622.0,0.0,0.0,121.0,131.0,130.0,55.0,119.0,8082301920.0,0.0,55558373440.0,1286748090848.0,12966537408.0,0.0,0.0,7196.0,0.0,0.0,9632.0,260.0,11161.0
1392,0.0,1.0,1.0,1.0,0.0,1113600.0,1.0,765000000.0,1.0,40800000.0,14.6232759953,35836.0,3808.0,10742.0,40531.25,41250.0,42437.5,84.0,25.0,64.0,896.0,5000.0,0.0,25.0,1000000.0,950000.0,1.0,0.0,0.0,10.0,0.0,0.0,100.0,100.0,69326003.0,1389946018.0,1276125237.0,0.0,0.0,0.0,0.0,0.0,1.0,1.0,1.0,1.0,1.0,0.0,0.0,1.0,0.0,0.0,0.0,0.0,0.0,33.0,1.0,107859978.0,557164201.0,110332329.0,74305642.0,1440385511.0,5994.0,75858196987.0,0.0,1.0,1.0,0.0,1.0,0.0,0.0,1.0,1.0,1.0,1.0,2.0,1.0,0.0,0.0,0.0,2.0,0.0,0.0,1.0,1.0,3.0,50.0,50.0,1.0,0.0,0.0,0.0,0.0,0.0,0.0,0.0,0.0,0.0,0.0,2.0,2.0,0.0,1.0,1.0,0.0,1.0,0.0,0.0,0.0,0.0,0.0,1.0,0.0,0.0,1.0,0.0,0.0,0.0,1.0,11.0,0.0,0.0,0.0,0.0,0.0,12.0,0.0,0.0,0.0,0.0,0.0,0.0,0.0,0.0,0.0,1.0,1.0,0.0,0.0,0.0,0.0,1.0,1.0,1.0,0.0,0.0,0.0,0.0,0.0,0.0,1.0,1.0,0.0,0.0,0.0,0.0,0.0,1.0,1.0,0.0,2555186175.0,15944.0,15944.0,24903.0,24903.0,25127.0,0.0,663.0,40906.0,29478.0,29360.0,285.0,0.0,0.0,0.0,1385.0,0.0,0.0,109.0,119.0,118.0,47.0,107.0,7700162880.0,0.0,50810915936.0,846539080832.0,10544262144.0,0.0,0.0,5994.0,0.0,0.0,7994.0,236.0,9529.0
1393,0.0,1.0,1.0,1.0,0.0,1113600.0,1.0,765000000.0,1.0,40800000.0,14.828001976,32214.0,3808.0,10819.0,40583.3333333,41277.77777780001,42500.0,84.0,25.0,64.0,896.0,5000.0,0.0,25.0,1000000.0,950000.0,1.0,0.0,0.0,10.0,0.0,0.0,100.0,100.0,73131770.0,1412491406.0,1298987983.0,0.0,0.0,0.0,0.0,0.0,1.0,1.0,1.0,1.0,1.0,0.0,0.0,1.0,0.0,0.0,0.0,0.0,0.0,27.0,1.0,107413624.0,588213114.0,109619570.0,76482825.0,1440267127.0,6187.0,74571236078.0,0.0,1.0,1.0,0.0,1.0,0.0,0.0,1.0,1.0,1.0,1.0,2.0,1.0,0.0,0.0,0.0,2.0,0.0,0.0,1.0,1.0,3.0,50.0,50.0,1.0,0.0,0.0,0.0,0.0,0.0,0.0,0.0,0.0,0.0,0.0,2.0,2.0,0.0,1.0,1.0,0.0,1.0,0.0,0.0,0.0,0.0,0.0,1.0,0.0,0.0,1.0,0.0,0.0,0.0,1.0,11.0,0.0,0.0,0.0,0.0,0.0,12.0,0.0,0.0,0.0,0.0,0.0,0.0,0.0,0.0,0.0,1.0,1.0,0.0,0.0,0.0,0.0,1.0,1.0,1.0,0.0,0.0,0.0,0.0,0.0,0.0,1.0,1.0,0.0,0.0,0.0,0.0,0.0,1.0,1.0,0.0,2544986017.0,16007.0,16007.0,24653.0,24653.0,24911.0,0.0,711.0,43140.0,30250.0,30126.0,313.0,0.0,0.0,0.0,1550.0,0.0,0.0,115.0,125.0,124.0,47.0,113.0,7223021536.0,0.0,50407981408.0,1000041696160.0,8901943936.0,0.0,0.0,6187.0,0.0,0.0,8464.0,248.0,9885.0
1394,0.0,1.0,1.0,1.0,0.0,1113600.0,1.0,765000000.0,1.0,40800000.0,14.852111101199998,31909.0,3732.0,11277.0,40500.0,41055.555555599996,42388.8888889,71.0,25.0,64.0,896.0,5000.0,0.0,25.0,1000000.0,950000.0,1.0,1.0,0.0,10.0,0.0,0.0,100.0,100.0,74307813.0,1460220346.0,1326918946.0,0.0,0.0,0.0,0.0,0.0,1.0,1.0,1.0,1.0,1.0,0.0,0.0,1.0,0.0,0.0,0.0,0.0,0.0,33.0,1.0,101978629.0,592862658.0,106492320.0,75401334.0,1493629223.0,6389.0,81434521798.0,0.0,1.0,1.0,0.0,1.0,0.0,0.0,1.0,1.0,1.0,1.0,2.0,1.0,0.0,0.0,0.0,2.0,0.0,0.0,1.0,1.0,3.0,50.0,50.0,1.0,0.0,0.0,0.0,0.0,0.0,0.0,0.0,0.0,0.0,0.0,2.0,2.0,0.0,1.0,1.0,0.0,1.0,0.0,0.0,0.0,0.0,0.0,1.0,0.0,0.0,1.0,0.0,0.0,0.0,1.0,11.0,0.0,0.0,0.0,0.0,0.0,12.0,0.0,0.0,0.0,0.0,0.0,0.0,0.0,0.0,0.0,1.0,1.0,0.0,0.0,0.0,0.0,1.0,1.0,1.0,0.0,0.0,0.0,0.0,0.0,0.0,1.0,1.0,0.0,0.0,0.0,0.0,0.0,1.0,1.0,0.0,2640267875.0,17129.0,17129.0,27331.0,27331.0,27591.0,0.0,768.0,43985.0,29949.0,29825.0,293.0,0.0,0.0,0.0,1530.0,0.0,0.0,115.0,125.0,124.0,53.0,113.0,8107643008.0,13577664.0,54496500736.0,1224058842912.0,10754299392.0,0.0,0.0,6389.0,0.0,0.0,8698.0,248.0,10028.0
1395,0.0,1.0,1.0,1.0,0.0,1113600.0,1.0,765000000.0,1.0,40800000.0,15.013611078299999,32138.0,3808.0,10819.0,40444.444444400004,41000.0,42444.444444400004,71.0,25.0,64.0,896.0,5000.0,0.0,25.0,1000000.0,950000.0,1.0,1.0,0.0,10.0,0.0,0.0,100.0,100.0,72179367.0,1400243644.0,1290800228.0,0.0,0.0,0.0,0.0,0.0,1.0,1.0,1.0,1.0,1.0,0.0,0.0,1.0,0.0,0.0,0.0,0.0,0.0,31.0,1.0,108922691.0,574964738.0,112697415.0,74486263.0,1454078727.0,6133.0,77927505861.0,0.0,1.0,1.0,0.0,1.0,0.0,0.0,1.0,1.0,1.0,1.0,2.0,1.0,0.0,0.0,0.0,2.0,0.0,0.0,1.0,1.0,3.0,50.0,50.0,1.0,0.0,0.0,0.0,0.0,0.0,0.0,0.0,0.0,0.0,0.0,2.0,2.0,0.0,1.0,1.0,0.0,1.0,0.0,0.0,0.0,0.0,0.0,1.0,0.0,0.0,1.0,0.0,0.0,0.0,1.0,11.0,0.0,0.0,0.0,0.0,0.0,12.0,0.0,0.0,0.0,0.0,0.0,0.0,0.0,0.0,0.0,1.0,1.0,0.0,0.0,0.0,0.0,1.0,1.0,1.0,0.0,0.0,0.0,0.0,0.0,0.0,1.0,1.0,0.0,0.0,0.0,0.0,0.0,1.0,1.0,0.0,2571021588.0,15918.0,15918.0,25889.0,25889.0,26143.0,0.0,718.0,42931.0,30472.0,30348.0,305.0,0.0,0.0,0.0,1521.0,0.0,0.0,115.0,125.0,124.0,45.0,113.0,8031699680.0,0.0,52165771776.0,938931268896.0,9968923424.0,0.0,0.0,6133.0,0.0,0.0,8091.0,248.0,9826.0
1396,0.0,1.0,1.0,1.0,0.0,1113600.0,1.0,765000000.0,1.0,40800000.0,16.4889650345,35035.0,3732.0,10666.0,40416.6666667,40944.444444400004,42222.22222219999,71.0,25.0,64.0,896.0,5000.0,0.0,25.0,1000000.0,950000.0,1.0,1.0,0.0,10.0,0.0,0.0,100.0,100.0,77902723.0,1482479576.0,1367215111.0,0.0,0.0,0.0,0.0,0.0,1.0,1.0,1.0,1.0,1.0,0.0,0.0,1.0,0.0,0.0,0.0,0.0,0.0,35.0,1.0,98289760.0,595843574.0,103188177.0,80078464.0,1529431598.0,8239.0,79059675596.0,0.0,1.0,1.0,0.0,1.0,0.0,0.0,1.0,1.0,1.0,1.0,2.0,1.0,0.0,0.0,0.0,2.0,0.0,0.0,1.0,1.0,3.0,50.0,50.0,1.0,0.0,0.0,0.0,0.0,0.0,0.0,0.0,0.0,0.0,0.0,2.0,2.0,0.0,1.0,1.0,0.0,1.0,0.0,0.0,0.0,0.0,0.0,1.0,0.0,0.0,1.0,0.0,0.0,0.0,1.0,11.0,0.0,0.0,0.0,0.0,0.0,12.0,0.0,0.0,0.0,0.0,0.0,0.0,0.0,0.0,0.0,1.0,1.0,0.0,0.0,0.0,0.0,1.0,1.0,1.0,0.0,0.0,0.0,0.0,0.0,0.0,1.0,1.0,0.0,0.0,0.0,0.0,0.0,1.0,1.0,0.0,2695556904.0,18038.0,18038.0,26068.0,26068.0,26302.0,0.0,675.0,43409.0,29897.0,29773.0,383.0,0.0,0.0,0.0,1349.0,0.0,0.0,115.0,125.0,124.0,48.0,113.0,6800534496.0,0.0,52709722112.0,905554823776.0,17106995648.0,0.0,0.0,8239.0,0.0,0.0,10451.0,248.0,11489.0
1397,0.0,1.0,1.0,1.0,0.0,1113600.0,1.0,765000000.0,1.0,40800000.0,14.653872013099999,28594.0,3580.0,9752.0,40468.75,41062.5,42500.0,74.0,25.0,64.0,896.0,5000.0,0.0,25.0,1000000.0,950000.0,1.0,0.0,0.0,10.0,0.0,0.0,100.0,500.0,65968692.0,1368115438.0,1244747068.0,0.0,0.0,0.0,0.0,0.0,1.0,1.0,1.0,1.0,1.0,0.0,0.0,1.0,0.0,0.0,0.0,0.0,0.0,26.0,1.0,92322023.0,561333987.0,95832769.0,67119036.0,1404569860.0,4658.0,74503493303.0,0.0,1.0,1.0,0.0,1.0,0.0,0.0,1.0,1.0,1.0,1.0,2.0,1.0,0.0,0.0,0.0,2.0,0.0,0.0,1.0,1.0,3.0,50.0,50.0,1.0,0.0,0.0,0.0,0.0,0.0,0.0,0.0,0.0,0.0,0.0,2.0,2.0,0.0,1.0,1.0,0.0,1.0,0.0,0.0,0.0,0.0,0.0,1.0,0.0,0.0,1.0,0.0,0.0,0.0,1.0,11.0,0.0,0.0,0.0,0.0,0.0,12.0,0.0,0.0,0.0,0.0,0.0,0.0,0.0,0.0,0.0,1.0,1.0,0.0,0.0,0.0,0.0,1.0,1.0,1.0,0.0,0.0,0.0,0.0,0.0,0.0,1.0,1.0,0.0,0.0,0.0,0.0,0.0,1.0,1.0,0.0,2485843056.0,14162.0,14162.0,24382.0,24382.0,24628.0,0.0,677.0,39642.0,29294.0,29182.0,240.0,0.0,0.0,0.0,1339.0,0.0,0.0,103.0,113.0,112.0,47.0,101.0,6670445344.0,0.0,49605270144.0,834281501184.0,9930858752.0,0.0,0.0,4658.0,0.0,0.0,6480.0,224.0,7839.0
1398,0.0,1.0,1.0,1.0,0.0,1113600.0,1.0,765000000.0,1.0,40800000.0,14.424145937,31872.0,3732.0,11047.0,40444.444444400004,41055.555555599996,42333.3333333,74.0,25.0,64.0,896.0,5000.0,0.0,25.0,1000000.0,950000.0,1.0,0.0,0.0,10.0,0.0,0.0,100.0,500.0,75574164.0,1421760556.0,1310445874.0,0.0,0.0,0.0,0.0,0.0,1.0,1.0,1.0,1.0,1.0,0.0,0.0,1.0,0.0,0.0,0.0,0.0,0.0,34.0,1.0,106092282.0,595242092.0,110695108.0,76071762.0,1462227086.0,6452.0,76434442760.0,0.0,1.0,1.0,0.0,1.0,0.0,0.0,1.0,1.0,1.0,1.0,2.0,1.0,0.0,0.0,0.0,2.0,0.0,0.0,1.0,1.0,3.0,50.0,50.0,1.0,0.0,0.0,0.0,0.0,0.0,0.0,0.0,0.0,0.0,0.0,2.0,2.0,0.0,1.0,1.0,0.0,1.0,0.0,0.0,0.0,0.0,0.0,1.0,0.0,0.0,1.0,0.0,0.0,0.0,1.0,11.0,0.0,0.0,0.0,0.0,0.0,12.0,0.0,0.0,0.0,0.0,0.0,0.0,0.0,0.0,0.0,1.0,1.0,0.0,0.0,0.0,0.0,1.0,1.0,1.0,0.0,0.0,0.0,0.0,0.0,0.0,1.0,1.0,0.0,0.0,0.0,0.0,0.0,1.0,1.0,0.0,2618831950.0,16347.0,16347.0,25291.0,25291.0,25554.0,0.0,707.0,43295.0,30291.0,30167.0,306.0,0.0,0.0,0.0,1547.0,0.0,0.0,115.0,125.0,124.0,52.0,113.0,7171669504.0,0.0,51325681600.0,1144908690720.0,9812563200.0,0.0,0.0,6452.0,0.0,0.0,8728.0,248.0,10189.0
1399,0.0,1.0,1.0,1.0,0.0,1113600.0,1.0,765000000.0,1.0,40800000.0,15.9181301594,35797.0,4036.0,12039.0,40444.444444400004,41111.1111111,42500.0,74.0,25.0,64.0,896.0,5000.0,0.0,25.0,1000000.0,950000.0,1.0,0.0,0.0,10.0,0.0,0.0,100.0,500.0,74465099.0,1433950900.0,1326934568.0,0.0,0.0,0.0,0.0,0.0,1.0,1.0,1.0,1.0,1.0,0.0,0.0,1.0,0.0,0.0,0.0,0.0,0.0,30.0,1.0,107872459.0,613261528.0,112698869.0,75807817.0,1487863554.0,5976.0,79806143569.0,0.0,1.0,1.0,0.0,1.0,0.0,0.0,1.0,1.0,1.0,1.0,2.0,1.0,0.0,0.0,0.0,2.0,0.0,0.0,1.0,1.0,3.0,50.0,50.0,1.0,0.0,0.0,0.0,0.0,0.0,0.0,0.0,0.0,0.0,0.0,2.0,2.0,0.0,1.0,1.0,0.0,1.0,0.0,0.0,0.0,0.0,0.0,1.0,0.0,0.0,1.0,0.0,0.0,0.0,1.0,11.0,0.0,0.0,0.0,0.0,0.0,12.0,0.0,0.0,0.0,0.0,0.0,0.0,0.0,0.0,0.0,1.0,1.0,0.0,0.0,0.0,0.0,1.0,1.0,1.0,0.0,0.0,0.0,0.0,0.0,0.0,1.0,1.0,0.0,0.0,0.0,0.0,0.0,1.0,1.0,0.0,2648591527.0,16093.0,16093.0,26444.0,26444.0,26723.0,0.0,755.0,45175.0,30885.0,30755.0,309.0,0.0,0.0,0.0,1556.0,0.0,0.0,121.0,131.0,130.0,49.0,119.0,7960344960.0,689216.0,53219983968.0,1723031203008.0,12066055808.0,0.0,0.0,5976.0,0.0,0.0,8216.0,260.0,9824.0
1400,0.0,1.0,1.0,1.0,0.0,1113600.0,1.0,765000000.0,1.0,40800000.0,15.763549089400001,29850.0,3275.0,9678.0,40392.8571429,41000.0,42500.0,74.0,25.0,64.0,896.0,5000.0,0.0,25.0,1000000.0,950000.0,1.0,1.0,0.0,10.0,0.0,0.0,100.0,500.0,67371924.0,1390819206.0,1294108463.0,0.0,0.0,0.0,0.0,0.0,1.0,1.0,1.0,1.0,1.0,0.0,0.0,1.0,0.0,0.0,0.0,0.0,0.0,757.0,1.0,103351481.0,590575231.0,106967303.0,69750582.0,1443860116.0,6618.0,72168988733.0,0.0,1.0,1.0,0.0,1.0,0.0,0.0,1.0,1.0,1.0,1.0,2.0,1.0,0.0,0.0,0.0,2.0,0.0,0.0,1.0,1.0,13.0,830.0,830.0,1.0,0.0,0.0,0.0,0.0,0.0,0.0,0.0,0.0,0.0,0.0,12.0,12.0,0.0,1.0,1.0,0.0,1.0,10.0,0.0,0.0,0.0,0.0,1.0,0.0,0.0,1.0,0.0,0.0,0.0,1.0,11.0,0.0,0.0,0.0,0.0,0.0,12.0,0.0,0.0,0.0,0.0,0.0,0.0,0.0,0.0,0.0,1.0,1.0,0.0,0.0,0.0,0.0,1.0,1.0,1.0,0.0,0.0,0.0,0.0,0.0,0.0,1.0,1.0,0.0,0.0,0.0,0.0,0.0,1.0,1.0,0.0,2552556593.0,15458.0,15458.0,23489.0,23489.0,23696.0,0.0,689.0,39023.0,28620.0,28514.0,304.0,0.0,0.0,0.0,1196.0,0.0,0.0,97.0,107.0,106.0,38.0,95.0,6852000128.0,45917568.0,47958791872.0,1108610845056.0,17579302688.0,0.0,0.0,6618.0,0.0,0.0,8234.0,212.0,9563.0
1401,0.0,1.0,1.0,1.0,0.0,1113600.0,1.0,765000000.0,1.0,40800000.0,14.6697649956,32482.0,3884.0,11047.0,40305.555555599996,41055.555555599996,42111.1111111,74.0,25.0,64.0,896.0,5000.0,0.0,25.0,1000000.0,950000.0,1.0,1.0,0.0,10.0,0.0,0.0,100.0,500.0,73342330.0,1434456986.0,1311196264.0,0.0,0.0,0.0,0.0,0.0,1.0,1.0,1.0,1.0,1.0,0.0,0.0,1.0,0.0,0.0,0.0,0.0,0.0,33.0,1.0,106835224.0,598638700.0,113745872.0,73328727.0,1484746228.0,5381.0,78235102037.0,0.0,1.0,1.0,0.0,1.0,0.0,0.0,1.0,1.0,1.0,1.0,2.0,1.0,0.0,0.0,0.0,2.0,0.0,0.0,1.0,1.0,3.0,50.0,50.0,1.0,0.0,0.0,0.0,0.0,0.0,0.0,0.0,0.0,0.0,0.0,2.0,2.0,0.0,1.0,1.0,0.0,1.0,0.0,0.0,0.0,0.0,0.0,1.0,0.0,0.0,1.0,0.0,0.0,0.0,1.0,11.0,0.0,0.0,0.0,0.0,0.0,12.0,0.0,0.0,0.0,0.0,0.0,0.0,0.0,0.0,0.0,1.0,1.0,0.0,0.0,0.0,0.0,1.0,1.0,1.0,0.0,0.0,0.0,0.0,0.0,0.0,1.0,1.0,0.0,0.0,0.0,0.0,0.0,1.0,1.0,0.0,2610664612.0,15476.0,15476.0,25629.0,25629.0,25918.0,0.0,734.0,42893.0,29947.0,29823.0,321.0,0.0,0.0,0.0,1445.0,0.0,0.0,115.0,125.0,124.0,46.0,113.0,8010589408.0,0.0,51910256160.0,775634801952.0,9687960832.0,0.0,0.0,5381.0,0.0,0.0,7476.0,248.0,8904.0
1402,0.0,1.0,1.0,1.0,0.0,1113600.0,1.0,765000000.0,1.0,40800000.0,14.708160162,32558.0,3808.0,10821.0,40312.5,41000.0,42312.5,74.0,25.0,64.0,896.0,5000.0,0.0,25.0,1000000.0,950000.0,1.0,1.0,0.0,10.0,0.0,0.0,100.0,500.0,69418381.0,1384440421.0,1266049542.0,0.0,0.0,0.0,0.0,0.0,1.0,1.0,1.0,1.0,1.0,0.0,0.0,1.0,0.0,0.0,0.0,0.0,0.0,33.0,1.0,96374091.0,564615106.0,101642441.0,72198973.0,1442326033.0,5911.0,74369548903.0,0.0,1.0,1.0,0.0,1.0,0.0,0.0,1.0,1.0,1.0,1.0,2.0,1.0,0.0,0.0,0.0,2.0,0.0,0.0,1.0,1.0,3.0,50.0,50.0,1.0,0.0,0.0,0.0,0.0,0.0,0.0,0.0,0.0,0.0,0.0,2.0,2.0,0.0,1.0,1.0,0.0,1.0,0.0,0.0,0.0,0.0,0.0,1.0,0.0,0.0,1.0,0.0,0.0,0.0,1.0,11.0,0.0,0.0,0.0,0.0,0.0,12.0,0.0,0.0,0.0,0.0,0.0,0.0,0.0,0.0,0.0,1.0,1.0,0.0,0.0,0.0,0.0,1.0,1.0,1.0,0.0,0.0,0.0,0.0,0.0,0.0,1.0,1.0,0.0,0.0,0.0,0.0,0.0,1.0,1.0,0.0,2616146851.0,15529.0,15529.0,24688.0,24688.0,24911.0,0.0,684.0,41398.0,29719.0,29601.0,266.0,0.0,0.0,0.0,1431.0,0.0,0.0,109.0,119.0,118.0,52.0,107.0,7031344000.0,2070016.0,49608072288.0,903288839392.0,10027134528.0,0.0,0.0,5911.0,0.0,0.0,8171.0,236.0,9613.0
1403,0.0,1.0,0.0,1.0,1.0,1113600.0,1.0,675750000.0,1.0,1062400000.0,0.154603004456,4382.0,457.0,1295.0,41250.0,41500.0,42000.0,85.0,25.0,64.0,896.0,5000.0,0.0,25.0,1000000.0,950000.0,1.0,0.0,0.0,10.0,0.0,0.0,0.0,100.0,17995201.0,550237103.0,540356323.0,0.0,0.0,0.0,0.0,0.0,1.0,1.0,1.0,1.0,1.0,0.0,0.0,1.0,0.0,0.0,0.0,0.0,0.0,27.0,1.0,14421845.0,255768443.0,14516543.0,17980541.0,562343530.0,312.0,2301211334.0,0.0,1.0,1.0,0.0,1.0,0.0,0.0,1.0,1.0,1.0,1.0,2.0,1.0,0.0,0.0,0.0,2.0,0.0,0.0,1.0,1.0,3.0,50.0,50.0,1.0,0.0,0.0,0.0,0.0,0.0,0.0,0.0,0.0,0.0,0.0,2.0,2.0,0.0,1.0,1.0,0.0,1.0,0.0,0.0,0.0,0.0,0.0,1.0,0.0,0.0,1.0,0.0,0.0,0.0,1.0,10.0,0.0,0.0,0.0,0.0,0.0,11.0,0.0,0.0,0.0,0.0,0.0,0.0,0.0,0.0,0.0,1.0,1.0,0.0,0.0,0.0,0.0,1.0,1.0,1.0,0.0,0.0,0.0,0.0,0.0,0.0,1.0,1.0,0.0,0.0,0.0,0.0,0.0,1.0,1.0,0.0,1304717020.0,401.0,401.0,1203.0,1203.0,1233.0,0.0,42.0,18450.0,20855.0,20835.0,113.0,0.0,0.0,0.0,40.0,0.0,0.0,19.0,21.0,20.0,6.0,17.0,211940704.0,0.0,1451636736.0,12294044224.0,48998944.0,0.0,0.0,312.0,0.0,0.0,478.0,40.0,602.0
1404,0.0,1.0,0.0,1.0,1.0,1113600.0,1.0,675750000.0,1.0,1062400000.0,0.150786161423,4459.0,457.0,1295.0,40000.0,41500.0,42000.0,85.0,25.0,64.0,896.0,5000.0,0.0,25.0,1000000.0,950000.0,1.0,0.0,0.0,10.0,0.0,0.0,0.0,100.0,18386765.0,565858439.0,545701873.0,0.0,0.0,0.0,0.0,0.0,1.0,1.0,1.0,1.0,1.0,0.0,0.0,1.0,0.0,0.0,0.0,0.0,0.0,32.0,1.0,14263673.0,258668680.0,13932487.0,18935874.0,580072993.0,382.0,2305719429.0,0.0,1.0,1.0,0.0,1.0,0.0,0.0,1.0,1.0,1.0,1.0,2.0,1.0,0.0,0.0,0.0,2.0,0.0,0.0,1.0,1.0,3.0,50.0,50.0,1.0,0.0,0.0,0.0,0.0,0.0,0.0,0.0,0.0,0.0,0.0,2.0,2.0,0.0,1.0,1.0,0.0,1.0,0.0,0.0,0.0,0.0,0.0,1.0,0.0,0.0,1.0,0.0,0.0,0.0,1.0,10.0,0.0,0.0,0.0,0.0,0.0,11.0,0.0,0.0,0.0,0.0,0.0,0.0,0.0,0.0,0.0,1.0,1.0,0.0,0.0,0.0,0.0,1.0,1.0,1.0,0.0,0.0,0.0,0.0,0.0,0.0,1.0,1.0,0.0,0.0,0.0,0.0,0.0,1.0,1.0,0.0,1321833020.0,397.0,397.0,1055.0,1055.0,1085.0,0.0,42.0,18302.0,20772.0,20752.0,21.0,0.0,0.0,0.0,41.0,0.0,0.0,19.0,21.0,20.0,6.0,17.0,10303712.0,0.0,1412920768.0,16164879456.0,48724224.0,0.0,0.0,382.0,0.0,0.0,426.0,40.0,544.0
1405,0.0,1.0,0.0,1.0,1.0,1113600.0,1.0,675750000.0,1.0,1062400000.0,0.15073990821799998,9184.0,1066.0,2438.0,40375.0,41250.0,42250.0,85.0,25.0,64.0,896.0,5000.0,0.0,25.0,1000000.0,950000.0,1.0,0.0,0.0,10.0,0.0,0.0,0.0,100.0,22855123.0,589991230.0,565520425.0,0.0,0.0,0.0,0.0,0.0,1.0,1.0,1.0,1.0,1.0,0.0,0.0,1.0,0.0,0.0,0.0,0.0,0.0,35.0,1.0,14114657.0,263285521.0,13979614.0,22817151.0,600312524.0,634.0,2446179299.0,0.0,1.0,1.0,0.0,1.0,0.0,0.0,1.0,1.0,1.0,1.0,2.0,1.0,0.0,0.0,0.0,2.0,0.0,0.0,1.0,1.0,3.0,50.0,50.0,1.0,0.0,0.0,0.0,0.0,0.0,0.0,0.0,0.0,0.0,0.0,2.0,2.0,0.0,1.0,1.0,0.0,1.0,0.0,0.0,0.0,0.0,0.0,1.0,0.0,0.0,1.0,0.0,0.0,0.0,1.0,10.0,0.0,0.0,0.0,0.0,0.0,11.0,0.0,0.0,0.0,0.0,0.0,0.0,0.0,0.0,0.0,1.0,1.0,0.0,0.0,0.0,0.0,1.0,1.0,1.0,0.0,0.0,0.0,0.0,0.0,0.0,1.0,1.0,0.0,0.0,0.0,0.0,0.0,1.0,1.0,0.0,1342834143.0,449.0,449.0,1208.0,1208.0,1235.0,0.0,90.0,21734.0,21811.0,21777.0,54.0,0.0,0.0,0.0,82.0,0.0,0.0,31.0,35.0,34.0,16.0,29.0,217864416.0,0.0,1604298688.0,18931257184.0,94381920.0,0.0,0.0,634.0,0.0,0.0,815.0,68.0,1002.0
1406,0.0,1.0,0.0,1.0,1.0,1113600.0,1.0,675750000.0,1.0,1062400000.0,0.157720088959,4420.0,457.0,1295.0,40750.0,41500.0,42500.0,68.0,25.0,64.0,896.0,5000.0,0.0,25.0,1000000.0,950000.0,1.0,1.0,0.0,10.0,0.0,0.0,0.0,100.0,18788598.0,568019598.0,536951668.0,0.0,0.0,0.0,0.0,0.0,1.0,1.0,1.0,1.0,1.0,0.0,0.0,1.0,0.0,0.0,0.0,0.0,0.0,32.0,1.0,13809716.0,250831890.0,13790353.0,19532735.0,565245400.0,435.0,2244815405.0,0.0,1.0,1.0,0.0,1.0,0.0,0.0,1.0,1.0,1.0,1.0,2.0,1.0,0.0,0.0,0.0,2.0,0.0,0.0,1.0,1.0,3.0,50.0,50.0,1.0,0.0,0.0,0.0,0.0,0.0,0.0,0.0,0.0,0.0,0.0,2.0,2.0,0.0,1.0,1.0,0.0,1.0,0.0,0.0,0.0,0.0,0.0,1.0,0.0,0.0,1.0,0.0,0.0,0.0,1.0,10.0,0.0,0.0,0.0,0.0,0.0,11.0,0.0,0.0,0.0,0.0,0.0,0.0,0.0,0.0,0.0,1.0,1.0,0.0,0.0,0.0,0.0,1.0,1.0,1.0,0.0,0.0,0.0,0.0,0.0,0.0,1.0,1.0,0.0,0.0,0.0,0.0,0.0,1.0,1.0,0.0,1282770915.0,386.0,386.0,1130.0,1130.0,1164.0,0.0,47.0,18338.0,20859.0,20839.0,41.0,0.0,0.0,0.0,37.0,0.0,0.0,19.0,21.0,20.0,4.0,17.0,312738816.0,0.0,1423983840.0,10662235936.0,73444864.0,0.0,0.0,435.0,0.0,0.0,516.0,40.0,624.0
1407,0.0,1.0,0.0,1.0,1.0,1113600.0,1.0,675750000.0,1.0,1062400000.0,0.150404930115,9223.0,990.0,2591.0,40500.0,41250.0,42500.0,68.0,25.0,64.0,896.0,5000.0,0.0,25.0,1000000.0,950000.0,1.0,1.0,0.0,10.0,0.0,0.0,0.0,100.0,23606212.0,579640751.0,577367349.0,0.0,0.0,0.0,0.0,0.0,1.0,1.0,1.0,1.0,1.0,0.0,0.0,1.0,0.0,0.0,0.0,0.0,0.0,28.0,1.0,14622764.0,270600219.0,14606675.0,23138076.0,604053989.0,643.0,2470027812.0,0.0,1.0,1.0,0.0,1.0,0.0,0.0,1.0,1.0,1.0,1.0,2.0,1.0,0.0,0.0,0.0,2.0,0.0,0.0,1.0,1.0,3.0,50.0,50.0,1.0,0.0,0.0,0.0,0.0,0.0,0.0,0.0,0.0,0.0,0.0,2.0,2.0,0.0,1.0,1.0,0.0,1.0,0.0,0.0,0.0,0.0,0.0,1.0,0.0,0.0,1.0,0.0,0.0,0.0,1.0,10.0,0.0,0.0,0.0,0.0,0.0,11.0,0.0,0.0,0.0,0.0,0.0,0.0,0.0,0.0,0.0,1.0,1.0,0.0,0.0,0.0,0.0,1.0,1.0,1.0,0.0,0.0,0.0,0.0,0.0,0.0,1.0,1.0,0.0,0.0,0.0,0.0,0.0,1.0,1.0,0.0,1366773429.0,501.0,501.0,1257.0,1257.0,1288.0,0.0,80.0,21226.0,21770.0,21736.0,45.0,0.0,0.0,0.0,88.0,0.0,0.0,31.0,35.0,34.0,8.0,29.0,120928480.0,0.0,1611530912.0,26507894592.0,71043200.0,0.0,0.0,643.0,0.0,0.0,800.0,68.0,1016.0
1408,0.0,1.0,0.0,1.0,1.0,1113600.0,1.0,675750000.0,1.0,1062400000.0,0.151027917862,9069.0,1066.0,2514.0,41000.0,41250.0,42250.0,68.0,25.0,64.0,896.0,5000.0,0.0,25.0,1000000.0,950000.0,1.0,1.0,0.0,10.0,0.0,0.0,0.0,100.0,22382869.0,579604791.0,565480454.0,0.0,0.0,0.0,0.0,0.0,1.0,1.0,1.0,1.0,1.0,0.0,0.0,1.0,0.0,0.0,0.0,0.0,0.0,34.0,1.0,14507948.0,265320251.0,14342354.0,22998004.0,585061642.0,614.0,2459699676.0,0.0,1.0,1.0,0.0,1.0,0.0,0.0,1.0,1.0,1.0,1.0,2.0,1.0,0.0,0.0,0.0,2.0,0.0,0.0,1.0,1.0,3.0,50.0,50.0,1.0,0.0,0.0,0.0,0.0,0.0,0.0,0.0,0.0,0.0,0.0,2.0,2.0,0.0,1.0,1.0,0.0,1.0,0.0,0.0,0.0,0.0,0.0,1.0,0.0,0.0,1.0,0.0,0.0,0.0,1.0,10.0,0.0,0.0,0.0,0.0,0.0,11.0,0.0,0.0,0.0,0.0,0.0,0.0,0.0,0.0,0.0,1.0,1.0,0.0,0.0,0.0,0.0,1.0,1.0,1.0,0.0,0.0,0.0,0.0,0.0,0.0,1.0,1.0,0.0,0.0,0.0,0.0,0.0,1.0,1.0,0.0,1334545538.0,454.0,454.0,1198.0,1198.0,1229.0,0.0,76.0,21754.0,21840.0,21806.0,50.0,0.0,0.0,0.0,84.0,0.0,0.0,31.0,35.0,34.0,11.0,29.0,219913088.0,0.0,1591110496.0,18423097216.0,87811488.0,0.0,0.0,614.0,0.0,0.0,806.0,68.0,949.0
1409,0.0,1.0,0.0,1.0,1.0,1113600.0,1.0,675750000.0,1.0,1062400000.0,0.157424926758,9679.0,1066.0,2818.0,40000.0,41250.0,42500.0,70.0,25.0,64.0,896.0,5000.0,0.0,25.0,1000000.0,950000.0,1.0,0.0,0.0,10.0,0.0,0.0,0.0,500.0,23787742.0,585776288.0,584080473.0,0.0,0.0,0.0,0.0,0.0,1.0,1.0,1.0,1.0,1.0,0.0,0.0,1.0,0.0,0.0,0.0,0.0,0.0,32.0,1.0,14475152.0,269978842.0,14296831.0,24129636.0,582697349.0,561.0,2454198533.0,0.0,1.0,1.0,0.0,1.0,0.0,0.0,1.0,1.0,1.0,1.0,2.0,1.0,0.0,0.0,0.0,2.0,0.0,0.0,1.0,1.0,3.0,50.0,50.0,1.0,0.0,0.0,0.0,0.0,0.0,0.0,0.0,0.0,0.0,0.0,2.0,2.0,0.0,1.0,1.0,0.0,1.0,0.0,0.0,0.0,0.0,0.0,1.0,0.0,0.0,1.0,0.0,0.0,0.0,1.0,10.0,0.0,0.0,0.0,0.0,0.0,11.0,0.0,0.0,0.0,0.0,0.0,0.0,0.0,0.0,0.0,1.0,1.0,0.0,0.0,0.0,0.0,1.0,1.0,1.0,0.0,0.0,0.0,0.0,0.0,0.0,1.0,1.0,0.0,0.0,0.0,0.0,0.0,1.0,1.0,0.0,1351315870.0,488.0,488.0,1288.0,1288.0,1318.0,0.0,91.0,21657.0,21771.0,21737.0,56.0,0.0,0.0,0.0,95.0,0.0,0.0,31.0,35.0,34.0,6.0,29.0,221722080.0,0.0,1623229888.0,23641913728.0,72217728.0,0.0,0.0,561.0,0.0,0.0,771.0,68.0,916.0
1410,0.0,1.0,0.0,1.0,1.0,1113600.0,1.0,675750000.0,1.0,1062400000.0,0.149569034576,9146.0,1066.0,2591.0,40125.0,41250.0,42000.0,70.0,25.0,64.0,896.0,5000.0,0.0,25.0,1000000.0,950000.0,1.0,0.0,0.0,10.0,0.0,0.0,0.0,500.0,23080241.0,580492490.0,571431306.0,0.0,0.0,0.0,0.0,0.0,1.0,1.0,1.0,1.0,1.0,0.0,0.0,1.0,0.0,0.0,0.0,0.0,0.0,30.0,1.0,14003378.0,267246306.0,14052632.0,23921567.0,589144953.0,511.0,2391230158.0,0.0,1.0,1.0,0.0,1.0,0.0,0.0,1.0,1.0,1.0,1.0,2.0,1.0,0.0,0.0,0.0,2.0,0.0,0.0,1.0,1.0,3.0,50.0,50.0,1.0,0.0,0.0,0.0,0.0,0.0,0.0,0.0,0.0,0.0,0.0,2.0,2.0,0.0,1.0,1.0,0.0,1.0,0.0,0.0,0.0,0.0,0.0,1.0,0.0,0.0,1.0,0.0,0.0,0.0,1.0,10.0,0.0,0.0,0.0,0.0,0.0,11.0,0.0,0.0,0.0,0.0,0.0,0.0,0.0,0.0,0.0,1.0,1.0,0.0,0.0,0.0,0.0,1.0,1.0,1.0,0.0,0.0,0.0,0.0,0.0,0.0,1.0,1.0,0.0,0.0,0.0,0.0,0.0,1.0,1.0,0.0,1334288883.0,471.0,471.0,1203.0,1203.0,1241.0,0.0,70.0,21386.0,21721.0,21687.0,58.0,0.0,0.0,0.0,69.0,0.0,0.0,31.0,35.0,34.0,9.0,29.0,112062336.0,0.0,1579792640.0,27105261664.0,74633408.0,0.0,0.0,511.0,0.0,0.0,687.0,68.0,837.0
1411,0.0,1.0,0.0,1.0,1.0,1113600.0,1.0,675750000.0,1.0,1062400000.0,0.149698972702,4420.0,457.0,1295.0,40250.0,41500.0,42000.0,70.0,25.0,64.0,896.0,5000.0,0.0,25.0,1000000.0,950000.0,1.0,0.0,0.0,10.0,0.0,0.0,0.0,500.0,18527439.0,561805304.0,544211520.0,0.0,0.0,0.0,0.0,0.0,1.0,1.0,1.0,1.0,1.0,0.0,0.0,1.0,0.0,0.0,0.0,0.0,0.0,35.0,1.0,14436903.0,262562750.0,14100409.0,19096066.0,563248013.0,456.0,2332024687.0,0.0,1.0,1.0,0.0,1.0,0.0,0.0,1.0,1.0,1.0,1.0,2.0,1.0,0.0,0.0,0.0,2.0,0.0,0.0,1.0,1.0,3.0,50.0,50.0,1.0,0.0,0.0,0.0,0.0,0.0,0.0,0.0,0.0,0.0,0.0,2.0,2.0,0.0,1.0,1.0,0.0,1.0,0.0,0.0,0.0,0.0,0.0,1.0,0.0,0.0,1.0,0.0,0.0,0.0,1.0,11.0,0.0,0.0,0.0,0.0,0.0,12.0,0.0,0.0,0.0,0.0,0.0,0.0,0.0,0.0,0.0,1.0,1.0,0.0,0.0,0.0,0.0,1.0,1.0,1.0,0.0,0.0,0.0,0.0,0.0,0.0,1.0,1.0,0.0,0.0,0.0,0.0,0.0,1.0,1.0,0.0,1285951678.0,404.0,404.0,1117.0,1117.0,1147.0,0.0,66.0,18512.0,21054.0,21034.0,47.0,0.0,0.0,0.0,57.0,0.0,0.0,19.0,21.0,20.0,7.0,17.0,19252640.0,0.0,1424497536.0,18645765344.0,61206432.0,0.0,0.0,456.0,0.0,0.0,557.0,40.0,799.0
1412,0.0,1.0,0.0,1.0,1.0,1113600.0,1.0,675750000.0,1.0,1062400000.0,0.15720081329299998,9261.0,990.0,2591.0,40500.0,41250.0,42000.0,96.0,25.0,64.0,896.0,5000.0,0.0,25.0,1000000.0,950000.0,1.0,1.0,0.0,10.0,0.0,0.0,0.0,500.0,22932693.0,597186734.0,579853929.0,0.0,0.0,0.0,0.0,0.0,1.0,1.0,1.0,1.0,1.0,0.0,0.0,1.0,0.0,0.0,0.0,0.0,0.0,34.0,1.0,14210091.0,273672463.0,13835291.0,23929227.0,588531199.0,618.0,2384290817.0,0.0,1.0,1.0,0.0,1.0,0.0,0.0,1.0,1.0,1.0,1.0,2.0,1.0,0.0,0.0,0.0,2.0,0.0,0.0,1.0,1.0,3.0,50.0,50.0,1.0,0.0,0.0,0.0,0.0,0.0,0.0,0.0,0.0,0.0,0.0,2.0,2.0,0.0,1.0,1.0,0.0,1.0,0.0,0.0,0.0,0.0,0.0,1.0,0.0,0.0,1.0,0.0,0.0,0.0,1.0,11.0,0.0,0.0,0.0,0.0,0.0,12.0,0.0,0.0,0.0,0.0,0.0,0.0,0.0,0.0,0.0,1.0,1.0,0.0,0.0,0.0,0.0,1.0,1.0,1.0,0.0,0.0,0.0,0.0,0.0,0.0,1.0,1.0,0.0,0.0,0.0,0.0,0.0,1.0,1.0,0.0,1316927117.0,528.0,528.0,1284.0,1284.0,1314.0,0.0,86.0,21880.0,21835.0,21801.0,147.0,0.0,0.0,0.0,82.0,0.0,0.0,31.0,35.0,34.0,5.0,29.0,25579872.0,0.0,1624277248.0,23339981344.0,99165824.0,0.0,0.0,618.0,0.0,0.0,852.0,68.0,1038.0
1413,0.0,1.0,0.0,1.0,1.0,1113600.0,1.0,675750000.0,1.0,1062400000.0,0.15027594566299998,9145.0,1066.0,2591.0,41000.0,41250.0,42250.0,96.0,25.0,64.0,896.0,5000.0,0.0,25.0,1000000.0,950000.0,1.0,1.0,0.0,10.0,0.0,0.0,0.0,500.0,22722677.0,575913499.0,581786832.0,0.0,0.0,0.0,0.0,0.0,1.0,1.0,1.0,1.0,1.0,0.0,0.0,1.0,0.0,0.0,0.0,0.0,0.0,31.0,1.0,14499756.0,279357823.0,14326067.0,23052685.0,586278966.0,552.0,2417734179.0,0.0,1.0,1.0,0.0,1.0,0.0,0.0,1.0,1.0,1.0,1.0,2.0,1.0,0.0,0.0,0.0,2.0,0.0,0.0,1.0,1.0,3.0,50.0,50.0,1.0,0.0,0.0,0.0,0.0,0.0,0.0,0.0,0.0,0.0,0.0,2.0,2.0,0.0,1.0,1.0,0.0,1.0,0.0,0.0,0.0,0.0,0.0,1.0,0.0,0.0,1.0,0.0,0.0,0.0,1.0,11.0,0.0,0.0,0.0,0.0,0.0,12.0,0.0,0.0,0.0,0.0,0.0,0.0,0.0,0.0,0.0,1.0,1.0,0.0,0.0,0.0,0.0,1.0,1.0,1.0,0.0,0.0,0.0,0.0,0.0,0.0,1.0,1.0,0.0,0.0,0.0,0.0,0.0,1.0,1.0,0.0,1351523033.0,497.0,497.0,1313.0,1313.0,1337.0,0.0,79.0,21441.0,21877.0,21843.0,57.0,0.0,0.0,0.0,80.0,0.0,0.0,31.0,35.0,34.0,8.0,29.0,113565760.0,0.0,1612797472.0,24850123840.0,54952448.0,0.0,0.0,552.0,0.0,0.0,762.0,68.0,935.0
1414,0.0,1.0,0.0,1.0,1.0,1113600.0,1.0,675750000.0,1.0,1062400000.0,0.150575876236,9375.0,990.0,2590.0,40625.0,41250.0,42500.0,96.0,25.0,64.0,896.0,5000.0,0.0,25.0,1000000.0,950000.0,1.0,1.0,0.0,10.0,0.0,0.0,0.0,500.0,21942084.0,586452684.0,573543649.0,0.0,0.0,0.0,0.0,0.0,1.0,1.0,1.0,1.0,1.0,0.0,0.0,1.0,0.0,0.0,0.0,0.0,0.0,33.0,1.0,14482750.0,268425617.0,14162606.0,24046671.0,588609333.0,603.0,2374695045.0,0.0,1.0,1.0,0.0,1.0,0.0,0.0,1.0,1.0,1.0,1.0,2.0,1.0,0.0,0.0,0.0,2.0,0.0,0.0,1.0,1.0,3.0,50.0,50.0,1.0,0.0,0.0,0.0,0.0,0.0,0.0,0.0,0.0,0.0,0.0,2.0,2.0,0.0,1.0,1.0,0.0,1.0,0.0,0.0,0.0,0.0,0.0,1.0,0.0,0.0,1.0,0.0,0.0,0.0,1.0,10.0,0.0,0.0,0.0,0.0,0.0,11.0,0.0,0.0,0.0,0.0,0.0,0.0,0.0,0.0,0.0,1.0,1.0,0.0,0.0,0.0,0.0,1.0,1.0,1.0,0.0,0.0,0.0,0.0,0.0,0.0,1.0,1.0,0.0,0.0,0.0,0.0,0.0,1.0,1.0,0.0,1319530115.0,505.0,505.0,1334.0,1334.0,1373.0,0.0,78.0,21435.0,21822.0,21788.0,80.0,0.0,0.0,0.0,77.0,0.0,0.0,31.0,35.0,34.0,8.0,29.0,227128000.0,0.0,1599968032.0,31794275104.0,123046784.0,0.0,0.0,603.0,0.0,0.0,701.0,68.0,903.0
1415,0.0,1.0,0.0,1.0,1.0,1113600.0,1.0,675750000.0,1.0,1062400000.0,0.156984090805,9107.0,1066.0,2514.0,40000.0,41250.0,42500.0,77.0,25.0,64.0,896.0,5000.0,0.0,25.0,1000000.0,950000.0,1.0,0.0,0.0,10.0,0.0,0.0,100.0,100.0,22382051.0,581070185.0,570563511.0,0.0,0.0,0.0,0.0,0.0,1.0,1.0,1.0,1.0,1.0,0.0,0.0,1.0,0.0,0.0,0.0,0.0,0.0,34.0,1.0,14447887.0,263767628.0,13863066.0,23126289.0,588039039.0,622.0,2409620594.0,0.0,1.0,1.0,0.0,1.0,0.0,0.0,1.0,1.0,1.0,1.0,2.0,1.0,0.0,0.0,0.0,2.0,0.0,0.0,1.0,1.0,3.0,50.0,50.0,1.0,0.0,0.0,0.0,0.0,0.0,0.0,0.0,0.0,0.0,0.0,2.0,2.0,0.0,1.0,1.0,0.0,1.0,0.0,0.0,0.0,0.0,0.0,1.0,0.0,0.0,1.0,0.0,0.0,0.0,1.0,11.0,0.0,0.0,0.0,0.0,0.0,12.0,0.0,0.0,0.0,0.0,0.0,0.0,0.0,0.0,0.0,1.0,1.0,0.0,0.0,0.0,0.0,1.0,1.0,1.0,0.0,0.0,0.0,0.0,0.0,0.0,1.0,1.0,0.0,0.0,0.0,0.0,0.0,1.0,1.0,0.0,1350056867.0,492.0,492.0,1272.0,1272.0,1311.0,0.0,91.0,22103.0,21923.0,21889.0,63.0,0.0,0.0,0.0,103.0,0.0,0.0,31.0,35.0,34.0,7.0,29.0,15194112.0,0.0,1644468224.0,26449681472.0,68873504.0,0.0,0.0,622.0,0.0,0.0,826.0,68.0,1024.0
1416,0.0,1.0,0.0,1.0,1.0,1113600.0,1.0,675750000.0,1.0,1062400000.0,0.151059865952,4764.0,457.0,1295.0,40000.0,41500.0,42500.0,77.0,25.0,64.0,896.0,5000.0,0.0,25.0,1000000.0,950000.0,1.0,0.0,0.0,10.0,0.0,0.0,100.0,100.0,19151887.0,553094534.0,550729243.0,0.0,0.0,0.0,0.0,0.0,1.0,1.0,1.0,1.0,1.0,0.0,0.0,1.0,0.0,0.0,0.0,0.0,0.0,32.0,1.0,14747771.0,264876241.0,14062495.0,19365110.0,560810375.0,442.0,2237181568.0,0.0,1.0,1.0,0.0,1.0,0.0,0.0,1.0,1.0,1.0,1.0,2.0,1.0,0.0,0.0,0.0,2.0,0.0,0.0,1.0,1.0,3.0,50.0,50.0,1.0,0.0,0.0,0.0,0.0,0.0,0.0,0.0,0.0,0.0,0.0,2.0,2.0,0.0,1.0,1.0,0.0,1.0,0.0,0.0,0.0,0.0,0.0,1.0,0.0,0.0,1.0,0.0,0.0,0.0,1.0,10.0,0.0,0.0,0.0,0.0,0.0,11.0,0.0,0.0,0.0,0.0,0.0,0.0,0.0,0.0,0.0,1.0,1.0,0.0,0.0,0.0,0.0,1.0,1.0,1.0,0.0,0.0,0.0,0.0,0.0,0.0,1.0,1.0,0.0,0.0,0.0,0.0,0.0,1.0,1.0,0.0,1261278395.0,405.0,405.0,1177.0,1177.0,1212.0,0.0,50.0,18343.0,20844.0,20824.0,98.0,0.0,0.0,0.0,54.0,0.0,0.0,19.0,21.0,20.0,6.0,17.0,24781280.0,0.0,1447296704.0,17377812416.0,66641952.0,0.0,0.0,442.0,0.0,0.0,544.0,40.0,608.0
1417,0.0,1.0,0.0,1.0,1.0,1113600.0,1.0,675750000.0,1.0,1062400000.0,0.156381130219,10023.0,1066.0,2590.0,40125.0,41250.0,42500.0,77.0,25.0,64.0,896.0,5000.0,0.0,25.0,1000000.0,950000.0,1.0,0.0,0.0,10.0,0.0,0.0,100.0,100.0,21584080.0,571623671.0,569085805.0,0.0,0.0,0.0,0.0,0.0,1.0,1.0,1.0,1.0,1.0,0.0,0.0,1.0,0.0,0.0,0.0,0.0,0.0,32.0,1.0,14689941.0,283016785.0,14680330.0,22942065.0,588753536.0,551.0,2452641786.0,0.0,1.0,1.0,0.0,1.0,0.0,0.0,1.0,1.0,1.0,1.0,2.0,1.0,0.0,0.0,0.0,2.0,0.0,0.0,1.0,1.0,3.0,50.0,50.0,1.0,0.0,0.0,0.0,0.0,0.0,0.0,0.0,0.0,0.0,0.0,2.0,2.0,0.0,1.0,1.0,0.0,1.0,0.0,0.0,0.0,0.0,0.0,1.0,0.0,0.0,1.0,0.0,0.0,0.0,1.0,10.0,0.0,0.0,0.0,0.0,0.0,11.0,0.0,0.0,0.0,0.0,0.0,0.0,0.0,0.0,0.0,1.0,1.0,0.0,0.0,0.0,0.0,1.0,1.0,1.0,0.0,0.0,0.0,0.0,0.0,0.0,1.0,1.0,0.0,0.0,0.0,0.0,0.0,1.0,1.0,0.0,1350135526.0,467.0,467.0,1292.0,1292.0,1327.0,0.0,96.0,21598.0,21783.0,21749.0,84.0,0.0,0.0,0.0,94.0,0.0,0.0,31.0,35.0,34.0,7.0,29.0,233364448.0,0.0,1597344096.0,31357909728.0,89769184.0,0.0,0.0,551.0,0.0,0.0,723.0,68.0,884.0
1418,0.0,1.0,0.0,1.0,1.0,1113600.0,1.0,675750000.0,1.0,1062400000.0,0.154564857483,10023.0,1066.0,2514.0,40625.0,41250.0,42250.0,87.0,25.0,64.0,896.0,5000.0,0.0,25.0,1000000.0,950000.0,1.0,1.0,0.0,10.0,0.0,0.0,100.0,100.0,23174448.0,564584114.0,570995295.0,0.0,0.0,0.0,0.0,0.0,1.0,1.0,1.0,1.0,1.0,0.0,0.0,1.0,0.0,0.0,0.0,0.0,0.0,32.0,1.0,14417436.0,266670801.0,14563097.0,22559514.0,594662094.0,649.0,2430510926.0,0.0,1.0,1.0,0.0,1.0,0.0,0.0,1.0,1.0,1.0,1.0,2.0,1.0,0.0,0.0,0.0,2.0,0.0,0.0,1.0,1.0,3.0,50.0,50.0,1.0,0.0,0.0,0.0,0.0,0.0,0.0,0.0,0.0,0.0,0.0,2.0,2.0,0.0,1.0,1.0,0.0,1.0,0.0,0.0,0.0,0.0,0.0,1.0,0.0,0.0,1.0,0.0,0.0,0.0,1.0,10.0,0.0,0.0,0.0,0.0,0.0,11.0,0.0,0.0,0.0,0.0,0.0,0.0,0.0,0.0,0.0,1.0,1.0,0.0,0.0,0.0,0.0,1.0,1.0,1.0,0.0,0.0,0.0,0.0,0.0,0.0,1.0,1.0,0.0,0.0,0.0,0.0,0.0,1.0,1.0,0.0,1397229721.0,544.0,544.0,1269.0,1269.0,1312.0,0.0,78.0,21482.0,21868.0,21834.0,40.0,0.0,0.0,0.0,77.0,0.0,0.0,31.0,35.0,34.0,12.0,29.0,130547712.0,0.0,1604782272.0,19374396672.0,119651008.0,0.0,0.0,649.0,0.0,0.0,837.0,68.0,1069.0
1419,0.0,1.0,0.0,1.0,1.0,1113600.0,1.0,675750000.0,1.0,1062400000.0,0.151340961456,10023.0,1066.0,2666.0,40625.0,41250.0,42250.0,87.0,25.0,64.0,896.0,5000.0,0.0,25.0,1000000.0,950000.0,1.0,1.0,0.0,10.0,0.0,0.0,100.0,100.0,22119950.0,595819198.0,566601514.0,0.0,0.0,0.0,0.0,0.0,1.0,1.0,1.0,1.0,1.0,0.0,0.0,1.0,0.0,0.0,0.0,0.0,0.0,32.0,1.0,14482641.0,269119521.0,14548040.0,23163366.0,603730018.0,628.0,2454053719.0,0.0,1.0,1.0,0.0,1.0,0.0,0.0,1.0,1.0,1.0,1.0,2.0,1.0,0.0,0.0,0.0,2.0,0.0,0.0,1.0,1.0,3.0,50.0,50.0,1.0,0.0,0.0,0.0,0.0,0.0,0.0,0.0,0.0,0.0,0.0,2.0,2.0,0.0,1.0,1.0,0.0,1.0,0.0,0.0,0.0,0.0,0.0,1.0,0.0,0.0,1.0,0.0,0.0,0.0,1.0,10.0,0.0,0.0,0.0,0.0,0.0,11.0,0.0,0.0,0.0,0.0,0.0,0.0,0.0,0.0,0.0,1.0,1.0,0.0,0.0,0.0,0.0,1.0,1.0,1.0,0.0,0.0,0.0,0.0,0.0,0.0,1.0,1.0,0.0,0.0,0.0,0.0,0.0,1.0,1.0,0.0,1380112077.0,459.0,459.0,1322.0,1322.0,1353.0,0.0,69.0,21820.0,21949.0,21915.0,52.0,0.0,0.0,0.0,66.0,0.0,0.0,31.0,35.0,34.0,7.0,29.0,128401376.0,0.0,1594801472.0,19061161344.0,86133216.0,0.0,0.0,628.0,0.0,0.0,770.0,68.0,986.0
1420,0.0,1.0,0.0,1.0,1.0,1113600.0,1.0,675750000.0,1.0,1062400000.0,0.14971399307299998,9947.0,1066.0,2590.0,40625.0,41250.0,42500.0,87.0,25.0,64.0,896.0,5000.0,0.0,25.0,1000000.0,950000.0,1.0,1.0,0.0,10.0,0.0,0.0,100.0,100.0,22254232.0,572329100.0,563730337.0,0.0,0.0,0.0,0.0,0.0,1.0,1.0,1.0,1.0,1.0,0.0,0.0,1.0,0.0,0.0,0.0,0.0,0.0,32.0,1.0,14895608.0,277427566.0,14555753.0,22763821.0,592453640.0,557.0,2447188067.0,0.0,1.0,1.0,0.0,1.0,0.0,0.0,1.0,1.0,1.0,1.0,2.0,1.0,0.0,0.0,0.0,2.0,0.0,0.0,1.0,1.0,3.0,50.0,50.0,1.0,0.0,0.0,0.0,0.0,0.0,0.0,0.0,0.0,0.0,0.0,2.0,2.0,0.0,1.0,1.0,0.0,1.0,0.0,0.0,0.0,0.0,0.0,1.0,0.0,0.0,1.0,0.0,0.0,0.0,1.0,10.0,0.0,0.0,0.0,0.0,0.0,11.0,0.0,0.0,0.0,0.0,0.0,0.0,0.0,0.0,0.0,1.0,1.0,0.0,0.0,0.0,0.0,1.0,1.0,1.0,0.0,0.0,0.0,0.0,0.0,0.0,1.0,1.0,0.0,0.0,0.0,0.0,0.0,1.0,1.0,0.0,1308980231.0,527.0,527.0,1294.0,1294.0,1335.0,0.0,81.0,21721.0,21885.0,21851.0,44.0,0.0,0.0,0.0,89.0,0.0,0.0,31.0,35.0,34.0,10.0,29.0,13821216.0,0.0,1593786176.0,24334390688.0,79127008.0,0.0,0.0,557.0,0.0,0.0,808.0,68.0,989.0
1421,0.0,1.0,0.0,1.0,1.0,1113600.0,1.0,675750000.0,1.0,1062400000.0,0.155689954758,4459.0,457.0,1295.0,40000.0,41500.0,42000.0,85.0,25.0,64.0,896.0,5000.0,0.0,25.0,1000000.0,950000.0,1.0,0.0,0.0,10.0,0.0,0.0,100.0,500.0,18433580.0,557724996.0,548800360.0,0.0,0.0,0.0,0.0,0.0,1.0,1.0,1.0,1.0,1.0,0.0,0.0,1.0,0.0,0.0,0.0,0.0,0.0,32.0,1.0,14430799.0,254609464.0,14258211.0,19370641.0,570403944.0,436.0,2296601618.0,0.0,1.0,1.0,0.0,1.0,0.0,0.0,1.0,1.0,1.0,1.0,2.0,1.0,0.0,0.0,0.0,2.0,0.0,0.0,1.0,1.0,3.0,50.0,50.0,1.0,0.0,0.0,0.0,0.0,0.0,0.0,0.0,0.0,0.0,0.0,2.0,2.0,0.0,1.0,1.0,0.0,1.0,0.0,0.0,0.0,0.0,0.0,1.0,0.0,0.0,1.0,0.0,0.0,0.0,1.0,10.0,0.0,0.0,0.0,0.0,0.0,11.0,0.0,0.0,0.0,0.0,0.0,0.0,0.0,0.0,0.0,1.0,1.0,0.0,0.0,0.0,0.0,1.0,1.0,1.0,0.0,0.0,0.0,0.0,0.0,0.0,1.0,1.0,0.0,0.0,0.0,0.0,0.0,1.0,1.0,0.0,1266965410.0,435.0,435.0,1194.0,1194.0,1232.0,0.0,49.0,18187.0,20905.0,20885.0,168.0,0.0,0.0,0.0,52.0,0.0,0.0,19.0,21.0,20.0,3.0,17.0,120148896.0,0.0,1464217568.0,20120823040.0,35882624.0,0.0,0.0,436.0,0.0,0.0,656.0,40.0,932.0
1422,0.0,1.0,0.0,1.0,1.0,1113600.0,1.0,675750000.0,1.0,1062400000.0,0.150787830353,9146.0,1066.0,2591.0,40250.0,41500.0,42000.0,85.0,25.0,64.0,896.0,5000.0,0.0,25.0,1000000.0,950000.0,1.0,0.0,0.0,10.0,0.0,0.0,100.0,500.0,20738984.0,565042054.0,546338344.0,0.0,0.0,0.0,0.0,0.0,1.0,1.0,1.0,1.0,1.0,0.0,0.0,1.0,0.0,0.0,0.0,0.0,0.0,35.0,1.0,14291224.0,253443603.0,14120488.0,21441055.0,577403308.0,413.0,2356103230.0,0.0,1.0,1.0,0.0,1.0,0.0,0.0,1.0,1.0,1.0,1.0,2.0,1.0,0.0,0.0,0.0,2.0,0.0,0.0,1.0,1.0,3.0,50.0,50.0,1.0,0.0,0.0,0.0,0.0,0.0,0.0,0.0,0.0,0.0,0.0,2.0,2.0,0.0,1.0,1.0,0.0,1.0,0.0,0.0,0.0,0.0,0.0,1.0,0.0,0.0,1.0,0.0,0.0,0.0,1.0,10.0,0.0,0.0,0.0,0.0,0.0,11.0,0.0,0.0,0.0,0.0,0.0,0.0,0.0,0.0,0.0,1.0,1.0,0.0,0.0,0.0,0.0,1.0,1.0,1.0,0.0,0.0,0.0,0.0,0.0,0.0,1.0,1.0,0.0,0.0,0.0,0.0,0.0,1.0,1.0,0.0,1316467784.0,411.0,411.0,1210.0,1210.0,1236.0,0.0,53.0,20370.0,21313.0,21286.0,33.0,0.0,0.0,0.0,42.0,0.0,0.0,25.0,28.0,27.0,7.0,23.0,109870528.0,0.0,1467630880.0,20474596800.0,71427200.0,0.0,0.0,413.0,0.0,0.0,456.0,54.0,642.0
1423,0.0,1.0,0.0,1.0,1.0,1113600.0,1.0,675750000.0,1.0,1062400000.0,0.150357961655,8993.0,990.0,2438.0,40250.0,41250.0,42000.0,85.0,25.0,64.0,896.0,5000.0,0.0,25.0,1000000.0,950000.0,1.0,0.0,0.0,10.0,0.0,0.0,100.0,500.0,21964100.0,583971122.0,571366042.0,0.0,0.0,0.0,0.0,0.0,1.0,1.0,1.0,1.0,1.0,0.0,0.0,1.0,0.0,0.0,0.0,0.0,0.0,33.0,1.0,14265947.0,283389390.0,14445559.0,23810178.0,599665511.0,636.0,2442190478.0,0.0,1.0,1.0,0.0,1.0,0.0,0.0,1.0,1.0,1.0,1.0,2.0,1.0,0.0,0.0,0.0,2.0,0.0,0.0,1.0,1.0,3.0,50.0,50.0,1.0,0.0,0.0,0.0,0.0,0.0,0.0,0.0,0.0,0.0,0.0,2.0,2.0,0.0,1.0,1.0,0.0,1.0,0.0,0.0,0.0,0.0,0.0,1.0,0.0,0.0,1.0,0.0,0.0,0.0,1.0,10.0,0.0,0.0,0.0,0.0,0.0,11.0,0.0,0.0,0.0,0.0,0.0,0.0,0.0,0.0,0.0,1.0,1.0,0.0,0.0,0.0,0.0,1.0,1.0,1.0,0.0,0.0,0.0,0.0,0.0,0.0,1.0,1.0,0.0,0.0,0.0,0.0,0.0,1.0,1.0,0.0,1345759574.0,556.0,556.0,1264.0,1264.0,1298.0,0.0,84.0,22057.0,21889.0,21855.0,63.0,0.0,0.0,0.0,83.0,0.0,0.0,31.0,35.0,34.0,10.0,29.0,322675936.0,266240.0,1645942560.0,27341416096.0,74016288.0,0.0,0.0,636.0,0.0,0.0,907.0,68.0,1149.0
1424,0.0,1.0,0.0,1.0,1.0,1113600.0,1.0,675750000.0,1.0,1062400000.0,0.15597796440099998,4459.0,457.0,1372.0,40750.0,41500.0,42000.0,96.0,25.0,64.0,896.0,5000.0,0.0,25.0,1000000.0,950000.0,1.0,1.0,0.0,10.0,0.0,0.0,100.0,500.0,18823373.0,559978276.0,555992638.0,0.0,0.0,0.0,0.0,0.0,1.0,1.0,1.0,1.0,1.0,0.0,0.0,1.0,0.0,0.0,0.0,0.0,0.0,34.0,1.0,14022811.0,252895085.0,13769482.0,19039582.0,567526923.0,432.0,2298136043.0,0.0,1.0,1.0,0.0,1.0,0.0,0.0,1.0,1.0,1.0,1.0,2.0,1.0,0.0,0.0,0.0,2.0,0.0,0.0,1.0,1.0,3.0,50.0,50.0,1.0,0.0,0.0,0.0,0.0,0.0,0.0,0.0,0.0,0.0,0.0,2.0,2.0,0.0,1.0,1.0,0.0,1.0,0.0,0.0,0.0,0.0,0.0,1.0,0.0,0.0,1.0,0.0,0.0,0.0,1.0,10.0,0.0,0.0,0.0,0.0,0.0,11.0,0.0,0.0,0.0,0.0,0.0,0.0,0.0,0.0,0.0,1.0,1.0,0.0,0.0,0.0,0.0,1.0,1.0,1.0,0.0,0.0,0.0,0.0,0.0,0.0,1.0,1.0,0.0,0.0,0.0,0.0,0.0,1.0,1.0,0.0,1272924770.0,413.0,413.0,1115.0,1115.0,1145.0,0.0,47.0,18350.0,20933.0,20913.0,16.0,0.0,0.0,0.0,52.0,0.0,0.0,19.0,21.0,20.0,5.0,17.0,7591296.0,0.0,1419179584.0,21033117088.0,50582080.0,0.0,0.0,432.0,0.0,0.0,506.0,40.0,631.0
1425,0.0,1.0,0.0,1.0,1.0,1113600.0,1.0,675750000.0,1.0,1062400000.0,0.150676012039,9489.0,1066.0,2590.0,40250.0,41250.0,42250.0,96.0,25.0,64.0,896.0,5000.0,0.0,25.0,1000000.0,950000.0,1.0,1.0,0.0,10.0,0.0,0.0,100.0,500.0,22797349.0,571334066.0,562803392.0,0.0,0.0,0.0,0.0,0.0,1.0,1.0,1.0,1.0,1.0,0.0,0.0,1.0,0.0,0.0,0.0,0.0,0.0,35.0,1.0,14459294.0,263690860.0,14388421.0,22665601.0,597147476.0,617.0,2481040665.0,0.0,1.0,1.0,0.0,1.0,0.0,0.0,1.0,1.0,1.0,1.0,2.0,1.0,0.0,0.0,0.0,2.0,0.0,0.0,1.0,1.0,3.0,50.0,50.0,1.0,0.0,0.0,0.0,0.0,0.0,0.0,0.0,0.0,0.0,0.0,2.0,2.0,0.0,1.0,1.0,0.0,1.0,0.0,0.0,0.0,0.0,0.0,1.0,0.0,0.0,1.0,0.0,0.0,0.0,1.0,10.0,0.0,0.0,0.0,0.0,0.0,11.0,0.0,0.0,0.0,0.0,0.0,0.0,0.0,0.0,0.0,1.0,1.0,0.0,0.0,0.0,0.0,1.0,1.0,1.0,0.0,0.0,0.0,0.0,0.0,0.0,1.0,1.0,0.0,0.0,0.0,0.0,0.0,1.0,1.0,0.0,1357800958.0,510.0,510.0,1250.0,1250.0,1291.0,0.0,86.0,21323.0,21844.0,21810.0,44.0,0.0,0.0,0.0,92.0,0.0,0.0,31.0,35.0,34.0,10.0,29.0,128017600.0,0.0,1600088352.0,17608564704.0,123783296.0,0.0,0.0,617.0,0.0,0.0,746.0,68.0,898.0
1426,0.0,1.0,0.0,1.0,1.0,1113600.0,1.0,675750000.0,1.0,1062400000.0,0.149873971939,9107.0,990.0,2515.0,40250.0,41250.0,42500.0,96.0,25.0,64.0,896.0,5000.0,0.0,25.0,1000000.0,950000.0,1.0,1.0,0.0,10.0,0.0,0.0,100.0,500.0,22686396.0,589046952.0,569269927.0,0.0,0.0,0.0,0.0,0.0,1.0,1.0,1.0,1.0,1.0,0.0,0.0,1.0,0.0,0.0,0.0,0.0,0.0,32.0,1.0,14416347.0,263069016.0,14231771.0,24851310.0,589937953.0,661.0,2437510674.0,0.0,1.0,1.0,0.0,1.0,0.0,0.0,1.0,1.0,1.0,1.0,2.0,1.0,0.0,0.0,0.0,2.0,0.0,0.0,1.0,1.0,3.0,50.0,50.0,1.0,0.0,0.0,0.0,0.0,0.0,0.0,0.0,0.0,0.0,0.0,2.0,2.0,0.0,1.0,1.0,0.0,1.0,0.0,0.0,0.0,0.0,0.0,1.0,0.0,0.0,1.0,0.0,0.0,0.0,1.0,10.0,0.0,0.0,0.0,0.0,0.0,11.0,0.0,0.0,0.0,0.0,0.0,0.0,0.0,0.0,0.0,1.0,1.0,0.0,0.0,0.0,0.0,1.0,1.0,1.0,0.0,0.0,0.0,0.0,0.0,0.0,1.0,1.0,0.0,0.0,0.0,0.0,0.0,1.0,1.0,0.0,1332441766.0,480.0,480.0,1279.0,1279.0,1314.0,0.0,93.0,22101.0,21834.0,21800.0,95.0,0.0,0.0,0.0,92.0,0.0,0.0,31.0,35.0,34.0,7.0,29.0,222667264.0,0.0,1612333664.0,19962169280.0,98887648.0,0.0,0.0,661.0,0.0,0.0,866.0,68.0,984.0
1427,0.0,1.0,1.0,0.0,0.0,1113600.0,1.0,854250000.0,1.0,102000000.0,0.8588020801540001,10941.0,1446.0,3581.0,40416.6666667,41166.6666667,42000.0,87.0,25.0,64.0,896.0,5000.0,0.0,25.0,1000000.0,950000.0,1.0,0.0,0.0,10.0,0.0,0.0,0.0,100.0,30593954.0,792698617.0,709666288.0,0.0,0.0,0.0,0.0,0.0,1.0,1.0,1.0,1.0,1.0,0.0,0.0,1.0,0.0,0.0,0.0,0.0,0.0,32.0,1.0,22883035.0,287969426.0,23491859.0,32611763.0,809099647.0,1401.0,11160888976.0,0.0,1.0,1.0,0.0,1.0,0.0,0.0,1.0,1.0,1.0,1.0,2.0,1.0,0.0,0.0,0.0,2.0,0.0,0.0,1.0,1.0,3.0,50.0,50.0,1.0,0.0,0.0,0.0,0.0,0.0,0.0,0.0,0.0,0.0,0.0,2.0,2.0,0.0,1.0,1.0,0.0,1.0,0.0,0.0,0.0,0.0,0.0,1.0,0.0,0.0,1.0,0.0,0.0,0.0,1.0,11.0,0.0,0.0,0.0,0.0,0.0,12.0,0.0,0.0,0.0,0.0,0.0,0.0,0.0,0.0,0.0,1.0,1.0,0.0,0.0,0.0,0.0,1.0,1.0,1.0,0.0,0.0,0.0,0.0,0.0,0.0,1.0,1.0,0.0,0.0,0.0,0.0,0.0,1.0,1.0,0.0,1547982752.0,2025.0,2025.0,4202.0,4202.0,4233.0,0.0,133.0,24538.0,23476.0,23431.0,65.0,0.0,0.0,0.0,171.0,0.0,0.0,43.0,46.0,45.0,22.0,41.0,870038464.0,0.0,6939665408.0,79148732320.0,1060928672.0,0.0,0.0,1401.0,0.0,0.0,1760.0,90.0,2383.0
1428,0.0,1.0,1.0,0.0,0.0,1113600.0,1.0,854250000.0,1.0,102000000.0,0.8407289981839999,22837.0,2513.0,5868.0,40416.6666667,40666.6666667,42000.0,87.0,25.0,64.0,896.0,5000.0,0.0,25.0,1000000.0,950000.0,1.0,0.0,0.0,10.0,0.0,0.0,0.0,100.0,37490676.0,843662939.0,764369568.0,0.0,0.0,0.0,0.0,0.0,1.0,1.0,1.0,1.0,1.0,0.0,0.0,1.0,0.0,0.0,0.0,0.0,0.0,31.0,1.0,22054843.0,308618383.0,22619611.0,41654478.0,854589334.0,2356.0,11575604253.0,0.0,1.0,1.0,0.0,1.0,0.0,0.0,1.0,1.0,1.0,1.0,2.0,1.0,0.0,0.0,0.0,2.0,0.0,0.0,1.0,1.0,3.0,50.0,50.0,1.0,0.0,0.0,0.0,0.0,0.0,0.0,0.0,0.0,0.0,0.0,2.0,2.0,0.0,1.0,1.0,0.0,1.0,0.0,0.0,0.0,0.0,0.0,1.0,0.0,0.0,1.0,0.0,0.0,0.0,1.0,10.0,0.0,0.0,0.0,0.0,0.0,11.0,0.0,0.0,0.0,0.0,0.0,0.0,0.0,0.0,0.0,1.0,1.0,0.0,0.0,0.0,0.0,1.0,1.0,1.0,0.0,0.0,0.0,0.0,0.0,0.0,1.0,1.0,0.0,0.0,0.0,0.0,0.0,1.0,1.0,0.0,1659416009.0,2892.0,2892.0,4799.0,4799.0,4830.0,0.0,190.0,29164.0,24878.0,24806.0,159.0,0.0,0.0,0.0,256.0,0.0,0.0,67.0,73.0,72.0,25.0,65.0,1335519488.0,0.0,7849462112.0,92642912992.0,1231383552.0,0.0,0.0,2356.0,0.0,0.0,2784.0,144.0,3516.0
1429,0.0,1.0,1.0,0.0,0.0,1113600.0,1.0,854250000.0,1.0,102000000.0,0.856277942657,11132.0,1142.0,3505.0,40333.3333333,40833.3333333,42000.0,87.0,25.0,64.0,896.0,5000.0,0.0,25.0,1000000.0,950000.0,1.0,0.0,0.0,10.0,0.0,0.0,0.0,100.0,31853128.0,794248486.0,716953925.0,0.0,0.0,0.0,0.0,0.0,1.0,1.0,1.0,1.0,1.0,0.0,0.0,1.0,0.0,0.0,0.0,0.0,0.0,32.0,1.0,22892053.0,287223956.0,23658343.0,34156893.0,818350154.0,2092.0,11079408998.0,0.0,1.0,1.0,0.0,1.0,0.0,0.0,1.0,1.0,1.0,1.0,2.0,1.0,0.0,0.0,0.0,2.0,0.0,0.0,1.0,1.0,3.0,50.0,50.0,1.0,0.0,0.0,0.0,0.0,0.0,0.0,0.0,0.0,0.0,0.0,2.0,2.0,0.0,1.0,1.0,0.0,1.0,0.0,0.0,0.0,0.0,0.0,1.0,0.0,0.0,1.0,0.0,0.0,0.0,1.0,11.0,0.0,0.0,0.0,0.0,0.0,12.0,0.0,0.0,0.0,0.0,0.0,0.0,0.0,0.0,0.0,1.0,1.0,0.0,0.0,0.0,0.0,1.0,1.0,1.0,0.0,0.0,0.0,0.0,0.0,0.0,1.0,1.0,0.0,0.0,0.0,0.0,0.0,1.0,1.0,0.0,1590777402.0,2587.0,2587.0,4039.0,4039.0,4082.0,0.0,159.0,24906.0,23440.0,23394.0,82.0,0.0,0.0,0.0,196.0,0.0,0.0,43.0,47.0,46.0,17.0,41.0,687442240.0,0.0,6959766208.0,132410352448.0,1181636448.0,0.0,0.0,2092.0,0.0,0.0,2384.0,92.0,3031.0
1430,0.0,1.0,1.0,0.0,0.0,1113600.0,1.0,854250000.0,1.0,102000000.0,0.857606887817,10484.0,1371.0,3200.0,40250.0,41000.0,41833.3333333,96.0,25.0,64.0,896.0,5000.0,0.0,25.0,1000000.0,950000.0,1.0,1.0,0.0,10.0,0.0,0.0,0.0,100.0,30492062.0,774489598.0,707582635.0,0.0,0.0,0.0,0.0,0.0,1.0,1.0,1.0,1.0,1.0,0.0,0.0,1.0,0.0,0.0,0.0,0.0,0.0,33.0,1.0,20724957.0,294095867.0,21241080.0,32744283.0,798573787.0,1536.0,10439775890.0,0.0,1.0,1.0,0.0,1.0,0.0,0.0,1.0,1.0,1.0,1.0,2.0,1.0,0.0,0.0,0.0,2.0,0.0,0.0,1.0,1.0,3.0,50.0,50.0,1.0,0.0,0.0,0.0,0.0,0.0,0.0,0.0,0.0,0.0,0.0,2.0,2.0,0.0,1.0,1.0,0.0,1.0,0.0,0.0,0.0,0.0,0.0,1.0,0.0,0.0,1.0,0.0,0.0,0.0,1.0,11.0,0.0,0.0,0.0,0.0,0.0,12.0,0.0,0.0,0.0,0.0,0.0,0.0,0.0,0.0,0.0,1.0,1.0,0.0,0.0,0.0,0.0,1.0,1.0,1.0,0.0,0.0,0.0,0.0,0.0,0.0,1.0,1.0,0.0,0.0,0.0,0.0,0.0,1.0,1.0,0.0,1547538145.0,2366.0,2366.0,3989.0,3989.0,4016.0,0.0,143.0,24675.0,23248.0,23202.0,69.0,0.0,0.0,0.0,194.0,0.0,0.0,43.0,47.0,46.0,21.0,41.0,752774400.0,0.0,6687530208.0,395409871456.0,972585760.0,0.0,0.0,1536.0,0.0,0.0,2058.0,92.0,2621.0
1431,0.0,1.0,1.0,0.0,0.0,1113600.0,1.0,854250000.0,1.0,102000000.0,0.8293509483339999,14030.0,1751.0,4191.0,40250.0,40833.3333333,42000.0,96.0,25.0,64.0,896.0,5000.0,0.0,25.0,1000000.0,950000.0,1.0,1.0,0.0,10.0,0.0,0.0,0.0,100.0,31986783.0,787226938.0,720227069.0,0.0,0.0,0.0,0.0,0.0,1.0,1.0,1.0,1.0,1.0,0.0,0.0,1.0,0.0,0.0,0.0,0.0,0.0,35.0,1.0,21680039.0,297711931.0,22063246.0,34065459.0,802204103.0,1594.0,10742639560.0,0.0,1.0,1.0,0.0,1.0,0.0,0.0,1.0,1.0,1.0,1.0,2.0,1.0,0.0,0.0,0.0,2.0,0.0,0.0,1.0,1.0,3.0,50.0,50.0,1.0,0.0,0.0,0.0,0.0,0.0,0.0,0.0,0.0,0.0,0.0,2.0,2.0,0.0,1.0,1.0,0.0,1.0,0.0,0.0,0.0,0.0,0.0,1.0,0.0,0.0,1.0,0.0,0.0,0.0,1.0,11.0,0.0,0.0,0.0,0.0,0.0,12.0,0.0,0.0,0.0,0.0,0.0,0.0,0.0,0.0,0.0,1.0,1.0,0.0,0.0,0.0,0.0,1.0,1.0,1.0,0.0,0.0,0.0,0.0,0.0,0.0,1.0,1.0,0.0,0.0,0.0,0.0,0.0,1.0,1.0,0.0,1594605874.0,2221.0,2221.0,4385.0,4385.0,4418.0,0.0,179.0,26803.0,23713.0,23661.0,88.0,0.0,0.0,0.0,232.0,0.0,0.0,49.0,53.0,52.0,26.0,47.0,642882752.0,0.0,7077453984.0,90418016736.0,980361440.0,0.0,0.0,1594.0,0.0,0.0,1993.0,104.0,2655.0
1432,0.0,1.0,1.0,0.0,0.0,1113600.0,1.0,854250000.0,1.0,102000000.0,0.843708992004,18223.0,1981.0,5410.0,40333.3333333,40833.3333333,42000.0,96.0,25.0,64.0,896.0,5000.0,0.0,25.0,1000000.0,950000.0,1.0,1.0,0.0,10.0,0.0,0.0,0.0,100.0,34159296.0,804265720.0,752939849.0,0.0,0.0,0.0,0.0,0.0,1.0,1.0,1.0,1.0,1.0,0.0,0.0,1.0,0.0,0.0,0.0,0.0,0.0,33.0,1.0,22049403.0,305996252.0,22078937.0,37516309.0,827276106.0,2220.0,11487668895.0,0.0,1.0,1.0,0.0,1.0,0.0,0.0,1.0,1.0,1.0,1.0,2.0,1.0,0.0,0.0,0.0,2.0,0.0,0.0,1.0,1.0,3.0,50.0,50.0,1.0,0.0,0.0,0.0,0.0,0.0,0.0,0.0,0.0,0.0,0.0,2.0,2.0,0.0,1.0,1.0,0.0,1.0,0.0,0.0,0.0,0.0,0.0,1.0,0.0,0.0,1.0,0.0,0.0,0.0,1.0,11.0,0.0,0.0,0.0,0.0,0.0,12.0,0.0,0.0,0.0,0.0,0.0,0.0,0.0,0.0,0.0,1.0,1.0,0.0,0.0,0.0,0.0,1.0,1.0,1.0,0.0,0.0,0.0,0.0,0.0,0.0,1.0,1.0,0.0,0.0,0.0,0.0,0.0,1.0,1.0,0.0,1615723306.0,3028.0,3028.0,4594.0,4594.0,4627.0,0.0,184.0,26871.0,23845.0,23787.0,99.0,0.0,0.0,0.0,239.0,0.0,0.0,55.0,59.0,58.0,28.0,53.0,967146176.0,0.0,7518961088.0,102851520928.0,1474967360.0,0.0,0.0,2220.0,0.0,0.0,2673.0,116.0,3218.0
1433,0.0,1.0,1.0,0.0,0.0,1113600.0,1.0,854250000.0,1.0,102000000.0,0.8805320262909999,10445.0,1371.0,3277.0,40312.5,40750.0,42000.0,83.0,25.0,64.0,896.0,5000.0,0.0,25.0,1000000.0,950000.0,1.0,0.0,0.0,10.0,0.0,0.0,0.0,500.0,32047878.0,782807168.0,707774331.0,0.0,0.0,0.0,0.0,0.0,1.0,1.0,1.0,1.0,1.0,0.0,0.0,1.0,0.0,0.0,0.0,0.0,0.0,35.0,1.0,20818543.0,284758412.0,21239943.0,35917121.0,806640002.0,1774.0,10765749422.0,0.0,1.0,1.0,0.0,1.0,0.0,0.0,1.0,1.0,1.0,1.0,2.0,1.0,0.0,0.0,0.0,2.0,0.0,0.0,1.0,1.0,3.0,50.0,50.0,1.0,0.0,0.0,0.0,0.0,0.0,0.0,0.0,0.0,0.0,0.0,2.0,2.0,0.0,1.0,1.0,0.0,1.0,0.0,0.0,0.0,0.0,0.0,1.0,0.0,0.0,1.0,0.0,0.0,0.0,1.0,11.0,0.0,0.0,0.0,0.0,0.0,12.0,0.0,0.0,0.0,0.0,0.0,0.0,0.0,0.0,0.0,1.0,1.0,0.0,0.0,0.0,0.0,1.0,1.0,1.0,0.0,0.0,0.0,0.0,0.0,0.0,1.0,1.0,0.0,0.0,0.0,0.0,0.0,1.0,1.0,0.0,1571777107.0,2554.0,2554.0,4396.0,4396.0,4441.0,0.0,148.0,26612.0,23540.0,23488.0,99.0,0.0,0.0,0.0,206.0,0.0,0.0,49.0,53.0,52.0,24.0,47.0,1038556448.0,0.0,6916562080.0,108467807840.0,957973536.0,0.0,0.0,1774.0,0.0,0.0,2277.0,104.0,2843.0
1434,0.0,1.0,1.0,0.0,0.0,1113600.0,1.0,854250000.0,1.0,102000000.0,0.8405358791349999,17879.0,1827.0,5944.0,40200.0,40800.0,41900.0,83.0,25.0,64.0,896.0,5000.0,0.0,25.0,1000000.0,950000.0,1.0,0.0,0.0,10.0,0.0,0.0,0.0,500.0,38637289.0,848742929.0,777958876.0,0.0,0.0,0.0,0.0,0.0,1.0,1.0,1.0,1.0,1.0,0.0,0.0,1.0,0.0,0.0,0.0,0.0,0.0,33.0,1.0,24529917.0,311049147.0,25079722.0,42732295.0,865468753.0,2142.0,12470358308.0,0.0,1.0,1.0,0.0,1.0,0.0,0.0,1.0,1.0,1.0,1.0,2.0,1.0,0.0,0.0,0.0,2.0,0.0,0.0,1.0,1.0,3.0,50.0,50.0,1.0,0.0,0.0,0.0,0.0,0.0,0.0,0.0,0.0,0.0,0.0,2.0,2.0,0.0,1.0,1.0,0.0,1.0,0.0,0.0,0.0,0.0,0.0,1.0,0.0,0.0,1.0,0.0,0.0,0.0,1.0,11.0,0.0,0.0,0.0,0.0,0.0,12.0,0.0,0.0,0.0,0.0,0.0,0.0,0.0,0.0,0.0,1.0,1.0,0.0,0.0,0.0,0.0,1.0,1.0,1.0,0.0,0.0,0.0,0.0,0.0,0.0,1.0,1.0,0.0,0.0,0.0,0.0,0.0,1.0,1.0,0.0,1656679687.0,2862.0,2862.0,5031.0,5031.0,5072.0,0.0,222.0,29624.0,24978.0,24906.0,126.0,0.0,0.0,0.0,298.0,0.0,0.0,67.0,73.0,72.0,34.0,65.0,1480971936.0,9541088.0,8246683872.0,422061669920.0,1324895872.0,0.0,0.0,2142.0,0.0,0.0,2660.0,144.0,3379.0
1435,0.0,1.0,1.0,0.0,0.0,1113600.0,1.0,854250000.0,1.0,102000000.0,0.8273460865019999,10865.0,1371.0,3581.0,40000.0,40666.6666667,42000.0,83.0,25.0,64.0,896.0,5000.0,0.0,25.0,1000000.0,950000.0,1.0,0.0,0.0,10.0,0.0,0.0,0.0,500.0,29325505.0,773016585.0,695510598.0,0.0,0.0,0.0,0.0,0.0,1.0,1.0,1.0,1.0,1.0,0.0,0.0,1.0,0.0,0.0,0.0,0.0,0.0,729.0,1.0,21970250.0,273579367.0,22622100.0,32864312.0,786074828.0,1476.0,11088333494.0,0.0,1.0,1.0,0.0,1.0,0.0,0.0,1.0,1.0,1.0,1.0,2.0,1.0,0.0,0.0,0.0,2.0,0.0,0.0,1.0,1.0,6.0,785.0,785.0,1.0,0.0,0.0,0.0,0.0,0.0,0.0,0.0,0.0,0.0,0.0,5.0,5.0,0.0,1.0,1.0,0.0,1.0,3.0,0.0,0.0,0.0,0.0,1.0,0.0,0.0,1.0,0.0,0.0,0.0,1.0,11.0,0.0,0.0,0.0,0.0,0.0,12.0,0.0,0.0,0.0,0.0,0.0,0.0,0.0,0.0,0.0,1.0,1.0,0.0,0.0,0.0,0.0,1.0,1.0,1.0,0.0,0.0,0.0,0.0,0.0,0.0,1.0,1.0,0.0,0.0,0.0,0.0,0.0,1.0,1.0,0.0,1538058248.0,2268.0,2268.0,4174.0,4174.0,4199.0,0.0,156.0,24681.0,22970.0,22925.0,81.0,0.0,0.0,0.0,206.0,0.0,0.0,43.0,46.0,45.0,23.0,41.0,591897728.0,0.0,6961291072.0,119910841536.0,1057553568.0,0.0,0.0,1476.0,0.0,0.0,1733.0,90.0,2205.0
1436,0.0,1.0,1.0,0.0,0.0,1113600.0,1.0,854250000.0,1.0,102000000.0,0.844549179077,14030.0,1676.0,4343.0,40125.0,40875.0,42000.0,94.0,25.0,64.0,896.0,5000.0,0.0,25.0,1000000.0,950000.0,1.0,1.0,0.0,10.0,0.0,0.0,0.0,500.0,36537408.0,835160491.0,744848319.0,0.0,0.0,0.0,0.0,0.0,1.0,1.0,1.0,1.0,1.0,0.0,0.0,1.0,0.0,0.0,0.0,0.0,0.0,40.0,1.0,22949524.0,298718557.0,23633241.0,38890450.0,844303628.0,2269.0,11498998240.0,0.0,1.0,1.0,0.0,1.0,0.0,0.0,1.0,1.0,1.0,1.0,2.0,1.0,0.0,0.0,0.0,2.0,0.0,0.0,1.0,1.0,3.0,50.0,50.0,1.0,0.0,0.0,0.0,0.0,0.0,0.0,0.0,0.0,0.0,0.0,2.0,2.0,0.0,1.0,1.0,0.0,1.0,0.0,0.0,0.0,0.0,0.0,1.0,0.0,0.0,1.0,0.0,0.0,0.0,1.0,11.0,0.0,0.0,0.0,0.0,0.0,12.0,0.0,0.0,0.0,0.0,0.0,0.0,0.0,0.0,0.0,1.0,1.0,0.0,0.0,0.0,0.0,1.0,1.0,1.0,0.0,0.0,0.0,0.0,0.0,0.0,1.0,1.0,0.0,0.0,0.0,0.0,0.0,1.0,1.0,0.0,1644763015.0,2894.0,2894.0,4665.0,4665.0,4703.0,0.0,196.0,28813.0,24342.0,24281.0,91.0,0.0,0.0,0.0,263.0,0.0,0.0,55.0,62.0,61.0,24.0,53.0,937545024.0,0.0,7543175584.0,100665951424.0,1290912160.0,0.0,0.0,2269.0,0.0,0.0,2714.0,122.0,3473.0
1437,0.0,1.0,1.0,0.0,0.0,1113600.0,1.0,854250000.0,1.0,102000000.0,0.86683678627,18337.0,2056.0,5791.0,39916.6666667,40500.0,42000.0,94.0,25.0,64.0,896.0,5000.0,0.0,25.0,1000000.0,950000.0,1.0,1.0,0.0,10.0,0.0,0.0,0.0,500.0,34386601.0,816418958.0,733283135.0,0.0,0.0,0.0,0.0,0.0,1.0,1.0,1.0,1.0,1.0,0.0,0.0,1.0,0.0,0.0,0.0,0.0,0.0,33.0,1.0,23400839.0,293572317.0,23872352.0,35751034.0,842834189.0,1579.0,11561878672.0,0.0,1.0,1.0,0.0,1.0,0.0,0.0,1.0,1.0,1.0,1.0,2.0,1.0,0.0,0.0,0.0,2.0,0.0,0.0,1.0,1.0,3.0,50.0,50.0,1.0,0.0,0.0,0.0,0.0,0.0,0.0,0.0,0.0,0.0,0.0,2.0,2.0,0.0,1.0,1.0,0.0,1.0,0.0,0.0,0.0,0.0,0.0,1.0,0.0,0.0,1.0,0.0,0.0,0.0,1.0,11.0,0.0,0.0,0.0,0.0,0.0,12.0,0.0,0.0,0.0,0.0,0.0,0.0,0.0,0.0,0.0,1.0,1.0,0.0,0.0,0.0,0.0,1.0,1.0,1.0,0.0,0.0,0.0,0.0,0.0,0.0,1.0,1.0,0.0,0.0,0.0,0.0,0.0,1.0,1.0,0.0,1613867551.0,2399.0,2399.0,4567.0,4567.0,4606.0,0.0,221.0,27960.0,24005.0,23947.0,72.0,0.0,0.0,0.0,271.0,0.0,0.0,55.0,59.0,58.0,16.0,53.0,908212160.0,0.0,7396462656.0,90393812384.0,1064838208.0,0.0,0.0,1579.0,0.0,0.0,1965.0,116.0,2663.0
1438,0.0,1.0,1.0,0.0,0.0,1113600.0,1.0,854250000.0,1.0,102000000.0,0.86465382576,24246.0,2513.0,6935.0,40125.0,40625.0,42000.0,94.0,25.0,64.0,896.0,5000.0,0.0,25.0,1000000.0,950000.0,1.0,1.0,0.0,10.0,0.0,0.0,0.0,500.0,39431158.0,849813996.0,785202822.0,0.0,0.0,0.0,0.0,0.0,1.0,1.0,1.0,1.0,1.0,0.0,0.0,1.0,0.0,0.0,0.0,0.0,0.0,35.0,1.0,23428000.0,313823240.0,24484480.0,42806072.0,873612683.0,1866.0,12090796607.0,0.0,1.0,1.0,0.0,1.0,0.0,0.0,1.0,1.0,1.0,1.0,2.0,1.0,0.0,0.0,0.0,2.0,0.0,0.0,1.0,1.0,3.0,50.0,50.0,1.0,0.0,0.0,0.0,0.0,0.0,0.0,0.0,0.0,0.0,0.0,2.0,2.0,0.0,1.0,1.0,0.0,1.0,0.0,0.0,0.0,0.0,0.0,1.0,0.0,0.0,1.0,0.0,0.0,0.0,1.0,11.0,0.0,0.0,0.0,0.0,0.0,12.0,0.0,0.0,0.0,0.0,0.0,0.0,0.0,0.0,0.0,1.0,1.0,0.0,0.0,0.0,0.0,1.0,1.0,1.0,0.0,0.0,0.0,0.0,0.0,0.0,1.0,1.0,0.0,0.0,0.0,0.0,0.0,1.0,1.0,0.0,1695496340.0,2642.0,2642.0,4940.0,4940.0,4974.0,0.0,226.0,30150.0,25178.0,25101.0,126.0,0.0,0.0,0.0,290.0,0.0,0.0,73.0,78.0,77.0,27.0,71.0,920458752.0,0.0,8087061248.0,141559678976.0,1029078208.0,0.0,0.0,1866.0,0.0,0.0,2415.0,154.0,3054.0
1439,0.0,1.0,1.0,0.0,0.0,1113600.0,1.0,854250000.0,1.0,102000000.0,0.8672170639040001,10713.0,1218.0,3505.0,39812.5,40625.0,41875.0,91.0,25.0,64.0,896.0,5000.0,0.0,25.0,1000000.0,950000.0,1.0,0.0,0.0,10.0,0.0,0.0,100.0,100.0,33705052.0,786517196.0,721662989.0,0.0,0.0,0.0,0.0,0.0,1.0,1.0,1.0,1.0,1.0,0.0,0.0,1.0,0.0,0.0,0.0,0.0,0.0,33.0,1.0,20862583.0,289263724.0,21577762.0,35879735.0,825103889.0,1750.0,10987147188.0,0.0,1.0,1.0,0.0,1.0,0.0,0.0,1.0,1.0,1.0,1.0,2.0,1.0,0.0,0.0,0.0,2.0,0.0,0.0,1.0,1.0,3.0,50.0,50.0,1.0,0.0,0.0,0.0,0.0,0.0,0.0,0.0,0.0,0.0,0.0,2.0,2.0,0.0,1.0,1.0,0.0,1.0,0.0,0.0,0.0,0.0,0.0,1.0,0.0,0.0,1.0,0.0,0.0,0.0,1.0,11.0,0.0,0.0,0.0,0.0,0.0,12.0,0.0,0.0,0.0,0.0,0.0,0.0,0.0,0.0,0.0,1.0,1.0,0.0,0.0,0.0,0.0,1.0,1.0,1.0,0.0,0.0,0.0,0.0,0.0,0.0,1.0,1.0,0.0,0.0,0.0,0.0,0.0,1.0,1.0,0.0,1614034431.0,2438.0,2438.0,4302.0,4302.0,4338.0,0.0,151.0,26662.0,23764.0,23711.0,122.0,0.0,0.0,0.0,216.0,0.0,0.0,49.0,54.0,53.0,20.0,47.0,1259016448.0,0.0,7091234688.0,105066900160.0,1139021824.0,0.0,0.0,1750.0,0.0,0.0,2242.0,106.0,2861.0
1440,0.0,1.0,1.0,0.0,0.0,1113600.0,1.0,854250000.0,1.0,102000000.0,0.8531079292300001,10483.0,1294.0,2971.0,40333.3333333,40666.6666667,41500.0,91.0,25.0,64.0,896.0,5000.0,0.0,25.0,1000000.0,950000.0,1.0,0.0,0.0,10.0,0.0,0.0,100.0,100.0,32479976.0,798317248.0,719954069.0,0.0,0.0,0.0,0.0,0.0,1.0,1.0,1.0,1.0,1.0,0.0,0.0,1.0,0.0,0.0,0.0,0.0,0.0,35.0,1.0,22654657.0,292769527.0,22796379.0,33284187.0,799542351.0,2107.0,10892099900.0,0.0,1.0,1.0,0.0,1.0,0.0,0.0,1.0,1.0,1.0,1.0,2.0,1.0,0.0,0.0,0.0,2.0,0.0,0.0,1.0,1.0,3.0,50.0,50.0,1.0,0.0,0.0,0.0,0.0,0.0,0.0,0.0,0.0,0.0,0.0,2.0,2.0,0.0,1.0,1.0,0.0,1.0,0.0,0.0,0.0,0.0,0.0,1.0,0.0,0.0,1.0,0.0,0.0,0.0,1.0,11.0,0.0,0.0,0.0,0.0,0.0,12.0,0.0,0.0,0.0,0.0,0.0,0.0,0.0,0.0,0.0,1.0,1.0,0.0,0.0,0.0,0.0,1.0,1.0,1.0,0.0,0.0,0.0,0.0,0.0,0.0,1.0,1.0,0.0,0.0,0.0,0.0,0.0,1.0,1.0,0.0,1564658951.0,2780.0,2780.0,4092.0,4092.0,4123.0,0.0,149.0,25586.0,23323.0,23277.0,124.0,0.0,0.0,0.0,209.0,0.0,0.0,43.0,47.0,46.0,21.0,41.0,1071933248.0,0.0,7062279232.0,90971672896.0,1350713952.0,0.0,0.0,2107.0,0.0,0.0,2567.0,92.0,3139.0
1441,0.0,1.0,1.0,0.0,0.0,1113600.0,1.0,854250000.0,1.0,102000000.0,0.87414598465,10789.0,1371.0,3581.0,40062.5,40625.0,41875.0,91.0,25.0,64.0,896.0,5000.0,0.0,25.0,1000000.0,950000.0,1.0,0.0,0.0,10.0,0.0,0.0,100.0,100.0,30689371.0,803574634.0,738576759.0,0.0,0.0,0.0,0.0,0.0,1.0,1.0,1.0,1.0,1.0,0.0,0.0,1.0,0.0,0.0,0.0,0.0,0.0,34.0,1.0,21820054.0,304813483.0,21968605.0,33822351.0,801093491.0,1530.0,11551210788.0,0.0,1.0,1.0,0.0,1.0,0.0,0.0,1.0,1.0,1.0,1.0,2.0,1.0,0.0,0.0,0.0,2.0,0.0,0.0,1.0,1.0,3.0,50.0,50.0,1.0,0.0,0.0,0.0,0.0,0.0,0.0,0.0,0.0,0.0,0.0,2.0,2.0,0.0,1.0,1.0,0.0,1.0,0.0,0.0,0.0,0.0,0.0,1.0,0.0,0.0,1.0,0.0,0.0,0.0,1.0,11.0,0.0,0.0,0.0,0.0,0.0,12.0,0.0,0.0,0.0,0.0,0.0,0.0,0.0,0.0,0.0,1.0,1.0,0.0,0.0,0.0,0.0,1.0,1.0,1.0,0.0,0.0,0.0,0.0,0.0,0.0,1.0,1.0,0.0,0.0,0.0,0.0,0.0,1.0,1.0,0.0,1528446964.0,2437.0,2437.0,4439.0,4439.0,4469.0,0.0,142.0,25534.0,23519.0,23466.0,82.0,0.0,0.0,0.0,205.0,0.0,0.0,49.0,54.0,53.0,24.0,47.0,530678048.0,0.0,7326912544.0,80501985568.0,996081920.0,0.0,0.0,1530.0,0.0,0.0,1972.0,106.0,2587.0
1442,0.0,1.0,1.0,0.0,0.0,1113600.0,1.0,854250000.0,1.0,102000000.0,0.8578689098360001,10712.0,1370.0,3277.0,39750.0,40625.0,41875.0,87.0,25.0,64.0,896.0,5000.0,0.0,25.0,1000000.0,950000.0,1.0,1.0,0.0,10.0,0.0,0.0,100.0,100.0,31789485.0,793194985.0,738557187.0,0.0,0.0,0.0,0.0,0.0,1.0,1.0,1.0,1.0,1.0,0.0,0.0,1.0,0.0,0.0,0.0,0.0,0.0,33.0,1.0,20406840.0,305625033.0,21091707.0,35134756.0,815226950.0,1931.0,10792204744.0,0.0,1.0,1.0,0.0,1.0,0.0,0.0,1.0,1.0,1.0,1.0,2.0,1.0,0.0,0.0,0.0,2.0,0.0,0.0,1.0,1.0,3.0,50.0,50.0,1.0,0.0,0.0,0.0,0.0,0.0,0.0,0.0,0.0,0.0,0.0,2.0,2.0,0.0,1.0,1.0,0.0,1.0,0.0,0.0,0.0,0.0,0.0,1.0,0.0,0.0,1.0,0.0,0.0,0.0,1.0,11.0,0.0,0.0,0.0,0.0,0.0,12.0,0.0,0.0,0.0,0.0,0.0,0.0,0.0,0.0,0.0,1.0,1.0,0.0,0.0,0.0,0.0,1.0,1.0,1.0,0.0,0.0,0.0,0.0,0.0,0.0,1.0,1.0,0.0,0.0,0.0,0.0,0.0,1.0,1.0,0.0,1608500080.0,2605.0,2605.0,4228.0,4228.0,4258.0,0.0,175.0,26454.0,23761.0,23707.0,112.0,0.0,0.0,0.0,246.0,0.0,0.0,49.0,55.0,54.0,21.0,47.0,776557344.0,0.0,7022481184.0,190918888960.0,1033889056.0,0.0,0.0,1931.0,0.0,0.0,2516.0,108.0,3067.0
1443,0.0,1.0,1.0,0.0,0.0,1113600.0,1.0,854250000.0,1.0,102000000.0,0.879421949387,14410.0,1752.0,4496.0,40166.6666667,40500.0,41833.3333333,87.0,25.0,64.0,896.0,5000.0,0.0,25.0,1000000.0,950000.0,1.0,1.0,0.0,10.0,0.0,0.0,100.0,100.0,30316489.0,770136143.0,698414167.0,0.0,0.0,0.0,0.0,0.0,1.0,1.0,1.0,1.0,1.0,0.0,0.0,1.0,0.0,0.0,0.0,0.0,0.0,35.0,1.0,22364031.0,289034191.0,22720925.0,32004401.0,806842766.0,1747.0,11050953692.0,0.0,1.0,1.0,0.0,1.0,0.0,0.0,1.0,1.0,1.0,1.0,2.0,1.0,0.0,0.0,0.0,2.0,0.0,0.0,1.0,1.0,3.0,50.0,50.0,1.0,0.0,0.0,0.0,0.0,0.0,0.0,0.0,0.0,0.0,0.0,2.0,2.0,0.0,1.0,1.0,0.0,1.0,0.0,0.0,0.0,0.0,0.0,1.0,0.0,0.0,1.0,0.0,0.0,0.0,1.0,11.0,0.0,0.0,0.0,0.0,0.0,12.0,0.0,0.0,0.0,0.0,0.0,0.0,0.0,0.0,0.0,1.0,1.0,0.0,0.0,0.0,0.0,1.0,1.0,1.0,0.0,0.0,0.0,0.0,0.0,0.0,1.0,1.0,0.0,0.0,0.0,0.0,0.0,1.0,1.0,0.0,1617235329.0,2560.0,2560.0,4309.0,4309.0,4337.0,0.0,165.0,26657.0,23499.0,23448.0,65.0,0.0,0.0,0.0,238.0,0.0,0.0,49.0,52.0,51.0,25.0,47.0,1079929152.0,978688.0,7099334048.0,122344615360.0,1024684704.0,0.0,0.0,1747.0,0.0,0.0,2183.0,102.0,2798.0
1444,0.0,1.0,1.0,0.0,0.0,1113600.0,1.0,854250000.0,1.0,102000000.0,0.8641579151150001,10903.0,1370.0,3657.0,40000.0,40500.0,41833.3333333,87.0,25.0,64.0,896.0,5000.0,0.0,25.0,1000000.0,950000.0,1.0,1.0,0.0,10.0,0.0,0.0,100.0,100.0,30737091.0,765262002.0,706292294.0,0.0,0.0,0.0,0.0,0.0,1.0,1.0,1.0,1.0,1.0,0.0,0.0,1.0,0.0,0.0,0.0,0.0,0.0,34.0,1.0,20979808.0,284573883.0,21359515.0,32622583.0,780451073.0,1298.0,10752237423.0,0.0,1.0,1.0,0.0,1.0,0.0,0.0,1.0,1.0,1.0,1.0,2.0,1.0,0.0,0.0,0.0,2.0,0.0,0.0,1.0,1.0,3.0,50.0,50.0,1.0,0.0,0.0,0.0,0.0,0.0,0.0,0.0,0.0,0.0,0.0,2.0,2.0,0.0,1.0,1.0,0.0,1.0,0.0,0.0,0.0,0.0,0.0,1.0,0.0,0.0,1.0,0.0,0.0,0.0,1.0,11.0,0.0,0.0,0.0,0.0,0.0,12.0,0.0,0.0,0.0,0.0,0.0,0.0,0.0,0.0,0.0,1.0,1.0,0.0,0.0,0.0,0.0,1.0,1.0,1.0,0.0,0.0,0.0,0.0,0.0,0.0,1.0,1.0,0.0,0.0,0.0,0.0,0.0,1.0,1.0,0.0,1532886835.0,2046.0,2046.0,3981.0,3981.0,4007.0,0.0,154.0,24588.0,23145.0,23099.0,58.0,0.0,0.0,0.0,202.0,0.0,0.0,43.0,47.0,46.0,20.0,41.0,664738208.0,0.0,6748415776.0,94543462144.0,930777280.0,0.0,0.0,1298.0,0.0,0.0,1667.0,92.0,2138.0
1445,0.0,1.0,1.0,0.0,0.0,1113600.0,1.0,854250000.0,1.0,102000000.0,0.8477151393889999,10713.0,1371.0,3353.0,39916.6666667,40500.0,41666.6666667,68.0,25.0,64.0,896.0,5000.0,0.0,25.0,1000000.0,950000.0,1.0,0.0,0.0,10.0,0.0,0.0,100.0,500.0,31476785.0,781438320.0,726106266.0,0.0,0.0,0.0,0.0,0.0,1.0,1.0,1.0,1.0,1.0,0.0,0.0,1.0,0.0,0.0,0.0,0.0,0.0,33.0,1.0,22601607.0,291576572.0,22900960.0,33514392.0,799894242.0,1724.0,10967246811.0,0.0,1.0,1.0,0.0,1.0,0.0,0.0,1.0,1.0,1.0,1.0,2.0,1.0,0.0,0.0,0.0,2.0,0.0,0.0,1.0,1.0,3.0,50.0,50.0,1.0,0.0,0.0,0.0,0.0,0.0,0.0,0.0,0.0,0.0,0.0,2.0,2.0,0.0,1.0,1.0,0.0,1.0,0.0,0.0,0.0,0.0,0.0,1.0,0.0,0.0,1.0,0.0,0.0,0.0,1.0,11.0,0.0,0.0,0.0,0.0,0.0,12.0,0.0,0.0,0.0,0.0,0.0,0.0,0.0,0.0,0.0,1.0,1.0,0.0,0.0,0.0,0.0,1.0,1.0,1.0,0.0,0.0,0.0,0.0,0.0,0.0,1.0,1.0,0.0,0.0,0.0,0.0,0.0,1.0,1.0,0.0,1532188713.0,2386.0,2386.0,4166.0,4166.0,4200.0,0.0,135.0,25313.0,23320.0,23274.0,80.0,0.0,0.0,0.0,171.0,0.0,0.0,43.0,47.0,46.0,17.0,41.0,938414400.0,0.0,6888260928.0,73837058240.0,1154158464.0,0.0,0.0,1724.0,0.0,0.0,2122.0,92.0,2775.0
1446,0.0,1.0,1.0,0.0,0.0,1113600.0,1.0,854250000.0,1.0,102000000.0,0.857746124268,10637.0,1371.0,3277.0,39916.6666667,40666.6666667,41666.6666667,68.0,25.0,64.0,896.0,5000.0,0.0,25.0,1000000.0,950000.0,1.0,0.0,0.0,10.0,0.0,0.0,100.0,500.0,32486987.0,786166850.0,724049094.0,0.0,0.0,0.0,0.0,0.0,1.0,1.0,1.0,1.0,1.0,0.0,0.0,1.0,0.0,0.0,0.0,0.0,0.0,35.0,1.0,21935112.0,296784985.0,22655330.0,33292658.0,808255553.0,1949.0,11132825982.0,0.0,1.0,1.0,0.0,1.0,0.0,0.0,1.0,1.0,1.0,1.0,2.0,1.0,0.0,0.0,0.0,2.0,0.0,0.0,1.0,1.0,3.0,50.0,50.0,1.0,0.0,0.0,0.0,0.0,0.0,0.0,0.0,0.0,0.0,0.0,2.0,2.0,0.0,1.0,1.0,0.0,1.0,0.0,0.0,0.0,0.0,0.0,1.0,0.0,0.0,1.0,0.0,0.0,0.0,1.0,11.0,0.0,0.0,0.0,0.0,0.0,12.0,0.0,0.0,0.0,0.0,0.0,0.0,0.0,0.0,0.0,1.0,1.0,0.0,0.0,0.0,0.0,1.0,1.0,1.0,0.0,0.0,0.0,0.0,0.0,0.0,1.0,1.0,0.0,0.0,0.0,0.0,0.0,1.0,1.0,0.0,1571545507.0,2708.0,2708.0,4192.0,4192.0,4212.0,0.0,175.0,25990.0,23345.0,23298.0,110.0,0.0,0.0,0.0,233.0,0.0,0.0,43.0,48.0,47.0,18.0,41.0,831843392.0,0.0,7134599104.0,94463553152.0,1056052256.0,0.0,0.0,1949.0,0.0,0.0,2387.0,94.0,3035.0
1447,0.0,1.0,1.0,0.0,0.0,1113600.0,1.0,854250000.0,1.0,102000000.0,0.8652191162109999,10713.0,1294.0,3505.0,39833.3333333,40500.0,41833.3333333,68.0,25.0,64.0,896.0,5000.0,0.0,25.0,1000000.0,950000.0,1.0,0.0,0.0,10.0,0.0,0.0,100.0,500.0,30502969.0,773239412.0,697132736.0,0.0,0.0,0.0,0.0,0.0,1.0,1.0,1.0,1.0,1.0,0.0,0.0,1.0,0.0,0.0,0.0,0.0,0.0,29.0,1.0,20231526.0,286930597.0,20437304.0,32587239.0,776025352.0,1702.0,10040307355.0,0.0,1.0,1.0,0.0,1.0,0.0,0.0,1.0,1.0,1.0,1.0,2.0,1.0,0.0,0.0,0.0,2.0,0.0,0.0,1.0,1.0,3.0,50.0,50.0,1.0,0.0,0.0,0.0,0.0,0.0,0.0,0.0,0.0,0.0,0.0,2.0,2.0,0.0,1.0,1.0,0.0,1.0,0.0,0.0,0.0,0.0,0.0,1.0,0.0,0.0,1.0,0.0,0.0,0.0,1.0,11.0,0.0,0.0,0.0,0.0,0.0,12.0,0.0,0.0,0.0,0.0,0.0,0.0,0.0,0.0,0.0,1.0,1.0,0.0,0.0,0.0,0.0,1.0,1.0,1.0,0.0,0.0,0.0,0.0,0.0,0.0,1.0,1.0,0.0,0.0,0.0,0.0,0.0,1.0,1.0,0.0,1550010377.0,2341.0,2341.0,3915.0,3915.0,3942.0,0.0,140.0,24252.0,23257.0,23210.0,94.0,0.0,0.0,0.0,198.0,0.0,0.0,43.0,48.0,47.0,15.0,41.0,698273600.0,0.0,6462300032.0,94579009824.0,856607648.0,0.0,0.0,1702.0,0.0,0.0,2134.0,94.0,2619.0
1448,0.0,1.0,1.0,0.0,0.0,1113600.0,1.0,854250000.0,1.0,102000000.0,0.872330188751,14259.0,1598.0,4420.0,39750.0,40333.3333333,41666.6666667,84.0,25.0,64.0,896.0,5000.0,0.0,25.0,1000000.0,950000.0,1.0,1.0,0.0,10.0,0.0,0.0,100.0,500.0,35945275.0,803884631.0,740968015.0,0.0,0.0,0.0,0.0,0.0,1.0,1.0,1.0,1.0,1.0,0.0,0.0,1.0,0.0,0.0,0.0,0.0,0.0,33.0,1.0,21499692.0,306285077.0,22053168.0,34431675.0,817686414.0,2103.0,11243653981.0,0.0,1.0,1.0,0.0,1.0,0.0,0.0,1.0,1.0,1.0,1.0,2.0,1.0,0.0,0.0,0.0,2.0,0.0,0.0,1.0,1.0,3.0,50.0,50.0,1.0,0.0,0.0,0.0,0.0,0.0,0.0,0.0,0.0,0.0,0.0,2.0,2.0,0.0,1.0,1.0,0.0,1.0,0.0,0.0,0.0,0.0,0.0,1.0,0.0,0.0,1.0,0.0,0.0,0.0,1.0,11.0,0.0,0.0,0.0,0.0,0.0,12.0,0.0,0.0,0.0,0.0,0.0,0.0,0.0,0.0,0.0,1.0,1.0,0.0,0.0,0.0,0.0,1.0,1.0,1.0,0.0,0.0,0.0,0.0,0.0,0.0,1.0,1.0,0.0,0.0,0.0,0.0,0.0,1.0,1.0,0.0,1587399681.0,2902.0,2902.0,4503.0,4503.0,4546.0,0.0,178.0,27205.0,23715.0,23662.0,93.0,0.0,0.0,0.0,236.0,0.0,0.0,49.0,54.0,53.0,20.0,47.0,1263050112.0,0.0,7384037056.0,125685053152.0,1185398240.0,0.0,0.0,2103.0,0.0,0.0,2607.0,106.0,3254.0
1449,0.0,1.0,1.0,0.0,0.0,1113600.0,1.0,854250000.0,1.0,102000000.0,0.882751941681,10562.0,1523.0,3353.0,39583.3333333,40500.0,41500.0,84.0,25.0,64.0,896.0,5000.0,0.0,25.0,1000000.0,950000.0,1.0,1.0,0.0,10.0,0.0,0.0,100.0,500.0,31049841.0,782591362.0,713023876.0,0.0,0.0,0.0,0.0,0.0,1.0,1.0,1.0,1.0,1.0,0.0,0.0,1.0,0.0,0.0,0.0,0.0,0.0,31.0,1.0,23501008.0,284392400.0,23799553.0,33340886.0,793060395.0,1747.0,10905722835.0,0.0,1.0,1.0,0.0,1.0,0.0,0.0,1.0,1.0,1.0,1.0,2.0,1.0,0.0,0.0,0.0,2.0,0.0,0.0,1.0,1.0,3.0,50.0,50.0,1.0,0.0,0.0,0.0,0.0,0.0,0.0,0.0,0.0,0.0,0.0,2.0,2.0,0.0,1.0,1.0,0.0,1.0,0.0,0.0,0.0,0.0,0.0,1.0,0.0,0.0,1.0,0.0,0.0,0.0,1.0,11.0,0.0,0.0,0.0,0.0,0.0,12.0,0.0,0.0,0.0,0.0,0.0,0.0,0.0,0.0,0.0,1.0,1.0,0.0,0.0,0.0,0.0,1.0,1.0,1.0,0.0,0.0,0.0,0.0,0.0,0.0,1.0,1.0,0.0,0.0,0.0,0.0,0.0,1.0,1.0,0.0,1564882364.0,2505.0,2505.0,4217.0,4217.0,4244.0,0.0,143.0,24683.0,23181.0,23135.0,83.0,0.0,0.0,0.0,199.0,0.0,0.0,43.0,47.0,46.0,18.0,41.0,1042916768.0,0.0,6950698304.0,100568593504.0,1129987968.0,0.0,0.0,1747.0,0.0,0.0,2067.0,92.0,2660.0
1450,0.0,1.0,1.0,0.0,0.0,1113600.0,1.0,854250000.0,1.0,102000000.0,0.888992071152,14335.0,1752.0,4572.0,39750.0,40500.0,41750.0,84.0,25.0,64.0,896.0,5000.0,0.0,25.0,1000000.0,950000.0,1.0,1.0,0.0,10.0,0.0,0.0,100.0,500.0,34336225.0,806696780.0,735783591.0,0.0,0.0,0.0,0.0,0.0,1.0,1.0,1.0,1.0,1.0,0.0,0.0,1.0,0.0,0.0,0.0,0.0,0.0,34.0,1.0,22100031.0,298530512.0,22141759.0,36443341.0,826591844.0,1840.0,11088910787.0,0.0,1.0,1.0,0.0,1.0,0.0,0.0,1.0,1.0,1.0,1.0,2.0,1.0,0.0,0.0,0.0,2.0,0.0,0.0,1.0,1.0,3.0,50.0,50.0,1.0,0.0,0.0,0.0,0.0,0.0,0.0,0.0,0.0,0.0,0.0,2.0,2.0,0.0,1.0,1.0,0.0,1.0,0.0,0.0,0.0,0.0,0.0,1.0,0.0,0.0,1.0,0.0,0.0,0.0,1.0,11.0,0.0,0.0,0.0,0.0,0.0,12.0,0.0,0.0,0.0,0.0,0.0,0.0,0.0,0.0,0.0,1.0,1.0,0.0,0.0,0.0,0.0,1.0,1.0,1.0,0.0,0.0,0.0,0.0,0.0,0.0,1.0,1.0,0.0,0.0,0.0,0.0,0.0,1.0,1.0,0.0,1612962894.0,2688.0,2688.0,4352.0,4352.0,4379.0,0.0,183.0,27369.0,23911.0,23852.0,95.0,0.0,0.0,0.0,269.0,0.0,0.0,55.0,60.0,59.0,25.0,53.0,1141152864.0,3775360.0,7236879360.0,129436827776.0,1135419296.0,0.0,0.0,1840.0,0.0,0.0,2346.0,118.0,2919.0
1451,0.0,1.0,0.0,0.0,1.0,1728000.0,1.0,229500000.0,1.0,665600000.0,0.35611200332599996,17190.0,1751.0,5487.0,39750.0,40500.0,41833.3333333,97.0,25.0,64.0,896.0,5000.0,0.0,25.0,1000000.0,950000.0,1.0,0.0,0.0,10.0,0.0,0.0,0.0,100.0,29662783.0,635577150.0,613371929.0,0.0,0.0,0.0,0.0,0.0,1.0,1.0,1.0,1.0,1.0,0.0,0.0,1.0,0.0,0.0,0.0,0.0,0.0,33.0,1.0,15941285.0,285618017.0,15494398.0,29887471.0,654546815.0,1048.0,3169294271.0,0.0,1.0,1.0,0.0,1.0,0.0,0.0,1.0,1.0,1.0,1.0,2.0,1.0,0.0,0.0,0.0,2.0,0.0,0.0,1.0,1.0,3.0,50.0,50.0,1.0,0.0,0.0,0.0,0.0,0.0,0.0,0.0,0.0,0.0,0.0,2.0,2.0,0.0,1.0,1.0,0.0,1.0,0.0,0.0,0.0,0.0,0.0,1.0,0.0,0.0,1.0,0.0,0.0,0.0,1.0,11.0,0.0,0.0,0.0,0.0,0.0,12.0,0.0,0.0,0.0,0.0,0.0,0.0,0.0,0.0,0.0,1.0,1.0,0.0,0.0,0.0,0.0,1.0,1.0,1.0,0.0,0.0,0.0,0.0,0.0,0.0,1.0,1.0,0.0,0.0,0.0,0.0,0.0,1.0,1.0,0.0,1453665838.0,799.0,799.0,1496.0,1496.0,1542.0,0.0,104.0,25905.0,23233.0,23178.0,82.0,0.0,0.0,0.0,126.0,0.0,0.0,49.0,56.0,55.0,19.0,47.0,146895200.0,245760.0,1979649632.0,37097910432.0,240685632.0,0.0,0.0,1048.0,0.0,0.0,1356.0,110.0,1646.0
1452,0.0,1.0,0.0,0.0,1.0,1728000.0,1.0,229500000.0,1.0,665600000.0,0.343382120132,12579.0,1218.0,4115.0,40083.3333333,40666.6666667,42000.0,97.0,25.0,64.0,896.0,5000.0,0.0,25.0,1000000.0,950000.0,1.0,0.0,0.0,10.0,0.0,0.0,0.0,100.0,26028736.0,638022651.0,616649116.0,0.0,0.0,0.0,0.0,0.0,1.0,1.0,1.0,1.0,1.0,0.0,0.0,1.0,0.0,0.0,0.0,0.0,0.0,33.0,1.0,15266795.0,281316629.0,14918318.0,27314729.0,633760496.0,972.0,3041367204.0,0.0,1.0,1.0,0.0,1.0,0.0,0.0,1.0,1.0,1.0,1.0,2.0,1.0,0.0,0.0,0.0,2.0,0.0,0.0,1.0,1.0,3.0,50.0,50.0,1.0,0.0,0.0,0.0,0.0,0.0,0.0,0.0,0.0,0.0,0.0,2.0,2.0,0.0,1.0,1.0,0.0,1.0,0.0,0.0,0.0,0.0,0.0,1.0,0.0,0.0,1.0,0.0,0.0,0.0,1.0,10.0,0.0,0.0,0.0,0.0,0.0,11.0,0.0,0.0,0.0,0.0,0.0,0.0,0.0,0.0,0.0,1.0,1.0,0.0,0.0,0.0,0.0,1.0,1.0,1.0,0.0,0.0,0.0,0.0,0.0,0.0,1.0,1.0,0.0,0.0,0.0,0.0,0.0,1.0,1.0,0.0,1429870491.0,747.0,747.0,1424.0,1424.0,1456.0,0.0,104.0,24574.0,22793.0,22745.0,49.0,0.0,0.0,0.0,104.0,0.0,0.0,43.0,49.0,48.0,15.0,41.0,128034016.0,0.0,1911063584.0,27331426688.0,249328448.0,0.0,0.0,972.0,0.0,0.0,1191.0,96.0,1456.0
1453,0.0,1.0,0.0,0.0,1.0,1728000.0,1.0,229500000.0,1.0,665600000.0,0.338953971863,12579.0,1294.0,3886.0,39750.0,41000.0,42000.0,97.0,25.0,64.0,896.0,5000.0,0.0,25.0,1000000.0,950000.0,1.0,0.0,0.0,10.0,0.0,0.0,0.0,100.0,25866623.0,597796980.0,584264391.0,0.0,0.0,0.0,0.0,0.0,1.0,1.0,1.0,1.0,1.0,0.0,0.0,1.0,0.0,0.0,0.0,0.0,0.0,34.0,1.0,15289126.0,276243185.0,15104282.0,24865874.0,624331941.0,927.0,3019683274.0,0.0,1.0,1.0,0.0,1.0,0.0,0.0,1.0,1.0,1.0,1.0,2.0,1.0,0.0,0.0,0.0,2.0,0.0,0.0,1.0,1.0,3.0,50.0,50.0,1.0,0.0,0.0,0.0,0.0,0.0,0.0,0.0,0.0,0.0,0.0,2.0,2.0,0.0,1.0,1.0,0.0,1.0,0.0,0.0,0.0,0.0,0.0,1.0,0.0,0.0,1.0,0.0,0.0,0.0,1.0,10.0,0.0,0.0,0.0,0.0,0.0,11.0,0.0,0.0,0.0,0.0,0.0,0.0,0.0,0.0,0.0,1.0,1.0,0.0,0.0,0.0,0.0,1.0,1.0,1.0,0.0,0.0,0.0,0.0,0.0,0.0,1.0,1.0,0.0,0.0,0.0,0.0,0.0,1.0,1.0,0.0,1425073505.0,767.0,767.0,1365.0,1365.0,1397.0,0.0,78.0,23408.0,22290.0,22249.0,74.0,0.0,0.0,0.0,99.0,0.0,0.0,37.0,42.0,41.0,13.0,35.0,331325568.0,0.0,1831382208.0,23178282848.0,237850176.0,0.0,0.0,927.0,0.0,0.0,1172.0,82.0,1327.0
1454,0.0,1.0,0.0,0.0,1.0,1728000.0,1.0,229500000.0,1.0,665600000.0,0.35515999793999997,17266.0,1751.0,5488.0,40000.0,40625.0,42000.0,73.0,25.0,64.0,896.0,5000.0,0.0,25.0,1000000.0,950000.0,1.0,1.0,0.0,10.0,0.0,0.0,0.0,100.0,32480261.0,665565092.0,648054125.0,0.0,0.0,0.0,0.0,0.0,1.0,1.0,1.0,1.0,1.0,0.0,0.0,1.0,0.0,0.0,0.0,0.0,0.0,33.0,1.0,15249608.0,298747407.0,15542195.0,34301285.0,671937678.0,1241.0,3291139706.0,0.0,1.0,1.0,0.0,1.0,0.0,0.0,1.0,1.0,1.0,1.0,2.0,1.0,0.0,0.0,0.0,2.0,0.0,0.0,1.0,1.0,3.0,50.0,50.0,1.0,0.0,0.0,0.0,0.0,0.0,0.0,0.0,0.0,0.0,0.0,2.0,2.0,0.0,1.0,1.0,0.0,1.0,0.0,0.0,0.0,0.0,0.0,1.0,0.0,0.0,1.0,0.0,0.0,0.0,1.0,10.0,0.0,0.0,0.0,0.0,0.0,11.0,0.0,0.0,0.0,0.0,0.0,0.0,0.0,0.0,0.0,1.0,1.0,0.0,0.0,0.0,0.0,1.0,1.0,1.0,0.0,0.0,0.0,0.0,0.0,0.0,1.0,1.0,0.0,0.0,0.0,0.0,0.0,1.0,1.0,0.0,1474299036.0,956.0,956.0,1686.0,1686.0,1728.0,0.0,132.0,26983.0,23824.0,23762.0,152.0,0.0,0.0,0.0,141.0,0.0,0.0,55.0,63.0,62.0,20.0,53.0,245361376.0,0.0,2055037152.0,26425620128.0,297979776.0,0.0,0.0,1241.0,0.0,0.0,1661.0,124.0,1967.0
1455,0.0,1.0,0.0,0.0,1.0,1728000.0,1.0,229500000.0,1.0,665600000.0,0.343537092209,12579.0,1218.0,4115.0,39833.3333333,40666.6666667,42000.0,73.0,25.0,64.0,896.0,5000.0,0.0,25.0,1000000.0,950000.0,1.0,1.0,0.0,10.0,0.0,0.0,0.0,100.0,27088026.0,600965034.0,579131165.0,0.0,0.0,0.0,0.0,0.0,1.0,1.0,1.0,1.0,1.0,0.0,0.0,1.0,0.0,0.0,0.0,0.0,0.0,31.0,1.0,15205581.0,276333114.0,15294286.0,28883614.0,615005548.0,876.0,2928643331.0,0.0,1.0,1.0,0.0,1.0,0.0,0.0,1.0,1.0,1.0,1.0,2.0,1.0,0.0,0.0,0.0,2.0,0.0,0.0,1.0,1.0,3.0,50.0,50.0,1.0,0.0,0.0,0.0,0.0,0.0,0.0,0.0,0.0,0.0,0.0,2.0,2.0,0.0,1.0,1.0,0.0,1.0,0.0,0.0,0.0,0.0,0.0,1.0,0.0,0.0,1.0,0.0,0.0,0.0,1.0,10.0,0.0,0.0,0.0,0.0,0.0,11.0,0.0,0.0,0.0,0.0,0.0,0.0,0.0,0.0,0.0,1.0,1.0,0.0,0.0,0.0,0.0,1.0,1.0,1.0,0.0,0.0,0.0,0.0,0.0,0.0,1.0,1.0,0.0,0.0,0.0,0.0,0.0,1.0,1.0,0.0,1380294442.0,800.0,800.0,1452.0,1452.0,1485.0,0.0,87.0,23621.0,22751.0,22703.0,78.0,0.0,0.0,0.0,100.0,0.0,0.0,43.0,49.0,48.0,12.0,41.0,24658624.0,0.0,1881628960.0,33403914720.0,262594880.0,0.0,0.0,876.0,0.0,0.0,1122.0,96.0,1417.0
1456,0.0,1.0,0.0,0.0,1.0,1728000.0,1.0,229500000.0,1.0,665600000.0,0.340644836426,17229.0,1827.0,5411.0,39916.6666667,40666.6666667,42000.0,73.0,25.0,64.0,896.0,5000.0,0.0,25.0,1000000.0,950000.0,1.0,1.0,0.0,10.0,0.0,0.0,0.0,100.0,28030273.0,659106450.0,618308813.0,0.0,0.0,0.0,0.0,0.0,1.0,1.0,1.0,1.0,1.0,0.0,0.0,1.0,0.0,0.0,0.0,0.0,0.0,34.0,1.0,15928180.0,293264230.0,15727912.0,30081934.0,667393464.0,1042.0,3201228478.0,0.0,1.0,1.0,0.0,1.0,0.0,0.0,1.0,1.0,1.0,1.0,2.0,1.0,0.0,0.0,0.0,2.0,0.0,0.0,1.0,1.0,3.0,50.0,50.0,1.0,0.0,0.0,0.0,0.0,0.0,0.0,0.0,0.0,0.0,0.0,2.0,2.0,0.0,1.0,1.0,0.0,1.0,0.0,0.0,0.0,0.0,0.0,1.0,0.0,0.0,1.0,0.0,0.0,0.0,1.0,10.0,0.0,0.0,0.0,0.0,0.0,11.0,0.0,0.0,0.0,0.0,0.0,0.0,0.0,0.0,0.0,1.0,1.0,0.0,0.0,0.0,0.0,1.0,1.0,1.0,0.0,0.0,0.0,0.0,0.0,0.0,1.0,1.0,0.0,0.0,0.0,0.0,0.0,1.0,1.0,0.0,1439943709.0,796.0,796.0,1459.0,1459.0,1501.0,0.0,104.0,25715.0,23092.0,23037.0,80.0,0.0,0.0,0.0,126.0,0.0,0.0,49.0,56.0,55.0,15.0,47.0,346663264.0,0.0,1940612832.0,35494169664.0,304101984.0,0.0,0.0,1042.0,0.0,0.0,1341.0,110.0,1545.0
1457,0.0,1.0,0.0,0.0,1.0,1728000.0,1.0,229500000.0,1.0,665600000.0,0.358998060226,12617.0,1294.0,3962.0,39833.3333333,40833.3333333,42000.0,100.0,25.0,64.0,896.0,5000.0,0.0,25.0,1000000.0,950000.0,1.0,0.0,0.0,10.0,0.0,0.0,0.0,500.0,27460701.0,637944116.0,623583178.0,0.0,0.0,0.0,0.0,0.0,1.0,1.0,1.0,1.0,1.0,0.0,0.0,1.0,0.0,0.0,0.0,0.0,0.0,34.0,1.0,15061548.0,291651895.0,15075112.0,29991912.0,632354293.0,889.0,3056681068.0,0.0,1.0,1.0,0.0,1.0,0.0,0.0,1.0,1.0,1.0,1.0,2.0,1.0,0.0,0.0,0.0,2.0,0.0,0.0,1.0,1.0,3.0,50.0,50.0,1.0,0.0,0.0,0.0,0.0,0.0,0.0,0.0,0.0,0.0,0.0,2.0,2.0,0.0,1.0,1.0,0.0,1.0,0.0,0.0,0.0,0.0,0.0,1.0,0.0,0.0,1.0,0.0,0.0,0.0,1.0,10.0,0.0,0.0,0.0,0.0,0.0,11.0,0.0,0.0,0.0,0.0,0.0,0.0,0.0,0.0,0.0,1.0,1.0,0.0,0.0,0.0,0.0,1.0,1.0,1.0,0.0,0.0,0.0,0.0,0.0,0.0,1.0,1.0,0.0,0.0,0.0,0.0,0.0,1.0,1.0,0.0,1397240146.0,752.0,752.0,1540.0,1540.0,1582.0,0.0,94.0,24146.0,22735.0,22687.0,93.0,0.0,0.0,0.0,116.0,0.0,0.0,43.0,49.0,48.0,11.0,41.0,39365024.0,0.0,1953107264.0,23894577696.0,270368704.0,0.0,0.0,889.0,0.0,0.0,1154.0,96.0,1409.0
1458,0.0,1.0,0.0,0.0,1.0,1728000.0,1.0,229500000.0,1.0,665600000.0,0.341453075409,12770.0,1294.0,3962.0,40083.3333333,40500.0,41833.3333333,100.0,25.0,64.0,896.0,5000.0,0.0,25.0,1000000.0,950000.0,1.0,0.0,0.0,10.0,0.0,0.0,0.0,500.0,25502127.0,636560702.0,618001878.0,0.0,0.0,0.0,0.0,0.0,1.0,1.0,1.0,1.0,1.0,0.0,0.0,1.0,0.0,0.0,0.0,0.0,0.0,35.0,1.0,15291522.0,293298219.0,15040271.0,27517190.0,644754020.0,898.0,3019306524.0,0.0,1.0,1.0,0.0,1.0,0.0,0.0,1.0,1.0,1.0,1.0,2.0,1.0,0.0,0.0,0.0,2.0,0.0,0.0,1.0,1.0,3.0,50.0,50.0,1.0,0.0,0.0,0.0,0.0,0.0,0.0,0.0,0.0,0.0,0.0,2.0,2.0,0.0,1.0,1.0,0.0,1.0,0.0,0.0,0.0,0.0,0.0,1.0,0.0,0.0,1.0,0.0,0.0,0.0,1.0,10.0,0.0,0.0,0.0,0.0,0.0,11.0,0.0,0.0,0.0,0.0,0.0,0.0,0.0,0.0,0.0,1.0,1.0,0.0,0.0,0.0,0.0,1.0,1.0,1.0,0.0,0.0,0.0,0.0,0.0,0.0,1.0,1.0,0.0,0.0,0.0,0.0,0.0,1.0,1.0,0.0,1436635997.0,794.0,794.0,1482.0,1482.0,1517.0,0.0,107.0,24281.0,22753.0,22705.0,49.0,0.0,0.0,0.0,124.0,0.0,0.0,43.0,49.0,48.0,12.0,41.0,338123296.0,0.0,1947065120.0,26060337280.0,237664480.0,0.0,0.0,898.0,0.0,0.0,1202.0,96.0,1457.0
1459,0.0,1.0,0.0,0.0,1.0,1728000.0,1.0,229500000.0,1.0,665600000.0,0.339403152466,12581.0,1218.0,4192.0,40000.0,40833.3333333,42000.0,100.0,25.0,64.0,896.0,5000.0,0.0,25.0,1000000.0,950000.0,1.0,0.0,0.0,10.0,0.0,0.0,0.0,500.0,27937081.0,641173374.0,605687119.0,0.0,0.0,0.0,0.0,0.0,1.0,1.0,1.0,1.0,1.0,0.0,0.0,1.0,0.0,0.0,0.0,0.0,0.0,33.0,1.0,15028186.0,276397810.0,14915841.0,28296711.0,638797951.0,1001.0,2956833793.0,0.0,1.0,1.0,0.0,1.0,0.0,0.0,1.0,1.0,1.0,1.0,2.0,1.0,0.0,0.0,0.0,2.0,0.0,0.0,1.0,1.0,3.0,50.0,50.0,1.0,0.0,0.0,0.0,0.0,0.0,0.0,0.0,0.0,0.0,0.0,2.0,2.0,0.0,1.0,1.0,0.0,1.0,0.0,0.0,0.0,0.0,0.0,1.0,0.0,0.0,1.0,0.0,0.0,0.0,1.0,11.0,0.0,0.0,0.0,0.0,0.0,12.0,0.0,0.0,0.0,0.0,0.0,0.0,0.0,0.0,0.0,1.0,1.0,0.0,0.0,0.0,0.0,1.0,1.0,1.0,0.0,0.0,0.0,0.0,0.0,0.0,1.0,1.0,0.0,0.0,0.0,0.0,0.0,1.0,1.0,0.0,1415306607.0,792.0,792.0,1462.0,1462.0,1503.0,0.0,94.0,23542.0,22837.0,22789.0,238.0,0.0,0.0,0.0,135.0,0.0,0.0,43.0,49.0,48.0,12.0,41.0,460077824.0,0.0,1865295232.0,31222904288.0,266726560.0,0.0,0.0,1001.0,0.0,0.0,1475.0,96.0,1682.0
1460,0.0,1.0,0.0,0.0,1.0,1728000.0,1.0,229500000.0,1.0,665600000.0,0.364383935928,17037.0,1599.0,5487.0,40062.5,40625.0,42000.0,95.0,25.0,64.0,896.0,5000.0,0.0,25.0,1000000.0,950000.0,1.0,1.0,0.0,10.0,0.0,0.0,0.0,500.0,31943997.0,644089617.0,639517210.0,0.0,0.0,0.0,0.0,0.0,1.0,1.0,1.0,1.0,1.0,0.0,0.0,1.0,0.0,0.0,0.0,0.0,0.0,35.0,1.0,16331647.0,317793489.0,16095816.0,30455072.0,641697239.0,1107.0,3289560626.0,0.0,1.0,1.0,0.0,1.0,0.0,0.0,1.0,1.0,1.0,1.0,2.0,1.0,0.0,0.0,0.0,2.0,0.0,0.0,1.0,1.0,3.0,50.0,50.0,1.0,0.0,0.0,0.0,0.0,0.0,0.0,0.0,0.0,0.0,0.0,2.0,2.0,0.0,1.0,1.0,0.0,1.0,0.0,0.0,0.0,0.0,0.0,1.0,0.0,0.0,1.0,0.0,0.0,0.0,1.0,11.0,0.0,0.0,0.0,0.0,0.0,12.0,0.0,0.0,0.0,0.0,0.0,0.0,0.0,0.0,0.0,1.0,1.0,0.0,0.0,0.0,0.0,1.0,1.0,1.0,0.0,0.0,0.0,0.0,0.0,0.0,1.0,1.0,0.0,0.0,0.0,0.0,0.0,1.0,1.0,0.0,1459426234.0,840.0,840.0,1675.0,1675.0,1729.0,0.0,154.0,26971.0,23590.0,23528.0,123.0,0.0,0.0,0.0,153.0,0.0,0.0,55.0,63.0,62.0,12.0,53.0,259984064.0,0.0,2065333536.0,30637650752.0,285464544.0,0.0,0.0,1107.0,0.0,0.0,1498.0,124.0,1822.0
1461,0.0,1.0,0.0,0.0,1.0,1728000.0,1.0,229500000.0,1.0,665600000.0,0.344009160995,12731.0,1294.0,4039.0,40000.0,40500.0,42000.0,95.0,25.0,64.0,896.0,5000.0,0.0,25.0,1000000.0,950000.0,1.0,1.0,0.0,10.0,0.0,0.0,0.0,500.0,29325314.0,629077233.0,619732129.0,0.0,0.0,0.0,0.0,0.0,1.0,1.0,1.0,1.0,1.0,0.0,0.0,1.0,0.0,0.0,0.0,0.0,0.0,34.0,1.0,15339970.0,293474706.0,15503819.0,28999359.0,638090095.0,1055.0,3062428360.0,0.0,1.0,1.0,0.0,1.0,0.0,0.0,1.0,1.0,1.0,1.0,2.0,1.0,0.0,0.0,0.0,2.0,0.0,0.0,1.0,1.0,3.0,50.0,50.0,1.0,0.0,0.0,0.0,0.0,0.0,0.0,0.0,0.0,0.0,0.0,2.0,2.0,0.0,1.0,1.0,0.0,1.0,0.0,0.0,0.0,0.0,0.0,1.0,0.0,0.0,1.0,0.0,0.0,0.0,1.0,10.0,0.0,0.0,0.0,0.0,0.0,11.0,0.0,0.0,0.0,0.0,0.0,0.0,0.0,0.0,0.0,1.0,1.0,0.0,0.0,0.0,0.0,1.0,1.0,1.0,0.0,0.0,0.0,0.0,0.0,0.0,1.0,1.0,0.0,0.0,0.0,0.0,0.0,1.0,1.0,0.0,1463721601.0,809.0,809.0,1451.0,1451.0,1496.0,0.0,90.0,24604.0,22767.0,22719.0,70.0,0.0,0.0,0.0,110.0,0.0,0.0,43.0,49.0,48.0,13.0,41.0,350087296.0,0.0,1912708896.0,30894851968.0,300117056.0,0.0,0.0,1055.0,0.0,0.0,1334.0,96.0,1622.0
1462,0.0,1.0,0.0,0.0,1.0,1728000.0,1.0,229500000.0,1.0,665600000.0,0.340090990067,12617.0,1294.0,4039.0,39916.6666667,40500.0,42000.0,95.0,25.0,64.0,896.0,5000.0,0.0,25.0,1000000.0,950000.0,1.0,1.0,0.0,10.0,0.0,0.0,0.0,500.0,26462098.0,602462234.0,602764193.0,0.0,0.0,0.0,0.0,0.0,1.0,1.0,1.0,1.0,1.0,0.0,0.0,1.0,0.0,0.0,0.0,0.0,0.0,35.0,1.0,15202524.0,280729933.0,14836372.0,27929001.0,625645400.0,845.0,3008821734.0,0.0,1.0,1.0,0.0,1.0,0.0,0.0,1.0,1.0,1.0,1.0,2.0,1.0,0.0,0.0,0.0,2.0,0.0,0.0,1.0,1.0,3.0,50.0,50.0,1.0,0.0,0.0,0.0,0.0,0.0,0.0,0.0,0.0,0.0,0.0,2.0,2.0,0.0,1.0,1.0,0.0,1.0,0.0,0.0,0.0,0.0,0.0,1.0,0.0,0.0,1.0,0.0,0.0,0.0,1.0,10.0,0.0,0.0,0.0,0.0,0.0,11.0,0.0,0.0,0.0,0.0,0.0,0.0,0.0,0.0,0.0,1.0,1.0,0.0,0.0,0.0,0.0,1.0,1.0,1.0,0.0,0.0,0.0,0.0,0.0,0.0,1.0,1.0,0.0,0.0,0.0,0.0,0.0,1.0,1.0,0.0,1425821970.0,716.0,716.0,1504.0,1504.0,1549.0,0.0,92.0,24333.0,22734.0,22686.0,83.0,0.0,0.0,0.0,129.0,0.0,0.0,43.0,49.0,48.0,16.0,41.0,356302304.0,0.0,1926966528.0,32744920608.0,337535296.0,0.0,0.0,845.0,0.0,0.0,1178.0,96.0,1379.0
1463,0.0,1.0,0.0,0.0,1.0,1728000.0,1.0,229500000.0,1.0,665600000.0,0.347327947617,17304.0,1751.0,5640.0,39937.5,40750.0,42000.0,78.0,25.0,64.0,896.0,5000.0,0.0,25.0,1000000.0,950000.0,1.0,0.0,0.0,10.0,0.0,0.0,100.0,100.0,32408205.0,633568319.0,623593417.0,0.0,0.0,0.0,0.0,0.0,1.0,1.0,1.0,1.0,1.0,0.0,0.0,1.0,0.0,0.0,0.0,0.0,0.0,34.0,1.0,15958013.0,292074757.0,15778076.0,32182986.0,651919109.0,1147.0,3241844652.0,0.0,1.0,1.0,0.0,1.0,0.0,0.0,1.0,1.0,1.0,1.0,2.0,1.0,0.0,0.0,0.0,2.0,0.0,0.0,1.0,1.0,3.0,50.0,50.0,1.0,0.0,0.0,0.0,0.0,0.0,0.0,0.0,0.0,0.0,0.0,2.0,2.0,0.0,1.0,1.0,0.0,1.0,0.0,0.0,0.0,0.0,0.0,1.0,0.0,0.0,1.0,0.0,0.0,0.0,1.0,10.0,0.0,0.0,0.0,0.0,0.0,11.0,0.0,0.0,0.0,0.0,0.0,0.0,0.0,0.0,0.0,1.0,1.0,0.0,0.0,0.0,0.0,1.0,1.0,1.0,0.0,0.0,0.0,0.0,0.0,0.0,1.0,1.0,0.0,0.0,0.0,0.0,0.0,1.0,1.0,0.0,1464163380.0,819.0,819.0,1599.0,1599.0,1647.0,0.0,131.0,26739.0,23618.0,23556.0,124.0,0.0,0.0,0.0,150.0,0.0,0.0,55.0,63.0,62.0,19.0,53.0,268478944.0,75648.0,2058073696.0,31693861344.0,255146016.0,0.0,0.0,1147.0,0.0,0.0,1474.0,124.0,1740.0
1464,0.0,1.0,0.0,0.0,1.0,1728000.0,1.0,229500000.0,1.0,665600000.0,0.33911204338100004,12617.0,1294.0,4039.0,39916.6666667,40666.6666667,42000.0,78.0,25.0,64.0,896.0,5000.0,0.0,25.0,1000000.0,950000.0,1.0,0.0,0.0,10.0,0.0,0.0,100.0,100.0,27695147.0,624562288.0,612537857.0,0.0,0.0,0.0,0.0,0.0,1.0,1.0,1.0,1.0,1.0,0.0,0.0,1.0,0.0,0.0,0.0,0.0,0.0,35.0,1.0,15347759.0,294950291.0,15464925.0,27570247.0,629561280.0,979.0,3038834251.0,0.0,1.0,1.0,0.0,1.0,0.0,0.0,1.0,1.0,1.0,1.0,2.0,1.0,0.0,0.0,0.0,2.0,0.0,0.0,1.0,1.0,3.0,50.0,50.0,1.0,0.0,0.0,0.0,0.0,0.0,0.0,0.0,0.0,0.0,0.0,2.0,2.0,0.0,1.0,1.0,0.0,1.0,0.0,0.0,0.0,0.0,0.0,1.0,0.0,0.0,1.0,0.0,0.0,0.0,1.0,11.0,0.0,0.0,0.0,0.0,0.0,12.0,0.0,0.0,0.0,0.0,0.0,0.0,0.0,0.0,0.0,1.0,1.0,0.0,0.0,0.0,0.0,1.0,1.0,1.0,0.0,0.0,0.0,0.0,0.0,0.0,1.0,1.0,0.0,0.0,0.0,0.0,0.0,1.0,1.0,0.0,1395419598.0,752.0,752.0,1432.0,1432.0,1465.0,0.0,100.0,24405.0,22709.0,22661.0,66.0,0.0,0.0,0.0,112.0,0.0,0.0,43.0,49.0,48.0,19.0,41.0,129471520.0,0.0,1886967616.0,23331872384.0,250217824.0,0.0,0.0,979.0,0.0,0.0,1285.0,96.0,1525.0
1465,0.0,1.0,0.0,0.0,1.0,1728000.0,1.0,229500000.0,1.0,665600000.0,0.341503858566,12693.0,1294.0,4039.0,39916.6666667,40666.6666667,42000.0,78.0,25.0,64.0,896.0,5000.0,0.0,25.0,1000000.0,950000.0,1.0,0.0,0.0,10.0,0.0,0.0,100.0,100.0,28155130.0,610352116.0,612819432.0,0.0,0.0,0.0,0.0,0.0,1.0,1.0,1.0,1.0,1.0,0.0,0.0,1.0,0.0,0.0,0.0,0.0,0.0,34.0,1.0,15219326.0,288797903.0,15165360.0,27349831.0,621448178.0,852.0,3025436640.0,0.0,1.0,1.0,0.0,1.0,0.0,0.0,1.0,1.0,1.0,1.0,2.0,1.0,0.0,0.0,0.0,2.0,0.0,0.0,1.0,1.0,3.0,50.0,50.0,1.0,0.0,0.0,0.0,0.0,0.0,0.0,0.0,0.0,0.0,0.0,2.0,2.0,0.0,1.0,1.0,0.0,1.0,0.0,0.0,0.0,0.0,0.0,1.0,0.0,0.0,1.0,0.0,0.0,0.0,1.0,10.0,0.0,0.0,0.0,0.0,0.0,11.0,0.0,0.0,0.0,0.0,0.0,0.0,0.0,0.0,0.0,1.0,1.0,0.0,0.0,0.0,0.0,1.0,1.0,1.0,0.0,0.0,0.0,0.0,0.0,0.0,1.0,1.0,0.0,0.0,0.0,0.0,0.0,1.0,1.0,0.0,1370987514.0,726.0,726.0,1463.0,1463.0,1500.0,0.0,97.0,24286.0,22653.0,22605.0,70.0,0.0,0.0,0.0,114.0,0.0,0.0,43.0,49.0,48.0,14.0,41.0,335475520.0,0.0,1895704512.0,45294091360.0,264932832.0,0.0,0.0,852.0,0.0,0.0,1123.0,96.0,1342.0
1466,0.0,1.0,0.0,0.0,1.0,1728000.0,1.0,229500000.0,1.0,665600000.0,0.35501599311800003,12731.0,1142.0,4192.0,39916.6666667,41000.0,42000.0,82.0,25.0,64.0,896.0,5000.0,0.0,25.0,1000000.0,950000.0,1.0,1.0,0.0,10.0,0.0,0.0,100.0,100.0,28134780.0,618013170.0,601880536.0,0.0,0.0,0.0,0.0,0.0,1.0,1.0,1.0,1.0,1.0,0.0,0.0,1.0,0.0,0.0,0.0,0.0,0.0,34.0,1.0,15265427.0,275023516.0,15211068.0,27582661.0,623834688.0,961.0,3053253249.0,0.0,1.0,1.0,0.0,1.0,0.0,0.0,1.0,1.0,1.0,1.0,2.0,1.0,0.0,0.0,0.0,2.0,0.0,0.0,1.0,1.0,3.0,50.0,50.0,1.0,0.0,0.0,0.0,0.0,0.0,0.0,0.0,0.0,0.0,0.0,2.0,2.0,0.0,1.0,1.0,0.0,1.0,0.0,0.0,0.0,0.0,0.0,1.0,0.0,0.0,1.0,0.0,0.0,0.0,1.0,10.0,0.0,0.0,0.0,0.0,0.0,11.0,0.0,0.0,0.0,0.0,0.0,0.0,0.0,0.0,0.0,1.0,1.0,0.0,0.0,0.0,0.0,1.0,1.0,1.0,0.0,0.0,0.0,0.0,0.0,0.0,1.0,1.0,0.0,0.0,0.0,0.0,0.0,1.0,1.0,0.0,1406868303.0,774.0,774.0,1408.0,1408.0,1451.0,0.0,98.0,23583.0,22839.0,22791.0,101.0,0.0,0.0,0.0,130.0,0.0,0.0,43.0,49.0,48.0,12.0,41.0,340824000.0,0.0,1876385440.0,25013103904.0,182428672.0,0.0,0.0,961.0,0.0,0.0,1318.0,96.0,1571.0
1467,0.0,1.0,0.0,0.0,1.0,1728000.0,1.0,229500000.0,1.0,665600000.0,0.342980861664,12503.0,1218.0,3734.0,40000.0,40666.6666667,42000.0,82.0,25.0,64.0,896.0,5000.0,0.0,25.0,1000000.0,950000.0,1.0,1.0,0.0,10.0,0.0,0.0,100.0,100.0,28431623.0,620304933.0,595663122.0,0.0,0.0,0.0,0.0,0.0,1.0,1.0,1.0,1.0,1.0,0.0,0.0,1.0,0.0,0.0,0.0,0.0,0.0,34.0,1.0,15450903.0,278626473.0,15076266.0,27643747.0,634610475.0,884.0,3051495763.0,0.0,1.0,1.0,0.0,1.0,0.0,0.0,1.0,1.0,1.0,1.0,2.0,1.0,0.0,0.0,0.0,2.0,0.0,0.0,1.0,1.0,3.0,50.0,50.0,1.0,0.0,0.0,0.0,0.0,0.0,0.0,0.0,0.0,0.0,0.0,2.0,2.0,0.0,1.0,1.0,0.0,1.0,0.0,0.0,0.0,0.0,0.0,1.0,0.0,0.0,1.0,0.0,0.0,0.0,1.0,10.0,0.0,0.0,0.0,0.0,0.0,11.0,0.0,0.0,0.0,0.0,0.0,0.0,0.0,0.0,0.0,1.0,1.0,0.0,0.0,0.0,0.0,1.0,1.0,1.0,0.0,0.0,0.0,0.0,0.0,0.0,1.0,1.0,0.0,0.0,0.0,0.0,0.0,1.0,1.0,0.0,1442121596.0,774.0,774.0,1512.0,1512.0,1542.0,0.0,106.0,24346.0,22562.0,22514.0,103.0,0.0,0.0,0.0,116.0,0.0,0.0,43.0,49.0,48.0,9.0,41.0,45429664.0,0.0,1963323680.0,27292790336.0,215532032.0,0.0,0.0,884.0,0.0,0.0,1135.0,96.0,1383.0
1468,0.0,1.0,0.0,0.0,1.0,1728000.0,1.0,229500000.0,1.0,665600000.0,0.338895082474,12805.0,1370.0,4039.0,40000.0,41000.0,42000.0,82.0,25.0,64.0,896.0,5000.0,0.0,25.0,1000000.0,950000.0,1.0,1.0,0.0,10.0,0.0,0.0,100.0,100.0,28547074.0,628668047.0,617528684.0,0.0,0.0,0.0,0.0,0.0,1.0,1.0,1.0,1.0,1.0,0.0,0.0,1.0,0.0,0.0,0.0,0.0,0.0,29.0,1.0,15368751.0,299086935.0,15296956.0,27571419.0,638640804.0,844.0,2944640499.0,0.0,1.0,1.0,0.0,1.0,0.0,0.0,1.0,1.0,1.0,1.0,2.0,1.0,0.0,0.0,0.0,2.0,0.0,0.0,1.0,1.0,3.0,50.0,50.0,1.0,0.0,0.0,0.0,0.0,0.0,0.0,0.0,0.0,0.0,0.0,2.0,2.0,0.0,1.0,1.0,0.0,1.0,0.0,0.0,0.0,0.0,0.0,1.0,0.0,0.0,1.0,0.0,0.0,0.0,1.0,10.0,0.0,0.0,0.0,0.0,0.0,11.0,0.0,0.0,0.0,0.0,0.0,0.0,0.0,0.0,0.0,1.0,1.0,0.0,0.0,0.0,0.0,1.0,1.0,1.0,0.0,0.0,0.0,0.0,0.0,0.0,1.0,1.0,0.0,0.0,0.0,0.0,0.0,1.0,1.0,0.0,1410970217.0,734.0,734.0,1414.0,1414.0,1458.0,0.0,95.0,24283.0,22706.0,22658.0,45.0,0.0,0.0,0.0,125.0,0.0,0.0,43.0,49.0,48.0,13.0,41.0,218325728.0,0.0,1866029824.0,23078173248.0,175964096.0,0.0,0.0,844.0,0.0,0.0,1116.0,96.0,1320.0
1469,0.0,1.0,0.0,0.0,1.0,1728000.0,1.0,229500000.0,1.0,665600000.0,0.35239911079400005,12655.0,1218.0,3886.0,39916.6666667,40500.0,42000.0,95.0,25.0,64.0,896.0,5000.0,0.0,25.0,1000000.0,950000.0,1.0,0.0,0.0,10.0,0.0,0.0,100.0,500.0,28444662.0,623950618.0,607598553.0,0.0,0.0,0.0,0.0,0.0,1.0,1.0,1.0,1.0,1.0,0.0,0.0,1.0,0.0,0.0,0.0,0.0,0.0,31.0,1.0,15545110.0,289162475.0,15286778.0,28521818.0,621225022.0,851.0,2957680814.0,0.0,1.0,1.0,0.0,1.0,0.0,0.0,1.0,1.0,1.0,1.0,2.0,1.0,0.0,0.0,0.0,2.0,0.0,0.0,1.0,1.0,3.0,50.0,50.0,1.0,0.0,0.0,0.0,0.0,0.0,0.0,0.0,0.0,0.0,0.0,2.0,2.0,0.0,1.0,1.0,0.0,1.0,0.0,0.0,0.0,0.0,0.0,1.0,0.0,0.0,1.0,0.0,0.0,0.0,1.0,10.0,0.0,0.0,0.0,0.0,0.0,11.0,0.0,0.0,0.0,0.0,0.0,0.0,0.0,0.0,0.0,1.0,1.0,0.0,0.0,0.0,0.0,1.0,1.0,1.0,0.0,0.0,0.0,0.0,0.0,0.0,1.0,1.0,0.0,0.0,0.0,0.0,0.0,1.0,1.0,0.0,1380175670.0,703.0,703.0,1480.0,1480.0,1514.0,0.0,106.0,24954.0,22882.0,22834.0,95.0,0.0,0.0,0.0,124.0,0.0,0.0,43.0,49.0,48.0,10.0,41.0,436738752.0,0.0,1952691840.0,30242890656.0,280588128.0,0.0,0.0,851.0,0.0,0.0,1209.0,96.0,1464.0
1470,0.0,1.0,0.0,0.0,1.0,1728000.0,1.0,229500000.0,1.0,665600000.0,0.344696998596,17190.0,1751.0,5487.0,40000.0,40666.6666667,42000.0,95.0,25.0,64.0,896.0,5000.0,0.0,25.0,1000000.0,950000.0,1.0,0.0,0.0,10.0,0.0,0.0,100.0,500.0,29473255.0,629562906.0,618308139.0,0.0,0.0,0.0,0.0,0.0,1.0,1.0,1.0,1.0,1.0,0.0,0.0,1.0,0.0,0.0,0.0,0.0,0.0,35.0,1.0,15221124.0,291514392.0,15245441.0,28515911.0,641031214.0,959.0,3107232132.0,0.0,1.0,1.0,0.0,1.0,0.0,0.0,1.0,1.0,1.0,1.0,2.0,1.0,0.0,0.0,0.0,2.0,0.0,0.0,1.0,1.0,3.0,50.0,50.0,1.0,0.0,0.0,0.0,0.0,0.0,0.0,0.0,0.0,0.0,0.0,2.0,2.0,0.0,1.0,1.0,0.0,1.0,0.0,0.0,0.0,0.0,0.0,1.0,0.0,0.0,1.0,0.0,0.0,0.0,1.0,10.0,0.0,0.0,0.0,0.0,0.0,11.0,0.0,0.0,0.0,0.0,0.0,0.0,0.0,0.0,0.0,1.0,1.0,0.0,0.0,0.0,0.0,1.0,1.0,1.0,0.0,0.0,0.0,0.0,0.0,0.0,1.0,1.0,0.0,0.0,0.0,0.0,0.0,1.0,1.0,0.0,1414855056.0,764.0,764.0,1426.0,1426.0,1462.0,0.0,107.0,25378.0,23223.0,23168.0,65.0,0.0,0.0,0.0,120.0,0.0,0.0,49.0,56.0,55.0,18.0,47.0,336763744.0,0.0,1938212992.0,32885259072.0,237796512.0,0.0,0.0,959.0,0.0,0.0,1273.0,110.0,1527.0
1471,0.0,1.0,0.0,0.0,1.0,1728000.0,1.0,229500000.0,1.0,665600000.0,0.340565919876,12543.0,1294.0,3734.0,39875.0,40500.0,42000.0,95.0,25.0,64.0,896.0,5000.0,0.0,25.0,1000000.0,950000.0,1.0,0.0,0.0,10.0,0.0,0.0,100.0,500.0,26104922.0,608454487.0,584288714.0,0.0,0.0,0.0,0.0,0.0,1.0,1.0,1.0,1.0,1.0,0.0,0.0,1.0,0.0,0.0,0.0,0.0,0.0,35.0,1.0,14897255.0,264875248.0,14663295.0,27264757.0,612646219.0,781.0,2884356748.0,0.0,1.0,1.0,0.0,1.0,0.0,0.0,1.0,1.0,1.0,1.0,2.0,1.0,0.0,0.0,0.0,2.0,0.0,0.0,1.0,1.0,3.0,50.0,50.0,1.0,0.0,0.0,0.0,0.0,0.0,0.0,0.0,0.0,0.0,0.0,2.0,2.0,0.0,1.0,1.0,0.0,1.0,0.0,0.0,0.0,0.0,0.0,1.0,0.0,0.0,1.0,0.0,0.0,0.0,1.0,11.0,0.0,0.0,0.0,0.0,0.0,12.0,0.0,0.0,0.0,0.0,0.0,0.0,0.0,0.0,0.0,1.0,1.0,0.0,0.0,0.0,0.0,1.0,1.0,1.0,0.0,0.0,0.0,0.0,0.0,0.0,1.0,1.0,0.0,0.0,0.0,0.0,0.0,1.0,1.0,0.0,1362195783.0,749.0,749.0,1497.0,1497.0,1531.0,0.0,88.0,22849.0,22189.0,22148.0,84.0,0.0,0.0,0.0,94.0,0.0,0.0,37.0,42.0,41.0,7.0,35.0,342493696.0,0.0,1888552896.0,41980285376.0,206073504.0,0.0,0.0,781.0,0.0,0.0,1036.0,82.0,1203.0
1472,0.0,1.0,0.0,0.0,1.0,1728000.0,1.0,229500000.0,1.0,665600000.0,0.355413913727,17228.0,1675.0,5564.0,40000.0,40625.0,42000.0,78.0,25.0,64.0,896.0,5000.0,0.0,25.0,1000000.0,950000.0,1.0,1.0,0.0,10.0,0.0,0.0,100.0,500.0,30964803.0,646759778.0,631459717.0,0.0,0.0,0.0,0.0,0.0,1.0,1.0,1.0,1.0,1.0,0.0,0.0,1.0,0.0,0.0,0.0,0.0,0.0,34.0,1.0,15742207.0,295786323.0,15811261.0,32301188.0,655414917.0,1168.0,3269859466.0,0.0,1.0,1.0,0.0,1.0,0.0,0.0,1.0,1.0,1.0,1.0,2.0,1.0,0.0,0.0,0.0,2.0,0.0,0.0,1.0,1.0,3.0,50.0,50.0,1.0,0.0,0.0,0.0,0.0,0.0,0.0,0.0,0.0,0.0,0.0,2.0,2.0,0.0,1.0,1.0,0.0,1.0,0.0,0.0,0.0,0.0,0.0,1.0,0.0,0.0,1.0,0.0,0.0,0.0,1.0,10.0,0.0,0.0,0.0,0.0,0.0,11.0,0.0,0.0,0.0,0.0,0.0,0.0,0.0,0.0,0.0,1.0,1.0,0.0,0.0,0.0,0.0,1.0,1.0,1.0,0.0,0.0,0.0,0.0,0.0,0.0,1.0,1.0,0.0,0.0,0.0,0.0,0.0,1.0,1.0,0.0,1443649928.0,834.0,834.0,1580.0,1580.0,1626.0,0.0,135.0,26801.0,23592.0,23530.0,68.0,0.0,0.0,0.0,151.0,0.0,0.0,55.0,63.0,62.0,15.0,53.0,145974240.0,0.0,2005394144.0,36568475008.0,257323392.0,0.0,0.0,1168.0,0.0,0.0,1523.0,124.0,1821.0
1473,0.0,1.0,0.0,0.0,1.0,1728000.0,1.0,229500000.0,1.0,665600000.0,0.341933965683,17304.0,1751.0,5640.0,40062.5,40625.0,42000.0,78.0,25.0,64.0,896.0,5000.0,0.0,25.0,1000000.0,950000.0,1.0,1.0,0.0,10.0,0.0,0.0,100.0,500.0,33051028.0,643589096.0,637902518.0,0.0,0.0,0.0,0.0,0.0,1.0,1.0,1.0,1.0,1.0,0.0,0.0,1.0,0.0,0.0,0.0,0.0,0.0,34.0,1.0,15791426.0,299893000.0,15902413.0,32204026.0,642843861.0,1113.0,3322623192.0,0.0,1.0,1.0,0.0,1.0,0.0,0.0,1.0,1.0,1.0,1.0,2.0,1.0,0.0,0.0,0.0,2.0,0.0,0.0,1.0,1.0,3.0,50.0,50.0,1.0,0.0,0.0,0.0,0.0,0.0,0.0,0.0,0.0,0.0,0.0,2.0,2.0,0.0,1.0,1.0,0.0,1.0,0.0,0.0,0.0,0.0,0.0,1.0,0.0,0.0,1.0,0.0,0.0,0.0,1.0,10.0,0.0,0.0,0.0,0.0,0.0,11.0,0.0,0.0,0.0,0.0,0.0,0.0,0.0,0.0,0.0,1.0,1.0,0.0,0.0,0.0,0.0,1.0,1.0,1.0,0.0,0.0,0.0,0.0,0.0,0.0,1.0,1.0,0.0,0.0,0.0,0.0,0.0,1.0,1.0,0.0,1455997540.0,912.0,912.0,1581.0,1581.0,1626.0,0.0,112.0,26887.0,23551.0,23489.0,77.0,0.0,0.0,0.0,135.0,0.0,0.0,55.0,63.0,62.0,15.0,53.0,249640288.0,0.0,2062995616.0,24661372544.0,259204160.0,0.0,0.0,1113.0,0.0,0.0,1469.0,124.0,1665.0
1474,0.0,1.0,0.0,0.0,1.0,1728000.0,1.0,229500000.0,1.0,665600000.0,0.33976697921800003,17190.0,1827.0,5258.0,40083.3333333,40666.6666667,42000.0,78.0,25.0,64.0,896.0,5000.0,0.0,25.0,1000000.0,950000.0,1.0,1.0,0.0,10.0,0.0,0.0,100.0,500.0,31427421.0,635477416.0,615613686.0,0.0,0.0,0.0,0.0,0.0,1.0,1.0,1.0,1.0,1.0,0.0,0.0,1.0,0.0,0.0,0.0,0.0,0.0,32.0,1.0,15262807.0,311416643.0,14902063.0,31831710.0,617032368.0,1034.0,2951797289.0,0.0,1.0,1.0,0.0,1.0,0.0,0.0,1.0,1.0,1.0,1.0,2.0,1.0,0.0,0.0,0.0,2.0,0.0,0.0,1.0,1.0,3.0,50.0,50.0,1.0,0.0,0.0,0.0,0.0,0.0,0.0,0.0,0.0,0.0,0.0,2.0,2.0,0.0,1.0,1.0,0.0,1.0,0.0,0.0,0.0,0.0,0.0,1.0,0.0,0.0,1.0,0.0,0.0,0.0,1.0,10.0,0.0,0.0,0.0,0.0,0.0,11.0,0.0,0.0,0.0,0.0,0.0,0.0,0.0,0.0,0.0,1.0,1.0,0.0,0.0,0.0,0.0,1.0,1.0,1.0,0.0,0.0,0.0,0.0,0.0,0.0,1.0,1.0,0.0,0.0,0.0,0.0,0.0,1.0,1.0,0.0,1427760827.0,890.0,890.0,1576.0,1576.0,1622.0,0.0,106.0,25254.0,22994.0,22939.0,62.0,0.0,0.0,0.0,126.0,0.0,0.0,49.0,56.0,55.0,11.0,47.0,346718528.0,0.0,1985860224.0,209713263584.0,228529216.0,0.0,0.0,1034.0,0.0,0.0,1273.0,110.0,1551.0
1475,0.0,1.0,1.0,1.0,0.0,806400.0,1.0,943500000.0,1.0,68000000.0,1.64810419083,14413.0,2056.0,4344.0,39750.0,40583.3333333,41750.0,77.0,25.0,64.0,896.0,5000.0,0.0,25.0,1000000.0,950000.0,1.0,0.0,0.0,10.0,0.0,0.0,0.0,100.0,39093938.0,889651077.0,788363450.0,0.0,0.0,0.0,0.0,0.0,1.0,1.0,1.0,1.0,1.0,0.0,0.0,1.0,0.0,0.0,0.0,0.0,0.0,31.0,1.0,28422405.0,310828303.0,29691287.0,42562394.0,894217734.0,1647.0,17980745862.0,0.0,1.0,1.0,0.0,1.0,0.0,0.0,1.0,1.0,1.0,1.0,2.0,1.0,0.0,0.0,0.0,2.0,0.0,0.0,1.0,1.0,3.0,50.0,50.0,1.0,0.0,0.0,0.0,0.0,0.0,0.0,0.0,0.0,0.0,0.0,2.0,2.0,0.0,1.0,1.0,0.0,1.0,0.0,0.0,0.0,0.0,0.0,1.0,0.0,0.0,1.0,0.0,0.0,0.0,1.0,11.0,0.0,0.0,0.0,0.0,0.0,12.0,0.0,0.0,0.0,0.0,0.0,0.0,0.0,0.0,0.0,1.0,1.0,0.0,0.0,0.0,0.0,1.0,1.0,1.0,0.0,0.0,0.0,0.0,0.0,0.0,1.0,1.0,0.0,0.0,0.0,0.0,0.0,1.0,1.0,0.0,1705468062.0,3622.0,3622.0,7223.0,7223.0,7248.0,0.0,245.0,29560.0,24873.0,24802.0,119.0,0.0,0.0,0.0,416.0,0.0,0.0,67.0,72.0,71.0,30.0,65.0,1235596000.0,0.0,12746286784.0,142274299264.0,1170267776.0,0.0,0.0,1647.0,0.0,0.0,2296.0,142.0,3052.0
1476,0.0,1.0,1.0,1.0,0.0,806400.0,1.0,943500000.0,1.0,68000000.0,1.6115829944600002,20207.0,2361.0,5487.0,40000.0,40833.3333333,41666.6666667,77.0,25.0,64.0,896.0,5000.0,0.0,25.0,1000000.0,950000.0,1.0,0.0,0.0,10.0,0.0,0.0,0.0,100.0,38397535.0,900256859.0,796808842.0,0.0,0.0,0.0,0.0,0.0,1.0,1.0,1.0,1.0,1.0,0.0,0.0,1.0,0.0,0.0,0.0,0.0,0.0,35.0,1.0,28471163.0,314457219.0,29884419.0,41565635.0,932302501.0,1905.0,19022512338.0,0.0,1.0,1.0,0.0,1.0,0.0,0.0,1.0,1.0,1.0,1.0,2.0,1.0,0.0,0.0,0.0,2.0,0.0,0.0,1.0,1.0,3.0,50.0,50.0,1.0,0.0,0.0,0.0,0.0,0.0,0.0,0.0,0.0,0.0,0.0,2.0,2.0,0.0,1.0,1.0,0.0,1.0,0.0,0.0,0.0,0.0,0.0,1.0,0.0,0.0,1.0,0.0,0.0,0.0,1.0,11.0,0.0,0.0,0.0,0.0,0.0,12.0,0.0,0.0,0.0,0.0,0.0,0.0,0.0,0.0,0.0,1.0,1.0,0.0,0.0,0.0,0.0,1.0,1.0,1.0,0.0,0.0,0.0,0.0,0.0,0.0,1.0,1.0,0.0,0.0,0.0,0.0,0.0,1.0,1.0,0.0,1747072272.0,3792.0,3792.0,7452.0,7452.0,7476.0,0.0,227.0,28840.0,24708.0,24643.0,169.0,0.0,0.0,0.0,397.0,0.0,0.0,61.0,66.0,65.0,25.0,59.0,1152639968.0,0.0,13166548256.0,178916892640.0,1478065760.0,0.0,0.0,1905.0,0.0,0.0,2452.0,130.0,3240.0
1477,0.0,1.0,1.0,1.0,0.0,806400.0,1.0,943500000.0,1.0,68000000.0,1.62300181389,17613.0,2361.0,5335.0,39875.0,40500.0,41750.0,77.0,25.0,64.0,896.0,5000.0,0.0,25.0,1000000.0,950000.0,1.0,0.0,0.0,10.0,0.0,0.0,0.0,100.0,37971602.0,886416965.0,794967251.0,0.0,0.0,0.0,0.0,0.0,1.0,1.0,1.0,1.0,1.0,0.0,0.0,1.0,0.0,0.0,0.0,0.0,0.0,32.0,1.0,26574295.0,324325540.0,27939378.0,41914792.0,913819084.0,1954.0,18173956571.0,0.0,1.0,1.0,0.0,1.0,0.0,0.0,1.0,1.0,1.0,1.0,2.0,1.0,0.0,0.0,0.0,2.0,0.0,0.0,1.0,1.0,3.0,50.0,50.0,1.0,0.0,0.0,0.0,0.0,0.0,0.0,0.0,0.0,0.0,0.0,2.0,2.0,0.0,1.0,1.0,0.0,1.0,0.0,0.0,0.0,0.0,0.0,1.0,0.0,0.0,1.0,0.0,0.0,0.0,1.0,11.0,0.0,0.0,0.0,0.0,0.0,12.0,0.0,0.0,0.0,0.0,0.0,0.0,0.0,0.0,0.0,1.0,1.0,0.0,0.0,0.0,0.0,1.0,1.0,1.0,0.0,0.0,0.0,0.0,0.0,0.0,1.0,1.0,0.0,0.0,0.0,0.0,0.0,1.0,1.0,0.0,1725873973.0,3916.0,3916.0,7213.0,7213.0,7240.0,0.0,255.0,29661.0,24861.0,24796.0,96.0,0.0,0.0,0.0,420.0,0.0,0.0,61.0,66.0,65.0,27.0,59.0,1453815904.0,0.0,12794696352.0,159346654400.0,1135358720.0,0.0,0.0,1954.0,0.0,0.0,2770.0,130.0,3468.0
1478,0.0,1.0,1.0,1.0,0.0,806400.0,1.0,943500000.0,1.0,68000000.0,1.60805678368,17042.0,2133.0,4878.0,39550.0,40400.0,41500.0,96.0,25.0,64.0,896.0,5000.0,0.0,25.0,1000000.0,950000.0,1.0,1.0,0.0,10.0,0.0,0.0,0.0,100.0,41819420.0,899736133.0,806922594.0,0.0,0.0,0.0,0.0,0.0,1.0,1.0,1.0,1.0,1.0,0.0,0.0,1.0,0.0,0.0,0.0,0.0,0.0,33.0,1.0,28005342.0,312948802.0,28034897.0,43096755.0,928761050.0,1847.0,18871068220.0,0.0,1.0,1.0,0.0,1.0,0.0,0.0,1.0,1.0,1.0,1.0,2.0,1.0,0.0,0.0,0.0,2.0,0.0,0.0,1.0,1.0,3.0,50.0,50.0,1.0,0.0,0.0,0.0,0.0,0.0,0.0,0.0,0.0,0.0,0.0,2.0,2.0,0.0,1.0,1.0,0.0,1.0,0.0,0.0,0.0,0.0,0.0,1.0,0.0,0.0,1.0,0.0,0.0,0.0,1.0,11.0,0.0,0.0,0.0,0.0,0.0,12.0,0.0,0.0,0.0,0.0,0.0,0.0,0.0,0.0,0.0,1.0,1.0,0.0,0.0,0.0,0.0,1.0,1.0,1.0,0.0,0.0,0.0,0.0,0.0,0.0,1.0,1.0,0.0,0.0,0.0,0.0,0.0,1.0,1.0,0.0,1733134934.0,3751.0,3751.0,7397.0,7397.0,7426.0,0.0,276.0,30400.0,25102.0,25030.0,108.0,0.0,0.0,0.0,464.0,0.0,0.0,67.0,73.0,72.0,24.0,65.0,1240051840.0,0.0,13136749536.0,156222969312.0,1503634688.0,0.0,0.0,1847.0,0.0,0.0,2505.0,144.0,3324.0
1479,0.0,1.0,1.0,1.0,0.0,806400.0,1.0,943500000.0,1.0,68000000.0,1.76680207253,17727.0,2209.0,5259.0,39750.0,40500.0,41625.0,96.0,25.0,64.0,896.0,5000.0,0.0,25.0,1000000.0,950000.0,1.0,1.0,0.0,10.0,0.0,0.0,0.0,100.0,39904485.0,872137744.0,783565744.0,0.0,0.0,0.0,0.0,0.0,1.0,1.0,1.0,1.0,1.0,0.0,0.0,1.0,0.0,0.0,0.0,0.0,0.0,35.0,1.0,29368400.0,302978698.0,29785944.0,39918825.0,890748361.0,1888.0,18203149375.0,0.0,1.0,1.0,0.0,1.0,0.0,0.0,1.0,1.0,1.0,1.0,2.0,1.0,0.0,0.0,0.0,2.0,0.0,0.0,1.0,1.0,3.0,50.0,50.0,1.0,0.0,0.0,0.0,0.0,0.0,0.0,0.0,0.0,0.0,0.0,2.0,2.0,0.0,1.0,1.0,0.0,1.0,0.0,0.0,0.0,0.0,0.0,1.0,0.0,0.0,1.0,0.0,0.0,0.0,1.0,11.0,0.0,0.0,0.0,0.0,0.0,12.0,0.0,0.0,0.0,0.0,0.0,0.0,0.0,0.0,0.0,1.0,1.0,0.0,0.0,0.0,0.0,1.0,1.0,1.0,0.0,0.0,0.0,0.0,0.0,0.0,1.0,1.0,0.0,0.0,0.0,0.0,0.0,1.0,1.0,0.0,1689041806.0,3774.0,3774.0,7159.0,7159.0,7199.0,0.0,231.0,29582.0,24593.0,24528.0,117.0,0.0,0.0,0.0,369.0,0.0,0.0,61.0,66.0,65.0,27.0,59.0,1399178752.0,985600.0,12672275040.0,439930330304.0,1641956160.0,0.0,0.0,1888.0,0.0,0.0,2432.0,130.0,3222.0
1480,0.0,1.0,1.0,1.0,0.0,806400.0,1.0,943500000.0,1.0,68000000.0,1.6100981235499998,14069.0,1981.0,4192.0,39750.0,40500.0,41500.0,96.0,25.0,64.0,896.0,5000.0,0.0,25.0,1000000.0,950000.0,1.0,1.0,0.0,10.0,0.0,0.0,0.0,100.0,36899275.0,858827437.0,784972796.0,0.0,0.0,0.0,0.0,0.0,1.0,1.0,1.0,1.0,1.0,0.0,0.0,1.0,0.0,0.0,0.0,0.0,0.0,33.0,1.0,25509560.0,315967394.0,27132846.0,38269591.0,881911239.0,1672.0,17554511844.0,0.0,1.0,1.0,0.0,1.0,0.0,0.0,1.0,1.0,1.0,1.0,2.0,1.0,0.0,0.0,0.0,2.0,0.0,0.0,1.0,1.0,3.0,50.0,50.0,1.0,0.0,0.0,0.0,0.0,0.0,0.0,0.0,0.0,0.0,0.0,2.0,2.0,0.0,1.0,1.0,0.0,1.0,0.0,0.0,0.0,0.0,0.0,1.0,0.0,0.0,1.0,0.0,0.0,0.0,1.0,11.0,0.0,0.0,0.0,0.0,0.0,12.0,0.0,0.0,0.0,0.0,0.0,0.0,0.0,0.0,0.0,1.0,1.0,0.0,0.0,0.0,0.0,1.0,1.0,1.0,0.0,0.0,0.0,0.0,0.0,0.0,1.0,1.0,0.0,0.0,0.0,0.0,0.0,1.0,1.0,0.0,1707927106.0,3482.0,3482.0,6798.0,6798.0,6823.0,0.0,219.0,28188.0,24274.0,24215.0,92.0,0.0,0.0,0.0,368.0,0.0,0.0,55.0,60.0,59.0,25.0,53.0,1082783552.0,0.0,12060144416.0,135836026304.0,1275228608.0,0.0,0.0,1672.0,0.0,0.0,2415.0,118.0,3010.0
1481,0.0,1.0,1.0,1.0,0.0,806400.0,1.0,943500000.0,1.0,68000000.0,1.59688186646,13383.0,1676.0,3885.0,39937.5,40250.0,41500.0,86.0,25.0,64.0,896.0,5000.0,0.0,25.0,1000000.0,950000.0,1.0,0.0,0.0,10.0,0.0,0.0,0.0,500.0,35218445.0,875067179.0,778517085.0,0.0,0.0,0.0,0.0,0.0,1.0,1.0,1.0,1.0,1.0,0.0,0.0,1.0,0.0,0.0,0.0,0.0,0.0,35.0,1.0,25934943.0,307991237.0,27118307.0,40815037.0,888754601.0,1972.0,17011152714.0,0.0,1.0,1.0,0.0,1.0,0.0,0.0,1.0,1.0,1.0,1.0,2.0,1.0,0.0,0.0,0.0,2.0,0.0,0.0,1.0,1.0,3.0,50.0,50.0,1.0,0.0,0.0,0.0,0.0,0.0,0.0,0.0,0.0,0.0,0.0,2.0,2.0,0.0,1.0,1.0,0.0,1.0,0.0,0.0,0.0,0.0,0.0,1.0,0.0,0.0,1.0,0.0,0.0,0.0,1.0,11.0,0.0,0.0,0.0,0.0,0.0,12.0,0.0,0.0,0.0,0.0,0.0,0.0,0.0,0.0,0.0,1.0,1.0,0.0,0.0,0.0,0.0,1.0,1.0,1.0,0.0,0.0,0.0,0.0,0.0,0.0,1.0,1.0,0.0,0.0,0.0,0.0,0.0,1.0,1.0,0.0,1701663863.0,3831.0,3831.0,6675.0,6675.0,6704.0,0.0,194.0,28036.0,24208.0,24148.0,102.0,0.0,0.0,0.0,325.0,0.0,0.0,55.0,61.0,60.0,27.0,53.0,1140359104.0,969536.0,11872731456.0,124223707552.0,1397635360.0,0.0,0.0,1972.0,0.0,0.0,2627.0,120.0,3288.0
1482,0.0,1.0,1.0,1.0,0.0,806400.0,1.0,943500000.0,1.0,68000000.0,1.62793016434,13611.0,1905.0,4038.0,39550.0,40200.0,41600.0,86.0,25.0,64.0,896.0,5000.0,0.0,25.0,1000000.0,950000.0,1.0,0.0,0.0,10.0,0.0,0.0,0.0,500.0,36899962.0,875465368.0,781082365.0,0.0,0.0,0.0,0.0,0.0,1.0,1.0,1.0,1.0,1.0,0.0,0.0,1.0,0.0,0.0,0.0,0.0,0.0,33.0,1.0,28279873.0,316137005.0,28467448.0,42367151.0,910162731.0,1781.0,18971287431.0,0.0,1.0,1.0,0.0,1.0,0.0,0.0,1.0,1.0,1.0,1.0,2.0,1.0,0.0,0.0,0.0,2.0,0.0,0.0,1.0,1.0,3.0,50.0,50.0,1.0,0.0,0.0,0.0,0.0,0.0,0.0,0.0,0.0,0.0,0.0,2.0,2.0,0.0,1.0,1.0,0.0,1.0,0.0,0.0,0.0,0.0,0.0,1.0,0.0,0.0,1.0,0.0,0.0,0.0,1.0,11.0,0.0,0.0,0.0,0.0,0.0,12.0,0.0,0.0,0.0,0.0,0.0,0.0,0.0,0.0,0.0,1.0,1.0,0.0,0.0,0.0,0.0,1.0,1.0,1.0,0.0,0.0,0.0,0.0,0.0,0.0,1.0,1.0,0.0,0.0,0.0,0.0,0.0,1.0,1.0,0.0,1724500502.0,3859.0,3859.0,7594.0,7594.0,7623.0,0.0,273.0,29409.0,24862.0,24796.0,129.0,0.0,0.0,0.0,420.0,0.0,0.0,61.0,67.0,66.0,27.0,59.0,1361525120.0,0.0,13376260192.0,486432962720.0,1582870368.0,0.0,0.0,1781.0,0.0,0.0,2373.0,132.0,3264.0
1483,0.0,1.0,1.0,1.0,0.0,806400.0,1.0,943500000.0,1.0,68000000.0,1.6101040840099998,14829.0,1904.0,4801.0,39750.0,40500.0,41500.0,86.0,25.0,64.0,896.0,5000.0,0.0,25.0,1000000.0,950000.0,1.0,0.0,0.0,10.0,0.0,0.0,0.0,500.0,36648756.0,860015137.0,770414399.0,0.0,0.0,0.0,0.0,0.0,1.0,1.0,1.0,1.0,1.0,0.0,0.0,1.0,0.0,0.0,0.0,0.0,0.0,690.0,1.0,26837634.0,308957108.0,27861407.0,37840516.0,881795823.0,1875.0,18141333544.0,0.0,1.0,1.0,0.0,1.0,0.0,0.0,1.0,1.0,1.0,1.0,2.0,1.0,0.0,0.0,0.0,2.0,0.0,0.0,1.0,1.0,10.0,755.0,755.0,1.0,0.0,0.0,0.0,0.0,0.0,0.0,0.0,0.0,0.0,0.0,9.0,9.0,0.0,1.0,1.0,0.0,1.0,7.0,0.0,0.0,0.0,0.0,1.0,0.0,0.0,1.0,0.0,0.0,0.0,1.0,11.0,0.0,0.0,0.0,0.0,0.0,12.0,0.0,0.0,0.0,0.0,0.0,0.0,0.0,0.0,0.0,1.0,1.0,0.0,0.0,0.0,0.0,1.0,1.0,1.0,0.0,0.0,0.0,0.0,0.0,0.0,1.0,1.0,0.0,0.0,0.0,0.0,0.0,1.0,1.0,0.0,1678914838.0,3775.0,3775.0,7042.0,7042.0,7069.0,0.0,260.0,28430.0,24244.0,24184.0,105.0,0.0,0.0,0.0,399.0,0.0,0.0,55.0,61.0,60.0,20.0,53.0,1293048512.0,0.0,12634037760.0,154275760928.0,1583647776.0,0.0,0.0,1875.0,0.0,0.0,2542.0,120.0,3203.0
1484,0.0,1.0,1.0,1.0,0.0,806400.0,1.0,943500000.0,1.0,68000000.0,1.65621995926,19558.0,2436.0,5030.0,39583.3333333,40500.0,41500.0,84.0,25.0,64.0,896.0,5000.0,0.0,25.0,1000000.0,950000.0,1.0,1.0,0.0,10.0,0.0,0.0,0.0,500.0,37575808.0,867815260.0,754553503.0,0.0,0.0,0.0,0.0,0.0,1.0,1.0,1.0,1.0,1.0,0.0,0.0,1.0,0.0,0.0,0.0,0.0,0.0,34.0,1.0,25774020.0,296333716.0,26758267.0,40625215.0,897589442.0,1792.0,17574833886.0,0.0,1.0,1.0,0.0,1.0,0.0,0.0,1.0,1.0,1.0,1.0,2.0,1.0,0.0,0.0,0.0,2.0,0.0,0.0,1.0,1.0,3.0,50.0,50.0,1.0,0.0,0.0,0.0,0.0,0.0,0.0,0.0,0.0,0.0,0.0,2.0,2.0,0.0,1.0,1.0,0.0,1.0,0.0,0.0,0.0,0.0,0.0,1.0,0.0,0.0,1.0,0.0,0.0,0.0,1.0,10.0,0.0,0.0,0.0,0.0,0.0,11.0,0.0,0.0,0.0,0.0,0.0,0.0,0.0,0.0,0.0,1.0,1.0,0.0,0.0,0.0,0.0,1.0,1.0,1.0,0.0,0.0,0.0,0.0,0.0,0.0,1.0,1.0,0.0,0.0,0.0,0.0,0.0,1.0,1.0,0.0,1707071210.0,3729.0,3729.0,7026.0,7026.0,7044.0,0.0,213.0,28060.0,24531.0,24466.0,137.0,0.0,0.0,0.0,369.0,0.0,0.0,61.0,66.0,65.0,29.0,59.0,1531142752.0,0.0,12467220768.0,176363660480.0,1120296896.0,0.0,0.0,1792.0,0.0,0.0,2498.0,130.0,3203.0
1485,0.0,1.0,1.0,1.0,0.0,806400.0,1.0,943500000.0,1.0,68000000.0,1.6136589050299999,14295.0,2056.0,4344.0,39562.5,40250.0,41375.0,84.0,25.0,64.0,896.0,5000.0,0.0,25.0,1000000.0,950000.0,1.0,1.0,0.0,10.0,0.0,0.0,0.0,500.0,35167542.0,878941163.0,782053032.0,0.0,0.0,0.0,0.0,0.0,1.0,1.0,1.0,1.0,1.0,0.0,0.0,1.0,0.0,0.0,0.0,0.0,0.0,33.0,1.0,25615646.0,306994534.0,26258459.0,36671864.0,891391053.0,1655.0,17442937376.0,0.0,1.0,1.0,0.0,1.0,0.0,0.0,1.0,1.0,1.0,1.0,2.0,1.0,0.0,0.0,0.0,2.0,0.0,0.0,1.0,1.0,3.0,50.0,50.0,1.0,0.0,0.0,0.0,0.0,0.0,0.0,0.0,0.0,0.0,0.0,2.0,2.0,0.0,1.0,1.0,0.0,1.0,0.0,0.0,0.0,0.0,0.0,1.0,0.0,0.0,1.0,0.0,0.0,0.0,1.0,11.0,0.0,0.0,0.0,0.0,0.0,12.0,0.0,0.0,0.0,0.0,0.0,0.0,0.0,0.0,0.0,1.0,1.0,0.0,0.0,0.0,0.0,1.0,1.0,1.0,0.0,0.0,0.0,0.0,0.0,0.0,1.0,1.0,0.0,0.0,0.0,0.0,0.0,1.0,1.0,0.0,1697138159.0,3452.0,3452.0,6809.0,6809.0,6840.0,0.0,228.0,27972.0,24282.0,24224.0,94.0,0.0,0.0,0.0,379.0,0.0,0.0,55.0,59.0,58.0,25.0,53.0,1123720864.0,0.0,11956052448.0,131696888480.0,1194220160.0,0.0,0.0,1655.0,0.0,0.0,2267.0,116.0,3084.0
1486,0.0,1.0,1.0,1.0,0.0,806400.0,1.0,943500000.0,1.0,68000000.0,1.6253728866600001,13916.0,1980.0,4268.0,39625.0,40125.0,41500.0,84.0,25.0,64.0,896.0,5000.0,0.0,25.0,1000000.0,950000.0,1.0,1.0,0.0,10.0,0.0,0.0,0.0,500.0,35725120.0,855293701.0,773898919.0,0.0,0.0,0.0,0.0,0.0,1.0,1.0,1.0,1.0,1.0,0.0,0.0,1.0,0.0,0.0,0.0,0.0,0.0,35.0,1.0,26039091.0,305785960.0,27769616.0,38374508.0,872729557.0,1513.0,17882749407.0,0.0,1.0,1.0,0.0,1.0,0.0,0.0,1.0,1.0,1.0,1.0,2.0,1.0,0.0,0.0,0.0,2.0,0.0,0.0,1.0,1.0,3.0,50.0,50.0,1.0,0.0,0.0,0.0,0.0,0.0,0.0,0.0,0.0,0.0,0.0,2.0,2.0,0.0,1.0,1.0,0.0,1.0,0.0,0.0,0.0,0.0,0.0,1.0,0.0,0.0,1.0,0.0,0.0,0.0,1.0,11.0,0.0,0.0,0.0,0.0,0.0,12.0,0.0,0.0,0.0,0.0,0.0,0.0,0.0,0.0,0.0,1.0,1.0,0.0,0.0,0.0,0.0,1.0,1.0,1.0,0.0,0.0,0.0,0.0,0.0,0.0,1.0,1.0,0.0,0.0,0.0,0.0,0.0,1.0,1.0,0.0,1660484243.0,3519.0,3519.0,6804.0,6804.0,6828.0,0.0,199.0,27087.0,24129.0,24070.0,111.0,0.0,0.0,0.0,357.0,0.0,0.0,55.0,60.0,59.0,25.0,53.0,1488169600.0,0.0,12338780384.0,164882057888.0,1148492512.0,0.0,0.0,1513.0,0.0,0.0,2134.0,118.0,2878.0
1487,0.0,1.0,1.0,1.0,0.0,806400.0,1.0,943500000.0,1.0,68000000.0,1.6219661235799998,14410.0,1980.0,4192.0,39500.0,40000.0,41500.0,74.0,25.0,64.0,896.0,5000.0,0.0,25.0,1000000.0,950000.0,1.0,0.0,0.0,10.0,0.0,0.0,100.0,100.0,33639902.0,834427316.0,749855771.0,0.0,0.0,0.0,0.0,0.0,1.0,1.0,1.0,1.0,1.0,0.0,0.0,1.0,0.0,0.0,0.0,0.0,0.0,34.0,1.0,26720186.0,297359570.0,27629728.0,36680860.0,858477383.0,1502.0,17135313443.0,0.0,1.0,1.0,0.0,1.0,0.0,0.0,1.0,1.0,1.0,1.0,2.0,1.0,0.0,0.0,0.0,2.0,0.0,0.0,1.0,1.0,3.0,50.0,50.0,1.0,0.0,0.0,0.0,0.0,0.0,0.0,0.0,0.0,0.0,0.0,2.0,2.0,0.0,1.0,1.0,0.0,1.0,0.0,0.0,0.0,0.0,0.0,1.0,0.0,0.0,1.0,0.0,0.0,0.0,1.0,11.0,0.0,0.0,0.0,0.0,0.0,12.0,0.0,0.0,0.0,0.0,0.0,0.0,0.0,0.0,0.0,1.0,1.0,0.0,0.0,0.0,0.0,1.0,1.0,1.0,0.0,0.0,0.0,0.0,0.0,0.0,1.0,1.0,0.0,0.0,0.0,0.0,0.0,1.0,1.0,0.0,1648085119.0,3303.0,3303.0,6735.0,6735.0,6775.0,0.0,226.0,26278.0,23829.0,23777.0,97.0,0.0,0.0,0.0,349.0,0.0,0.0,49.0,53.0,52.0,22.0,47.0,900466944.0,0.0,11802077984.0,146483749184.0,1324719040.0,0.0,0.0,1502.0,0.0,0.0,1991.0,104.0,2725.0
1488,0.0,1.0,1.0,1.0,0.0,806400.0,1.0,943500000.0,1.0,68000000.0,1.61320996284,14410.0,2133.0,4343.0,39625.0,40375.0,41625.0,74.0,25.0,64.0,896.0,5000.0,0.0,25.0,1000000.0,950000.0,1.0,0.0,0.0,10.0,0.0,0.0,100.0,100.0,35072528.0,854155137.0,762200163.0,0.0,0.0,0.0,0.0,0.0,1.0,1.0,1.0,1.0,1.0,0.0,0.0,1.0,0.0,0.0,0.0,0.0,0.0,35.0,1.0,26679959.0,303282251.0,27665736.0,37546544.0,883867502.0,1453.0,18663083373.0,0.0,1.0,1.0,0.0,1.0,0.0,0.0,1.0,1.0,1.0,1.0,2.0,1.0,0.0,0.0,0.0,2.0,0.0,0.0,1.0,1.0,3.0,50.0,50.0,1.0,0.0,0.0,0.0,0.0,0.0,0.0,0.0,0.0,0.0,0.0,2.0,2.0,0.0,1.0,1.0,0.0,1.0,0.0,0.0,0.0,0.0,0.0,1.0,0.0,0.0,1.0,0.0,0.0,0.0,1.0,11.0,0.0,0.0,0.0,0.0,0.0,12.0,0.0,0.0,0.0,0.0,0.0,0.0,0.0,0.0,0.0,1.0,1.0,0.0,0.0,0.0,0.0,1.0,1.0,1.0,0.0,0.0,0.0,0.0,0.0,0.0,1.0,1.0,0.0,0.0,0.0,0.0,0.0,1.0,1.0,0.0,1668967655.0,3516.0,3516.0,7035.0,7035.0,7055.0,0.0,192.0,27677.0,24033.0,23975.0,86.0,0.0,0.0,0.0,331.0,0.0,0.0,55.0,59.0,58.0,24.0,53.0,1177454016.0,0.0,12531979744.0,136164233824.0,1179531552.0,0.0,0.0,1453.0,0.0,0.0,2005.0,116.0,2625.0
1489,0.0,1.0,1.0,1.0,0.0,806400.0,1.0,943500000.0,1.0,68000000.0,1.7197690010099997,14068.0,1980.0,4344.0,39450.0,40300.0,41500.0,74.0,25.0,64.0,896.0,5000.0,0.0,25.0,1000000.0,950000.0,1.0,0.0,0.0,10.0,0.0,0.0,100.0,100.0,37869591.0,877026692.0,784637243.0,0.0,0.0,0.0,0.0,0.0,1.0,1.0,1.0,1.0,1.0,0.0,0.0,1.0,0.0,0.0,0.0,0.0,0.0,34.0,1.0,28329357.0,299759789.0,28793189.0,41427425.0,915496884.0,1760.0,18250122869.0,0.0,1.0,1.0,0.0,1.0,0.0,0.0,1.0,1.0,1.0,1.0,2.0,1.0,0.0,0.0,0.0,2.0,0.0,0.0,1.0,1.0,3.0,50.0,50.0,1.0,0.0,0.0,0.0,0.0,0.0,0.0,0.0,0.0,0.0,0.0,2.0,2.0,0.0,1.0,1.0,0.0,1.0,0.0,0.0,0.0,0.0,0.0,1.0,0.0,0.0,1.0,0.0,0.0,0.0,1.0,11.0,0.0,0.0,0.0,0.0,0.0,12.0,0.0,0.0,0.0,0.0,0.0,0.0,0.0,0.0,0.0,1.0,1.0,0.0,0.0,0.0,0.0,1.0,1.0,1.0,0.0,0.0,0.0,0.0,0.0,0.0,1.0,1.0,0.0,0.0,0.0,0.0,0.0,1.0,1.0,0.0,1739628419.0,3665.0,3665.0,7160.0,7160.0,7189.0,0.0,266.0,28351.0,24563.0,24497.0,134.0,0.0,0.0,0.0,422.0,0.0,0.0,61.0,67.0,66.0,26.0,59.0,1332353440.0,1012896.0,12640009408.0,344069875424.0,1606908992.0,0.0,0.0,1760.0,0.0,0.0,2321.0,132.0,3093.0
1490,0.0,1.0,1.0,1.0,0.0,806400.0,1.0,943500000.0,1.0,68000000.0,1.65584802628,17460.0,2285.0,4953.0,39500.0,40083.3333333,41500.0,74.0,25.0,64.0,896.0,5000.0,0.0,25.0,1000000.0,950000.0,1.0,1.0,0.0,10.0,0.0,0.0,100.0,100.0,42712286.0,916230672.0,820038289.0,0.0,0.0,0.0,0.0,0.0,1.0,1.0,1.0,1.0,1.0,0.0,0.0,1.0,0.0,0.0,0.0,0.0,0.0,32.0,1.0,29193026.0,332595018.0,31195624.0,44663948.0,947339079.0,1944.0,19302474752.0,0.0,1.0,1.0,0.0,1.0,0.0,0.0,1.0,1.0,1.0,1.0,2.0,1.0,0.0,0.0,0.0,2.0,0.0,0.0,1.0,1.0,3.0,50.0,50.0,1.0,0.0,0.0,0.0,0.0,0.0,0.0,0.0,0.0,0.0,0.0,2.0,2.0,0.0,1.0,1.0,0.0,1.0,0.0,0.0,0.0,0.0,0.0,1.0,0.0,0.0,1.0,0.0,0.0,0.0,1.0,11.0,0.0,0.0,0.0,0.0,0.0,12.0,0.0,0.0,0.0,0.0,0.0,0.0,0.0,0.0,0.0,1.0,1.0,0.0,0.0,0.0,0.0,1.0,1.0,1.0,0.0,0.0,0.0,0.0,0.0,0.0,1.0,1.0,0.0,0.0,0.0,0.0,0.0,1.0,1.0,0.0,1806597009.0,3880.0,3880.0,7497.0,7497.0,7522.0,0.0,267.0,30958.0,25462.0,25384.0,149.0,0.0,0.0,0.0,451.0,0.0,0.0,73.0,79.0,78.0,34.0,71.0,1392226208.0,0.0,13545207456.0,167349348960.0,1432294304.0,0.0,0.0,1944.0,0.0,0.0,2658.0,156.0,3500.0
1491,0.0,1.0,1.0,1.0,0.0,806400.0,1.0,943500000.0,1.0,68000000.0,1.6482229232799999,13991.0,1828.0,3887.0,39375.0,40250.0,41375.0,74.0,25.0,64.0,896.0,5000.0,0.0,25.0,1000000.0,950000.0,1.0,1.0,0.0,10.0,0.0,0.0,100.0,100.0,37473634.0,865875875.0,781266470.0,0.0,0.0,0.0,0.0,0.0,1.0,1.0,1.0,1.0,1.0,0.0,0.0,1.0,0.0,0.0,0.0,0.0,0.0,34.0,1.0,29394495.0,312674707.0,30794868.0,38499048.0,897422971.0,1859.0,18113228545.0,0.0,1.0,1.0,0.0,1.0,0.0,0.0,1.0,1.0,1.0,1.0,2.0,1.0,0.0,0.0,0.0,2.0,0.0,0.0,1.0,1.0,3.0,50.0,50.0,1.0,0.0,0.0,0.0,0.0,0.0,0.0,0.0,0.0,0.0,0.0,2.0,2.0,0.0,1.0,1.0,0.0,1.0,0.0,0.0,0.0,0.0,0.0,1.0,0.0,0.0,1.0,0.0,0.0,0.0,1.0,11.0,0.0,0.0,0.0,0.0,0.0,12.0,0.0,0.0,0.0,0.0,0.0,0.0,0.0,0.0,0.0,1.0,1.0,0.0,0.0,0.0,0.0,1.0,1.0,1.0,0.0,0.0,0.0,0.0,0.0,0.0,1.0,1.0,0.0,0.0,0.0,0.0,0.0,1.0,1.0,0.0,1707009372.0,3649.0,3649.0,7195.0,7195.0,7226.0,0.0,269.0,28261.0,24671.0,24610.0,115.0,0.0,0.0,0.0,430.0,0.0,0.0,55.0,62.0,61.0,23.0,53.0,1056895168.0,0.0,12670836224.0,153579536960.0,1574107008.0,0.0,0.0,1859.0,0.0,0.0,2460.0,122.0,3315.0
1492,0.0,1.0,1.0,1.0,0.0,806400.0,1.0,943500000.0,1.0,68000000.0,1.5914511680599999,10675.0,1599.0,3429.0,39562.5,40250.0,41375.0,74.0,25.0,64.0,896.0,5000.0,0.0,25.0,1000000.0,950000.0,1.0,1.0,0.0,10.0,0.0,0.0,100.0,100.0,35088465.0,849995000.0,750290707.0,0.0,0.0,0.0,0.0,0.0,1.0,1.0,1.0,1.0,1.0,0.0,0.0,1.0,0.0,0.0,0.0,0.0,0.0,36.0,1.0,27168502.0,290418706.0,28312509.0,35547582.0,888755567.0,1483.0,18192942262.0,0.0,1.0,1.0,0.0,1.0,0.0,0.0,1.0,1.0,1.0,1.0,2.0,1.0,0.0,0.0,0.0,2.0,0.0,0.0,1.0,1.0,3.0,50.0,50.0,1.0,0.0,0.0,0.0,0.0,0.0,0.0,0.0,0.0,0.0,0.0,2.0,2.0,0.0,1.0,1.0,0.0,1.0,0.0,0.0,0.0,0.0,0.0,1.0,0.0,0.0,1.0,0.0,0.0,0.0,1.0,11.0,0.0,0.0,0.0,0.0,0.0,12.0,0.0,0.0,0.0,0.0,0.0,0.0,0.0,0.0,0.0,1.0,1.0,0.0,0.0,0.0,0.0,1.0,1.0,1.0,0.0,0.0,0.0,0.0,0.0,0.0,1.0,1.0,0.0,0.0,0.0,0.0,0.0,1.0,1.0,0.0,1684724213.0,3283.0,3283.0,6846.0,6846.0,6876.0,0.0,189.0,26868.0,23880.0,23828.0,71.0,0.0,0.0,0.0,275.0,0.0,0.0,49.0,53.0,52.0,25.0,47.0,849229664.0,0.0,11954745888.0,109078357792.0,1088038720.0,0.0,0.0,1483.0,0.0,0.0,1904.0,104.0,2664.0
1493,0.0,1.0,1.0,1.0,0.0,806400.0,1.0,943500000.0,1.0,68000000.0,1.62659311295,14144.0,2057.0,4116.0,39437.5,40125.0,41375.0,85.0,25.0,64.0,896.0,5000.0,0.0,25.0,1000000.0,950000.0,1.0,0.0,0.0,10.0,0.0,0.0,100.0,500.0,37645911.0,878248580.0,779443441.0,0.0,0.0,0.0,0.0,0.0,1.0,1.0,1.0,1.0,1.0,0.0,0.0,1.0,0.0,0.0,0.0,0.0,0.0,32.0,1.0,27193965.0,314723358.0,28573227.0,40265912.0,907440008.0,1844.0,18290678658.0,0.0,1.0,1.0,0.0,1.0,0.0,0.0,1.0,1.0,1.0,1.0,2.0,1.0,0.0,0.0,0.0,2.0,0.0,0.0,1.0,1.0,3.0,50.0,50.0,1.0,0.0,0.0,0.0,0.0,0.0,0.0,0.0,0.0,0.0,0.0,2.0,2.0,0.0,1.0,1.0,0.0,1.0,0.0,0.0,0.0,0.0,0.0,1.0,0.0,0.0,1.0,0.0,0.0,0.0,1.0,11.0,0.0,0.0,0.0,0.0,0.0,12.0,0.0,0.0,0.0,0.0,0.0,0.0,0.0,0.0,0.0,1.0,1.0,0.0,0.0,0.0,0.0,1.0,1.0,1.0,0.0,0.0,0.0,0.0,0.0,0.0,1.0,1.0,0.0,0.0,0.0,0.0,0.0,1.0,1.0,0.0,1734728325.0,3580.0,3580.0,6947.0,6947.0,6978.0,0.0,248.0,28921.0,24580.0,24520.0,107.0,0.0,0.0,0.0,385.0,0.0,0.0,55.0,61.0,60.0,24.0,53.0,812341856.0,0.0,12561712160.0,239151746464.0,1424786944.0,0.0,0.0,1844.0,0.0,0.0,2547.0,120.0,3267.0
1494,0.0,1.0,1.0,1.0,0.0,806400.0,1.0,943500000.0,1.0,68000000.0,1.62805891037,16433.0,1980.0,4496.0,39400.0,40000.0,41400.0,85.0,25.0,64.0,896.0,5000.0,0.0,25.0,1000000.0,950000.0,1.0,0.0,0.0,10.0,0.0,0.0,100.0,500.0,41475332.0,900377800.0,814266215.0,0.0,0.0,0.0,0.0,0.0,1.0,1.0,1.0,1.0,1.0,0.0,0.0,1.0,0.0,0.0,0.0,0.0,0.0,31.0,1.0,27093547.0,318068010.0,27878824.0,43208185.0,912022549.0,2032.0,17709805661.0,0.0,1.0,1.0,0.0,1.0,0.0,0.0,1.0,1.0,1.0,1.0,2.0,1.0,0.0,0.0,0.0,2.0,0.0,0.0,1.0,1.0,3.0,50.0,50.0,1.0,0.0,0.0,0.0,0.0,0.0,0.0,0.0,0.0,0.0,0.0,2.0,2.0,0.0,1.0,1.0,0.0,1.0,0.0,0.0,0.0,0.0,0.0,1.0,0.0,0.0,1.0,0.0,0.0,0.0,1.0,11.0,0.0,0.0,0.0,0.0,0.0,12.0,0.0,0.0,0.0,0.0,0.0,0.0,0.0,0.0,0.0,1.0,1.0,0.0,0.0,0.0,0.0,1.0,1.0,1.0,0.0,0.0,0.0,0.0,0.0,0.0,1.0,1.0,0.0,0.0,0.0,0.0,0.0,1.0,1.0,0.0,1748705859.0,3876.0,3876.0,7544.0,7544.0,7570.0,0.0,286.0,31658.0,25379.0,25306.0,168.0,0.0,0.0,0.0,475.0,0.0,0.0,67.0,74.0,73.0,29.0,65.0,1167911488.0,0.0,13238253568.0,227732170496.0,1370296448.0,0.0,0.0,2032.0,0.0,0.0,2962.0,146.0,3646.0
1495,0.0,1.0,1.0,1.0,0.0,806400.0,1.0,943500000.0,1.0,68000000.0,1.6694149971,14564.0,1980.0,4192.0,39350.0,40100.0,41200.0,85.0,25.0,64.0,896.0,5000.0,0.0,25.0,1000000.0,950000.0,1.0,0.0,0.0,10.0,0.0,0.0,100.0,500.0,38054633.0,887588375.0,780849850.0,0.0,0.0,0.0,0.0,0.0,1.0,1.0,1.0,1.0,1.0,0.0,0.0,1.0,0.0,0.0,0.0,0.0,0.0,32.0,1.0,27727990.0,308655647.0,29010898.0,40769332.0,920496595.0,1660.0,18134631072.0,0.0,1.0,1.0,0.0,1.0,0.0,0.0,1.0,1.0,1.0,1.0,2.0,1.0,0.0,0.0,0.0,2.0,0.0,0.0,1.0,1.0,3.0,50.0,50.0,1.0,0.0,0.0,0.0,0.0,0.0,0.0,0.0,0.0,0.0,0.0,2.0,2.0,0.0,1.0,1.0,0.0,1.0,0.0,0.0,0.0,0.0,0.0,1.0,0.0,0.0,1.0,0.0,0.0,0.0,1.0,11.0,0.0,0.0,0.0,0.0,0.0,12.0,0.0,0.0,0.0,0.0,0.0,0.0,0.0,0.0,0.0,1.0,1.0,0.0,0.0,0.0,0.0,1.0,1.0,1.0,0.0,0.0,0.0,0.0,0.0,0.0,1.0,1.0,0.0,0.0,0.0,0.0,0.0,1.0,1.0,0.0,1744678443.0,3569.0,3569.0,7218.0,7218.0,7251.0,0.0,223.0,28787.0,24437.0,24372.0,96.0,0.0,0.0,0.0,370.0,0.0,0.0,61.0,66.0,65.0,23.0,59.0,1339690976.0,0.0,12613771968.0,159540575744.0,1271227264.0,0.0,0.0,1660.0,0.0,0.0,2266.0,130.0,2903.0
1496,0.0,1.0,1.0,1.0,0.0,806400.0,1.0,943500000.0,1.0,68000000.0,1.58626794815,14182.0,1904.0,4116.0,39166.6666667,40000.0,41500.0,97.0,25.0,64.0,896.0,5000.0,0.0,25.0,1000000.0,950000.0,1.0,1.0,0.0,10.0,0.0,0.0,100.0,500.0,33127419.0,853516896.0,762456200.0,0.0,0.0,0.0,0.0,0.0,1.0,1.0,1.0,1.0,1.0,0.0,0.0,1.0,0.0,0.0,0.0,0.0,0.0,34.0,1.0,26354193.0,288449588.0,27618291.0,36634151.0,868934386.0,1525.0,17510712786.0,0.0,1.0,1.0,0.0,1.0,0.0,0.0,1.0,1.0,1.0,1.0,2.0,1.0,0.0,0.0,0.0,2.0,0.0,0.0,1.0,1.0,3.0,50.0,50.0,1.0,0.0,0.0,0.0,0.0,0.0,0.0,0.0,0.0,0.0,0.0,2.0,2.0,0.0,1.0,1.0,0.0,1.0,0.0,0.0,0.0,0.0,0.0,1.0,0.0,0.0,1.0,0.0,0.0,0.0,1.0,11.0,0.0,0.0,0.0,0.0,0.0,12.0,0.0,0.0,0.0,0.0,0.0,0.0,0.0,0.0,0.0,1.0,1.0,0.0,0.0,0.0,0.0,1.0,1.0,1.0,0.0,0.0,0.0,0.0,0.0,0.0,1.0,1.0,0.0,0.0,0.0,0.0,0.0,1.0,1.0,0.0,1619753182.0,3272.0,3272.0,6607.0,6607.0,6634.0,0.0,193.0,26917.0,23940.0,23887.0,70.0,0.0,0.0,0.0,304.0,0.0,0.0,49.0,54.0,53.0,24.0,47.0,793897792.0,0.0,11704218336.0,134200211968.0,1433984192.0,0.0,0.0,1525.0,0.0,0.0,1988.0,106.0,2825.0
1497,0.0,1.0,1.0,1.0,0.0,806400.0,1.0,943500000.0,1.0,68000000.0,1.6054139137299999,17575.0,2285.0,5030.0,39300.0,39900.0,41300.0,97.0,25.0,64.0,896.0,5000.0,0.0,25.0,1000000.0,950000.0,1.0,1.0,0.0,10.0,0.0,0.0,100.0,500.0,40544092.0,900964790.0,792943925.0,0.0,0.0,0.0,0.0,0.0,1.0,1.0,1.0,1.0,1.0,0.0,0.0,1.0,0.0,0.0,0.0,0.0,0.0,35.0,1.0,28185632.0,307161175.0,28972519.0,43200892.0,933925340.0,1788.0,19062955359.0,0.0,1.0,1.0,0.0,1.0,0.0,0.0,1.0,1.0,1.0,1.0,2.0,1.0,0.0,0.0,0.0,2.0,0.0,0.0,1.0,1.0,3.0,50.0,50.0,1.0,0.0,0.0,0.0,0.0,0.0,0.0,0.0,0.0,0.0,0.0,2.0,2.0,0.0,1.0,1.0,0.0,1.0,0.0,0.0,0.0,0.0,0.0,1.0,0.0,0.0,1.0,0.0,0.0,0.0,1.0,11.0,0.0,0.0,0.0,0.0,0.0,12.0,0.0,0.0,0.0,0.0,0.0,0.0,0.0,0.0,0.0,1.0,1.0,0.0,0.0,0.0,0.0,1.0,1.0,1.0,0.0,0.0,0.0,0.0,0.0,0.0,1.0,1.0,0.0,0.0,0.0,0.0,0.0,1.0,1.0,0.0,1748696775.0,3811.0,3811.0,7470.0,7470.0,7503.0,0.0,275.0,30174.0,25044.0,24972.0,124.0,0.0,0.0,0.0,435.0,0.0,0.0,67.0,73.0,72.0,25.0,65.0,1282490496.0,0.0,13336760800.0,152904043488.0,1052403232.0,0.0,0.0,1788.0,0.0,0.0,2463.0,144.0,3247.0
1498,0.0,1.0,1.0,1.0,0.0,806400.0,1.0,943500000.0,1.0,68000000.0,1.6156630516100001,13344.0,1751.0,4039.0,39200.0,40100.0,41200.0,97.0,25.0,64.0,896.0,5000.0,0.0,25.0,1000000.0,950000.0,1.0,1.0,0.0,10.0,0.0,0.0,100.0,500.0,39706898.0,875914066.0,791803804.0,0.0,0.0,0.0,0.0,0.0,1.0,1.0,1.0,1.0,1.0,0.0,0.0,1.0,0.0,0.0,0.0,0.0,0.0,34.0,1.0,26902092.0,311438690.0,28373252.0,41793297.0,887142647.0,1931.0,17895540953.0,0.0,1.0,1.0,0.0,1.0,0.0,0.0,1.0,1.0,1.0,1.0,2.0,1.0,0.0,0.0,0.0,2.0,0.0,0.0,1.0,1.0,3.0,50.0,50.0,1.0,0.0,0.0,0.0,0.0,0.0,0.0,0.0,0.0,0.0,0.0,2.0,2.0,0.0,1.0,1.0,0.0,1.0,0.0,0.0,0.0,0.0,0.0,1.0,0.0,0.0,1.0,0.0,0.0,0.0,1.0,11.0,0.0,0.0,0.0,0.0,0.0,12.0,0.0,0.0,0.0,0.0,0.0,0.0,0.0,0.0,0.0,1.0,1.0,0.0,0.0,0.0,0.0,1.0,1.0,1.0,0.0,0.0,0.0,0.0,0.0,0.0,1.0,1.0,0.0,0.0,0.0,0.0,0.0,1.0,1.0,0.0,1695059053.0,3740.0,3740.0,7154.0,7154.0,7191.0,0.0,282.0,30198.0,25097.0,25030.0,149.0,0.0,0.0,0.0,411.0,0.0,0.0,61.0,68.0,67.0,24.0,59.0,1330673408.0,0.0,12718114272.0,144635480896.0,1386645952.0,0.0,0.0,1931.0,0.0,0.0,2746.0,134.0,3563.0
1499,0.0,1.0,0.0,0.0,0.0,960000.0,1.0,408000000.0,1.0,800000000.0,0.24392104148899998,8652.0,914.0,2744.0,39083.3333333,40166.6666667,41333.3333333,90.0,25.0,64.0,896.0,5000.0,0.0,25.0,1000000.0,950000.0,1.0,0.0,0.0,10.0,0.0,0.0,0.0,100.0,24323396.0,625709636.0,597064794.0,0.0,0.0,0.0,0.0,0.0,1.0,1.0,1.0,1.0,1.0,0.0,0.0,1.0,0.0,0.0,0.0,0.0,0.0,34.0,1.0,15445548.0,271965065.0,15369217.0,25667692.0,631640799.0,1038.0,2809283952.0,0.0,1.0,1.0,0.0,1.0,0.0,0.0,1.0,1.0,1.0,1.0,2.0,1.0,0.0,0.0,0.0,2.0,0.0,0.0,1.0,1.0,3.0,50.0,50.0,1.0,0.0,0.0,0.0,0.0,0.0,0.0,0.0,0.0,0.0,0.0,2.0,2.0,0.0,1.0,1.0,0.0,1.0,0.0,0.0,0.0,0.0,0.0,1.0,0.0,0.0,1.0,0.0,0.0,0.0,1.0,10.0,0.0,0.0,0.0,0.0,0.0,11.0,0.0,0.0,0.0,0.0,0.0,0.0,0.0,0.0,0.0,1.0,1.0,0.0,0.0,0.0,0.0,1.0,1.0,1.0,0.0,0.0,0.0,0.0,0.0,0.0,1.0,1.0,0.0,0.0,0.0,0.0,0.0,1.0,1.0,0.0,1370055102.0,947.0,947.0,1409.0,1409.0,1443.0,0.0,86.0,22763.0,22242.0,22201.0,58.0,0.0,0.0,0.0,59.0,0.0,0.0,37.0,42.0,41.0,9.0,35.0,237239488.0,0.0,1707150720.0,153941405312.0,514914176.0,0.0,0.0,1038.0,0.0,0.0,1215.0,82.0,1449.0
1500,0.0,1.0,0.0,0.0,0.0,960000.0,1.0,408000000.0,1.0,800000000.0,0.23176598548900001,8499.0,990.0,2438.0,39625.0,40500.0,41500.0,90.0,25.0,64.0,896.0,5000.0,0.0,25.0,1000000.0,950000.0,1.0,0.0,0.0,10.0,0.0,0.0,0.0,100.0,21621339.0,615232579.0,594417089.0,0.0,0.0,0.0,0.0,0.0,1.0,1.0,1.0,1.0,1.0,0.0,0.0,1.0,0.0,0.0,0.0,0.0,0.0,30.0,1.0,15372093.0,267162715.0,15227347.0,23736027.0,626908880.0,1080.0,2689110357.0,0.0,1.0,1.0,0.0,1.0,0.0,0.0,1.0,1.0,1.0,1.0,2.0,1.0,0.0,0.0,0.0,2.0,0.0,0.0,1.0,1.0,3.0,50.0,50.0,1.0,0.0,0.0,0.0,0.0,0.0,0.0,0.0,0.0,0.0,0.0,2.0,2.0,0.0,1.0,1.0,0.0,1.0,0.0,0.0,0.0,0.0,0.0,1.0,0.0,0.0,1.0,0.0,0.0,0.0,1.0,11.0,0.0,0.0,0.0,0.0,0.0,12.0,0.0,0.0,0.0,0.0,0.0,0.0,0.0,0.0,0.0,1.0,1.0,0.0,0.0,0.0,0.0,1.0,1.0,1.0,0.0,0.0,0.0,0.0,0.0,0.0,1.0,1.0,0.0,0.0,0.0,0.0,0.0,1.0,1.0,0.0,1359637322.0,1017.0,1017.0,1323.0,1323.0,1360.0,0.0,76.0,21605.0,21880.0,21846.0,42.0,0.0,0.0,0.0,46.0,0.0,0.0,31.0,35.0,34.0,9.0,29.0,313703456.0,3098112.0,1767754304.0,34765040032.0,436570720.0,0.0,0.0,1080.0,0.0,0.0,1245.0,68.0,1438.0
1501,0.0,1.0,0.0,0.0,0.0,960000.0,1.0,408000000.0,1.0,800000000.0,0.253493070602,8347.0,1066.0,2438.0,39375.0,40250.0,41500.0,90.0,25.0,64.0,896.0,5000.0,0.0,25.0,1000000.0,950000.0,1.0,0.0,0.0,10.0,0.0,0.0,0.0,100.0,23385571.0,604717945.0,591388741.0,0.0,0.0,0.0,0.0,0.0,1.0,1.0,1.0,1.0,1.0,0.0,0.0,1.0,0.0,0.0,0.0,0.0,0.0,34.0,1.0,15179483.0,268093300.0,14735301.0,24635808.0,614176237.0,1103.0,2554682720.0,0.0,1.0,1.0,0.0,1.0,0.0,0.0,1.0,1.0,1.0,1.0,2.0,1.0,0.0,0.0,0.0,2.0,0.0,0.0,1.0,1.0,3.0,50.0,50.0,1.0,0.0,0.0,0.0,0.0,0.0,0.0,0.0,0.0,0.0,0.0,2.0,2.0,0.0,1.0,1.0,0.0,1.0,0.0,0.0,0.0,0.0,0.0,1.0,0.0,0.0,1.0,0.0,0.0,0.0,1.0,11.0,0.0,0.0,0.0,0.0,0.0,12.0,0.0,0.0,0.0,0.0,0.0,0.0,0.0,0.0,0.0,1.0,1.0,0.0,0.0,0.0,0.0,1.0,1.0,1.0,0.0,0.0,0.0,0.0,0.0,0.0,1.0,1.0,0.0,0.0,0.0,0.0,0.0,1.0,1.0,0.0,1351752069.0,1015.0,1015.0,1342.0,1342.0,1381.0,0.0,80.0,21873.0,21728.0,21694.0,110.0,0.0,0.0,0.0,50.0,0.0,0.0,31.0,35.0,34.0,11.0,29.0,132756736.0,0.0,1744483808.0,61835932768.0,465981696.0,0.0,0.0,1103.0,0.0,0.0,1319.0,68.0,1428.0
1502,0.0,1.0,0.0,0.0,0.0,960000.0,1.0,408000000.0,1.0,800000000.0,0.22363615035999998,8690.0,914.0,2819.0,39500.0,40500.0,41500.0,81.0,25.0,64.0,896.0,5000.0,0.0,25.0,1000000.0,950000.0,1.0,1.0,0.0,10.0,0.0,0.0,0.0,100.0,22920458.0,615599147.0,610291017.0,0.0,0.0,0.0,0.0,0.0,1.0,1.0,1.0,1.0,1.0,0.0,0.0,1.0,0.0,0.0,0.0,0.0,0.0,34.0,1.0,15082806.0,264773724.0,15159896.0,23817857.0,609039916.0,940.0,2744256230.0,0.0,1.0,1.0,0.0,1.0,0.0,0.0,1.0,1.0,1.0,1.0,2.0,1.0,0.0,0.0,0.0,2.0,0.0,0.0,1.0,1.0,3.0,50.0,50.0,1.0,0.0,0.0,0.0,0.0,0.0,0.0,0.0,0.0,0.0,0.0,2.0,2.0,0.0,1.0,1.0,0.0,1.0,0.0,0.0,0.0,0.0,0.0,1.0,0.0,0.0,1.0,0.0,0.0,0.0,1.0,11.0,0.0,0.0,0.0,0.0,0.0,12.0,0.0,0.0,0.0,0.0,0.0,0.0,0.0,0.0,0.0,1.0,1.0,0.0,0.0,0.0,0.0,1.0,1.0,1.0,0.0,0.0,0.0,0.0,0.0,0.0,1.0,1.0,0.0,0.0,0.0,0.0,0.0,1.0,1.0,0.0,1324145382.0,870.0,870.0,1371.0,1371.0,1405.0,0.0,52.0,21411.0,21944.0,21910.0,43.0,0.0,0.0,0.0,40.0,0.0,0.0,31.0,35.0,34.0,9.0,29.0,415209792.0,0.0,1598043808.0,14733284192.0,319677248.0,0.0,0.0,940.0,0.0,0.0,1128.0,68.0,1338.0
1503,0.0,1.0,0.0,0.0,0.0,960000.0,1.0,408000000.0,1.0,800000000.0,0.256813049316,8273.0,761.0,2286.0,39500.0,40250.0,41500.0,81.0,25.0,64.0,896.0,5000.0,0.0,25.0,1000000.0,950000.0,1.0,1.0,0.0,10.0,0.0,0.0,0.0,100.0,23376308.0,595760390.0,592417135.0,0.0,0.0,0.0,0.0,0.0,1.0,1.0,1.0,1.0,1.0,0.0,0.0,1.0,0.0,0.0,0.0,0.0,0.0,34.0,1.0,15249635.0,275048907.0,15018024.0,24974684.0,628508996.0,1231.0,2703129082.0,0.0,1.0,1.0,0.0,1.0,0.0,0.0,1.0,1.0,1.0,1.0,2.0,1.0,0.0,0.0,0.0,2.0,0.0,0.0,1.0,1.0,3.0,50.0,50.0,1.0,0.0,0.0,0.0,0.0,0.0,0.0,0.0,0.0,0.0,0.0,2.0,2.0,0.0,1.0,1.0,0.0,1.0,0.0,0.0,0.0,0.0,0.0,1.0,0.0,0.0,1.0,0.0,0.0,0.0,1.0,11.0,0.0,0.0,0.0,0.0,0.0,12.0,0.0,0.0,0.0,0.0,0.0,0.0,0.0,0.0,0.0,1.0,1.0,0.0,0.0,0.0,0.0,1.0,1.0,1.0,0.0,0.0,0.0,0.0,0.0,0.0,1.0,1.0,0.0,0.0,0.0,0.0,0.0,1.0,1.0,0.0,1370224003.0,1162.0,1162.0,1347.0,1347.0,1383.0,0.0,72.0,21617.0,21731.0,21697.0,71.0,0.0,0.0,0.0,44.0,0.0,0.0,31.0,35.0,34.0,8.0,29.0,227814720.0,1505248.0,1753165344.0,37922044704.0,560614208.0,0.0,0.0,1231.0,0.0,0.0,1427.0,68.0,1755.0
1504,0.0,1.0,0.0,0.0,0.0,960000.0,1.0,408000000.0,1.0,800000000.0,0.23005700111400001,5145.0,609.0,2057.0,40000.0,40250.0,42000.0,81.0,25.0,64.0,896.0,5000.0,0.0,25.0,1000000.0,950000.0,1.0,1.0,0.0,10.0,0.0,0.0,0.0,100.0,21820652.0,627190208.0,600326259.0,0.0,0.0,0.0,0.0,0.0,1.0,1.0,1.0,1.0,1.0,0.0,0.0,1.0,0.0,0.0,0.0,0.0,0.0,30.0,1.0,15355955.0,267821358.0,14984960.0,23430866.0,636016043.0,1290.0,2701346562.0,0.0,1.0,1.0,0.0,1.0,0.0,0.0,1.0,1.0,1.0,1.0,2.0,1.0,0.0,0.0,0.0,2.0,0.0,0.0,1.0,1.0,3.0,50.0,50.0,1.0,0.0,0.0,0.0,0.0,0.0,0.0,0.0,0.0,0.0,0.0,2.0,2.0,0.0,1.0,1.0,0.0,1.0,0.0,0.0,0.0,0.0,0.0,1.0,0.0,0.0,1.0,0.0,0.0,0.0,1.0,10.0,0.0,0.0,0.0,0.0,0.0,11.0,0.0,0.0,0.0,0.0,0.0,0.0,0.0,0.0,0.0,1.0,1.0,0.0,0.0,0.0,0.0,1.0,1.0,1.0,0.0,0.0,0.0,0.0,0.0,0.0,1.0,1.0,0.0,0.0,0.0,0.0,0.0,1.0,1.0,0.0,1340432184.0,1174.0,1174.0,1256.0,1256.0,1289.0,0.0,58.0,20429.0,21329.0,21302.0,67.0,0.0,0.0,0.0,39.0,0.0,0.0,25.0,28.0,27.0,5.0,23.0,230791392.0,0.0,1632657824.0,12177380288.0,476329472.0,0.0,0.0,1290.0,0.0,0.0,1389.0,54.0,1515.0
1505,0.0,1.0,0.0,0.0,0.0,960000.0,1.0,408000000.0,1.0,800000000.0,0.222626924515,8652.0,914.0,2591.0,39125.0,40250.0,41500.0,86.0,25.0,64.0,896.0,5000.0,0.0,25.0,1000000.0,950000.0,1.0,0.0,0.0,10.0,0.0,0.0,0.0,500.0,23237755.0,616071866.0,595433124.0,0.0,0.0,0.0,0.0,0.0,1.0,1.0,1.0,1.0,1.0,0.0,0.0,1.0,0.0,0.0,0.0,0.0,0.0,34.0,1.0,15336732.0,275073804.0,15242608.0,24266783.0,605752293.0,1111.0,2679173218.0,0.0,1.0,1.0,0.0,1.0,0.0,0.0,1.0,1.0,1.0,1.0,2.0,1.0,0.0,0.0,0.0,2.0,0.0,0.0,1.0,1.0,3.0,50.0,50.0,1.0,0.0,0.0,0.0,0.0,0.0,0.0,0.0,0.0,0.0,0.0,2.0,2.0,0.0,1.0,1.0,0.0,1.0,0.0,0.0,0.0,0.0,0.0,1.0,0.0,0.0,1.0,0.0,0.0,0.0,1.0,10.0,0.0,0.0,0.0,0.0,0.0,11.0,0.0,0.0,0.0,0.0,0.0,0.0,0.0,0.0,0.0,1.0,1.0,0.0,0.0,0.0,0.0,1.0,1.0,1.0,0.0,0.0,0.0,0.0,0.0,0.0,1.0,1.0,0.0,0.0,0.0,0.0,0.0,1.0,1.0,0.0,1338391673.0,965.0,965.0,1322.0,1322.0,1354.0,0.0,55.0,21310.0,21766.0,21732.0,86.0,0.0,0.0,0.0,28.0,0.0,0.0,31.0,35.0,34.0,7.0,29.0,317293280.0,0.0,1664208864.0,23114231296.0,393755296.0,0.0,0.0,1111.0,0.0,0.0,1270.0,68.0,1460.0
1506,0.0,1.0,0.0,0.0,0.0,960000.0,1.0,408000000.0,1.0,800000000.0,0.232224941254,8576.0,914.0,2591.0,39500.0,40250.0,41250.0,86.0,25.0,64.0,896.0,5000.0,0.0,25.0,1000000.0,950000.0,1.0,0.0,0.0,10.0,0.0,0.0,0.0,500.0,24019143.0,629037434.0,606559300.0,0.0,0.0,0.0,0.0,0.0,1.0,1.0,1.0,1.0,1.0,0.0,0.0,1.0,0.0,0.0,0.0,0.0,0.0,32.0,1.0,15123489.0,265402369.0,14650378.0,25824861.0,632360270.0,1120.0,2638001354.0,0.0,1.0,1.0,0.0,1.0,0.0,0.0,1.0,1.0,1.0,1.0,2.0,1.0,0.0,0.0,0.0,2.0,0.0,0.0,1.0,1.0,3.0,50.0,50.0,1.0,0.0,0.0,0.0,0.0,0.0,0.0,0.0,0.0,0.0,0.0,2.0,2.0,0.0,1.0,1.0,0.0,1.0,0.0,0.0,0.0,0.0,0.0,1.0,0.0,0.0,1.0,0.0,0.0,0.0,1.0,10.0,0.0,0.0,0.0,0.0,0.0,11.0,0.0,0.0,0.0,0.0,0.0,0.0,0.0,0.0,0.0,1.0,1.0,0.0,0.0,0.0,0.0,1.0,1.0,1.0,0.0,0.0,0.0,0.0,0.0,0.0,1.0,1.0,0.0,0.0,0.0,0.0,0.0,1.0,1.0,0.0,1340589467.0,1009.0,1009.0,1271.0,1271.0,1302.0,0.0,70.0,21706.0,21851.0,21817.0,55.0,0.0,0.0,0.0,58.0,0.0,0.0,31.0,35.0,34.0,8.0,29.0,266174304.0,0.0,1683917600.0,32680265088.0,453406784.0,0.0,0.0,1120.0,0.0,0.0,1316.0,68.0,1499.0
1507,0.0,1.0,0.0,0.0,0.0,960000.0,1.0,408000000.0,1.0,800000000.0,0.23165106773400002,8728.0,914.0,2667.0,40000.0,40250.0,41500.0,86.0,25.0,64.0,896.0,5000.0,0.0,25.0,1000000.0,950000.0,1.0,0.0,0.0,10.0,0.0,0.0,0.0,500.0,23376669.0,615035571.0,607446636.0,0.0,0.0,0.0,0.0,0.0,1.0,1.0,1.0,1.0,1.0,0.0,0.0,1.0,0.0,0.0,0.0,0.0,0.0,31.0,1.0,15760732.0,279953680.0,15573364.0,23411821.0,623691873.0,1404.0,2729564895.0,0.0,1.0,1.0,0.0,1.0,0.0,0.0,1.0,1.0,1.0,1.0,2.0,1.0,0.0,0.0,0.0,2.0,0.0,0.0,1.0,1.0,3.0,50.0,50.0,1.0,0.0,0.0,0.0,0.0,0.0,0.0,0.0,0.0,0.0,0.0,2.0,2.0,0.0,1.0,1.0,0.0,1.0,0.0,0.0,0.0,0.0,0.0,1.0,0.0,0.0,1.0,0.0,0.0,0.0,1.0,10.0,0.0,0.0,0.0,0.0,0.0,11.0,0.0,0.0,0.0,0.0,0.0,0.0,0.0,0.0,0.0,1.0,1.0,0.0,0.0,0.0,0.0,1.0,1.0,1.0,0.0,0.0,0.0,0.0,0.0,0.0,1.0,1.0,0.0,0.0,0.0,0.0,0.0,1.0,1.0,0.0,1355549432.0,1292.0,1292.0,1285.0,1285.0,1318.0,0.0,64.0,21495.0,21915.0,21881.0,35.0,0.0,0.0,0.0,43.0,0.0,0.0,31.0,35.0,34.0,5.0,29.0,315273248.0,0.0,1704907872.0,24641041856.0,494690272.0,0.0,0.0,1404.0,0.0,0.0,1582.0,68.0,1755.0
1508,0.0,1.0,0.0,0.0,0.0,960000.0,1.0,408000000.0,1.0,800000000.0,0.229092121124,8766.0,914.0,2591.0,39333.3333333,40333.3333333,41500.0,68.0,25.0,64.0,896.0,5000.0,0.0,25.0,1000000.0,950000.0,1.0,1.0,0.0,10.0,0.0,0.0,0.0,500.0,24630846.0,610277370.0,590177983.0,0.0,0.0,0.0,0.0,0.0,1.0,1.0,1.0,1.0,1.0,0.0,0.0,1.0,0.0,0.0,0.0,0.0,0.0,33.0,1.0,15804949.0,272084524.0,15853736.0,23993912.0,626590552.0,998.0,2828715445.0,0.0,1.0,1.0,0.0,1.0,0.0,0.0,1.0,1.0,1.0,1.0,2.0,1.0,0.0,0.0,0.0,2.0,0.0,0.0,1.0,1.0,3.0,50.0,50.0,1.0,0.0,0.0,0.0,0.0,0.0,0.0,0.0,0.0,0.0,0.0,2.0,2.0,0.0,1.0,1.0,0.0,1.0,0.0,0.0,0.0,0.0,0.0,1.0,0.0,0.0,1.0,0.0,0.0,0.0,1.0,10.0,0.0,0.0,0.0,0.0,0.0,11.0,0.0,0.0,0.0,0.0,0.0,0.0,0.0,0.0,0.0,1.0,1.0,0.0,0.0,0.0,0.0,1.0,1.0,1.0,0.0,0.0,0.0,0.0,0.0,0.0,1.0,1.0,0.0,0.0,0.0,0.0,0.0,1.0,1.0,0.0,1402980164.0,814.0,814.0,1282.0,1282.0,1316.0,0.0,82.0,22934.0,22277.0,22236.0,156.0,0.0,0.0,0.0,51.0,0.0,0.0,37.0,42.0,41.0,6.0,35.0,337723456.0,0.0,1707032992.0,26104781184.0,529123072.0,0.0,0.0,998.0,0.0,0.0,1265.0,82.0,1600.0
1509,0.0,1.0,0.0,0.0,0.0,960000.0,1.0,408000000.0,1.0,800000000.0,0.232704877853,9031.0,914.0,2743.0,40000.0,40250.0,41500.0,68.0,25.0,64.0,896.0,5000.0,0.0,25.0,1000000.0,950000.0,1.0,1.0,0.0,10.0,0.0,0.0,0.0,500.0,23739464.0,616538609.0,600607348.0,0.0,0.0,0.0,0.0,0.0,1.0,1.0,1.0,1.0,1.0,0.0,0.0,1.0,0.0,0.0,0.0,0.0,0.0,32.0,1.0,15736150.0,273800464.0,15387970.0,24394784.0,631047023.0,1222.0,2726181348.0,0.0,1.0,1.0,0.0,1.0,0.0,0.0,1.0,1.0,1.0,1.0,2.0,1.0,0.0,0.0,0.0,2.0,0.0,0.0,1.0,1.0,3.0,50.0,50.0,1.0,0.0,0.0,0.0,0.0,0.0,0.0,0.0,0.0,0.0,0.0,2.0,2.0,0.0,1.0,1.0,0.0,1.0,0.0,0.0,0.0,0.0,0.0,1.0,0.0,0.0,1.0,0.0,0.0,0.0,1.0,10.0,0.0,0.0,0.0,0.0,0.0,11.0,0.0,0.0,0.0,0.0,0.0,0.0,0.0,0.0,0.0,1.0,1.0,0.0,0.0,0.0,0.0,1.0,1.0,1.0,0.0,0.0,0.0,0.0,0.0,0.0,1.0,1.0,0.0,0.0,0.0,0.0,0.0,1.0,1.0,0.0,1358273033.0,1132.0,1132.0,1360.0,1360.0,1401.0,0.0,72.0,21963.0,21847.0,21813.0,247.0,0.0,0.0,0.0,40.0,0.0,0.0,31.0,35.0,34.0,6.0,29.0,351543776.0,0.0,1845962400.0,41547352224.0,500592256.0,0.0,0.0,1222.0,0.0,0.0,1600.0,68.0,1783.0
1510,0.0,1.0,0.0,0.0,0.0,960000.0,1.0,408000000.0,1.0,800000000.0,0.251483917236,8347.0,913.0,2438.0,39125.0,40250.0,41500.0,68.0,25.0,64.0,896.0,5000.0,0.0,25.0,1000000.0,950000.0,1.0,1.0,0.0,10.0,0.0,0.0,0.0,500.0,24527379.0,596823000.0,585301774.0,0.0,0.0,0.0,0.0,0.0,1.0,1.0,1.0,1.0,1.0,0.0,0.0,1.0,0.0,0.0,0.0,0.0,0.0,32.0,1.0,14930127.0,267809223.0,15046715.0,22602860.0,612996793.0,1086.0,2628090049.0,0.0,1.0,1.0,0.0,1.0,0.0,0.0,1.0,1.0,1.0,1.0,2.0,1.0,0.0,0.0,0.0,2.0,0.0,0.0,1.0,1.0,3.0,50.0,50.0,1.0,0.0,0.0,0.0,0.0,0.0,0.0,0.0,0.0,0.0,0.0,2.0,2.0,0.0,1.0,1.0,0.0,1.0,0.0,0.0,0.0,0.0,0.0,1.0,0.0,0.0,1.0,0.0,0.0,0.0,1.0,10.0,0.0,0.0,0.0,0.0,0.0,11.0,0.0,0.0,0.0,0.0,0.0,0.0,0.0,0.0,0.0,1.0,1.0,0.0,0.0,0.0,0.0,1.0,1.0,1.0,0.0,0.0,0.0,0.0,0.0,0.0,1.0,1.0,0.0,0.0,0.0,0.0,0.0,1.0,1.0,0.0,1352399132.0,1032.0,1032.0,1295.0,1295.0,1331.0,0.0,69.0,21803.0,21709.0,21675.0,55.0,0.0,0.0,0.0,42.0,0.0,0.0,31.0,35.0,34.0,8.0,29.0,238388288.0,0.0,1735201792.0,34057350080.0,556577504.0,0.0,0.0,1086.0,0.0,0.0,1256.0,68.0,1399.0
1511,0.0,1.0,0.0,0.0,0.0,960000.0,1.0,408000000.0,1.0,800000000.0,0.254485845566,3965.0,304.0,1295.0,39875.0,40500.0,41500.0,94.0,25.0,64.0,896.0,5000.0,0.0,25.0,1000000.0,950000.0,1.0,0.0,0.0,10.0,0.0,0.0,100.0,100.0,22227558.0,609750219.0,605177405.0,0.0,0.0,0.0,0.0,0.0,1.0,1.0,1.0,1.0,1.0,0.0,0.0,1.0,0.0,0.0,0.0,0.0,0.0,36.0,1.0,15607681.0,272002282.0,15125987.0,22579695.0,620628644.0,1364.0,2647544805.0,0.0,1.0,1.0,0.0,1.0,0.0,0.0,1.0,1.0,1.0,1.0,2.0,1.0,0.0,0.0,0.0,2.0,0.0,0.0,1.0,1.0,3.0,50.0,50.0,1.0,0.0,0.0,0.0,0.0,0.0,0.0,0.0,0.0,0.0,0.0,2.0,2.0,0.0,1.0,1.0,0.0,1.0,0.0,0.0,0.0,0.0,0.0,1.0,0.0,0.0,1.0,0.0,0.0,0.0,1.0,11.0,0.0,0.0,0.0,0.0,0.0,12.0,0.0,0.0,0.0,0.0,0.0,0.0,0.0,0.0,0.0,1.0,1.0,0.0,0.0,0.0,0.0,1.0,1.0,1.0,0.0,0.0,0.0,0.0,0.0,0.0,1.0,1.0,0.0,0.0,0.0,0.0,0.0,1.0,1.0,0.0,1340899532.0,1332.0,1332.0,1263.0,1263.0,1298.0,0.0,56.0,19824.0,21420.0,21393.0,27.0,0.0,0.0,0.0,43.0,0.0,0.0,25.0,28.0,27.0,7.0,23.0,116116416.0,0.0,1633184832.0,16939698080.0,389397600.0,0.0,0.0,1364.0,0.0,0.0,1488.0,54.0,1669.0
1512,0.0,1.0,0.0,0.0,0.0,960000.0,1.0,408000000.0,1.0,800000000.0,0.245985031128,9413.0,914.0,2438.0,39750.0,40250.0,41500.0,94.0,25.0,64.0,896.0,5000.0,0.0,25.0,1000000.0,950000.0,1.0,0.0,0.0,10.0,0.0,0.0,100.0,100.0,23636444.0,604928294.0,595779062.0,0.0,0.0,0.0,0.0,0.0,1.0,1.0,1.0,1.0,1.0,0.0,0.0,1.0,0.0,0.0,0.0,0.0,0.0,34.0,1.0,15907339.0,276430368.0,15397643.0,24179046.0,619029899.0,1008.0,2787833712.0,0.0,1.0,1.0,0.0,1.0,0.0,0.0,1.0,1.0,1.0,1.0,2.0,1.0,0.0,0.0,0.0,2.0,0.0,0.0,1.0,1.0,3.0,50.0,50.0,1.0,0.0,0.0,0.0,0.0,0.0,0.0,0.0,0.0,0.0,0.0,2.0,2.0,0.0,1.0,1.0,0.0,1.0,0.0,0.0,0.0,0.0,0.0,1.0,0.0,0.0,1.0,0.0,0.0,0.0,1.0,10.0,0.0,0.0,0.0,0.0,0.0,11.0,0.0,0.0,0.0,0.0,0.0,0.0,0.0,0.0,0.0,1.0,1.0,0.0,0.0,0.0,0.0,1.0,1.0,1.0,0.0,0.0,0.0,0.0,0.0,0.0,1.0,1.0,0.0,0.0,0.0,0.0,0.0,1.0,1.0,0.0,1349715921.0,941.0,941.0,1499.0,1499.0,1529.0,0.0,73.0,21855.0,21792.0,21758.0,94.0,0.0,0.0,0.0,54.0,0.0,0.0,31.0,35.0,34.0,10.0,29.0,421269504.0,211968.0,1836970144.0,28058988992.0,516817600.0,0.0,0.0,1008.0,0.0,0.0,1196.0,68.0,1507.0
1513,0.0,1.0,0.0,0.0,0.0,960000.0,1.0,408000000.0,1.0,800000000.0,0.232815027237,9413.0,914.0,2667.0,39875.0,40500.0,41500.0,94.0,25.0,64.0,896.0,5000.0,0.0,25.0,1000000.0,950000.0,1.0,0.0,0.0,10.0,0.0,0.0,100.0,100.0,22284989.0,622178786.0,609398965.0,0.0,0.0,0.0,0.0,0.0,1.0,1.0,1.0,1.0,1.0,0.0,0.0,1.0,0.0,0.0,0.0,0.0,0.0,32.0,1.0,15267405.0,267518488.0,15182049.0,23399270.0,625180821.0,924.0,2741410236.0,0.0,1.0,1.0,0.0,1.0,0.0,0.0,1.0,1.0,1.0,1.0,2.0,1.0,0.0,0.0,0.0,2.0,0.0,0.0,1.0,1.0,3.0,50.0,50.0,1.0,0.0,0.0,0.0,0.0,0.0,0.0,0.0,0.0,0.0,0.0,2.0,2.0,0.0,1.0,1.0,0.0,1.0,0.0,0.0,0.0,0.0,0.0,1.0,0.0,0.0,1.0,0.0,0.0,0.0,1.0,10.0,0.0,0.0,0.0,0.0,0.0,11.0,0.0,0.0,0.0,0.0,0.0,0.0,0.0,0.0,0.0,1.0,1.0,0.0,0.0,0.0,0.0,1.0,1.0,1.0,0.0,0.0,0.0,0.0,0.0,0.0,1.0,1.0,0.0,0.0,0.0,0.0,0.0,1.0,1.0,0.0,1339174206.0,808.0,808.0,1364.0,1364.0,1395.0,0.0,71.0,21948.0,21899.0,21865.0,71.0,0.0,0.0,0.0,49.0,0.0,0.0,31.0,35.0,34.0,7.0,29.0,235406144.0,0.0,1654018528.0,16456069824.0,442879840.0,0.0,0.0,924.0,0.0,0.0,1093.0,68.0,1366.0
1514,0.0,1.0,0.0,0.0,0.0,960000.0,1.0,408000000.0,1.0,800000000.0,0.224720001221,9489.0,914.0,2743.0,39750.0,40250.0,41500.0,83.0,25.0,64.0,896.0,5000.0,0.0,25.0,1000000.0,950000.0,1.0,1.0,0.0,10.0,0.0,0.0,100.0,100.0,22403657.0,599275443.0,599713391.0,0.0,0.0,0.0,0.0,0.0,1.0,1.0,1.0,1.0,1.0,0.0,0.0,1.0,0.0,0.0,0.0,0.0,0.0,32.0,1.0,15187115.0,266398642.0,15335852.0,22669102.0,616237481.0,1086.0,2699567712.0,0.0,1.0,1.0,0.0,1.0,0.0,0.0,1.0,1.0,1.0,1.0,2.0,1.0,0.0,0.0,0.0,2.0,0.0,0.0,1.0,1.0,3.0,50.0,50.0,1.0,0.0,0.0,0.0,0.0,0.0,0.0,0.0,0.0,0.0,0.0,2.0,2.0,0.0,1.0,1.0,0.0,1.0,0.0,0.0,0.0,0.0,0.0,1.0,0.0,0.0,1.0,0.0,0.0,0.0,1.0,10.0,0.0,0.0,0.0,0.0,0.0,11.0,0.0,0.0,0.0,0.0,0.0,0.0,0.0,0.0,0.0,1.0,1.0,0.0,0.0,0.0,0.0,1.0,1.0,1.0,0.0,0.0,0.0,0.0,0.0,0.0,1.0,1.0,0.0,0.0,0.0,0.0,0.0,1.0,1.0,0.0,1349273792.0,1046.0,1046.0,1307.0,1307.0,1337.0,0.0,57.0,21695.0,21853.0,21819.0,56.0,0.0,0.0,0.0,32.0,0.0,0.0,31.0,35.0,34.0,8.0,29.0,311453920.0,0.0,1661440896.0,18484837280.0,423353824.0,0.0,0.0,1086.0,0.0,0.0,1217.0,68.0,1462.0
1515,0.0,1.0,0.0,0.0,0.0,960000.0,1.0,408000000.0,1.0,800000000.0,0.23210692405699998,9565.0,990.0,2742.0,39750.0,40500.0,41750.0,83.0,25.0,64.0,896.0,5000.0,0.0,25.0,1000000.0,950000.0,1.0,1.0,0.0,10.0,0.0,0.0,100.0,100.0,22810612.0,599171018.0,606965410.0,0.0,0.0,0.0,0.0,0.0,1.0,1.0,1.0,1.0,1.0,0.0,0.0,1.0,0.0,0.0,0.0,0.0,0.0,34.0,1.0,15446740.0,273433860.0,15620321.0,23692212.0,616927180.0,1112.0,2753758406.0,0.0,1.0,1.0,0.0,1.0,0.0,0.0,1.0,1.0,1.0,1.0,2.0,1.0,0.0,0.0,0.0,2.0,0.0,0.0,1.0,1.0,3.0,50.0,50.0,1.0,0.0,0.0,0.0,0.0,0.0,0.0,0.0,0.0,0.0,0.0,2.0,2.0,0.0,1.0,1.0,0.0,1.0,0.0,0.0,0.0,0.0,0.0,1.0,0.0,0.0,1.0,0.0,0.0,0.0,1.0,10.0,0.0,0.0,0.0,0.0,0.0,11.0,0.0,0.0,0.0,0.0,0.0,0.0,0.0,0.0,0.0,1.0,1.0,0.0,0.0,0.0,0.0,1.0,1.0,1.0,0.0,0.0,0.0,0.0,0.0,0.0,1.0,1.0,0.0,0.0,0.0,0.0,0.0,1.0,1.0,0.0,1376056944.0,943.0,943.0,1286.0,1286.0,1324.0,0.0,58.0,21857.0,21770.0,21736.0,49.0,0.0,0.0,0.0,52.0,0.0,0.0,31.0,35.0,34.0,10.0,29.0,25579712.0,0.0,1683584960.0,34582751360.0,376360224.0,0.0,0.0,1112.0,0.0,0.0,1247.0,68.0,1445.0
1516,0.0,1.0,0.0,0.0,0.0,960000.0,1.0,408000000.0,1.0,800000000.0,0.226994037628,9489.0,914.0,2819.0,39625.0,40500.0,42000.0,83.0,25.0,64.0,896.0,5000.0,0.0,25.0,1000000.0,950000.0,1.0,1.0,0.0,10.0,0.0,0.0,100.0,100.0,23242939.0,618112152.0,593430801.0,0.0,0.0,0.0,0.0,0.0,1.0,1.0,1.0,1.0,1.0,0.0,0.0,1.0,0.0,0.0,0.0,0.0,0.0,30.0,1.0,14928269.0,276248196.0,14771181.0,24544528.0,625890745.0,993.0,2625329985.0,0.0,1.0,1.0,0.0,1.0,0.0,0.0,1.0,1.0,1.0,1.0,2.0,1.0,0.0,0.0,0.0,2.0,0.0,0.0,1.0,1.0,3.0,50.0,50.0,1.0,0.0,0.0,0.0,0.0,0.0,0.0,0.0,0.0,0.0,0.0,2.0,2.0,0.0,1.0,1.0,0.0,1.0,0.0,0.0,0.0,0.0,0.0,1.0,0.0,0.0,1.0,0.0,0.0,0.0,1.0,10.0,0.0,0.0,0.0,0.0,0.0,11.0,0.0,0.0,0.0,0.0,0.0,0.0,0.0,0.0,0.0,1.0,1.0,0.0,0.0,0.0,0.0,1.0,1.0,1.0,0.0,0.0,0.0,0.0,0.0,0.0,1.0,1.0,0.0,0.0,0.0,0.0,0.0,1.0,1.0,0.0,1346185474.0,993.0,993.0,1303.0,1303.0,1340.0,0.0,61.0,21799.0,21734.0,21700.0,30.0,0.0,0.0,0.0,46.0,0.0,0.0,31.0,35.0,34.0,5.0,29.0,225517920.0,0.0,1672727360.0,61954241440.0,372403008.0,0.0,0.0,993.0,0.0,0.0,1158.0,68.0,1473.0
1517,0.0,1.0,0.0,0.0,0.0,960000.0,1.0,408000000.0,1.0,800000000.0,0.22665500640900002,9337.0,914.0,2438.0,39375.0,40250.0,41500.0,80.0,25.0,64.0,896.0,5000.0,0.0,25.0,1000000.0,950000.0,1.0,0.0,0.0,10.0,0.0,0.0,100.0,500.0,22768806.0,612167300.0,594774129.0,0.0,0.0,0.0,0.0,0.0,1.0,1.0,1.0,1.0,1.0,0.0,0.0,1.0,0.0,0.0,0.0,0.0,0.0,34.0,1.0,14789163.0,262454460.0,14593910.0,25394684.0,619764655.0,1151.0,2579169815.0,0.0,1.0,1.0,0.0,1.0,0.0,0.0,1.0,1.0,1.0,1.0,2.0,1.0,0.0,0.0,0.0,2.0,0.0,0.0,1.0,1.0,3.0,50.0,50.0,1.0,0.0,0.0,0.0,0.0,0.0,0.0,0.0,0.0,0.0,0.0,2.0,2.0,0.0,1.0,1.0,0.0,1.0,0.0,0.0,0.0,0.0,0.0,1.0,0.0,0.0,1.0,0.0,0.0,0.0,1.0,10.0,0.0,0.0,0.0,0.0,0.0,11.0,0.0,0.0,0.0,0.0,0.0,0.0,0.0,0.0,0.0,1.0,1.0,0.0,0.0,0.0,0.0,1.0,1.0,1.0,0.0,0.0,0.0,0.0,0.0,0.0,1.0,1.0,0.0,0.0,0.0,0.0,0.0,1.0,1.0,0.0,1344484971.0,1025.0,1025.0,1309.0,1309.0,1349.0,0.0,66.0,21664.0,21683.0,21649.0,69.0,0.0,0.0,0.0,35.0,0.0,0.0,31.0,35.0,34.0,7.0,29.0,268084288.0,0.0,1714045312.0,37401742208.0,460216064.0,0.0,0.0,1151.0,0.0,0.0,1305.0,68.0,1454.0
1518,0.0,1.0,0.0,0.0,0.0,960000.0,1.0,408000000.0,1.0,800000000.0,0.229146957397,8690.0,990.0,2514.0,40375.0,40750.0,41500.0,80.0,25.0,64.0,896.0,5000.0,0.0,25.0,1000000.0,950000.0,1.0,0.0,0.0,10.0,0.0,0.0,100.0,500.0,24153334.0,619306242.0,598276716.0,0.0,0.0,0.0,0.0,0.0,1.0,1.0,1.0,1.0,1.0,0.0,0.0,1.0,0.0,0.0,0.0,0.0,0.0,33.0,1.0,15465737.0,270303371.0,15232901.0,24325411.0,618296269.0,1267.0,2620909338.0,0.0,1.0,1.0,0.0,1.0,0.0,0.0,1.0,1.0,1.0,1.0,2.0,1.0,0.0,0.0,0.0,2.0,0.0,0.0,1.0,1.0,3.0,50.0,50.0,1.0,0.0,0.0,0.0,0.0,0.0,0.0,0.0,0.0,0.0,0.0,2.0,2.0,0.0,1.0,1.0,0.0,1.0,0.0,0.0,0.0,0.0,0.0,1.0,0.0,0.0,1.0,0.0,0.0,0.0,1.0,11.0,0.0,0.0,0.0,0.0,0.0,12.0,0.0,0.0,0.0,0.0,0.0,0.0,0.0,0.0,0.0,1.0,1.0,0.0,0.0,0.0,0.0,1.0,1.0,1.0,0.0,0.0,0.0,0.0,0.0,0.0,1.0,1.0,0.0,0.0,0.0,0.0,0.0,1.0,1.0,0.0,1345257771.0,1182.0,1182.0,1264.0,1264.0,1302.0,0.0,58.0,21747.0,21779.0,21745.0,61.0,0.0,0.0,0.0,31.0,0.0,0.0,31.0,35.0,34.0,8.0,29.0,441631040.0,1662144.0,1689906976.0,42398166016.0,518782880.0,0.0,0.0,1267.0,0.0,0.0,1462.0,68.0,1669.0
1519,0.0,1.0,0.0,0.0,0.0,960000.0,1.0,408000000.0,1.0,800000000.0,0.227519989014,13263.0,1447.0,4267.0,39750.0,40500.0,42000.0,80.0,25.0,64.0,896.0,5000.0,0.0,25.0,1000000.0,950000.0,1.0,0.0,0.0,10.0,0.0,0.0,100.0,500.0,24913179.0,615631483.0,612469994.0,0.0,0.0,0.0,0.0,0.0,1.0,1.0,1.0,1.0,1.0,0.0,0.0,1.0,0.0,0.0,0.0,0.0,0.0,32.0,1.0,15915782.0,279304959.0,15609121.0,26954444.0,628674083.0,1206.0,2781322014.0,0.0,1.0,1.0,0.0,1.0,0.0,0.0,1.0,1.0,1.0,1.0,2.0,1.0,0.0,0.0,0.0,2.0,0.0,0.0,1.0,1.0,3.0,50.0,50.0,1.0,0.0,0.0,0.0,0.0,0.0,0.0,0.0,0.0,0.0,0.0,2.0,2.0,0.0,1.0,1.0,0.0,1.0,0.0,0.0,0.0,0.0,0.0,1.0,0.0,0.0,1.0,0.0,0.0,0.0,1.0,10.0,0.0,0.0,0.0,0.0,0.0,11.0,0.0,0.0,0.0,0.0,0.0,0.0,0.0,0.0,0.0,1.0,1.0,0.0,0.0,0.0,0.0,1.0,1.0,1.0,0.0,0.0,0.0,0.0,0.0,0.0,1.0,1.0,0.0,0.0,0.0,0.0,0.0,1.0,1.0,0.0,1376355026.0,998.0,998.0,1322.0,1322.0,1367.0,0.0,91.0,23466.0,22340.0,22299.0,49.0,0.0,0.0,0.0,71.0,0.0,0.0,37.0,42.0,41.0,12.0,35.0,519208608.0,0.0,1775704160.0,22841839264.0,485034368.0,0.0,0.0,1206.0,0.0,0.0,1395.0,82.0,1644.0
1520,0.0,1.0,0.0,0.0,0.0,960000.0,1.0,408000000.0,1.0,800000000.0,0.248972892761,12922.0,1218.0,3734.0,39666.6666667,40333.3333333,41333.3333333,89.0,25.0,64.0,896.0,5000.0,0.0,25.0,1000000.0,950000.0,1.0,1.0,0.0,10.0,0.0,0.0,100.0,500.0,27658732.0,629700791.0,604811978.0,0.0,0.0,0.0,0.0,0.0,1.0,1.0,1.0,1.0,1.0,0.0,0.0,1.0,0.0,0.0,0.0,0.0,0.0,34.0,1.0,16008086.0,276844737.0,15979621.0,27861834.0,653925325.0,1475.0,2870431368.0,0.0,1.0,1.0,0.0,1.0,0.0,0.0,1.0,1.0,1.0,1.0,2.0,1.0,0.0,0.0,0.0,2.0,0.0,0.0,1.0,1.0,3.0,50.0,50.0,1.0,0.0,0.0,0.0,0.0,0.0,0.0,0.0,0.0,0.0,0.0,2.0,2.0,0.0,1.0,1.0,0.0,1.0,0.0,0.0,0.0,0.0,0.0,1.0,0.0,0.0,1.0,0.0,0.0,0.0,1.0,10.0,0.0,0.0,0.0,0.0,0.0,11.0,0.0,0.0,0.0,0.0,0.0,0.0,0.0,0.0,0.0,1.0,1.0,0.0,0.0,0.0,0.0,1.0,1.0,1.0,0.0,0.0,0.0,0.0,0.0,0.0,1.0,1.0,0.0,0.0,0.0,0.0,0.0,1.0,1.0,0.0,1437699962.0,1228.0,1228.0,1399.0,1399.0,1437.0,0.0,104.0,24207.0,22664.0,22617.0,68.0,0.0,0.0,0.0,60.0,0.0,0.0,43.0,48.0,47.0,12.0,41.0,367953280.0,0.0,1893171712.0,32512660576.0,743970016.0,0.0,0.0,1475.0,0.0,0.0,1687.0,94.0,1918.0
1521,0.0,1.0,0.0,0.0,0.0,960000.0,1.0,408000000.0,1.0,800000000.0,0.23074007034299998,8616.0,1066.0,2362.0,40125.0,40750.0,41500.0,89.0,25.0,64.0,896.0,5000.0,0.0,25.0,1000000.0,950000.0,1.0,1.0,0.0,10.0,0.0,0.0,100.0,500.0,24351928.0,603290566.0,591304973.0,0.0,0.0,0.0,0.0,0.0,1.0,1.0,1.0,1.0,1.0,0.0,0.0,1.0,0.0,0.0,0.0,0.0,0.0,32.0,1.0,15452515.0,263477607.0,15095875.0,24526880.0,606538377.0,1196.0,2593876226.0,0.0,1.0,1.0,0.0,1.0,0.0,0.0,1.0,1.0,1.0,1.0,2.0,1.0,0.0,0.0,0.0,2.0,0.0,0.0,1.0,1.0,3.0,50.0,50.0,1.0,0.0,0.0,0.0,0.0,0.0,0.0,0.0,0.0,0.0,0.0,2.0,2.0,0.0,1.0,1.0,0.0,1.0,0.0,0.0,0.0,0.0,0.0,1.0,0.0,0.0,1.0,0.0,0.0,0.0,1.0,10.0,0.0,0.0,0.0,0.0,0.0,11.0,0.0,0.0,0.0,0.0,0.0,0.0,0.0,0.0,0.0,1.0,1.0,0.0,0.0,0.0,0.0,1.0,1.0,1.0,0.0,0.0,0.0,0.0,0.0,0.0,1.0,1.0,0.0,0.0,0.0,0.0,0.0,1.0,1.0,0.0,1361194704.0,1080.0,1080.0,1367.0,1367.0,1413.0,0.0,58.0,21644.0,21948.0,21914.0,53.0,0.0,0.0,0.0,39.0,0.0,0.0,31.0,35.0,34.0,11.0,29.0,222329280.0,4112704.0,1753032864.0,36146527232.0,401864864.0,0.0,0.0,1196.0,0.0,0.0,1372.0,68.0,1632.0
1522,0.0,1.0,0.0,0.0,0.0,960000.0,1.0,408000000.0,1.0,800000000.0,0.247385978699,12922.0,1370.0,3885.0,39000.0,40500.0,42000.0,89.0,25.0,64.0,896.0,5000.0,0.0,25.0,1000000.0,950000.0,1.0,1.0,0.0,10.0,0.0,0.0,100.0,500.0,23213944.0,631628784.0,607203332.0,0.0,0.0,0.0,0.0,0.0,1.0,1.0,1.0,1.0,1.0,0.0,0.0,1.0,0.0,0.0,0.0,0.0,0.0,30.0,1.0,15163600.0,269029580.0,15045964.0,25729995.0,645694509.0,1365.0,2722451315.0,0.0,1.0,1.0,0.0,1.0,0.0,0.0,1.0,1.0,1.0,1.0,2.0,1.0,0.0,0.0,0.0,2.0,0.0,0.0,1.0,1.0,3.0,50.0,50.0,1.0,0.0,0.0,0.0,0.0,0.0,0.0,0.0,0.0,0.0,0.0,2.0,2.0,0.0,1.0,1.0,0.0,1.0,0.0,0.0,0.0,0.0,0.0,1.0,0.0,0.0,1.0,0.0,0.0,0.0,1.0,11.0,0.0,0.0,0.0,0.0,0.0,12.0,0.0,0.0,0.0,0.0,0.0,0.0,0.0,0.0,0.0,1.0,1.0,0.0,0.0,0.0,0.0,1.0,1.0,1.0,0.0,0.0,0.0,0.0,0.0,0.0,1.0,1.0,0.0,0.0,0.0,0.0,0.0,1.0,1.0,0.0,1359331429.0,1252.0,1252.0,1339.0,1339.0,1382.0,0.0,64.0,22230.0,21920.0,21886.0,52.0,0.0,0.0,0.0,48.0,0.0,0.0,31.0,35.0,34.0,10.0,29.0,224064704.0,0.0,1723475328.0,21043926656.0,401853952.0,0.0,0.0,1365.0,0.0,0.0,1534.0,68.0,1788.0
1523,0.0,1.0,1.0,0.0,1.0,1728000.0,1.0,408000000.0,1.0,102000000.0,0.887553930283,10446.0,1066.0,3505.0,39625.0,40125.0,41500.0,92.0,25.0,64.0,896.0,5000.0,0.0,25.0,1000000.0,950000.0,1.0,0.0,0.0,10.0,0.0,0.0,0.0,100.0,33752616.0,777396089.0,729144919.0,0.0,0.0,0.0,0.0,0.0,1.0,1.0,1.0,1.0,1.0,0.0,0.0,1.0,0.0,0.0,0.0,0.0,0.0,28.0,1.0,20216635.0,315468231.0,20609296.0,35685336.0,794527290.0,1478.0,11201250137.0,0.0,1.0,1.0,0.0,1.0,0.0,0.0,1.0,1.0,1.0,1.0,2.0,1.0,0.0,0.0,0.0,2.0,0.0,0.0,1.0,1.0,3.0,50.0,50.0,1.0,0.0,0.0,0.0,0.0,0.0,0.0,0.0,0.0,0.0,0.0,2.0,2.0,0.0,1.0,1.0,0.0,1.0,0.0,0.0,0.0,0.0,0.0,1.0,0.0,0.0,1.0,0.0,0.0,0.0,1.0,10.0,0.0,0.0,0.0,0.0,0.0,11.0,0.0,0.0,0.0,0.0,0.0,0.0,0.0,0.0,0.0,1.0,1.0,0.0,0.0,0.0,0.0,1.0,1.0,1.0,0.0,0.0,0.0,0.0,0.0,0.0,1.0,1.0,0.0,0.0,0.0,0.0,0.0,1.0,1.0,0.0,1559855646.0,2134.0,2134.0,4126.0,4126.0,4160.0,0.0,180.0,26061.0,23709.0,23656.0,111.0,0.0,0.0,0.0,304.0,0.0,0.0,49.0,54.0,53.0,25.0,47.0,1137292640.0,0.0,6862522496.0,96954171776.0,767519616.0,0.0,0.0,1478.0,0.0,0.0,2102.0,106.0,2490.0
1524,0.0,1.0,1.0,0.0,1.0,1728000.0,1.0,408000000.0,1.0,102000000.0,0.88053894043,14334.0,1523.0,4876.0,39500.0,40166.6666667,41500.0,92.0,25.0,64.0,896.0,5000.0,0.0,25.0,1000000.0,950000.0,1.0,0.0,0.0,10.0,0.0,0.0,0.0,100.0,33281411.0,793335018.0,741452915.0,0.0,0.0,0.0,0.0,0.0,1.0,1.0,1.0,1.0,1.0,0.0,0.0,1.0,0.0,0.0,0.0,0.0,0.0,35.0,1.0,21018294.0,303789752.0,21503428.0,33937448.0,799285159.0,1383.0,11772204740.0,0.0,1.0,1.0,0.0,1.0,0.0,0.0,1.0,1.0,1.0,1.0,2.0,1.0,0.0,0.0,0.0,2.0,0.0,0.0,1.0,1.0,3.0,50.0,50.0,1.0,0.0,0.0,0.0,0.0,0.0,0.0,0.0,0.0,0.0,0.0,2.0,2.0,0.0,1.0,1.0,0.0,1.0,0.0,0.0,0.0,0.0,0.0,1.0,0.0,0.0,1.0,0.0,0.0,0.0,1.0,11.0,0.0,0.0,0.0,0.0,0.0,12.0,0.0,0.0,0.0,0.0,0.0,0.0,0.0,0.0,0.0,1.0,1.0,0.0,0.0,0.0,0.0,1.0,1.0,1.0,0.0,0.0,0.0,0.0,0.0,0.0,1.0,1.0,0.0,0.0,0.0,0.0,0.0,1.0,1.0,0.0,1539679979.0,2279.0,2279.0,4454.0,4454.0,4475.0,0.0,160.0,25814.0,23619.0,23568.0,137.0,0.0,0.0,0.0,267.0,0.0,0.0,49.0,52.0,51.0,19.0,47.0,945931552.0,0.0,7295883904.0,83957807040.0,614632512.0,0.0,0.0,1383.0,0.0,0.0,2020.0,102.0,2498.0
1525,0.0,1.0,1.0,0.0,1.0,1728000.0,1.0,408000000.0,1.0,102000000.0,0.918813943863,14563.0,1447.0,5028.0,39625.0,40375.0,41375.0,92.0,25.0,64.0,896.0,5000.0,0.0,25.0,1000000.0,950000.0,1.0,0.0,0.0,10.0,0.0,0.0,0.0,100.0,31803095.0,787857519.0,736552184.0,0.0,0.0,0.0,0.0,0.0,1.0,1.0,1.0,1.0,1.0,0.0,0.0,1.0,0.0,0.0,0.0,0.0,0.0,31.0,1.0,21520412.0,334092828.0,22339828.0,34124733.0,818175986.0,1575.0,12102738350.0,0.0,1.0,1.0,0.0,1.0,0.0,0.0,1.0,1.0,1.0,1.0,2.0,1.0,0.0,0.0,0.0,2.0,0.0,0.0,1.0,1.0,3.0,50.0,50.0,1.0,0.0,0.0,0.0,0.0,0.0,0.0,0.0,0.0,0.0,0.0,2.0,2.0,0.0,1.0,1.0,0.0,1.0,0.0,0.0,0.0,0.0,0.0,1.0,0.0,0.0,1.0,0.0,0.0,0.0,1.0,10.0,0.0,0.0,0.0,0.0,0.0,11.0,0.0,0.0,0.0,0.0,0.0,0.0,0.0,0.0,0.0,1.0,1.0,0.0,0.0,0.0,0.0,1.0,1.0,1.0,0.0,0.0,0.0,0.0,0.0,0.0,1.0,1.0,0.0,0.0,0.0,0.0,0.0,1.0,1.0,0.0,1660759728.0,2268.0,2268.0,4368.0,4368.0,4415.0,0.0,189.0,27786.0,24017.0,23958.0,120.0,0.0,0.0,0.0,285.0,0.0,0.0,55.0,60.0,59.0,29.0,53.0,766629024.0,0.0,7292232832.0,108769544704.0,988690912.0,0.0,0.0,1575.0,0.0,0.0,2225.0,118.0,2620.0
1526,0.0,1.0,1.0,0.0,1.0,1728000.0,1.0,408000000.0,1.0,102000000.0,0.871994972229,10560.0,1142.0,3505.0,39500.0,40333.3333333,41500.0,97.0,25.0,64.0,896.0,5000.0,0.0,25.0,1000000.0,950000.0,1.0,1.0,0.0,10.0,0.0,0.0,0.0,100.0,30056765.0,762534763.0,708266177.0,0.0,0.0,0.0,0.0,0.0,1.0,1.0,1.0,1.0,1.0,0.0,0.0,1.0,0.0,0.0,0.0,0.0,0.0,34.0,1.0,19571308.0,289328419.0,19476002.0,31846635.0,753043779.0,1308.0,10653765806.0,0.0,1.0,1.0,0.0,1.0,0.0,0.0,1.0,1.0,1.0,1.0,2.0,1.0,0.0,0.0,0.0,2.0,0.0,0.0,1.0,1.0,3.0,50.0,50.0,1.0,0.0,0.0,0.0,0.0,0.0,0.0,0.0,0.0,0.0,0.0,2.0,2.0,0.0,1.0,1.0,0.0,1.0,0.0,0.0,0.0,0.0,0.0,1.0,0.0,0.0,1.0,0.0,0.0,0.0,1.0,11.0,0.0,0.0,0.0,0.0,0.0,12.0,0.0,0.0,0.0,0.0,0.0,0.0,0.0,0.0,0.0,1.0,1.0,0.0,0.0,0.0,0.0,1.0,1.0,1.0,0.0,0.0,0.0,0.0,0.0,0.0,1.0,1.0,0.0,0.0,0.0,0.0,0.0,1.0,1.0,0.0,1510818148.0,2026.0,2026.0,4036.0,4036.0,4062.0,0.0,140.0,23986.0,23239.0,23193.0,146.0,0.0,0.0,0.0,226.0,0.0,0.0,43.0,47.0,46.0,20.0,41.0,783717472.0,0.0,6597900608.0,100730393600.0,675217920.0,0.0,0.0,1308.0,0.0,0.0,1707.0,92.0,2296.0
1527,0.0,1.0,1.0,0.0,1.0,1728000.0,1.0,408000000.0,1.0,102000000.0,0.870099067688,14410.0,1447.0,4648.0,39583.3333333,40333.3333333,41333.3333333,97.0,25.0,64.0,896.0,5000.0,0.0,25.0,1000000.0,950000.0,1.0,1.0,0.0,10.0,0.0,0.0,0.0,100.0,32673664.0,770871480.0,712576973.0,0.0,0.0,0.0,0.0,0.0,1.0,1.0,1.0,1.0,1.0,0.0,0.0,1.0,0.0,0.0,0.0,0.0,0.0,29.0,1.0,19945637.0,296066153.0,20230751.0,35006477.0,793924718.0,1479.0,11160162507.0,0.0,1.0,1.0,0.0,1.0,0.0,0.0,1.0,1.0,1.0,1.0,2.0,1.0,0.0,0.0,0.0,2.0,0.0,0.0,1.0,1.0,3.0,50.0,50.0,1.0,0.0,0.0,0.0,0.0,0.0,0.0,0.0,0.0,0.0,0.0,2.0,2.0,0.0,1.0,1.0,0.0,1.0,0.0,0.0,0.0,0.0,0.0,1.0,0.0,0.0,1.0,0.0,0.0,0.0,1.0,10.0,0.0,0.0,0.0,0.0,0.0,11.0,0.0,0.0,0.0,0.0,0.0,0.0,0.0,0.0,0.0,1.0,1.0,0.0,0.0,0.0,0.0,1.0,1.0,1.0,0.0,0.0,0.0,0.0,0.0,0.0,1.0,1.0,0.0,0.0,0.0,0.0,0.0,1.0,1.0,0.0,1573810820.0,2096.0,2096.0,4118.0,4118.0,4156.0,0.0,166.0,26352.0,23691.0,23638.0,140.0,0.0,0.0,0.0,240.0,0.0,0.0,49.0,54.0,53.0,19.0,47.0,533458464.0,0.0,6873175136.0,116799664896.0,839598304.0,0.0,0.0,1479.0,0.0,0.0,2055.0,106.0,2428.0
1528,0.0,1.0,1.0,0.0,1.0,1728000.0,1.0,408000000.0,1.0,102000000.0,0.8539171218870001,10330.0,1218.0,3505.0,39500.0,40333.3333333,41500.0,97.0,25.0,64.0,896.0,5000.0,0.0,25.0,1000000.0,950000.0,1.0,1.0,0.0,10.0,0.0,0.0,0.0,100.0,30845131.0,732463361.0,694286803.0,0.0,0.0,0.0,0.0,0.0,1.0,1.0,1.0,1.0,1.0,0.0,0.0,1.0,0.0,0.0,0.0,0.0,0.0,35.0,1.0,20676071.0,298535005.0,20803900.0,29975121.0,763705717.0,1225.0,10586222853.0,0.0,1.0,1.0,0.0,1.0,0.0,0.0,1.0,1.0,1.0,1.0,2.0,1.0,0.0,0.0,0.0,2.0,0.0,0.0,1.0,1.0,3.0,50.0,50.0,1.0,0.0,0.0,0.0,0.0,0.0,0.0,0.0,0.0,0.0,0.0,2.0,2.0,0.0,1.0,1.0,0.0,1.0,0.0,0.0,0.0,0.0,0.0,1.0,0.0,0.0,1.0,0.0,0.0,0.0,1.0,11.0,0.0,0.0,0.0,0.0,0.0,12.0,0.0,0.0,0.0,0.0,0.0,0.0,0.0,0.0,0.0,1.0,1.0,0.0,0.0,0.0,0.0,1.0,1.0,1.0,0.0,0.0,0.0,0.0,0.0,0.0,1.0,1.0,0.0,0.0,0.0,0.0,0.0,1.0,1.0,0.0,1526455081.0,2071.0,2071.0,4058.0,4058.0,4086.0,0.0,142.0,24199.0,23127.0,23081.0,131.0,0.0,0.0,0.0,206.0,0.0,0.0,43.0,47.0,46.0,21.0,41.0,286421632.0,0.0,6551654464.0,428971546848.0,627992448.0,0.0,0.0,1225.0,0.0,0.0,1713.0,92.0,2232.0
1529,0.0,1.0,1.0,0.0,1.0,1728000.0,1.0,408000000.0,1.0,102000000.0,0.847714185715,10674.0,1218.0,3581.0,39500.0,40000.0,41500.0,95.0,25.0,64.0,896.0,5000.0,0.0,25.0,1000000.0,950000.0,1.0,0.0,0.0,10.0,0.0,0.0,0.0,500.0,32553871.0,772181606.0,715979529.0,0.0,0.0,0.0,0.0,0.0,1.0,1.0,1.0,1.0,1.0,0.0,0.0,1.0,0.0,0.0,0.0,0.0,0.0,373.0,1.0,19703601.0,300044664.0,19845758.0,33996752.0,795584874.0,1492.0,11332317182.0,0.0,1.0,1.0,0.0,1.0,0.0,0.0,1.0,1.0,1.0,1.0,2.0,1.0,0.0,0.0,0.0,2.0,0.0,0.0,1.0,1.0,4.0,431.0,431.0,1.0,0.0,0.0,0.0,0.0,0.0,0.0,0.0,0.0,0.0,0.0,3.0,3.0,0.0,1.0,1.0,0.0,1.0,1.0,0.0,0.0,0.0,0.0,1.0,0.0,0.0,1.0,0.0,0.0,0.0,1.0,11.0,0.0,0.0,0.0,0.0,0.0,12.0,0.0,0.0,0.0,0.0,0.0,0.0,0.0,0.0,0.0,1.0,1.0,0.0,0.0,0.0,0.0,1.0,1.0,1.0,0.0,0.0,0.0,0.0,0.0,0.0,1.0,1.0,0.0,0.0,0.0,0.0,0.0,1.0,1.0,0.0,1582708675.0,2170.0,2170.0,4322.0,4322.0,4357.0,0.0,172.0,26663.0,23691.0,23638.0,160.0,0.0,0.0,0.0,279.0,0.0,0.0,49.0,54.0,53.0,25.0,47.0,902690400.0,0.0,7029455360.0,102062155712.0,833194016.0,0.0,0.0,1492.0,0.0,0.0,2119.0,106.0,2509.0
1530,0.0,1.0,1.0,0.0,1.0,1728000.0,1.0,408000000.0,1.0,102000000.0,0.872596025467,14410.0,1447.0,4800.0,39500.0,40166.6666667,41166.6666667,95.0,25.0,64.0,896.0,5000.0,0.0,25.0,1000000.0,950000.0,1.0,0.0,0.0,10.0,0.0,0.0,0.0,500.0,33140866.0,786872567.0,721921801.0,0.0,0.0,0.0,0.0,0.0,1.0,1.0,1.0,1.0,1.0,0.0,0.0,1.0,0.0,0.0,0.0,0.0,0.0,32.0,1.0,19917620.0,287797550.0,20392113.0,34237767.0,800662456.0,1338.0,11234597380.0,0.0,1.0,1.0,0.0,1.0,0.0,0.0,1.0,1.0,1.0,1.0,2.0,1.0,0.0,0.0,0.0,2.0,0.0,0.0,1.0,1.0,3.0,50.0,50.0,1.0,0.0,0.0,0.0,0.0,0.0,0.0,0.0,0.0,0.0,0.0,2.0,2.0,0.0,1.0,1.0,0.0,1.0,0.0,0.0,0.0,0.0,0.0,1.0,0.0,0.0,1.0,0.0,0.0,0.0,1.0,11.0,0.0,0.0,0.0,0.0,0.0,12.0,0.0,0.0,0.0,0.0,0.0,0.0,0.0,0.0,0.0,1.0,1.0,0.0,0.0,0.0,0.0,1.0,1.0,1.0,0.0,0.0,0.0,0.0,0.0,0.0,1.0,1.0,0.0,0.0,0.0,0.0,0.0,1.0,1.0,0.0,1595758352.0,2003.0,2003.0,4242.0,4242.0,4267.0,0.0,157.0,26843.0,23717.0,23664.0,99.0,0.0,0.0,0.0,234.0,0.0,0.0,49.0,54.0,53.0,19.0,47.0,871473088.0,0.0,6833758304.0,72195915776.0,681710944.0,0.0,0.0,1338.0,0.0,0.0,1858.0,106.0,2326.0
1531,0.0,1.0,1.0,0.0,1.0,1728000.0,1.0,408000000.0,1.0,102000000.0,0.858862876892,14373.0,1447.0,4724.0,39562.5,40250.0,41500.0,95.0,25.0,64.0,896.0,5000.0,0.0,25.0,1000000.0,950000.0,1.0,0.0,0.0,10.0,0.0,0.0,0.0,500.0,36398258.0,811101119.0,746344304.0,0.0,0.0,0.0,0.0,0.0,1.0,1.0,1.0,1.0,1.0,0.0,0.0,1.0,0.0,0.0,0.0,0.0,0.0,32.0,1.0,22086693.0,320679026.0,22708434.0,35829635.0,829291573.0,1571.0,12499563966.0,0.0,1.0,1.0,0.0,1.0,0.0,0.0,1.0,1.0,1.0,1.0,2.0,1.0,0.0,0.0,0.0,2.0,0.0,0.0,1.0,1.0,3.0,50.0,50.0,1.0,0.0,0.0,0.0,0.0,0.0,0.0,0.0,0.0,0.0,0.0,2.0,2.0,0.0,1.0,1.0,0.0,1.0,0.0,0.0,0.0,0.0,0.0,1.0,0.0,0.0,1.0,0.0,0.0,0.0,1.0,11.0,0.0,0.0,0.0,0.0,0.0,12.0,0.0,0.0,0.0,0.0,0.0,0.0,0.0,0.0,0.0,1.0,1.0,0.0,0.0,0.0,0.0,1.0,1.0,1.0,0.0,0.0,0.0,0.0,0.0,0.0,1.0,1.0,0.0,0.0,0.0,0.0,0.0,1.0,1.0,0.0,1636782051.0,2462.0,2462.0,4602.0,4602.0,4637.0,0.0,189.0,28323.0,24151.0,24093.0,141.0,0.0,0.0,0.0,314.0,0.0,0.0,55.0,59.0,58.0,24.0,53.0,705148768.0,0.0,7709999136.0,108063374368.0,859212288.0,0.0,0.0,1571.0,0.0,0.0,2274.0,116.0,2829.0
1532,0.0,1.0,1.0,0.0,1.0,1728000.0,1.0,408000000.0,1.0,102000000.0,0.9205899238590001,17917.0,1598.0,6249.0,39416.6666667,40166.6666667,41333.3333333,75.0,25.0,64.0,896.0,5000.0,0.0,25.0,1000000.0,950000.0,1.0,1.0,0.0,10.0,0.0,0.0,0.0,500.0,41685431.0,839858261.0,791403641.0,0.0,0.0,0.0,0.0,0.0,1.0,1.0,1.0,1.0,1.0,0.0,0.0,1.0,0.0,0.0,0.0,0.0,0.0,35.0,1.0,23233075.0,324594129.0,23328451.0,44470427.0,852941488.0,1894.0,13422064910.0,0.0,1.0,1.0,0.0,1.0,0.0,0.0,1.0,1.0,1.0,1.0,2.0,1.0,0.0,0.0,0.0,2.0,0.0,0.0,1.0,1.0,3.0,50.0,50.0,1.0,0.0,0.0,0.0,0.0,0.0,0.0,0.0,0.0,0.0,0.0,2.0,2.0,0.0,1.0,1.0,0.0,1.0,0.0,0.0,0.0,0.0,0.0,1.0,0.0,0.0,1.0,0.0,0.0,0.0,1.0,10.0,0.0,0.0,0.0,0.0,0.0,11.0,0.0,0.0,0.0,0.0,0.0,0.0,0.0,0.0,0.0,1.0,1.0,0.0,0.0,0.0,0.0,1.0,1.0,1.0,0.0,0.0,0.0,0.0,0.0,0.0,1.0,1.0,0.0,0.0,0.0,0.0,0.0,1.0,1.0,0.0,1669840714.0,2595.0,2595.0,5048.0,5048.0,5083.0,0.0,222.0,32002.0,25524.0,25445.0,182.0,0.0,0.0,0.0,355.0,0.0,0.0,73.0,80.0,79.0,33.0,71.0,1264177952.0,0.0,8340560192.0,125941714848.0,905946912.0,0.0,0.0,1894.0,0.0,0.0,2690.0,158.0,3242.0
1533,0.0,1.0,1.0,0.0,1.0,1728000.0,1.0,408000000.0,1.0,102000000.0,0.876345157623,14525.0,1447.0,4952.0,39464.2857143,40000.0,41071.4285714,75.0,25.0,64.0,896.0,5000.0,0.0,25.0,1000000.0,950000.0,1.0,1.0,0.0,10.0,0.0,0.0,0.0,500.0,41264017.0,820385526.0,745009289.0,0.0,0.0,0.0,0.0,0.0,1.0,1.0,1.0,1.0,1.0,0.0,0.0,1.0,0.0,0.0,0.0,0.0,0.0,31.0,1.0,22164187.0,313296974.0,22416562.0,42900843.0,840471195.0,1657.0,12579346716.0,0.0,1.0,1.0,0.0,1.0,0.0,0.0,1.0,1.0,1.0,1.0,2.0,1.0,0.0,0.0,0.0,2.0,0.0,0.0,1.0,1.0,3.0,50.0,50.0,1.0,0.0,0.0,0.0,0.0,0.0,0.0,0.0,0.0,0.0,0.0,2.0,2.0,0.0,1.0,1.0,0.0,1.0,0.0,0.0,0.0,0.0,0.0,1.0,0.0,0.0,1.0,0.0,0.0,0.0,1.0,10.0,0.0,0.0,0.0,0.0,0.0,11.0,0.0,0.0,0.0,0.0,0.0,0.0,0.0,0.0,0.0,1.0,1.0,0.0,0.0,0.0,0.0,1.0,1.0,1.0,0.0,0.0,0.0,0.0,0.0,0.0,1.0,1.0,0.0,0.0,0.0,0.0,0.0,1.0,1.0,0.0,1676137561.0,2412.0,2412.0,4725.0,4725.0,4750.0,0.0,222.0,30178.0,25234.0,25157.0,156.0,0.0,0.0,0.0,338.0,0.0,0.0,73.0,78.0,77.0,35.0,71.0,1077889216.0,0.0,8013716480.0,88249979968.0,812080608.0,0.0,0.0,1657.0,0.0,0.0,2354.0,154.0,2895.0
1534,0.0,1.0,1.0,0.0,1.0,1728000.0,1.0,408000000.0,1.0,102000000.0,0.855124950409,14334.0,1523.0,4648.0,39375.0,40250.0,41375.0,75.0,25.0,64.0,896.0,5000.0,0.0,25.0,1000000.0,950000.0,1.0,1.0,0.0,10.0,0.0,0.0,0.0,500.0,36887444.0,797300899.0,743772933.0,0.0,0.0,0.0,0.0,0.0,1.0,1.0,1.0,1.0,1.0,0.0,0.0,1.0,0.0,0.0,0.0,0.0,0.0,32.0,1.0,21075739.0,312217065.0,22154215.0,38322289.0,820724061.0,1655.0,11643638111.0,0.0,1.0,1.0,0.0,1.0,0.0,0.0,1.0,1.0,1.0,1.0,2.0,1.0,0.0,0.0,0.0,2.0,0.0,0.0,1.0,1.0,3.0,50.0,50.0,1.0,0.0,0.0,0.0,0.0,0.0,0.0,0.0,0.0,0.0,0.0,2.0,2.0,0.0,1.0,1.0,0.0,1.0,0.0,0.0,0.0,0.0,0.0,1.0,0.0,0.0,1.0,0.0,0.0,0.0,1.0,10.0,0.0,0.0,0.0,0.0,0.0,11.0,0.0,0.0,0.0,0.0,0.0,0.0,0.0,0.0,0.0,1.0,1.0,0.0,0.0,0.0,0.0,1.0,1.0,1.0,0.0,0.0,0.0,0.0,0.0,0.0,1.0,1.0,0.0,0.0,0.0,0.0,0.0,1.0,1.0,0.0,1659126113.0,2265.0,2265.0,4278.0,4278.0,4295.0,0.0,195.0,28491.0,24313.0,24253.0,131.0,0.0,0.0,0.0,332.0,0.0,0.0,55.0,61.0,60.0,23.0,53.0,942109280.0,0.0,7249392416.0,124124863648.0,844450176.0,0.0,0.0,1655.0,0.0,0.0,2325.0,120.0,2852.0
1535,0.0,1.0,1.0,0.0,1.0,1728000.0,1.0,408000000.0,1.0,102000000.0,0.860915899277,14525.0,1447.0,4800.0,39437.5,40125.0,41250.0,73.0,25.0,64.0,896.0,5000.0,0.0,25.0,1000000.0,950000.0,1.0,0.0,0.0,10.0,0.0,0.0,100.0,100.0,35868471.0,783306086.0,724464965.0,0.0,0.0,0.0,0.0,0.0,1.0,1.0,1.0,1.0,1.0,0.0,0.0,1.0,0.0,0.0,0.0,0.0,0.0,33.0,1.0,21574573.0,306997327.0,21739018.0,37096489.0,807776135.0,1459.0,11763614289.0,0.0,1.0,1.0,0.0,1.0,0.0,0.0,1.0,1.0,1.0,1.0,2.0,1.0,0.0,0.0,0.0,2.0,0.0,0.0,1.0,1.0,3.0,50.0,50.0,1.0,0.0,0.0,0.0,0.0,0.0,0.0,0.0,0.0,0.0,0.0,2.0,2.0,0.0,1.0,1.0,0.0,1.0,0.0,0.0,0.0,0.0,0.0,1.0,0.0,0.0,1.0,0.0,0.0,0.0,1.0,11.0,0.0,0.0,0.0,0.0,0.0,12.0,0.0,0.0,0.0,0.0,0.0,0.0,0.0,0.0,0.0,1.0,1.0,0.0,0.0,0.0,0.0,1.0,1.0,1.0,0.0,0.0,0.0,0.0,0.0,0.0,1.0,1.0,0.0,0.0,0.0,0.0,0.0,1.0,1.0,0.0,1617922413.0,2224.0,2224.0,4219.0,4219.0,4245.0,0.0,187.0,27535.0,23924.0,23866.0,125.0,0.0,0.0,0.0,297.0,0.0,0.0,55.0,59.0,58.0,27.0,53.0,1229737632.0,0.0,7241514944.0,93417640480.0,946686816.0,0.0,0.0,1459.0,0.0,0.0,2025.0,116.0,2483.0
1536,0.0,1.0,1.0,0.0,1.0,1728000.0,1.0,408000000.0,1.0,102000000.0,0.867568016052,16011.0,1446.0,4800.0,39416.6666667,40000.0,41500.0,73.0,25.0,64.0,896.0,5000.0,0.0,25.0,1000000.0,950000.0,1.0,0.0,0.0,10.0,0.0,0.0,100.0,100.0,37403477.0,818294222.0,754227283.0,0.0,0.0,0.0,0.0,0.0,1.0,1.0,1.0,1.0,1.0,0.0,0.0,1.0,0.0,0.0,0.0,0.0,0.0,32.0,1.0,21484199.0,327055016.0,21790965.0,40570306.0,849325666.0,1714.0,12937993621.0,0.0,1.0,1.0,0.0,1.0,0.0,0.0,1.0,1.0,1.0,1.0,2.0,1.0,0.0,0.0,0.0,2.0,0.0,0.0,1.0,1.0,3.0,50.0,50.0,1.0,0.0,0.0,0.0,0.0,0.0,0.0,0.0,0.0,0.0,0.0,2.0,2.0,0.0,1.0,1.0,0.0,1.0,0.0,0.0,0.0,0.0,0.0,1.0,0.0,0.0,1.0,0.0,0.0,0.0,1.0,10.0,0.0,0.0,0.0,0.0,0.0,11.0,0.0,0.0,0.0,0.0,0.0,0.0,0.0,0.0,0.0,1.0,1.0,0.0,0.0,0.0,0.0,1.0,1.0,1.0,0.0,0.0,0.0,0.0,0.0,0.0,1.0,1.0,0.0,0.0,0.0,0.0,0.0,1.0,1.0,0.0,1717259458.0,2489.0,2489.0,4935.0,4935.0,4966.0,0.0,184.0,29704.0,24944.0,24872.0,149.0,0.0,0.0,0.0,310.0,0.0,0.0,67.0,73.0,72.0,29.0,65.0,1116584160.0,0.0,8053398720.0,104017706624.0,780194944.0,0.0,0.0,1714.0,0.0,0.0,2466.0,144.0,2940.0
1537,0.0,1.0,1.0,0.0,1.0,1728000.0,1.0,408000000.0,1.0,102000000.0,0.857128858566,12386.0,1142.0,3657.0,39500.0,40250.0,41375.0,73.0,25.0,64.0,896.0,5000.0,0.0,25.0,1000000.0,950000.0,1.0,0.0,0.0,10.0,0.0,0.0,100.0,100.0,33939158.0,790328043.0,733035259.0,0.0,0.0,0.0,0.0,0.0,1.0,1.0,1.0,1.0,1.0,0.0,0.0,1.0,0.0,0.0,0.0,0.0,0.0,32.0,1.0,19963268.0,303384741.0,20282538.0,35348956.0,798323616.0,1897.0,11165802751.0,0.0,1.0,1.0,0.0,1.0,0.0,0.0,1.0,1.0,1.0,1.0,2.0,1.0,0.0,0.0,0.0,2.0,0.0,0.0,1.0,1.0,3.0,50.0,50.0,1.0,0.0,0.0,0.0,0.0,0.0,0.0,0.0,0.0,0.0,0.0,2.0,2.0,0.0,1.0,1.0,0.0,1.0,0.0,0.0,0.0,0.0,0.0,1.0,0.0,0.0,1.0,0.0,0.0,0.0,1.0,10.0,0.0,0.0,0.0,0.0,0.0,11.0,0.0,0.0,0.0,0.0,0.0,0.0,0.0,0.0,0.0,1.0,1.0,0.0,0.0,0.0,0.0,1.0,1.0,1.0,0.0,0.0,0.0,0.0,0.0,0.0,1.0,1.0,0.0,0.0,0.0,0.0,0.0,1.0,1.0,0.0,1613170907.0,2488.0,2488.0,4254.0,4254.0,4285.0,0.0,161.0,26377.0,23696.0,23643.0,136.0,0.0,0.0,0.0,259.0,0.0,0.0,49.0,54.0,53.0,20.0,47.0,738391584.0,0.0,6852083136.0,103013382752.0,871987936.0,0.0,0.0,1897.0,0.0,0.0,2490.0,106.0,2846.0
1538,0.0,1.0,1.0,0.0,1.0,1728000.0,1.0,408000000.0,1.0,102000000.0,0.8591420650480001,11971.0,1218.0,3657.0,39500.0,40166.6666667,41500.0,76.0,25.0,64.0,896.0,5000.0,0.0,25.0,1000000.0,950000.0,1.0,1.0,0.0,10.0,0.0,0.0,100.0,100.0,30805100.0,761718318.0,684008904.0,0.0,0.0,0.0,0.0,0.0,1.0,1.0,1.0,1.0,1.0,0.0,0.0,1.0,0.0,0.0,0.0,0.0,0.0,33.0,1.0,19827904.0,282058204.0,20438440.0,31121951.0,788327524.0,1262.0,10843262592.0,0.0,1.0,1.0,0.0,1.0,0.0,0.0,1.0,1.0,1.0,1.0,2.0,1.0,0.0,0.0,0.0,2.0,0.0,0.0,1.0,1.0,3.0,50.0,50.0,1.0,0.0,0.0,0.0,0.0,0.0,0.0,0.0,0.0,0.0,0.0,2.0,2.0,0.0,1.0,1.0,0.0,1.0,0.0,0.0,0.0,0.0,0.0,1.0,0.0,0.0,1.0,0.0,0.0,0.0,1.0,11.0,0.0,0.0,0.0,0.0,0.0,12.0,0.0,0.0,0.0,0.0,0.0,0.0,0.0,0.0,0.0,1.0,1.0,0.0,0.0,0.0,0.0,1.0,1.0,1.0,0.0,0.0,0.0,0.0,0.0,0.0,1.0,1.0,0.0,0.0,0.0,0.0,0.0,1.0,1.0,0.0,1549653989.0,1979.0,1979.0,3980.0,3980.0,4004.0,0.0,170.0,24934.0,23447.0,23400.0,85.0,0.0,0.0,0.0,276.0,0.0,0.0,43.0,48.0,47.0,15.0,41.0,640173856.0,0.0,6518318112.0,79898268768.0,499466752.0,0.0,0.0,1262.0,0.0,0.0,1861.0,94.0,2397.0
1539,0.0,1.0,1.0,0.0,1.0,1728000.0,1.0,408000000.0,1.0,102000000.0,0.8572440147399999,14143.0,1447.0,4496.0,39416.6666667,40166.6666667,41500.0,76.0,25.0,64.0,896.0,5000.0,0.0,25.0,1000000.0,950000.0,1.0,1.0,0.0,10.0,0.0,0.0,100.0,100.0,33080450.0,779705787.0,718146831.0,0.0,0.0,0.0,0.0,0.0,1.0,1.0,1.0,1.0,1.0,0.0,0.0,1.0,0.0,0.0,0.0,0.0,0.0,33.0,1.0,20878738.0,291179024.0,20755444.0,35188407.0,796901856.0,1348.0,10988771620.0,0.0,1.0,1.0,0.0,1.0,0.0,0.0,1.0,1.0,1.0,1.0,2.0,1.0,0.0,0.0,0.0,2.0,0.0,0.0,1.0,1.0,3.0,50.0,50.0,1.0,0.0,0.0,0.0,0.0,0.0,0.0,0.0,0.0,0.0,0.0,2.0,2.0,0.0,1.0,1.0,0.0,1.0,0.0,0.0,0.0,0.0,0.0,1.0,0.0,0.0,1.0,0.0,0.0,0.0,1.0,11.0,0.0,0.0,0.0,0.0,0.0,12.0,0.0,0.0,0.0,0.0,0.0,0.0,0.0,0.0,0.0,1.0,1.0,0.0,0.0,0.0,0.0,1.0,1.0,1.0,0.0,0.0,0.0,0.0,0.0,0.0,1.0,1.0,0.0,0.0,0.0,0.0,0.0,1.0,1.0,0.0,1592551608.0,2072.0,2072.0,4110.0,4110.0,4144.0,0.0,178.0,26083.0,23622.0,23569.0,102.0,0.0,0.0,0.0,290.0,0.0,0.0,49.0,54.0,53.0,17.0,47.0,827953568.0,0.0,6748382624.0,98994718944.0,662673152.0,0.0,0.0,1348.0,0.0,0.0,1937.0,106.0,2387.0
1540,0.0,1.0,1.0,0.0,1.0,1728000.0,1.0,408000000.0,1.0,102000000.0,0.872439146042,10751.0,1066.0,3733.0,39437.5,40125.0,41375.0,76.0,25.0,64.0,896.0,5000.0,0.0,25.0,1000000.0,950000.0,1.0,1.0,0.0,10.0,0.0,0.0,100.0,100.0,32116266.0,754769299.0,697211310.0,0.0,0.0,0.0,0.0,0.0,1.0,1.0,1.0,1.0,1.0,0.0,0.0,1.0,0.0,0.0,0.0,0.0,0.0,35.0,1.0,20901829.0,300644788.0,21348031.0,34767217.0,771938704.0,1478.0,11250670978.0,0.0,1.0,1.0,0.0,1.0,0.0,0.0,1.0,1.0,1.0,1.0,2.0,1.0,0.0,0.0,0.0,2.0,0.0,0.0,1.0,1.0,3.0,50.0,50.0,1.0,0.0,0.0,0.0,0.0,0.0,0.0,0.0,0.0,0.0,0.0,2.0,2.0,0.0,1.0,1.0,0.0,1.0,0.0,0.0,0.0,0.0,0.0,1.0,0.0,0.0,1.0,0.0,0.0,0.0,1.0,11.0,0.0,0.0,0.0,0.0,0.0,12.0,0.0,0.0,0.0,0.0,0.0,0.0,0.0,0.0,0.0,1.0,1.0,0.0,0.0,0.0,0.0,1.0,1.0,1.0,0.0,0.0,0.0,0.0,0.0,0.0,1.0,1.0,0.0,0.0,0.0,0.0,0.0,1.0,1.0,0.0,1552466335.0,2109.0,2109.0,4155.0,4155.0,4182.0,0.0,187.0,26003.0,23824.0,23770.0,118.0,0.0,0.0,0.0,290.0,0.0,0.0,49.0,55.0,54.0,23.0,47.0,433542560.0,0.0,6831605472.0,98962783840.0,798944512.0,0.0,0.0,1478.0,0.0,0.0,2035.0,108.0,2516.0
1541,0.0,1.0,1.0,0.0,1.0,1728000.0,1.0,408000000.0,1.0,102000000.0,0.876532077789,10750.0,1218.0,3657.0,39500.0,40000.0,41500.0,91.0,25.0,64.0,896.0,5000.0,0.0,25.0,1000000.0,950000.0,1.0,0.0,0.0,10.0,0.0,0.0,100.0,500.0,29957253.0,749126883.0,704195334.0,0.0,0.0,0.0,0.0,0.0,1.0,1.0,1.0,1.0,1.0,0.0,0.0,1.0,0.0,0.0,0.0,0.0,0.0,32.0,1.0,21320347.0,294263462.0,20945169.0,32004376.0,776526528.0,1380.0,10594779673.0,0.0,1.0,1.0,0.0,1.0,0.0,0.0,1.0,1.0,1.0,1.0,2.0,1.0,0.0,0.0,0.0,2.0,0.0,0.0,1.0,1.0,3.0,50.0,50.0,1.0,0.0,0.0,0.0,0.0,0.0,0.0,0.0,0.0,0.0,0.0,2.0,2.0,0.0,1.0,1.0,0.0,1.0,0.0,0.0,0.0,0.0,0.0,1.0,0.0,0.0,1.0,0.0,0.0,0.0,1.0,11.0,0.0,0.0,0.0,0.0,0.0,12.0,0.0,0.0,0.0,0.0,0.0,0.0,0.0,0.0,0.0,1.0,1.0,0.0,0.0,0.0,0.0,1.0,1.0,1.0,0.0,0.0,0.0,0.0,0.0,0.0,1.0,1.0,0.0,0.0,0.0,0.0,0.0,1.0,1.0,0.0,1554865967.0,1974.0,1974.0,3875.0,3875.0,3903.0,0.0,158.0,24585.0,23310.0,23264.0,132.0,0.0,0.0,0.0,248.0,0.0,0.0,43.0,47.0,46.0,18.0,41.0,1047308320.0,0.0,6552665760.0,84109044704.0,707221792.0,0.0,0.0,1380.0,0.0,0.0,1996.0,92.0,2407.0
1542,0.0,1.0,1.0,0.0,1.0,1728000.0,1.0,408000000.0,1.0,102000000.0,0.8787808418269999,18032.0,1675.0,6020.0,39500.0,40000.0,41375.0,91.0,25.0,64.0,896.0,5000.0,0.0,25.0,1000000.0,950000.0,1.0,0.0,0.0,10.0,0.0,0.0,100.0,500.0,36341936.0,808658725.0,744117706.0,0.0,0.0,0.0,0.0,0.0,1.0,1.0,1.0,1.0,1.0,0.0,0.0,1.0,0.0,0.0,0.0,0.0,0.0,34.0,1.0,22522219.0,307561630.0,22720758.0,38150314.0,819378581.0,1649.0,12462631350.0,0.0,1.0,1.0,0.0,1.0,0.0,0.0,1.0,1.0,1.0,1.0,2.0,1.0,0.0,0.0,0.0,2.0,0.0,0.0,1.0,1.0,3.0,50.0,50.0,1.0,0.0,0.0,0.0,0.0,0.0,0.0,0.0,0.0,0.0,0.0,2.0,2.0,0.0,1.0,1.0,0.0,1.0,0.0,0.0,0.0,0.0,0.0,1.0,0.0,0.0,1.0,0.0,0.0,0.0,1.0,10.0,0.0,0.0,0.0,0.0,0.0,11.0,0.0,0.0,0.0,0.0,0.0,0.0,0.0,0.0,0.0,1.0,1.0,0.0,0.0,0.0,0.0,1.0,1.0,1.0,0.0,0.0,0.0,0.0,0.0,0.0,1.0,1.0,0.0,0.0,0.0,0.0,0.0,1.0,1.0,0.0,1606424051.0,2397.0,2397.0,4731.0,4731.0,4770.0,0.0,221.0,28978.0,24402.0,24337.0,130.0,0.0,0.0,0.0,327.0,0.0,0.0,61.0,66.0,65.0,25.0,59.0,918484960.0,0.0,7734359872.0,116861737056.0,871525920.0,0.0,0.0,1649.0,0.0,0.0,2243.0,130.0,2727.0
1543,0.0,1.0,1.0,0.0,1.0,1728000.0,1.0,408000000.0,1.0,102000000.0,0.855242967606,10789.0,1218.0,3657.0,39416.6666667,40166.6666667,41500.0,91.0,25.0,64.0,896.0,5000.0,0.0,25.0,1000000.0,950000.0,1.0,0.0,0.0,10.0,0.0,0.0,100.0,500.0,28931067.0,769494732.0,687228763.0,0.0,0.0,0.0,0.0,0.0,1.0,1.0,1.0,1.0,1.0,0.0,0.0,1.0,0.0,0.0,0.0,0.0,0.0,29.0,1.0,20528842.0,282450656.0,20999908.0,32549600.0,788631610.0,1181.0,10974656576.0,0.0,1.0,1.0,0.0,1.0,0.0,0.0,1.0,1.0,1.0,1.0,2.0,1.0,0.0,0.0,0.0,2.0,0.0,0.0,1.0,1.0,3.0,50.0,50.0,1.0,0.0,0.0,0.0,0.0,0.0,0.0,0.0,0.0,0.0,0.0,2.0,2.0,0.0,1.0,1.0,0.0,1.0,0.0,0.0,0.0,0.0,0.0,1.0,0.0,0.0,1.0,0.0,0.0,0.0,1.0,11.0,0.0,0.0,0.0,0.0,0.0,12.0,0.0,0.0,0.0,0.0,0.0,0.0,0.0,0.0,0.0,1.0,1.0,0.0,0.0,0.0,0.0,1.0,1.0,1.0,0.0,0.0,0.0,0.0,0.0,0.0,1.0,1.0,0.0,0.0,0.0,0.0,0.0,1.0,1.0,0.0,1542236636.0,1949.0,1949.0,4114.0,4114.0,4140.0,0.0,166.0,24672.0,23103.0,23057.0,84.0,0.0,0.0,0.0,230.0,0.0,0.0,43.0,47.0,46.0,18.0,41.0,562428800.0,0.0,6764577408.0,83293456288.0,612702112.0,0.0,0.0,1181.0,0.0,0.0,1530.0,92.0,2139.0
1544,0.0,1.0,1.0,0.0,1.0,1728000.0,1.0,408000000.0,1.0,102000000.0,0.8864130973819999,14258.0,1447.0,4648.0,39500.0,40071.4285714,41500.0,97.0,25.0,64.0,896.0,5000.0,0.0,25.0,1000000.0,950000.0,1.0,1.0,0.0,10.0,0.0,0.0,100.0,500.0,41997664.0,844735813.0,780491333.0,0.0,0.0,0.0,0.0,0.0,1.0,1.0,1.0,1.0,1.0,0.0,0.0,1.0,0.0,0.0,0.0,0.0,0.0,32.0,1.0,21593573.0,323020347.0,21803041.0,45664532.0,861942616.0,1862.0,12570214443.0,0.0,1.0,1.0,0.0,1.0,0.0,0.0,1.0,1.0,1.0,1.0,2.0,1.0,0.0,0.0,0.0,2.0,0.0,0.0,1.0,1.0,3.0,50.0,50.0,1.0,0.0,0.0,0.0,0.0,0.0,0.0,0.0,0.0,0.0,0.0,2.0,2.0,0.0,1.0,1.0,0.0,1.0,0.0,0.0,0.0,0.0,0.0,1.0,0.0,0.0,1.0,0.0,0.0,0.0,1.0,11.0,0.0,0.0,0.0,0.0,0.0,12.0,0.0,0.0,0.0,0.0,0.0,0.0,0.0,0.0,0.0,1.0,1.0,0.0,0.0,0.0,0.0,1.0,1.0,1.0,0.0,0.0,0.0,0.0,0.0,0.0,1.0,1.0,0.0,0.0,0.0,0.0,0.0,1.0,1.0,0.0,1768913199.0,2515.0,2515.0,4912.0,4912.0,4945.0,0.0,225.0,31008.0,25448.0,25369.0,207.0,0.0,0.0,0.0,357.0,0.0,0.0,73.0,80.0,79.0,25.0,71.0,1170198432.0,0.0,8085788832.0,114876264928.0,882574720.0,0.0,0.0,1862.0,0.0,0.0,2628.0,158.0,3200.0
1545,0.0,1.0,1.0,0.0,1.0,1728000.0,1.0,408000000.0,1.0,102000000.0,0.879466056824,17574.0,1598.0,5791.0,39375.0,40000.0,41416.6666667,97.0,25.0,64.0,896.0,5000.0,0.0,25.0,1000000.0,950000.0,1.0,1.0,0.0,10.0,0.0,0.0,100.0,500.0,44226780.0,837551920.0,783864787.0,0.0,0.0,0.0,0.0,0.0,1.0,1.0,1.0,1.0,1.0,0.0,0.0,1.0,0.0,0.0,0.0,0.0,0.0,34.0,1.0,23373953.0,348879597.0,23486321.0,41224013.0,847694886.0,1958.0,13050759003.0,0.0,1.0,1.0,0.0,1.0,0.0,0.0,1.0,1.0,1.0,1.0,2.0,1.0,0.0,0.0,0.0,2.0,0.0,0.0,1.0,1.0,3.0,50.0,50.0,1.0,0.0,0.0,0.0,0.0,0.0,0.0,0.0,0.0,0.0,0.0,2.0,2.0,0.0,1.0,1.0,0.0,1.0,0.0,0.0,0.0,0.0,0.0,1.0,0.0,0.0,1.0,0.0,0.0,0.0,1.0,10.0,0.0,0.0,0.0,0.0,0.0,11.0,0.0,0.0,0.0,0.0,0.0,0.0,0.0,0.0,0.0,1.0,1.0,0.0,0.0,0.0,0.0,1.0,1.0,1.0,0.0,0.0,0.0,0.0,0.0,0.0,1.0,1.0,0.0,0.0,0.0,0.0,0.0,1.0,1.0,0.0,1669994117.0,2562.0,2562.0,4850.0,4850.0,4896.0,0.0,276.0,31497.0,25334.0,25255.0,179.0,0.0,0.0,0.0,444.0,0.0,0.0,73.0,80.0,79.0,28.0,71.0,1019363296.0,416000.0,8136760448.0,252214953984.0,1150884096.0,0.0,0.0,1958.0,0.0,0.0,2851.0,158.0,3190.0
1546,0.0,1.0,1.0,0.0,1.0,1728000.0,1.0,408000000.0,1.0,102000000.0,0.8747949600220001,14448.0,1599.0,4800.0,39333.3333333,40333.3333333,41333.3333333,97.0,25.0,64.0,896.0,5000.0,0.0,25.0,1000000.0,950000.0,1.0,1.0,0.0,10.0,0.0,0.0,100.0,500.0,31755345.0,781605212.0,725376200.0,0.0,0.0,0.0,0.0,0.0,1.0,1.0,1.0,1.0,1.0,0.0,0.0,1.0,0.0,0.0,0.0,0.0,0.0,31.0,1.0,21706905.0,310849394.0,21565195.0,31455293.0,792055328.0,1446.0,11229105132.0,0.0,1.0,1.0,0.0,1.0,0.0,0.0,1.0,1.0,1.0,1.0,2.0,1.0,0.0,0.0,0.0,2.0,0.0,0.0,1.0,1.0,3.0,50.0,50.0,1.0,0.0,0.0,0.0,0.0,0.0,0.0,0.0,0.0,0.0,0.0,2.0,2.0,0.0,1.0,1.0,0.0,1.0,0.0,0.0,0.0,0.0,0.0,1.0,0.0,0.0,1.0,0.0,0.0,0.0,1.0,10.0,0.0,0.0,0.0,0.0,0.0,11.0,0.0,0.0,0.0,0.0,0.0,0.0,0.0,0.0,0.0,1.0,1.0,0.0,0.0,0.0,0.0,1.0,1.0,1.0,0.0,0.0,0.0,0.0,0.0,0.0,1.0,1.0,0.0,0.0,0.0,0.0,0.0,1.0,1.0,0.0,1582337867.0,2077.0,2077.0,4188.0,4188.0,4210.0,0.0,183.0,26089.0,23690.0,23638.0,107.0,0.0,0.0,0.0,243.0,0.0,0.0,49.0,53.0,52.0,23.0,47.0,496950496.0,0.0,6822857632.0,70524117216.0,646404224.0,0.0,0.0,1446.0,0.0,0.0,1971.0,104.0,2480.0
1547,0.0,1.0,0.0,1.0,1.0,1728000.0,1.0,229500000.0,1.0,1866000000.0,0.333518981934,22822.0,1674.0,5332.0,39666.6666667,40666.6666667,42000.0,88.0,25.0,64.0,896.0,5000.0,0.0,25.0,1000000.0,950000.0,1.0,0.0,0.0,10.0,0.0,0.0,0.0,100.0,29254667.0,597708160.0,610000631.0,0.0,0.0,0.0,0.0,0.0,1.0,1.0,1.0,1.0,1.0,0.0,0.0,1.0,0.0,0.0,0.0,0.0,0.0,32.0,1.0,14593283.0,302763514.0,14244788.0,29448359.0,602674216.0,827.0,2547197268.0,0.0,1.0,1.0,0.0,1.0,0.0,0.0,1.0,1.0,1.0,1.0,2.0,1.0,0.0,0.0,0.0,2.0,0.0,0.0,1.0,1.0,3.0,50.0,50.0,1.0,0.0,0.0,0.0,0.0,0.0,0.0,0.0,0.0,0.0,0.0,2.0,2.0,0.0,1.0,1.0,0.0,1.0,0.0,0.0,0.0,0.0,0.0,1.0,0.0,0.0,1.0,0.0,0.0,0.0,1.0,10.0,0.0,0.0,0.0,0.0,0.0,11.0,0.0,0.0,0.0,0.0,0.0,0.0,0.0,0.0,0.0,1.0,1.0,0.0,0.0,0.0,0.0,1.0,1.0,1.0,0.0,0.0,0.0,0.0,0.0,0.0,1.0,1.0,0.0,0.0,0.0,0.0,0.0,1.0,1.0,0.0,1399777980.0,542.0,542.0,1394.0,1394.0,1434.0,0.0,133.0,25567.0,23197.0,23142.0,36.0,0.0,0.0,0.0,164.0,0.0,0.0,49.0,56.0,55.0,15.0,47.0,223159712.0,93440.0,1616615936.0,23973060896.0,81622272.0,0.0,0.0,827.0,0.0,0.0,1144.0,110.0,1365.0
1548,0.0,1.0,0.0,1.0,1.0,1728000.0,1.0,229500000.0,1.0,1866000000.0,0.32897806167599997,22936.0,1674.0,5179.0,40250.0,40833.3333333,42500.0,88.0,25.0,64.0,896.0,5000.0,0.0,25.0,1000000.0,950000.0,1.0,0.0,0.0,10.0,0.0,0.0,0.0,100.0,29393778.0,607418199.0,594370922.0,0.0,0.0,0.0,0.0,0.0,1.0,1.0,1.0,1.0,1.0,0.0,0.0,1.0,0.0,0.0,0.0,0.0,0.0,30.0,1.0,14124388.0,307898081.0,14113103.0,30806959.0,614545421.0,826.0,2479301350.0,0.0,1.0,1.0,0.0,1.0,0.0,0.0,1.0,1.0,1.0,1.0,2.0,1.0,0.0,0.0,0.0,2.0,0.0,0.0,1.0,1.0,3.0,50.0,50.0,1.0,0.0,0.0,0.0,0.0,0.0,0.0,0.0,0.0,0.0,0.0,2.0,2.0,0.0,1.0,1.0,0.0,1.0,0.0,0.0,0.0,0.0,0.0,1.0,0.0,0.0,1.0,0.0,0.0,0.0,1.0,10.0,0.0,0.0,0.0,0.0,0.0,11.0,0.0,0.0,0.0,0.0,0.0,0.0,0.0,0.0,0.0,1.0,1.0,0.0,0.0,0.0,0.0,1.0,1.0,1.0,0.0,0.0,0.0,0.0,0.0,0.0,1.0,1.0,0.0,0.0,0.0,0.0,0.0,1.0,1.0,0.0,1415619491.0,544.0,544.0,1310.0,1310.0,1351.0,0.0,150.0,25508.0,23212.0,23157.0,56.0,0.0,0.0,0.0,168.0,0.0,0.0,49.0,56.0,55.0,13.0,47.0,221198080.0,0.0,1636396288.0,32757871232.0,110530240.0,0.0,0.0,826.0,0.0,0.0,1178.0,110.0,1403.0
1549,0.0,1.0,0.0,1.0,1.0,1728000.0,1.0,229500000.0,1.0,1866000000.0,0.324680089951,23238.0,1827.0,5332.0,40250.0,40833.3333333,42500.0,88.0,25.0,64.0,896.0,5000.0,0.0,25.0,1000000.0,950000.0,1.0,0.0,0.0,10.0,0.0,0.0,0.0,100.0,30430873.0,600828501.0,604248158.0,0.0,0.0,0.0,0.0,0.0,1.0,1.0,1.0,1.0,1.0,0.0,0.0,1.0,0.0,0.0,0.0,0.0,0.0,34.0,1.0,14644695.0,311491165.0,14433317.0,30658359.0,625742606.0,897.0,2588408710.0,0.0,1.0,1.0,0.0,1.0,0.0,0.0,1.0,1.0,1.0,1.0,2.0,1.0,0.0,0.0,0.0,2.0,0.0,0.0,1.0,1.0,3.0,50.0,50.0,1.0,0.0,0.0,0.0,0.0,0.0,0.0,0.0,0.0,0.0,0.0,2.0,2.0,0.0,1.0,1.0,0.0,1.0,0.0,0.0,0.0,0.0,0.0,1.0,0.0,0.0,1.0,0.0,0.0,0.0,1.0,10.0,0.0,0.0,0.0,0.0,0.0,11.0,0.0,0.0,0.0,0.0,0.0,0.0,0.0,0.0,0.0,1.0,1.0,0.0,0.0,0.0,0.0,1.0,1.0,1.0,0.0,0.0,0.0,0.0,0.0,0.0,1.0,1.0,0.0,0.0,0.0,0.0,0.0,1.0,1.0,0.0,1467654322.0,592.0,592.0,1340.0,1340.0,1380.0,0.0,137.0,25537.0,23239.0,23184.0,59.0,0.0,0.0,0.0,152.0,0.0,0.0,49.0,56.0,55.0,14.0,47.0,30175104.0,0.0,1667825728.0,33968832608.0,106330464.0,0.0,0.0,897.0,0.0,0.0,1245.0,110.0,1385.0
1550,0.0,1.0,0.0,1.0,1.0,1728000.0,1.0,229500000.0,1.0,1866000000.0,0.33403396606400004,23241.0,1674.0,5636.0,40375.0,41000.0,42500.0,93.0,25.0,64.0,896.0,5000.0,0.0,25.0,1000000.0,950000.0,1.0,1.0,0.0,10.0,0.0,0.0,0.0,100.0,31723474.0,631484104.0,619460129.0,0.0,0.0,0.0,0.0,0.0,1.0,1.0,1.0,1.0,1.0,0.0,0.0,1.0,0.0,0.0,0.0,0.0,0.0,34.0,1.0,15196203.0,301157354.0,14574312.0,34303804.0,636134584.0,1042.0,2609249037.0,0.0,1.0,1.0,0.0,1.0,0.0,0.0,1.0,1.0,1.0,1.0,2.0,1.0,0.0,0.0,0.0,2.0,0.0,0.0,1.0,1.0,3.0,50.0,50.0,1.0,0.0,0.0,0.0,0.0,0.0,0.0,0.0,0.0,0.0,0.0,2.0,2.0,0.0,1.0,1.0,0.0,1.0,0.0,0.0,0.0,0.0,0.0,1.0,0.0,0.0,1.0,0.0,0.0,0.0,1.0,10.0,0.0,0.0,0.0,0.0,0.0,11.0,0.0,0.0,0.0,0.0,0.0,0.0,0.0,0.0,0.0,1.0,1.0,0.0,0.0,0.0,0.0,1.0,1.0,1.0,0.0,0.0,0.0,0.0,0.0,0.0,1.0,1.0,0.0,0.0,0.0,0.0,0.0,1.0,1.0,0.0,1458459983.0,652.0,652.0,1459.0,1459.0,1498.0,0.0,153.0,27449.0,23814.0,23752.0,56.0,0.0,0.0,0.0,183.0,0.0,0.0,55.0,63.0,62.0,12.0,53.0,126304096.0,88384.0,1745322464.0,21758539872.0,109565152.0,0.0,0.0,1042.0,0.0,0.0,1461.0,124.0,1830.0
1551,0.0,1.0,0.0,1.0,1.0,1728000.0,1.0,229500000.0,1.0,1866000000.0,0.328292131424,17222.0,1294.0,4037.0,40375.0,41000.0,42500.0,93.0,25.0,64.0,896.0,5000.0,0.0,25.0,1000000.0,950000.0,1.0,1.0,0.0,10.0,0.0,0.0,0.0,100.0,30094456.0,594507942.0,568655873.0,0.0,0.0,0.0,0.0,0.0,1.0,1.0,1.0,1.0,1.0,0.0,0.0,1.0,0.0,0.0,0.0,0.0,0.0,35.0,1.0,14183954.0,275414875.0,14284136.0,30601855.0,617867515.0,810.0,2526309640.0,0.0,1.0,1.0,0.0,1.0,0.0,0.0,1.0,1.0,1.0,1.0,2.0,1.0,0.0,0.0,0.0,2.0,0.0,0.0,1.0,1.0,3.0,50.0,50.0,1.0,0.0,0.0,0.0,0.0,0.0,0.0,0.0,0.0,0.0,0.0,2.0,2.0,0.0,1.0,1.0,0.0,1.0,0.0,0.0,0.0,0.0,0.0,1.0,0.0,0.0,1.0,0.0,0.0,0.0,1.0,10.0,0.0,0.0,0.0,0.0,0.0,11.0,0.0,0.0,0.0,0.0,0.0,0.0,0.0,0.0,0.0,1.0,1.0,0.0,0.0,0.0,0.0,1.0,1.0,1.0,0.0,0.0,0.0,0.0,0.0,0.0,1.0,1.0,0.0,0.0,0.0,0.0,0.0,1.0,1.0,0.0,1421256032.0,547.0,547.0,1298.0,1298.0,1339.0,0.0,147.0,24995.0,23204.0,23149.0,67.0,0.0,0.0,0.0,165.0,0.0,0.0,49.0,56.0,55.0,12.0,47.0,118935680.0,0.0,1634791360.0,29093631392.0,87684544.0,0.0,0.0,810.0,0.0,0.0,1185.0,110.0,1335.0
1552,0.0,1.0,0.0,1.0,1.0,1728000.0,1.0,229500000.0,1.0,1866000000.0,0.325711965561,23353.0,1674.0,5560.0,40437.5,41250.0,42500.0,93.0,25.0,64.0,896.0,5000.0,0.0,25.0,1000000.0,950000.0,1.0,1.0,0.0,10.0,0.0,0.0,0.0,100.0,30832780.0,623340235.0,610465978.0,0.0,0.0,0.0,0.0,0.0,1.0,1.0,1.0,1.0,1.0,0.0,0.0,1.0,0.0,0.0,0.0,0.0,0.0,35.0,1.0,14488941.0,303358397.0,14520131.0,33371913.0,641728547.0,778.0,2644660022.0,0.0,1.0,1.0,0.0,1.0,0.0,0.0,1.0,1.0,1.0,1.0,2.0,1.0,0.0,0.0,0.0,2.0,0.0,0.0,1.0,1.0,3.0,50.0,50.0,1.0,0.0,0.0,0.0,0.0,0.0,0.0,0.0,0.0,0.0,0.0,2.0,2.0,0.0,1.0,1.0,0.0,1.0,0.0,0.0,0.0,0.0,0.0,1.0,0.0,0.0,1.0,0.0,0.0,0.0,1.0,10.0,0.0,0.0,0.0,0.0,0.0,11.0,0.0,0.0,0.0,0.0,0.0,0.0,0.0,0.0,0.0,1.0,1.0,0.0,0.0,0.0,0.0,1.0,1.0,1.0,0.0,0.0,0.0,0.0,0.0,0.0,1.0,1.0,0.0,0.0,0.0,0.0,0.0,1.0,1.0,0.0,1513451287.0,558.0,558.0,1478.0,1478.0,1518.0,0.0,132.0,26630.0,23411.0,23349.0,83.0,0.0,0.0,0.0,156.0,0.0,0.0,55.0,63.0,62.0,14.0,53.0,36847648.0,1360832.0,1696287680.0,26333335232.0,98910400.0,0.0,0.0,778.0,0.0,0.0,1126.0,124.0,1343.0
1553,0.0,1.0,0.0,1.0,1.0,1728000.0,1.0,229500000.0,1.0,1866000000.0,0.333141088486,17298.0,1294.0,4037.0,40500.0,41250.0,42500.0,71.0,25.0,64.0,896.0,5000.0,0.0,25.0,1000000.0,950000.0,1.0,0.0,0.0,10.0,0.0,0.0,0.0,500.0,32636624.0,605867853.0,612252825.0,0.0,0.0,0.0,0.0,0.0,1.0,1.0,1.0,1.0,1.0,0.0,0.0,1.0,0.0,0.0,0.0,0.0,0.0,35.0,1.0,14647658.0,311453093.0,14518159.0,30815448.0,608633297.0,856.0,2594367991.0,0.0,1.0,1.0,0.0,1.0,0.0,0.0,1.0,1.0,1.0,1.0,2.0,1.0,0.0,0.0,0.0,2.0,0.0,0.0,1.0,1.0,3.0,50.0,50.0,1.0,0.0,0.0,0.0,0.0,0.0,0.0,0.0,0.0,0.0,0.0,2.0,2.0,0.0,1.0,1.0,0.0,1.0,0.0,0.0,0.0,0.0,0.0,1.0,0.0,0.0,1.0,0.0,0.0,0.0,1.0,10.0,0.0,0.0,0.0,0.0,0.0,11.0,0.0,0.0,0.0,0.0,0.0,0.0,0.0,0.0,0.0,1.0,1.0,0.0,0.0,0.0,0.0,1.0,1.0,1.0,0.0,0.0,0.0,0.0,0.0,0.0,1.0,1.0,0.0,0.0,0.0,0.0,0.0,1.0,1.0,0.0,1445428239.0,563.0,563.0,1417.0,1417.0,1455.0,0.0,137.0,26219.0,23225.0,23170.0,59.0,0.0,0.0,0.0,157.0,0.0,0.0,49.0,56.0,55.0,12.0,47.0,127190208.0,39264.0,1690008640.0,26616262080.0,147330688.0,0.0,0.0,856.0,0.0,0.0,1195.0,110.0,1414.0
1554,0.0,1.0,0.0,1.0,1.0,1728000.0,1.0,229500000.0,1.0,1866000000.0,0.328459024429,29030.0,2207.0,6779.0,40416.6666667,41500.0,42500.0,71.0,25.0,64.0,896.0,5000.0,0.0,25.0,1000000.0,950000.0,1.0,0.0,0.0,10.0,0.0,0.0,0.0,500.0,31640251.0,606362518.0,589938000.0,0.0,0.0,0.0,0.0,0.0,1.0,1.0,1.0,1.0,1.0,0.0,0.0,1.0,0.0,0.0,0.0,0.0,0.0,35.0,1.0,14713866.0,296387503.0,14336165.0,32484654.0,614641622.0,862.0,2571201407.0,0.0,1.0,1.0,0.0,1.0,0.0,0.0,1.0,1.0,1.0,1.0,2.0,1.0,0.0,0.0,0.0,2.0,0.0,0.0,1.0,1.0,3.0,50.0,50.0,1.0,0.0,0.0,0.0,0.0,0.0,0.0,0.0,0.0,0.0,0.0,2.0,2.0,0.0,1.0,1.0,0.0,1.0,0.0,0.0,0.0,0.0,0.0,1.0,0.0,0.0,1.0,0.0,0.0,0.0,1.0,10.0,0.0,0.0,0.0,0.0,0.0,11.0,0.0,0.0,0.0,0.0,0.0,0.0,0.0,0.0,0.0,1.0,1.0,0.0,0.0,0.0,0.0,1.0,1.0,1.0,0.0,0.0,0.0,0.0,0.0,0.0,1.0,1.0,0.0,0.0,0.0,0.0,0.0,1.0,1.0,0.0,1430406145.0,561.0,561.0,1448.0,1448.0,1486.0,0.0,160.0,26512.0,23611.0,23549.0,60.0,0.0,0.0,0.0,163.0,0.0,0.0,55.0,63.0,62.0,15.0,53.0,29294144.0,0.0,1677833888.0,29469261312.0,101695520.0,0.0,0.0,862.0,0.0,0.0,1191.0,124.0,1458.0
1555,0.0,1.0,0.0,1.0,1.0,1728000.0,1.0,229500000.0,1.0,1866000000.0,0.325881004333,23280.0,1674.0,5560.0,40500.0,41375.0,42500.0,71.0,25.0,64.0,896.0,5000.0,0.0,25.0,1000000.0,950000.0,1.0,0.0,0.0,10.0,0.0,0.0,0.0,500.0,32224942.0,628138524.0,600991756.0,0.0,0.0,0.0,0.0,0.0,1.0,1.0,1.0,1.0,1.0,0.0,0.0,1.0,0.0,0.0,0.0,0.0,0.0,35.0,1.0,14794378.0,289363410.0,14514609.0,33682704.0,640207815.0,850.0,2638618149.0,0.0,1.0,1.0,0.0,1.0,0.0,0.0,1.0,1.0,1.0,1.0,2.0,1.0,0.0,0.0,0.0,2.0,0.0,0.0,1.0,1.0,3.0,50.0,50.0,1.0,0.0,0.0,0.0,0.0,0.0,0.0,0.0,0.0,0.0,0.0,2.0,2.0,0.0,1.0,1.0,0.0,1.0,0.0,0.0,0.0,0.0,0.0,1.0,0.0,0.0,1.0,0.0,0.0,0.0,1.0,11.0,0.0,0.0,0.0,0.0,0.0,12.0,0.0,0.0,0.0,0.0,0.0,0.0,0.0,0.0,0.0,1.0,1.0,0.0,0.0,0.0,0.0,1.0,1.0,1.0,0.0,0.0,0.0,0.0,0.0,0.0,1.0,1.0,0.0,0.0,0.0,0.0,0.0,1.0,1.0,0.0,1493987640.0,575.0,575.0,1303.0,1303.0,1336.0,0.0,146.0,26917.0,23581.0,23519.0,62.0,0.0,0.0,0.0,179.0,0.0,0.0,55.0,63.0,62.0,10.0,53.0,122617600.0,1422368.0,1665434880.0,37261588416.0,129483776.0,0.0,0.0,850.0,0.0,0.0,1276.0,124.0,1430.0
1556,0.0,1.0,0.0,1.0,1.0,1728000.0,1.0,229500000.0,1.0,1866000000.0,0.345463991165,21227.0,1674.0,3732.0,40625.0,41500.0,42500.0,70.0,25.0,64.0,896.0,5000.0,0.0,25.0,1000000.0,950000.0,1.0,1.0,0.0,10.0,0.0,0.0,0.0,500.0,39614852.0,719771154.0,723683126.0,0.0,0.0,0.0,0.0,0.0,1.0,1.0,1.0,1.0,1.0,0.0,0.0,1.0,0.0,0.0,0.0,0.0,0.0,32.0,1.0,14969666.0,339278411.0,14636840.0,38507705.0,698426440.0,897.0,2132467921.0,0.0,1.0,1.0,0.0,1.0,0.0,0.0,1.0,1.0,1.0,1.0,2.0,1.0,0.0,0.0,0.0,2.0,0.0,0.0,1.0,1.0,3.0,50.0,50.0,1.0,0.0,0.0,0.0,0.0,0.0,0.0,0.0,0.0,0.0,0.0,2.0,2.0,0.0,1.0,1.0,0.0,1.0,0.0,0.0,0.0,0.0,0.0,1.0,0.0,0.0,1.0,0.0,0.0,0.0,1.0,11.0,0.0,0.0,0.0,0.0,0.0,12.0,0.0,0.0,0.0,0.0,0.0,0.0,0.0,0.0,0.0,1.0,1.0,0.0,0.0,0.0,0.0,1.0,1.0,1.0,0.0,0.0,0.0,0.0,0.0,0.0,1.0,1.0,0.0,0.0,0.0,0.0,0.0,1.0,1.0,0.0,1412756519.0,577.0,577.0,1262.0,1262.0,1291.0,0.0,164.0,27026.0,23634.0,23572.0,75.0,0.0,0.0,0.0,211.0,0.0,0.0,55.0,63.0,62.0,16.0,53.0,327102464.0,0.0,1590758816.0,41899332384.0,145564224.0,0.0,0.0,897.0,0.0,0.0,1432.0,124.0,1562.0
1557,0.0,1.0,0.0,1.0,1.0,1728000.0,1.0,229500000.0,1.0,1866000000.0,0.329559087753,23318.0,1674.0,5636.0,40937.5,41500.0,43000.0,70.0,25.0,64.0,896.0,5000.0,0.0,25.0,1000000.0,950000.0,1.0,1.0,0.0,10.0,0.0,0.0,0.0,500.0,32994551.0,614641912.0,626771739.0,0.0,0.0,0.0,0.0,0.0,1.0,1.0,1.0,1.0,1.0,0.0,0.0,1.0,0.0,0.0,0.0,0.0,0.0,28.0,1.0,14706233.0,296148429.0,14917878.0,33354391.0,633606764.0,816.0,2570147702.0,0.0,1.0,1.0,0.0,1.0,0.0,0.0,1.0,1.0,1.0,1.0,2.0,1.0,0.0,0.0,0.0,2.0,0.0,0.0,1.0,1.0,3.0,50.0,50.0,1.0,0.0,0.0,0.0,0.0,0.0,0.0,0.0,0.0,0.0,0.0,2.0,2.0,0.0,1.0,1.0,0.0,1.0,0.0,0.0,0.0,0.0,0.0,1.0,0.0,0.0,1.0,0.0,0.0,0.0,1.0,10.0,0.0,0.0,0.0,0.0,0.0,11.0,0.0,0.0,0.0,0.0,0.0,0.0,0.0,0.0,0.0,1.0,1.0,0.0,0.0,0.0,0.0,1.0,1.0,1.0,0.0,0.0,0.0,0.0,0.0,0.0,1.0,1.0,0.0,0.0,0.0,0.0,0.0,1.0,1.0,0.0,1415604115.0,556.0,556.0,1317.0,1317.0,1347.0,0.0,159.0,26736.0,23453.0,23391.0,49.0,0.0,0.0,0.0,179.0,0.0,0.0,55.0,63.0,62.0,13.0,53.0,221269600.0,0.0,1616477472.0,24010150528.0,127648672.0,0.0,0.0,816.0,0.0,0.0,1134.0,124.0,1367.0
1558,0.0,1.0,0.0,1.0,1.0,1728000.0,1.0,229500000.0,1.0,1866000000.0,0.32587790489199997,23353.0,1674.0,5560.0,40625.0,41500.0,42875.0,70.0,25.0,64.0,896.0,5000.0,0.0,25.0,1000000.0,950000.0,1.0,1.0,0.0,10.0,0.0,0.0,0.0,500.0,30877750.0,629159625.0,618696565.0,0.0,0.0,0.0,0.0,0.0,1.0,1.0,1.0,1.0,1.0,0.0,0.0,1.0,0.0,0.0,0.0,0.0,0.0,34.0,1.0,14989143.0,303959476.0,14724763.0,34076772.0,625545233.0,857.0,2595162118.0,0.0,1.0,1.0,0.0,1.0,0.0,0.0,1.0,1.0,1.0,1.0,2.0,1.0,0.0,0.0,0.0,2.0,0.0,0.0,1.0,1.0,3.0,50.0,50.0,1.0,0.0,0.0,0.0,0.0,0.0,0.0,0.0,0.0,0.0,0.0,2.0,2.0,0.0,1.0,1.0,0.0,1.0,0.0,0.0,0.0,0.0,0.0,1.0,0.0,0.0,1.0,0.0,0.0,0.0,1.0,10.0,0.0,0.0,0.0,0.0,0.0,11.0,0.0,0.0,0.0,0.0,0.0,0.0,0.0,0.0,0.0,1.0,1.0,0.0,0.0,0.0,0.0,1.0,1.0,1.0,0.0,0.0,0.0,0.0,0.0,0.0,1.0,1.0,0.0,0.0,0.0,0.0,0.0,1.0,1.0,0.0,1452356089.0,612.0,612.0,1378.0,1378.0,1418.0,0.0,132.0,27057.0,23596.0,23534.0,61.0,0.0,0.0,0.0,176.0,0.0,0.0,55.0,63.0,62.0,16.0,53.0,21275008.0,0.0,1664835808.0,18675138688.0,132987392.0,0.0,0.0,857.0,0.0,0.0,1289.0,124.0,1439.0
1559,0.0,1.0,0.0,1.0,1.0,1728000.0,1.0,229500000.0,1.0,1866000000.0,0.325697898865,23280.0,1674.0,5560.0,40937.5,41500.0,42875.0,96.0,25.0,64.0,896.0,5000.0,0.0,25.0,1000000.0,950000.0,1.0,0.0,0.0,10.0,0.0,0.0,100.0,100.0,31433018.0,628525272.0,626445586.0,0.0,0.0,0.0,0.0,0.0,1.0,1.0,1.0,1.0,1.0,0.0,0.0,1.0,0.0,0.0,0.0,0.0,0.0,34.0,1.0,14543707.0,299780670.0,14435970.0,32378529.0,610407286.0,881.0,2613286317.0,0.0,1.0,1.0,0.0,1.0,0.0,0.0,1.0,1.0,1.0,1.0,2.0,1.0,0.0,0.0,0.0,2.0,0.0,0.0,1.0,1.0,3.0,50.0,50.0,1.0,0.0,0.0,0.0,0.0,0.0,0.0,0.0,0.0,0.0,0.0,2.0,2.0,0.0,1.0,1.0,0.0,1.0,0.0,0.0,0.0,0.0,0.0,1.0,0.0,0.0,1.0,0.0,0.0,0.0,1.0,10.0,0.0,0.0,0.0,0.0,0.0,11.0,0.0,0.0,0.0,0.0,0.0,0.0,0.0,0.0,0.0,1.0,1.0,0.0,0.0,0.0,0.0,1.0,1.0,1.0,0.0,0.0,0.0,0.0,0.0,0.0,1.0,1.0,0.0,0.0,0.0,0.0,0.0,1.0,1.0,0.0,1426405898.0,568.0,568.0,1446.0,1446.0,1483.0,0.0,165.0,26803.0,23572.0,23510.0,57.0,0.0,0.0,0.0,170.0,0.0,0.0,55.0,63.0,62.0,14.0,53.0,130385120.0,0.0,1675683072.0,23962801120.0,96665216.0,0.0,0.0,881.0,0.0,0.0,1280.0,124.0,1487.0
1560,0.0,1.0,0.0,1.0,1.0,1728000.0,1.0,229500000.0,1.0,1866000000.0,0.333320140839,23238.0,1751.0,5332.0,40687.5,41500.0,43000.0,96.0,25.0,64.0,896.0,5000.0,0.0,25.0,1000000.0,950000.0,1.0,0.0,0.0,10.0,0.0,0.0,100.0,100.0,33338042.0,633270074.0,616242150.0,0.0,0.0,0.0,0.0,0.0,1.0,1.0,1.0,1.0,1.0,0.0,0.0,1.0,0.0,0.0,0.0,0.0,0.0,34.0,1.0,14956571.0,319081966.0,14927221.0,30071921.0,646542300.0,1017.0,2669622419.0,0.0,1.0,1.0,0.0,1.0,0.0,0.0,1.0,1.0,1.0,1.0,2.0,1.0,0.0,0.0,0.0,2.0,0.0,0.0,1.0,1.0,3.0,50.0,50.0,1.0,0.0,0.0,0.0,0.0,0.0,0.0,0.0,0.0,0.0,0.0,2.0,2.0,0.0,1.0,1.0,0.0,1.0,0.0,0.0,0.0,0.0,0.0,1.0,0.0,0.0,1.0,0.0,0.0,0.0,1.0,10.0,0.0,0.0,0.0,0.0,0.0,11.0,0.0,0.0,0.0,0.0,0.0,0.0,0.0,0.0,0.0,1.0,1.0,0.0,0.0,0.0,0.0,1.0,1.0,1.0,0.0,0.0,0.0,0.0,0.0,0.0,1.0,1.0,0.0,0.0,0.0,0.0,0.0,1.0,1.0,0.0,1509354477.0,599.0,599.0,1329.0,1329.0,1364.0,0.0,156.0,27308.0,23676.0,23614.0,74.0,0.0,0.0,0.0,168.0,0.0,0.0,55.0,63.0,62.0,12.0,53.0,234157536.0,0.0,1726576352.0,23004130240.0,115620544.0,0.0,0.0,1017.0,0.0,0.0,1431.0,124.0,1680.0
1561,0.0,1.0,0.0,1.0,1.0,1728000.0,1.0,229500000.0,1.0,1866000000.0,0.32994890213000005,22671.0,1598.0,5028.0,40875.0,41500.0,43000.0,96.0,25.0,64.0,896.0,5000.0,0.0,25.0,1000000.0,950000.0,1.0,0.0,0.0,10.0,0.0,0.0,100.0,100.0,35462240.0,662731089.0,646539862.0,0.0,0.0,0.0,0.0,0.0,1.0,1.0,1.0,1.0,1.0,0.0,0.0,1.0,0.0,0.0,0.0,0.0,0.0,33.0,1.0,14856769.0,301924874.0,14567926.0,35456125.0,664335105.0,876.0,2357667086.0,0.0,1.0,1.0,0.0,1.0,0.0,0.0,1.0,1.0,1.0,1.0,2.0,1.0,0.0,0.0,0.0,2.0,0.0,0.0,1.0,1.0,3.0,50.0,50.0,1.0,0.0,0.0,0.0,0.0,0.0,0.0,0.0,0.0,0.0,0.0,2.0,2.0,0.0,1.0,1.0,0.0,1.0,0.0,0.0,0.0,0.0,0.0,1.0,0.0,0.0,1.0,0.0,0.0,0.0,1.0,10.0,0.0,0.0,0.0,0.0,0.0,11.0,0.0,0.0,0.0,0.0,0.0,0.0,0.0,0.0,0.0,1.0,1.0,0.0,0.0,0.0,0.0,1.0,1.0,1.0,0.0,0.0,0.0,0.0,0.0,0.0,1.0,1.0,0.0,0.0,0.0,0.0,0.0,1.0,1.0,0.0,1431870825.0,617.0,617.0,1371.0,1371.0,1403.0,0.0,154.0,26578.0,23677.0,23615.0,65.0,0.0,0.0,0.0,196.0,0.0,0.0,55.0,63.0,62.0,16.0,53.0,242954048.0,0.0,1653403776.0,33192399520.0,141374368.0,0.0,0.0,876.0,0.0,0.0,1306.0,124.0,1457.0
1562,0.0,1.0,0.0,1.0,1.0,1728000.0,1.0,229500000.0,1.0,1866000000.0,0.334639072418,25027.0,1597.0,5558.0,40875.0,41750.0,43000.0,82.0,25.0,64.0,896.0,5000.0,0.0,25.0,1000000.0,950000.0,1.0,1.0,0.0,10.0,0.0,0.0,100.0,100.0,32291309.0,633258127.0,596978068.0,0.0,0.0,0.0,0.0,0.0,1.0,1.0,1.0,1.0,1.0,0.0,0.0,1.0,0.0,0.0,0.0,0.0,0.0,34.0,1.0,15096352.0,293777190.0,14957471.0,31166299.0,634883406.0,950.0,2663815148.0,0.0,1.0,1.0,0.0,1.0,0.0,0.0,1.0,1.0,1.0,1.0,2.0,1.0,0.0,0.0,0.0,2.0,0.0,0.0,1.0,1.0,3.0,50.0,50.0,1.0,0.0,0.0,0.0,0.0,0.0,0.0,0.0,0.0,0.0,0.0,2.0,2.0,0.0,1.0,1.0,0.0,1.0,0.0,0.0,0.0,0.0,0.0,1.0,0.0,0.0,1.0,0.0,0.0,0.0,1.0,10.0,0.0,0.0,0.0,0.0,0.0,11.0,0.0,0.0,0.0,0.0,0.0,0.0,0.0,0.0,0.0,1.0,1.0,0.0,0.0,0.0,0.0,1.0,1.0,1.0,0.0,0.0,0.0,0.0,0.0,0.0,1.0,1.0,0.0,0.0,0.0,0.0,0.0,1.0,1.0,0.0,1461472813.0,562.0,562.0,1355.0,1355.0,1388.0,0.0,142.0,26474.0,23552.0,23490.0,96.0,0.0,0.0,0.0,165.0,0.0,0.0,55.0,63.0,62.0,12.0,53.0,233266144.0,0.0,1692610304.0,16363877984.0,121386592.0,0.0,0.0,950.0,0.0,0.0,1355.0,124.0,1548.0
1563,0.0,1.0,0.0,1.0,1.0,1728000.0,1.0,229500000.0,1.0,1866000000.0,0.328231096268,25066.0,1750.0,5710.0,40900.0,41500.0,43000.0,82.0,25.0,64.0,896.0,5000.0,0.0,25.0,1000000.0,950000.0,1.0,1.0,0.0,10.0,0.0,0.0,100.0,100.0,34834680.0,653792626.0,636331776.0,0.0,0.0,0.0,0.0,0.0,1.0,1.0,1.0,1.0,1.0,0.0,0.0,1.0,0.0,0.0,0.0,0.0,0.0,35.0,1.0,15032064.0,315628513.0,14896271.0,34118807.0,636992050.0,933.0,2756434057.0,0.0,1.0,1.0,0.0,1.0,0.0,0.0,1.0,1.0,1.0,1.0,2.0,1.0,0.0,0.0,0.0,2.0,0.0,0.0,1.0,1.0,3.0,50.0,50.0,1.0,0.0,0.0,0.0,0.0,0.0,0.0,0.0,0.0,0.0,0.0,2.0,2.0,0.0,1.0,1.0,0.0,1.0,0.0,0.0,0.0,0.0,0.0,1.0,0.0,0.0,1.0,0.0,0.0,0.0,1.0,11.0,0.0,0.0,0.0,0.0,0.0,12.0,0.0,0.0,0.0,0.0,0.0,0.0,0.0,0.0,0.0,1.0,1.0,0.0,0.0,0.0,0.0,1.0,1.0,1.0,0.0,0.0,0.0,0.0,0.0,0.0,1.0,1.0,0.0,0.0,0.0,0.0,0.0,1.0,1.0,0.0,1513194810.0,584.0,584.0,1314.0,1314.0,1362.0,0.0,160.0,28011.0,23964.0,23895.0,67.0,0.0,0.0,0.0,171.0,0.0,0.0,61.0,70.0,69.0,14.0,59.0,223608000.0,0.0,1721070592.0,26443581952.0,81415232.0,0.0,0.0,933.0,0.0,0.0,1339.0,138.0,1550.0
1564,0.0,1.0,0.0,1.0,1.0,1728000.0,1.0,229500000.0,1.0,1866000000.0,0.325716972351,24875.0,1750.0,5406.0,41000.0,41750.0,43000.0,82.0,25.0,64.0,896.0,5000.0,0.0,25.0,1000000.0,950000.0,1.0,1.0,0.0,10.0,0.0,0.0,100.0,100.0,32757740.0,622381777.0,605118291.0,0.0,0.0,0.0,0.0,0.0,1.0,1.0,1.0,1.0,1.0,0.0,0.0,1.0,0.0,0.0,0.0,0.0,0.0,34.0,1.0,15111851.0,314472258.0,14885708.0,33322843.0,621227610.0,870.0,2635958514.0,0.0,1.0,1.0,0.0,1.0,0.0,0.0,1.0,1.0,1.0,1.0,2.0,1.0,0.0,0.0,0.0,2.0,0.0,0.0,1.0,1.0,3.0,50.0,50.0,1.0,0.0,0.0,0.0,0.0,0.0,0.0,0.0,0.0,0.0,0.0,2.0,2.0,0.0,1.0,1.0,0.0,1.0,0.0,0.0,0.0,0.0,0.0,1.0,0.0,0.0,1.0,0.0,0.0,0.0,1.0,11.0,0.0,0.0,0.0,0.0,0.0,12.0,0.0,0.0,0.0,0.0,0.0,0.0,0.0,0.0,0.0,1.0,1.0,0.0,0.0,0.0,0.0,1.0,1.0,1.0,0.0,0.0,0.0,0.0,0.0,0.0,1.0,1.0,0.0,0.0,0.0,0.0,0.0,1.0,1.0,0.0,1433036407.0,610.0,610.0,1467.0,1467.0,1508.0,0.0,160.0,27555.0,23658.0,23596.0,70.0,0.0,0.0,0.0,176.0,0.0,0.0,55.0,63.0,62.0,12.0,53.0,224348928.0,1492512.0,1758110368.0,36107961888.0,126329312.0,0.0,0.0,870.0,0.0,0.0,1288.0,124.0,1449.0
1565,0.0,1.0,0.0,1.0,1.0,1728000.0,1.0,229500000.0,1.0,1866000000.0,0.332849025726,24798.0,1750.0,5177.0,41083.3333333,41833.3333333,43000.0,81.0,25.0,64.0,896.0,5000.0,0.0,25.0,1000000.0,950000.0,1.0,0.0,0.0,10.0,0.0,0.0,100.0,500.0,28899182.0,592693277.0,577248807.0,0.0,0.0,0.0,0.0,0.0,1.0,1.0,1.0,1.0,1.0,0.0,0.0,1.0,0.0,0.0,0.0,0.0,0.0,34.0,1.0,14778552.0,280595100.0,14574988.0,31488930.0,596338586.0,796.0,2498524888.0,0.0,1.0,1.0,0.0,1.0,0.0,0.0,1.0,1.0,1.0,1.0,2.0,1.0,0.0,0.0,0.0,2.0,0.0,0.0,1.0,1.0,3.0,50.0,50.0,1.0,0.0,0.0,0.0,0.0,0.0,0.0,0.0,0.0,0.0,0.0,2.0,2.0,0.0,1.0,1.0,0.0,1.0,0.0,0.0,0.0,0.0,0.0,1.0,0.0,0.0,1.0,0.0,0.0,0.0,1.0,10.0,0.0,0.0,0.0,0.0,0.0,11.0,0.0,0.0,0.0,0.0,0.0,0.0,0.0,0.0,0.0,1.0,1.0,0.0,0.0,0.0,0.0,1.0,1.0,1.0,0.0,0.0,0.0,0.0,0.0,0.0,1.0,1.0,0.0,0.0,0.0,0.0,0.0,1.0,1.0,0.0,1398438101.0,531.0,531.0,1364.0,1364.0,1399.0,0.0,132.0,25316.0,23152.0,23097.0,57.0,0.0,0.0,0.0,145.0,0.0,0.0,49.0,56.0,55.0,8.0,47.0,21632704.0,0.0,1633053120.0,25139597312.0,86912480.0,0.0,0.0,796.0,0.0,0.0,1061.0,110.0,1279.0
1566,0.0,1.0,0.0,1.0,1.0,1728000.0,1.0,229500000.0,1.0,1866000000.0,0.326249837875,24230.0,1827.0,4952.0,41166.6666667,41833.3333333,43000.0,81.0,25.0,64.0,896.0,5000.0,0.0,25.0,1000000.0,950000.0,1.0,0.0,0.0,10.0,0.0,0.0,100.0,500.0,33854531.0,646532268.0,646358022.0,0.0,0.0,0.0,0.0,0.0,1.0,1.0,1.0,1.0,1.0,0.0,0.0,1.0,0.0,0.0,0.0,0.0,0.0,31.0,1.0,15231908.0,300676797.0,15399124.0,32745422.0,678632192.0,919.0,2366127730.0,0.0,1.0,1.0,0.0,1.0,0.0,0.0,1.0,1.0,1.0,1.0,2.0,1.0,0.0,0.0,0.0,2.0,0.0,0.0,1.0,1.0,3.0,50.0,50.0,1.0,0.0,0.0,0.0,0.0,0.0,0.0,0.0,0.0,0.0,0.0,2.0,2.0,0.0,1.0,1.0,0.0,1.0,0.0,0.0,0.0,0.0,0.0,1.0,0.0,0.0,1.0,0.0,0.0,0.0,1.0,10.0,0.0,0.0,0.0,0.0,0.0,11.0,0.0,0.0,0.0,0.0,0.0,0.0,0.0,0.0,0.0,1.0,1.0,0.0,0.0,0.0,0.0,1.0,1.0,1.0,0.0,0.0,0.0,0.0,0.0,0.0,1.0,1.0,0.0,0.0,0.0,0.0,0.0,1.0,1.0,0.0,1490626185.0,569.0,569.0,1359.0,1359.0,1390.0,0.0,127.0,25617.0,23226.0,23171.0,52.0,0.0,0.0,0.0,165.0,0.0,0.0,49.0,56.0,55.0,10.0,47.0,325638912.0,0.0,1631701728.0,29429991008.0,99198272.0,0.0,0.0,919.0,0.0,0.0,1296.0,110.0,1557.0
1567,0.0,1.0,0.0,1.0,1.0,1728000.0,1.0,229500000.0,1.0,1866000000.0,0.325683832169,30702.0,2131.0,6853.0,41250.0,42000.0,43333.3333333,81.0,25.0,64.0,896.0,5000.0,0.0,25.0,1000000.0,950000.0,1.0,0.0,0.0,10.0,0.0,0.0,100.0,500.0,31363657.0,635898071.0,604199953.0,0.0,0.0,0.0,0.0,0.0,1.0,1.0,1.0,1.0,1.0,0.0,0.0,1.0,0.0,0.0,0.0,0.0,0.0,35.0,1.0,14324696.0,287914644.0,14302470.0,31734601.0,622344904.0,906.0,2612046397.0,0.0,1.0,1.0,0.0,1.0,0.0,0.0,1.0,1.0,1.0,1.0,2.0,1.0,0.0,0.0,0.0,2.0,0.0,0.0,1.0,1.0,3.0,50.0,50.0,1.0,0.0,0.0,0.0,0.0,0.0,0.0,0.0,0.0,0.0,0.0,2.0,2.0,0.0,1.0,1.0,0.0,1.0,0.0,0.0,0.0,0.0,0.0,1.0,0.0,0.0,1.0,0.0,0.0,0.0,1.0,11.0,0.0,0.0,0.0,0.0,0.0,12.0,0.0,0.0,0.0,0.0,0.0,0.0,0.0,0.0,0.0,1.0,1.0,0.0,0.0,0.0,0.0,1.0,1.0,1.0,0.0,0.0,0.0,0.0,0.0,0.0,1.0,1.0,0.0,0.0,0.0,0.0,0.0,1.0,1.0,0.0,1434606657.0,587.0,587.0,1434.0,1434.0,1465.0,0.0,157.0,26691.0,23708.0,23646.0,62.0,0.0,0.0,0.0,157.0,0.0,0.0,55.0,63.0,62.0,12.0,53.0,22008576.0,1400192.0,1693507552.0,32736604000.0,78851072.0,0.0,0.0,906.0,0.0,0.0,1217.0,124.0,1445.0
1568,0.0,1.0,0.0,1.0,1.0,1728000.0,1.0,229500000.0,1.0,1866000000.0,0.33424782753000004,23168.0,1827.0,5332.0,41333.3333333,42000.0,43333.3333333,95.0,25.0,64.0,896.0,5000.0,0.0,25.0,1000000.0,950000.0,1.0,1.0,0.0,10.0,0.0,0.0,100.0,500.0,31268385.0,608503755.0,600857632.0,0.0,0.0,0.0,0.0,0.0,1.0,1.0,1.0,1.0,1.0,0.0,0.0,1.0,0.0,0.0,0.0,0.0,0.0,31.0,1.0,14173423.0,288269105.0,14151497.0,28811423.0,627638139.0,756.0,2505662375.0,0.0,1.0,1.0,0.0,1.0,0.0,0.0,1.0,1.0,1.0,1.0,2.0,1.0,0.0,0.0,0.0,2.0,0.0,0.0,1.0,1.0,3.0,50.0,50.0,1.0,0.0,0.0,0.0,0.0,0.0,0.0,0.0,0.0,0.0,0.0,2.0,2.0,0.0,1.0,1.0,0.0,1.0,0.0,0.0,0.0,0.0,0.0,1.0,0.0,0.0,1.0,0.0,0.0,0.0,1.0,10.0,0.0,0.0,0.0,0.0,0.0,11.0,0.0,0.0,0.0,0.0,0.0,0.0,0.0,0.0,0.0,1.0,1.0,0.0,0.0,0.0,0.0,1.0,1.0,1.0,0.0,0.0,0.0,0.0,0.0,0.0,1.0,1.0,0.0,0.0,0.0,0.0,0.0,1.0,1.0,0.0,1477053130.0,567.0,567.0,1339.0,1339.0,1373.0,0.0,131.0,24990.0,23250.0,23195.0,34.0,0.0,0.0,0.0,162.0,0.0,0.0,49.0,56.0,55.0,12.0,47.0,126021920.0,0.0,1614758048.0,35497924224.0,90664192.0,0.0,0.0,756.0,0.0,0.0,1117.0,110.0,1314.0
1569,0.0,1.0,0.0,1.0,1.0,1728000.0,1.0,229500000.0,1.0,1866000000.0,0.32680106163,23164.0,1674.0,5408.0,41375.0,42000.0,43375.0,95.0,25.0,64.0,896.0,5000.0,0.0,25.0,1000000.0,950000.0,1.0,1.0,0.0,10.0,0.0,0.0,100.0,500.0,32982874.0,616952978.0,594762638.0,0.0,0.0,0.0,0.0,0.0,1.0,1.0,1.0,1.0,1.0,0.0,0.0,1.0,0.0,0.0,0.0,0.0,0.0,36.0,1.0,14878374.0,292108360.0,14631342.0,31851876.0,633072455.0,859.0,2666905142.0,0.0,1.0,1.0,0.0,1.0,0.0,0.0,1.0,1.0,1.0,1.0,2.0,1.0,0.0,0.0,0.0,2.0,0.0,0.0,1.0,1.0,3.0,50.0,50.0,1.0,0.0,0.0,0.0,0.0,0.0,0.0,0.0,0.0,0.0,0.0,2.0,2.0,0.0,1.0,1.0,0.0,1.0,0.0,0.0,0.0,0.0,0.0,1.0,0.0,0.0,1.0,0.0,0.0,0.0,1.0,11.0,0.0,0.0,0.0,0.0,0.0,12.0,0.0,0.0,0.0,0.0,0.0,0.0,0.0,0.0,0.0,1.0,1.0,0.0,0.0,0.0,0.0,1.0,1.0,1.0,0.0,0.0,0.0,0.0,0.0,0.0,1.0,1.0,0.0,0.0,0.0,0.0,0.0,1.0,1.0,0.0,1473024081.0,618.0,618.0,1555.0,1555.0,1602.0,0.0,167.0,27077.0,23473.0,23411.0,63.0,0.0,0.0,0.0,181.0,0.0,0.0,55.0,63.0,62.0,15.0,53.0,132574976.0,107136.0,1744822336.0,31798543456.0,133377536.0,0.0,0.0,859.0,0.0,0.0,1246.0,124.0,1447.0
1570,0.0,1.0,0.0,1.0,1.0,1728000.0,1.0,229500000.0,1.0,1866000000.0,0.325814962387,22637.0,1827.0,4875.0,41333.3333333,42166.6666667,43500.0,95.0,25.0,64.0,896.0,5000.0,0.0,25.0,1000000.0,950000.0,1.0,1.0,0.0,10.0,0.0,0.0,100.0,500.0,33570175.0,651593921.0,659469504.0,0.0,0.0,0.0,0.0,0.0,1.0,1.0,1.0,1.0,1.0,0.0,0.0,1.0,0.0,0.0,0.0,0.0,0.0,31.0,1.0,15361436.0,291297139.0,14806843.0,34832151.0,666052871.0,894.0,2282371784.0,0.0,1.0,1.0,0.0,1.0,0.0,0.0,1.0,1.0,1.0,1.0,2.0,1.0,0.0,0.0,0.0,2.0,0.0,0.0,1.0,1.0,3.0,50.0,50.0,1.0,0.0,0.0,0.0,0.0,0.0,0.0,0.0,0.0,0.0,0.0,2.0,2.0,0.0,1.0,1.0,0.0,1.0,0.0,0.0,0.0,0.0,0.0,1.0,0.0,0.0,1.0,0.0,0.0,0.0,1.0,10.0,0.0,0.0,0.0,0.0,0.0,11.0,0.0,0.0,0.0,0.0,0.0,0.0,0.0,0.0,0.0,1.0,1.0,0.0,0.0,0.0,0.0,1.0,1.0,1.0,0.0,0.0,0.0,0.0,0.0,0.0,1.0,1.0,0.0,0.0,0.0,0.0,0.0,1.0,1.0,0.0,1429142749.0,556.0,556.0,1237.0,1237.0,1266.0,0.0,145.0,25179.0,23242.0,23187.0,78.0,0.0,0.0,0.0,177.0,0.0,0.0,49.0,56.0,55.0,9.0,47.0,324175008.0,1390656.0,1590084992.0,43733082592.0,111840704.0,0.0,0.0,894.0,0.0,0.0,1330.0,110.0,1552.0
1571,0.0,1.0,1.0,1.0,1.0,960000.0,1.0,586500000.0,1.0,1600000000.0,0.15931391715999998,4992.0,457.0,1295.0,41500.0,42500.0,43000.0,74.0,25.0,64.0,896.0,5000.0,0.0,25.0,1000000.0,950000.0,1.0,0.0,0.0,10.0,0.0,0.0,0.0,100.0,17907859.0,558304114.0,543034344.0,0.0,0.0,0.0,0.0,0.0,1.0,1.0,1.0,1.0,1.0,0.0,0.0,1.0,0.0,0.0,0.0,0.0,0.0,30.0,1.0,13786694.0,260140532.0,13770019.0,17943311.0,570785956.0,382.0,2158778500.0,0.0,1.0,1.0,0.0,1.0,0.0,0.0,1.0,1.0,1.0,1.0,2.0,1.0,0.0,0.0,0.0,2.0,0.0,0.0,1.0,1.0,3.0,50.0,50.0,1.0,0.0,0.0,0.0,0.0,0.0,0.0,0.0,0.0,0.0,0.0,2.0,2.0,0.0,1.0,1.0,0.0,1.0,0.0,0.0,0.0,0.0,0.0,1.0,0.0,0.0,1.0,0.0,0.0,0.0,1.0,10.0,0.0,0.0,0.0,0.0,0.0,11.0,0.0,0.0,0.0,0.0,0.0,0.0,0.0,0.0,0.0,1.0,1.0,0.0,0.0,0.0,0.0,1.0,1.0,1.0,0.0,0.0,0.0,0.0,0.0,0.0,1.0,1.0,0.0,0.0,0.0,0.0,0.0,1.0,1.0,0.0,1310161545.0,389.0,389.0,1167.0,1167.0,1194.0,0.0,43.0,18331.0,20995.0,20975.0,35.0,0.0,0.0,0.0,33.0,0.0,0.0,19.0,21.0,20.0,2.0,17.0,11139392.0,0.0,1416235776.0,17209537056.0,31346496.0,0.0,0.0,382.0,0.0,0.0,488.0,40.0,609.0
1572,0.0,1.0,1.0,1.0,1.0,960000.0,1.0,586500000.0,1.0,1600000000.0,0.15136885643,5068.0,457.0,1371.0,41000.0,42500.0,43000.0,74.0,25.0,64.0,896.0,5000.0,0.0,25.0,1000000.0,950000.0,1.0,0.0,0.0,10.0,0.0,0.0,0.0,100.0,17284033.0,555705851.0,534621916.0,0.0,0.0,0.0,0.0,0.0,1.0,1.0,1.0,1.0,1.0,0.0,0.0,1.0,0.0,0.0,0.0,0.0,0.0,33.0,1.0,14365735.0,263676000.0,14228918.0,18385488.0,564662755.0,344.0,2226446963.0,0.0,1.0,1.0,0.0,1.0,0.0,0.0,1.0,1.0,1.0,1.0,2.0,1.0,0.0,0.0,0.0,2.0,0.0,0.0,1.0,1.0,3.0,50.0,50.0,1.0,0.0,0.0,0.0,0.0,0.0,0.0,0.0,0.0,0.0,0.0,2.0,2.0,0.0,1.0,1.0,0.0,1.0,0.0,0.0,0.0,0.0,0.0,1.0,0.0,0.0,1.0,0.0,0.0,0.0,1.0,10.0,0.0,0.0,0.0,0.0,0.0,11.0,0.0,0.0,0.0,0.0,0.0,0.0,0.0,0.0,0.0,1.0,1.0,0.0,0.0,0.0,0.0,1.0,1.0,1.0,0.0,0.0,0.0,0.0,0.0,0.0,1.0,1.0,0.0,0.0,0.0,0.0,0.0,1.0,1.0,0.0,1281983294.0,391.0,391.0,1127.0,1127.0,1156.0,0.0,47.0,18462.0,20890.0,20870.0,30.0,0.0,0.0,0.0,41.0,0.0,0.0,19.0,21.0,20.0,4.0,17.0,7772896.0,0.0,1345373760.0,15588743392.0,43799872.0,0.0,0.0,344.0,0.0,0.0,454.0,40.0,710.0
1573,0.0,1.0,1.0,1.0,1.0,960000.0,1.0,586500000.0,1.0,1600000000.0,0.149312973022,10251.0,1066.0,2590.0,41250.0,42250.0,43000.0,74.0,25.0,64.0,896.0,5000.0,0.0,25.0,1000000.0,950000.0,1.0,0.0,0.0,10.0,0.0,0.0,0.0,100.0,22664346.0,555463484.0,563336576.0,0.0,0.0,0.0,0.0,0.0,1.0,1.0,1.0,1.0,1.0,0.0,0.0,1.0,0.0,0.0,0.0,0.0,0.0,35.0,1.0,14334567.0,265469574.0,14459370.0,23771722.0,585867145.0,623.0,2340583170.0,0.0,1.0,1.0,0.0,1.0,0.0,0.0,1.0,1.0,1.0,1.0,2.0,1.0,0.0,0.0,0.0,2.0,0.0,0.0,1.0,1.0,3.0,50.0,50.0,1.0,0.0,0.0,0.0,0.0,0.0,0.0,0.0,0.0,0.0,0.0,2.0,2.0,0.0,1.0,1.0,0.0,1.0,0.0,0.0,0.0,0.0,0.0,1.0,0.0,0.0,1.0,0.0,0.0,0.0,1.0,11.0,0.0,0.0,0.0,0.0,0.0,12.0,0.0,0.0,0.0,0.0,0.0,0.0,0.0,0.0,0.0,1.0,1.0,0.0,0.0,0.0,0.0,1.0,1.0,1.0,0.0,0.0,0.0,0.0,0.0,0.0,1.0,1.0,0.0,0.0,0.0,0.0,0.0,1.0,1.0,0.0,1361838197.0,437.0,437.0,1248.0,1248.0,1291.0,0.0,72.0,21665.0,21816.0,21782.0,67.0,0.0,0.0,0.0,70.0,0.0,0.0,31.0,35.0,34.0,12.0,29.0,117193088.0,1497504.0,1515128544.0,27384388544.0,61865344.0,0.0,0.0,623.0,0.0,0.0,845.0,68.0,948.0
1574,0.0,1.0,1.0,1.0,1.0,960000.0,1.0,586500000.0,1.0,1600000000.0,0.159929037094,10251.0,1066.0,2666.0,41250.0,42000.0,43000.0,91.0,25.0,64.0,896.0,5000.0,0.0,25.0,1000000.0,950000.0,1.0,1.0,0.0,10.0,0.0,0.0,0.0,100.0,22961694.0,583293712.0,559876244.0,0.0,0.0,0.0,0.0,0.0,1.0,1.0,1.0,1.0,1.0,0.0,0.0,1.0,0.0,0.0,0.0,0.0,0.0,34.0,1.0,14766479.0,267018074.0,14180178.0,22613575.0,577440224.0,555.0,2274156811.0,0.0,1.0,1.0,0.0,1.0,0.0,0.0,1.0,1.0,1.0,1.0,2.0,1.0,0.0,0.0,0.0,2.0,0.0,0.0,1.0,1.0,3.0,50.0,50.0,1.0,0.0,0.0,0.0,0.0,0.0,0.0,0.0,0.0,0.0,0.0,2.0,2.0,0.0,1.0,1.0,0.0,1.0,0.0,0.0,0.0,0.0,0.0,1.0,0.0,0.0,1.0,0.0,0.0,0.0,1.0,10.0,0.0,0.0,0.0,0.0,0.0,11.0,0.0,0.0,0.0,0.0,0.0,0.0,0.0,0.0,0.0,1.0,1.0,0.0,0.0,0.0,0.0,1.0,1.0,1.0,0.0,0.0,0.0,0.0,0.0,0.0,1.0,1.0,0.0,0.0,0.0,0.0,0.0,1.0,1.0,0.0,1357294739.0,413.0,413.0,1204.0,1204.0,1247.0,0.0,88.0,21500.0,21726.0,21692.0,31.0,0.0,0.0,0.0,66.0,0.0,0.0,31.0,35.0,34.0,12.0,29.0,19705984.0,0.0,1477746752.0,21787323872.0,72483936.0,0.0,0.0,555.0,0.0,0.0,685.0,68.0,808.0
1575,0.0,1.0,1.0,1.0,1.0,960000.0,1.0,586500000.0,1.0,1600000000.0,0.159570932388,10137.0,1066.0,2437.0,40750.0,42500.0,43000.0,91.0,25.0,64.0,896.0,5000.0,0.0,25.0,1000000.0,950000.0,1.0,1.0,0.0,10.0,0.0,0.0,0.0,100.0,20762690.0,553895531.0,541082146.0,0.0,0.0,0.0,0.0,0.0,1.0,1.0,1.0,1.0,1.0,0.0,0.0,1.0,0.0,0.0,0.0,0.0,0.0,34.0,1.0,14508065.0,265423256.0,14217716.0,22520201.0,571817066.0,426.0,2248682299.0,0.0,1.0,1.0,0.0,1.0,0.0,0.0,1.0,1.0,1.0,1.0,2.0,1.0,0.0,0.0,0.0,2.0,0.0,0.0,1.0,1.0,3.0,50.0,50.0,1.0,0.0,0.0,0.0,0.0,0.0,0.0,0.0,0.0,0.0,0.0,2.0,2.0,0.0,1.0,1.0,0.0,1.0,0.0,0.0,0.0,0.0,0.0,1.0,0.0,0.0,1.0,0.0,0.0,0.0,1.0,10.0,0.0,0.0,0.0,0.0,0.0,11.0,0.0,0.0,0.0,0.0,0.0,0.0,0.0,0.0,0.0,1.0,1.0,0.0,0.0,0.0,0.0,1.0,1.0,1.0,0.0,0.0,0.0,0.0,0.0,0.0,1.0,1.0,0.0,0.0,0.0,0.0,0.0,1.0,1.0,0.0,1353791728.0,402.0,402.0,1157.0,1157.0,1186.0,0.0,60.0,20288.0,21389.0,21362.0,82.0,0.0,0.0,0.0,48.0,0.0,0.0,25.0,28.0,27.0,3.0,23.0,15823264.0,0.0,1456251584.0,24781018176.0,39641440.0,0.0,0.0,426.0,0.0,0.0,619.0,54.0,737.0
1576,0.0,1.0,1.0,1.0,1.0,960000.0,1.0,586500000.0,1.0,1600000000.0,0.149273872375,10175.0,990.0,2437.0,41750.0,42500.0,43000.0,91.0,25.0,64.0,896.0,5000.0,0.0,25.0,1000000.0,950000.0,1.0,1.0,0.0,10.0,0.0,0.0,0.0,100.0,21154096.0,562943571.0,550025474.0,0.0,0.0,0.0,0.0,0.0,1.0,1.0,1.0,1.0,1.0,0.0,0.0,1.0,0.0,0.0,0.0,0.0,0.0,32.0,1.0,14258581.0,268191696.0,13711228.0,21445472.0,567900618.0,464.0,2173310621.0,0.0,1.0,1.0,0.0,1.0,0.0,0.0,1.0,1.0,1.0,1.0,2.0,1.0,0.0,0.0,0.0,2.0,0.0,0.0,1.0,1.0,3.0,50.0,50.0,1.0,0.0,0.0,0.0,0.0,0.0,0.0,0.0,0.0,0.0,0.0,2.0,2.0,0.0,1.0,1.0,0.0,1.0,0.0,0.0,0.0,0.0,0.0,1.0,0.0,0.0,1.0,0.0,0.0,0.0,1.0,10.0,0.0,0.0,0.0,0.0,0.0,11.0,0.0,0.0,0.0,0.0,0.0,0.0,0.0,0.0,0.0,1.0,1.0,0.0,0.0,0.0,0.0,1.0,1.0,1.0,0.0,0.0,0.0,0.0,0.0,0.0,1.0,1.0,0.0,0.0,0.0,0.0,0.0,1.0,1.0,0.0,1309014231.0,414.0,414.0,1195.0,1195.0,1228.0,0.0,60.0,20176.0,21373.0,21346.0,42.0,0.0,0.0,0.0,52.0,0.0,0.0,25.0,28.0,27.0,7.0,23.0,9610048.0,0.0,1477451648.0,25763925472.0,57436704.0,0.0,0.0,464.0,0.0,0.0,630.0,54.0,755.0
1577,0.0,1.0,1.0,1.0,1.0,960000.0,1.0,586500000.0,1.0,1600000000.0,0.157175064087,10137.0,990.0,2590.0,40375.0,42250.0,43000.0,80.0,25.0,64.0,896.0,5000.0,0.0,25.0,1000000.0,950000.0,1.0,0.0,0.0,10.0,0.0,0.0,0.0,500.0,22741471.0,565701426.0,559479847.0,0.0,0.0,0.0,0.0,0.0,1.0,1.0,1.0,1.0,1.0,0.0,0.0,1.0,0.0,0.0,0.0,0.0,0.0,30.0,1.0,14352068.0,278675951.0,14186293.0,22256969.0,587721381.0,542.0,2274558647.0,0.0,1.0,1.0,0.0,1.0,0.0,0.0,1.0,1.0,1.0,1.0,2.0,1.0,0.0,0.0,0.0,2.0,0.0,0.0,1.0,1.0,3.0,50.0,50.0,1.0,0.0,0.0,0.0,0.0,0.0,0.0,0.0,0.0,0.0,0.0,2.0,2.0,0.0,1.0,1.0,0.0,1.0,0.0,0.0,0.0,0.0,0.0,1.0,0.0,0.0,1.0,0.0,0.0,0.0,1.0,10.0,0.0,0.0,0.0,0.0,0.0,11.0,0.0,0.0,0.0,0.0,0.0,0.0,0.0,0.0,0.0,1.0,1.0,0.0,0.0,0.0,0.0,1.0,1.0,1.0,0.0,0.0,0.0,0.0,0.0,0.0,1.0,1.0,0.0,0.0,0.0,0.0,0.0,1.0,1.0,0.0,1333292494.0,452.0,452.0,1306.0,1306.0,1340.0,0.0,92.0,21363.0,21803.0,21769.0,78.0,0.0,0.0,0.0,64.0,0.0,0.0,31.0,35.0,34.0,7.0,29.0,21251104.0,0.0,1538490080.0,14066378976.0,56391360.0,0.0,0.0,542.0,0.0,0.0,760.0,68.0,892.0
1578,0.0,1.0,1.0,1.0,1.0,960000.0,1.0,586500000.0,1.0,1600000000.0,0.150547981262,10251.0,1066.0,2590.0,41750.0,42000.0,43000.0,80.0,25.0,64.0,896.0,5000.0,0.0,25.0,1000000.0,950000.0,1.0,0.0,0.0,10.0,0.0,0.0,0.0,500.0,22311140.0,582114402.0,561243014.0,0.0,0.0,0.0,0.0,0.0,1.0,1.0,1.0,1.0,1.0,0.0,0.0,1.0,0.0,0.0,0.0,0.0,0.0,34.0,1.0,14486283.0,268244057.0,14348584.0,23420791.0,593627301.0,636.0,2327057799.0,0.0,1.0,1.0,0.0,1.0,0.0,0.0,1.0,1.0,1.0,1.0,2.0,1.0,0.0,0.0,0.0,2.0,0.0,0.0,1.0,1.0,3.0,50.0,50.0,1.0,0.0,0.0,0.0,0.0,0.0,0.0,0.0,0.0,0.0,0.0,2.0,2.0,0.0,1.0,1.0,0.0,1.0,0.0,0.0,0.0,0.0,0.0,1.0,0.0,0.0,1.0,0.0,0.0,0.0,1.0,10.0,0.0,0.0,0.0,0.0,0.0,11.0,0.0,0.0,0.0,0.0,0.0,0.0,0.0,0.0,0.0,1.0,1.0,0.0,0.0,0.0,0.0,1.0,1.0,1.0,0.0,0.0,0.0,0.0,0.0,0.0,1.0,1.0,0.0,0.0,0.0,0.0,0.0,1.0,1.0,0.0,1350688899.0,435.0,435.0,1261.0,1261.0,1298.0,0.0,78.0,21849.0,21844.0,21810.0,50.0,0.0,0.0,0.0,60.0,0.0,0.0,31.0,35.0,34.0,7.0,29.0,15711840.0,0.0,1541568768.0,20162271840.0,84212384.0,0.0,0.0,636.0,0.0,0.0,800.0,68.0,951.0
1579,0.0,1.0,1.0,1.0,1.0,960000.0,1.0,586500000.0,1.0,1600000000.0,0.151589870453,10137.0,1066.0,2437.0,41375.0,42000.0,43000.0,80.0,25.0,64.0,896.0,5000.0,0.0,25.0,1000000.0,950000.0,1.0,0.0,0.0,10.0,0.0,0.0,0.0,500.0,23517459.0,564246931.0,560016540.0,0.0,0.0,0.0,0.0,0.0,1.0,1.0,1.0,1.0,1.0,0.0,0.0,1.0,0.0,0.0,0.0,0.0,0.0,32.0,1.0,14240307.0,262217007.0,14266675.0,22248939.0,569476319.0,491.0,2268554289.0,0.0,1.0,1.0,0.0,1.0,0.0,0.0,1.0,1.0,1.0,1.0,2.0,1.0,0.0,0.0,0.0,2.0,0.0,0.0,1.0,1.0,3.0,50.0,50.0,1.0,0.0,0.0,0.0,0.0,0.0,0.0,0.0,0.0,0.0,0.0,2.0,2.0,0.0,1.0,1.0,0.0,1.0,0.0,0.0,0.0,0.0,0.0,1.0,0.0,0.0,1.0,0.0,0.0,0.0,1.0,10.0,0.0,0.0,0.0,0.0,0.0,11.0,0.0,0.0,0.0,0.0,0.0,0.0,0.0,0.0,0.0,1.0,1.0,0.0,0.0,0.0,0.0,1.0,1.0,1.0,0.0,0.0,0.0,0.0,0.0,0.0,1.0,1.0,0.0,0.0,0.0,0.0,0.0,1.0,1.0,0.0,1337354682.0,469.0,469.0,1274.0,1274.0,1311.0,0.0,77.0,21942.0,21836.0,21802.0,47.0,0.0,0.0,0.0,72.0,0.0,0.0,31.0,35.0,34.0,10.0,29.0,16430688.0,0.0,1540761248.0,34466892416.0,34643392.0,0.0,0.0,491.0,0.0,0.0,704.0,68.0,957.0
1580,0.0,1.0,1.0,1.0,1.0,960000.0,1.0,586500000.0,1.0,1600000000.0,0.159929037094,10137.0,1066.0,2514.0,41375.0,42250.0,43000.0,77.0,25.0,64.0,896.0,5000.0,0.0,25.0,1000000.0,950000.0,1.0,1.0,0.0,10.0,0.0,0.0,0.0,500.0,23476826.0,573603563.0,555657916.0,0.0,0.0,0.0,0.0,0.0,1.0,1.0,1.0,1.0,1.0,0.0,0.0,1.0,0.0,0.0,0.0,0.0,0.0,34.0,1.0,14168732.0,267789533.0,14301567.0,22951418.0,561887038.0,457.0,2340873982.0,0.0,1.0,1.0,0.0,1.0,0.0,0.0,1.0,1.0,1.0,1.0,2.0,1.0,0.0,0.0,0.0,2.0,0.0,0.0,1.0,1.0,3.0,50.0,50.0,1.0,0.0,0.0,0.0,0.0,0.0,0.0,0.0,0.0,0.0,0.0,2.0,2.0,0.0,1.0,1.0,0.0,1.0,0.0,0.0,0.0,0.0,0.0,1.0,0.0,0.0,1.0,0.0,0.0,0.0,1.0,10.0,0.0,0.0,0.0,0.0,0.0,11.0,0.0,0.0,0.0,0.0,0.0,0.0,0.0,0.0,0.0,1.0,1.0,0.0,0.0,0.0,0.0,1.0,1.0,1.0,0.0,0.0,0.0,0.0,0.0,0.0,1.0,1.0,0.0,0.0,0.0,0.0,0.0,1.0,1.0,0.0,1333012111.0,424.0,424.0,1262.0,1262.0,1295.0,0.0,72.0,21288.0,21733.0,21699.0,92.0,0.0,0.0,0.0,56.0,0.0,0.0,31.0,35.0,34.0,11.0,29.0,22911424.0,0.0,1480525632.0,15435634400.0,49929440.0,0.0,0.0,457.0,0.0,0.0,646.0,68.0,818.0
1581,0.0,1.0,1.0,1.0,1.0,960000.0,1.0,586500000.0,1.0,1600000000.0,0.15165615081800002,10175.0,1066.0,2514.0,41625.0,42250.0,43000.0,77.0,25.0,64.0,896.0,5000.0,0.0,25.0,1000000.0,950000.0,1.0,1.0,0.0,10.0,0.0,0.0,0.0,500.0,22429937.0,574119785.0,558892295.0,0.0,0.0,0.0,0.0,0.0,1.0,1.0,1.0,1.0,1.0,0.0,0.0,1.0,0.0,0.0,0.0,0.0,0.0,34.0,1.0,14391283.0,256381499.0,14203850.0,23298579.0,591591433.0,580.0,2301025073.0,0.0,1.0,1.0,0.0,1.0,0.0,0.0,1.0,1.0,1.0,1.0,2.0,1.0,0.0,0.0,0.0,2.0,0.0,0.0,1.0,1.0,3.0,50.0,50.0,1.0,0.0,0.0,0.0,0.0,0.0,0.0,0.0,0.0,0.0,0.0,2.0,2.0,0.0,1.0,1.0,0.0,1.0,0.0,0.0,0.0,0.0,0.0,1.0,0.0,0.0,1.0,0.0,0.0,0.0,1.0,10.0,0.0,0.0,0.0,0.0,0.0,11.0,0.0,0.0,0.0,0.0,0.0,0.0,0.0,0.0,0.0,1.0,1.0,0.0,0.0,0.0,0.0,1.0,1.0,1.0,0.0,0.0,0.0,0.0,0.0,0.0,1.0,1.0,0.0,0.0,0.0,0.0,0.0,1.0,1.0,0.0,1361818125.0,429.0,429.0,1116.0,1116.0,1154.0,0.0,76.0,21770.0,21879.0,21845.0,20.0,0.0,0.0,0.0,56.0,0.0,0.0,31.0,35.0,34.0,12.0,29.0,14796928.0,0.0,1502916640.0,17233031840.0,62686848.0,0.0,0.0,580.0,0.0,0.0,741.0,68.0,927.0
1582,0.0,1.0,1.0,1.0,1.0,960000.0,1.0,586500000.0,1.0,1600000000.0,0.14902806282,10175.0,1066.0,2590.0,41375.0,42250.0,43000.0,77.0,25.0,64.0,896.0,5000.0,0.0,25.0,1000000.0,950000.0,1.0,1.0,0.0,10.0,0.0,0.0,0.0,500.0,21906377.0,566883540.0,554535097.0,0.0,0.0,0.0,0.0,0.0,1.0,1.0,1.0,1.0,1.0,0.0,0.0,1.0,0.0,0.0,0.0,0.0,0.0,35.0,1.0,13931873.0,270813318.0,13835960.0,23688909.0,582023632.0,522.0,2252657109.0,0.0,1.0,1.0,0.0,1.0,0.0,0.0,1.0,1.0,1.0,1.0,2.0,1.0,0.0,0.0,0.0,2.0,0.0,0.0,1.0,1.0,3.0,50.0,50.0,1.0,0.0,0.0,0.0,0.0,0.0,0.0,0.0,0.0,0.0,0.0,2.0,2.0,0.0,1.0,1.0,0.0,1.0,0.0,0.0,0.0,0.0,0.0,1.0,0.0,0.0,1.0,0.0,0.0,0.0,1.0,10.0,0.0,0.0,0.0,0.0,0.0,11.0,0.0,0.0,0.0,0.0,0.0,0.0,0.0,0.0,0.0,1.0,1.0,0.0,0.0,0.0,0.0,1.0,1.0,1.0,0.0,0.0,0.0,0.0,0.0,0.0,1.0,1.0,0.0,0.0,0.0,0.0,0.0,1.0,1.0,0.0,1336873264.0,427.0,427.0,1212.0,1212.0,1243.0,0.0,80.0,21408.0,21890.0,21856.0,136.0,0.0,0.0,0.0,62.0,0.0,0.0,31.0,35.0,34.0,7.0,29.0,119017824.0,1401184.0,1473925856.0,27404110432.0,74346656.0,0.0,0.0,522.0,0.0,0.0,796.0,68.0,982.0
1583,0.0,1.0,1.0,1.0,1.0,960000.0,1.0,586500000.0,1.0,1600000000.0,0.159033060074,10213.0,1066.0,2590.0,41000.0,42250.0,43000.0,89.0,25.0,64.0,896.0,5000.0,0.0,25.0,1000000.0,950000.0,1.0,0.0,0.0,10.0,0.0,0.0,100.0,100.0,23076229.0,574166016.0,563462163.0,0.0,0.0,0.0,0.0,0.0,1.0,1.0,1.0,1.0,1.0,0.0,0.0,1.0,0.0,0.0,0.0,0.0,0.0,30.0,1.0,14426622.0,269506494.0,14532449.0,23035279.0,582383966.0,618.0,2270744093.0,0.0,1.0,1.0,0.0,1.0,0.0,0.0,1.0,1.0,1.0,1.0,2.0,1.0,0.0,0.0,0.0,2.0,0.0,0.0,1.0,1.0,3.0,50.0,50.0,1.0,0.0,0.0,0.0,0.0,0.0,0.0,0.0,0.0,0.0,0.0,2.0,2.0,0.0,1.0,1.0,0.0,1.0,0.0,0.0,0.0,0.0,0.0,1.0,0.0,0.0,1.0,0.0,0.0,0.0,1.0,10.0,0.0,0.0,0.0,0.0,0.0,11.0,0.0,0.0,0.0,0.0,0.0,0.0,0.0,0.0,0.0,1.0,1.0,0.0,0.0,0.0,0.0,1.0,1.0,1.0,0.0,0.0,0.0,0.0,0.0,0.0,1.0,1.0,0.0,0.0,0.0,0.0,0.0,1.0,1.0,0.0,1353497540.0,443.0,443.0,1181.0,1181.0,1215.0,0.0,92.0,21650.0,21915.0,21881.0,47.0,0.0,0.0,0.0,70.0,0.0,0.0,31.0,35.0,34.0,10.0,29.0,26813088.0,0.0,1535960960.0,19365775168.0,80958880.0,0.0,0.0,618.0,0.0,0.0,800.0,68.0,925.0
1584,0.0,1.0,1.0,1.0,1.0,960000.0,1.0,586500000.0,1.0,1600000000.0,0.149379014969,10175.0,990.0,2590.0,41375.0,42250.0,43000.0,89.0,25.0,64.0,896.0,5000.0,0.0,25.0,1000000.0,950000.0,1.0,0.0,0.0,10.0,0.0,0.0,100.0,100.0,22913641.0,571433772.0,563154959.0,0.0,0.0,0.0,0.0,0.0,1.0,1.0,1.0,1.0,1.0,0.0,0.0,1.0,0.0,0.0,0.0,0.0,0.0,31.0,1.0,13982236.0,270496135.0,14096834.0,23811975.0,581028724.0,557.0,2278456800.0,0.0,1.0,1.0,0.0,1.0,0.0,0.0,1.0,1.0,1.0,1.0,2.0,1.0,0.0,0.0,0.0,2.0,0.0,0.0,1.0,1.0,3.0,50.0,50.0,1.0,0.0,0.0,0.0,0.0,0.0,0.0,0.0,0.0,0.0,0.0,2.0,2.0,0.0,1.0,1.0,0.0,1.0,0.0,0.0,0.0,0.0,0.0,1.0,0.0,0.0,1.0,0.0,0.0,0.0,1.0,10.0,0.0,0.0,0.0,0.0,0.0,11.0,0.0,0.0,0.0,0.0,0.0,0.0,0.0,0.0,0.0,1.0,1.0,0.0,0.0,0.0,0.0,1.0,1.0,1.0,0.0,0.0,0.0,0.0,0.0,0.0,1.0,1.0,0.0,0.0,0.0,0.0,0.0,1.0,1.0,0.0,1345150645.0,452.0,452.0,1208.0,1208.0,1241.0,0.0,87.0,21853.0,21761.0,21727.0,42.0,0.0,0.0,0.0,72.0,0.0,0.0,31.0,35.0,34.0,9.0,29.0,15289984.0,0.0,1551570560.0,18063925504.0,56137184.0,0.0,0.0,557.0,0.0,0.0,730.0,68.0,822.0
1585,0.0,1.0,1.0,1.0,1.0,960000.0,1.0,586500000.0,1.0,1600000000.0,0.149078130722,4954.0,457.0,1295.0,41500.0,42500.0,43000.0,89.0,25.0,64.0,896.0,5000.0,0.0,25.0,1000000.0,950000.0,1.0,0.0,0.0,10.0,0.0,0.0,100.0,100.0,17560014.0,548593094.0,538837854.0,0.0,0.0,0.0,0.0,0.0,1.0,1.0,1.0,1.0,1.0,0.0,0.0,1.0,0.0,0.0,0.0,0.0,0.0,33.0,1.0,14085505.0,258512310.0,13869042.0,18088847.0,556451701.0,292.0,2124500353.0,0.0,1.0,1.0,0.0,1.0,0.0,0.0,1.0,1.0,1.0,1.0,2.0,1.0,0.0,0.0,0.0,2.0,0.0,0.0,1.0,1.0,3.0,50.0,50.0,1.0,0.0,0.0,0.0,0.0,0.0,0.0,0.0,0.0,0.0,0.0,2.0,2.0,0.0,1.0,1.0,0.0,1.0,0.0,0.0,0.0,0.0,0.0,1.0,0.0,0.0,1.0,0.0,0.0,0.0,1.0,11.0,0.0,0.0,0.0,0.0,0.0,12.0,0.0,0.0,0.0,0.0,0.0,0.0,0.0,0.0,0.0,1.0,1.0,0.0,0.0,0.0,0.0,1.0,1.0,1.0,0.0,0.0,0.0,0.0,0.0,0.0,1.0,1.0,0.0,0.0,0.0,0.0,0.0,1.0,1.0,0.0,1288534329.0,395.0,395.0,1154.0,1154.0,1178.0,0.0,54.0,18349.0,20800.0,20780.0,28.0,0.0,0.0,0.0,47.0,0.0,0.0,19.0,21.0,20.0,6.0,17.0,115422752.0,1509280.0,1376413280.0,21181909216.0,41113632.0,0.0,0.0,292.0,0.0,0.0,380.0,40.0,496.0
1586,0.0,1.0,1.0,1.0,1.0,960000.0,1.0,586500000.0,1.0,1600000000.0,0.15825891494799998,10137.0,1066.0,2514.0,41250.0,42250.0,43000.0,75.0,25.0,64.0,896.0,5000.0,0.0,25.0,1000000.0,950000.0,1.0,1.0,0.0,10.0,0.0,0.0,100.0,100.0,23198012.0,560927479.0,562133505.0,0.0,0.0,0.0,0.0,0.0,1.0,1.0,1.0,1.0,1.0,0.0,0.0,1.0,0.0,0.0,0.0,0.0,0.0,33.0,1.0,13881257.0,274717595.0,14032457.0,24235559.0,570917091.0,571.0,2269379035.0,0.0,1.0,1.0,0.0,1.0,0.0,0.0,1.0,1.0,1.0,1.0,2.0,1.0,0.0,0.0,0.0,2.0,0.0,0.0,1.0,1.0,3.0,50.0,50.0,1.0,0.0,0.0,0.0,0.0,0.0,0.0,0.0,0.0,0.0,0.0,2.0,2.0,0.0,1.0,1.0,0.0,1.0,0.0,0.0,0.0,0.0,0.0,1.0,0.0,0.0,1.0,0.0,0.0,0.0,1.0,10.0,0.0,0.0,0.0,0.0,0.0,11.0,0.0,0.0,0.0,0.0,0.0,0.0,0.0,0.0,0.0,1.0,1.0,0.0,0.0,0.0,0.0,1.0,1.0,1.0,0.0,0.0,0.0,0.0,0.0,0.0,1.0,1.0,0.0,0.0,0.0,0.0,0.0,1.0,1.0,0.0,1362576782.0,433.0,433.0,1270.0,1270.0,1300.0,0.0,76.0,21682.0,21815.0,21781.0,72.0,0.0,0.0,0.0,65.0,0.0,0.0,31.0,35.0,34.0,5.0,29.0,22983168.0,0.0,1553916256.0,17874993888.0,58034432.0,0.0,0.0,571.0,0.0,0.0,779.0,68.0,909.0
1587,0.0,1.0,1.0,1.0,1.0,960000.0,1.0,586500000.0,1.0,1600000000.0,0.148521900177,10632.0,989.0,3352.0,41250.0,42250.0,43500.0,75.0,25.0,64.0,896.0,5000.0,0.0,25.0,1000000.0,950000.0,1.0,1.0,0.0,10.0,0.0,0.0,100.0,100.0,22591630.0,588188181.0,571078899.0,0.0,0.0,0.0,0.0,0.0,1.0,1.0,1.0,1.0,1.0,0.0,0.0,1.0,0.0,0.0,0.0,0.0,0.0,33.0,1.0,14093300.0,271644860.0,14055663.0,24320538.0,586985649.0,589.0,2277610204.0,0.0,1.0,1.0,0.0,1.0,0.0,0.0,1.0,1.0,1.0,1.0,2.0,1.0,0.0,0.0,0.0,2.0,0.0,0.0,1.0,1.0,3.0,50.0,50.0,1.0,0.0,0.0,0.0,0.0,0.0,0.0,0.0,0.0,0.0,0.0,2.0,2.0,0.0,1.0,1.0,0.0,1.0,0.0,0.0,0.0,0.0,0.0,1.0,0.0,0.0,1.0,0.0,0.0,0.0,1.0,10.0,0.0,0.0,0.0,0.0,0.0,11.0,0.0,0.0,0.0,0.0,0.0,0.0,0.0,0.0,0.0,1.0,1.0,0.0,0.0,0.0,0.0,1.0,1.0,1.0,0.0,0.0,0.0,0.0,0.0,0.0,1.0,1.0,0.0,0.0,0.0,0.0,0.0,1.0,1.0,0.0,1360936480.0,461.0,461.0,1127.0,1127.0,1158.0,0.0,120.0,21750.0,21942.0,21908.0,32.0,0.0,0.0,0.0,110.0,0.0,0.0,31.0,35.0,34.0,6.0,29.0,12980928.0,0.0,1475929600.0,21191292672.0,72344000.0,0.0,0.0,589.0,0.0,0.0,838.0,68.0,935.0
1588,0.0,1.0,1.0,1.0,1.0,960000.0,1.0,586500000.0,1.0,1600000000.0,0.15020298957800002,10175.0,1066.0,2514.0,41750.0,42500.0,43000.0,75.0,25.0,64.0,896.0,5000.0,0.0,25.0,1000000.0,950000.0,1.0,1.0,0.0,10.0,0.0,0.0,100.0,100.0,20727630.0,561156470.0,555698198.0,0.0,0.0,0.0,0.0,0.0,1.0,1.0,1.0,1.0,1.0,0.0,0.0,1.0,0.0,0.0,0.0,0.0,0.0,33.0,1.0,14429510.0,262480335.0,14301655.0,21274862.0,569922451.0,534.0,2215317998.0,0.0,1.0,1.0,0.0,1.0,0.0,0.0,1.0,1.0,1.0,1.0,2.0,1.0,0.0,0.0,0.0,2.0,0.0,0.0,1.0,1.0,3.0,50.0,50.0,1.0,0.0,0.0,0.0,0.0,0.0,0.0,0.0,0.0,0.0,0.0,2.0,2.0,0.0,1.0,1.0,0.0,1.0,0.0,0.0,0.0,0.0,0.0,1.0,0.0,0.0,1.0,0.0,0.0,0.0,1.0,11.0,0.0,0.0,0.0,0.0,0.0,12.0,0.0,0.0,0.0,0.0,0.0,0.0,0.0,0.0,0.0,1.0,1.0,0.0,0.0,0.0,0.0,1.0,1.0,1.0,0.0,0.0,0.0,0.0,0.0,0.0,1.0,1.0,0.0,0.0,0.0,0.0,0.0,1.0,1.0,0.0,1310094557.0,453.0,453.0,1223.0,1223.0,1258.0,0.0,66.0,20402.0,21525.0,21498.0,46.0,0.0,0.0,0.0,61.0,0.0,0.0,25.0,28.0,27.0,5.0,23.0,25887200.0,0.0,1494824448.0,15477421888.0,95229472.0,0.0,0.0,534.0,0.0,0.0,742.0,54.0,844.0
1589,0.0,1.0,1.0,1.0,1.0,960000.0,1.0,586500000.0,1.0,1600000000.0,0.157899856567,10213.0,990.0,2590.0,41000.0,42250.0,43000.0,76.0,25.0,64.0,896.0,5000.0,0.0,25.0,1000000.0,950000.0,1.0,0.0,0.0,10.0,0.0,0.0,100.0,500.0,21426117.0,587354709.0,558458928.0,0.0,0.0,0.0,0.0,0.0,1.0,1.0,1.0,1.0,1.0,0.0,0.0,1.0,0.0,0.0,0.0,0.0,0.0,30.0,1.0,14069425.0,260376210.0,14170942.0,23102633.0,597238203.0,553.0,2283075919.0,0.0,1.0,1.0,0.0,1.0,0.0,0.0,1.0,1.0,1.0,1.0,2.0,1.0,0.0,0.0,0.0,2.0,0.0,0.0,1.0,1.0,3.0,50.0,50.0,1.0,0.0,0.0,0.0,0.0,0.0,0.0,0.0,0.0,0.0,0.0,2.0,2.0,0.0,1.0,1.0,0.0,1.0,0.0,0.0,0.0,0.0,0.0,1.0,0.0,0.0,1.0,0.0,0.0,0.0,1.0,10.0,0.0,0.0,0.0,0.0,0.0,11.0,0.0,0.0,0.0,0.0,0.0,0.0,0.0,0.0,0.0,1.0,1.0,0.0,0.0,0.0,0.0,1.0,1.0,1.0,0.0,0.0,0.0,0.0,0.0,0.0,1.0,1.0,0.0,0.0,0.0,0.0,0.0,1.0,1.0,0.0,1366034372.0,445.0,445.0,1269.0,1269.0,1305.0,0.0,90.0,21589.0,21829.0,21795.0,47.0,0.0,0.0,0.0,83.0,0.0,0.0,31.0,35.0,34.0,7.0,29.0,220886240.0,0.0,1545181344.0,22465229152.0,73744480.0,0.0,0.0,553.0,0.0,0.0,738.0,68.0,881.0
1590,0.0,1.0,1.0,1.0,1.0,960000.0,1.0,586500000.0,1.0,1600000000.0,0.15065908432,10137.0,1066.0,2437.0,41000.0,42500.0,43500.0,76.0,25.0,64.0,896.0,5000.0,0.0,25.0,1000000.0,950000.0,1.0,0.0,0.0,10.0,0.0,0.0,100.0,500.0,20896415.0,560537149.0,547257967.0,0.0,0.0,0.0,0.0,0.0,1.0,1.0,1.0,1.0,1.0,0.0,0.0,1.0,0.0,0.0,0.0,0.0,0.0,31.0,1.0,14067862.0,252894141.0,14146720.0,22065619.0,555546452.0,497.0,2187266969.0,0.0,1.0,1.0,0.0,1.0,0.0,0.0,1.0,1.0,1.0,1.0,2.0,1.0,0.0,0.0,0.0,2.0,0.0,0.0,1.0,1.0,3.0,50.0,50.0,1.0,0.0,0.0,0.0,0.0,0.0,0.0,0.0,0.0,0.0,0.0,2.0,2.0,0.0,1.0,1.0,0.0,1.0,0.0,0.0,0.0,0.0,0.0,1.0,0.0,0.0,1.0,0.0,0.0,0.0,1.0,10.0,0.0,0.0,0.0,0.0,0.0,11.0,0.0,0.0,0.0,0.0,0.0,0.0,0.0,0.0,0.0,1.0,1.0,0.0,0.0,0.0,0.0,1.0,1.0,1.0,0.0,0.0,0.0,0.0,0.0,0.0,1.0,1.0,0.0,0.0,0.0,0.0,0.0,1.0,1.0,0.0,1285809273.0,425.0,425.0,1172.0,1172.0,1207.0,0.0,65.0,20208.0,21495.0,21468.0,24.0,0.0,0.0,0.0,55.0,0.0,0.0,25.0,28.0,27.0,9.0,23.0,210787808.0,0.0,1457097280.0,15908778432.0,46330976.0,0.0,0.0,497.0,0.0,0.0,657.0,54.0,764.0
1591,0.0,1.0,1.0,1.0,1.0,960000.0,1.0,586500000.0,1.0,1600000000.0,0.150215864182,10137.0,1066.0,2437.0,41250.0,42500.0,43000.0,76.0,25.0,64.0,896.0,5000.0,0.0,25.0,1000000.0,950000.0,1.0,0.0,0.0,10.0,0.0,0.0,100.0,500.0,20124368.0,568767424.0,551935002.0,0.0,0.0,0.0,0.0,0.0,1.0,1.0,1.0,1.0,1.0,0.0,0.0,1.0,0.0,0.0,0.0,0.0,0.0,32.0,1.0,14188027.0,259706875.0,13838118.0,21002063.0,558408558.0,460.0,2161878228.0,0.0,1.0,1.0,0.0,1.0,0.0,0.0,1.0,1.0,1.0,1.0,2.0,1.0,0.0,0.0,0.0,2.0,0.0,0.0,1.0,1.0,3.0,50.0,50.0,1.0,0.0,0.0,0.0,0.0,0.0,0.0,0.0,0.0,0.0,0.0,2.0,2.0,0.0,1.0,1.0,0.0,1.0,0.0,0.0,0.0,0.0,0.0,1.0,0.0,0.0,1.0,0.0,0.0,0.0,1.0,10.0,0.0,0.0,0.0,0.0,0.0,11.0,0.0,0.0,0.0,0.0,0.0,0.0,0.0,0.0,0.0,1.0,1.0,0.0,0.0,0.0,0.0,1.0,1.0,1.0,0.0,0.0,0.0,0.0,0.0,0.0,1.0,1.0,0.0,0.0,0.0,0.0,0.0,1.0,1.0,0.0,1303687761.0,423.0,423.0,1221.0,1221.0,1254.0,0.0,62.0,20681.0,21397.0,21370.0,34.0,0.0,0.0,0.0,52.0,0.0,0.0,25.0,28.0,27.0,11.0,23.0,16110880.0,0.0,1470905664.0,10988022272.0,67532224.0,0.0,0.0,460.0,0.0,0.0,573.0,54.0,696.0
1592,0.0,1.0,1.0,1.0,1.0,960000.0,1.0,586500000.0,1.0,1600000000.0,0.151432991028,10213.0,1066.0,2590.0,41375.0,42250.0,43000.0,70.0,25.0,64.0,896.0,5000.0,0.0,25.0,1000000.0,950000.0,1.0,1.0,0.0,10.0,0.0,0.0,100.0,500.0,23371185.0,569850566.0,563456970.0,0.0,0.0,0.0,0.0,0.0,1.0,1.0,1.0,1.0,1.0,0.0,0.0,1.0,0.0,0.0,0.0,0.0,0.0,32.0,1.0,14152076.0,263192441.0,13978804.0,23738181.0,584592111.0,614.0,2271731983.0,0.0,1.0,1.0,0.0,1.0,0.0,0.0,1.0,1.0,1.0,1.0,2.0,1.0,0.0,0.0,0.0,2.0,0.0,0.0,1.0,1.0,3.0,50.0,50.0,1.0,0.0,0.0,0.0,0.0,0.0,0.0,0.0,0.0,0.0,0.0,2.0,2.0,0.0,1.0,1.0,0.0,1.0,0.0,0.0,0.0,0.0,0.0,1.0,0.0,0.0,1.0,0.0,0.0,0.0,1.0,10.0,0.0,0.0,0.0,0.0,0.0,11.0,0.0,0.0,0.0,0.0,0.0,0.0,0.0,0.0,0.0,1.0,1.0,0.0,0.0,0.0,0.0,1.0,1.0,1.0,0.0,0.0,0.0,0.0,0.0,0.0,1.0,1.0,0.0,0.0,0.0,0.0,0.0,1.0,1.0,0.0,1343643098.0,453.0,453.0,1210.0,1210.0,1247.0,0.0,85.0,21801.0,21821.0,21787.0,82.0,0.0,0.0,0.0,77.0,0.0,0.0,31.0,35.0,34.0,8.0,29.0,117868448.0,0.0,1556766976.0,414078730880.0,90253312.0,0.0,0.0,614.0,0.0,0.0,826.0,68.0,951.0
1593,0.0,1.0,1.0,1.0,1.0,960000.0,1.0,586500000.0,1.0,1600000000.0,0.150429010391,10251.0,990.0,2666.0,41875.0,42250.0,43000.0,70.0,25.0,64.0,896.0,5000.0,0.0,25.0,1000000.0,950000.0,1.0,1.0,0.0,10.0,0.0,0.0,100.0,500.0,20213768.0,576857414.0,558775373.0,0.0,0.0,0.0,0.0,0.0,1.0,1.0,1.0,1.0,1.0,0.0,0.0,1.0,0.0,0.0,0.0,0.0,0.0,481.0,1.0,14643838.0,274148879.0,14528448.0,22015079.0,575588077.0,497.0,2334359793.0,0.0,1.0,1.0,0.0,1.0,0.0,0.0,1.0,1.0,1.0,1.0,2.0,1.0,0.0,0.0,0.0,2.0,0.0,0.0,1.0,1.0,4.0,541.0,541.0,1.0,0.0,0.0,0.0,0.0,0.0,0.0,0.0,0.0,0.0,0.0,3.0,3.0,0.0,1.0,1.0,0.0,1.0,1.0,0.0,0.0,0.0,0.0,1.0,0.0,0.0,1.0,0.0,0.0,0.0,1.0,10.0,0.0,0.0,0.0,0.0,0.0,11.0,0.0,0.0,0.0,0.0,0.0,0.0,0.0,0.0,0.0,1.0,1.0,0.0,0.0,0.0,0.0,1.0,1.0,1.0,0.0,0.0,0.0,0.0,0.0,0.0,1.0,1.0,0.0,0.0,0.0,0.0,0.0,1.0,1.0,0.0,1358228566.0,436.0,436.0,1248.0,1248.0,1283.0,0.0,85.0,21881.0,21856.0,21822.0,74.0,0.0,0.0,0.0,74.0,0.0,0.0,31.0,35.0,34.0,6.0,29.0,119264928.0,0.0,1529592832.0,23060871712.0,75097600.0,0.0,0.0,497.0,0.0,0.0,701.0,68.0,850.0
1594,0.0,1.0,1.0,1.0,1.0,960000.0,1.0,586500000.0,1.0,1600000000.0,0.149654865265,10137.0,990.0,2437.0,41125.0,42250.0,43000.0,70.0,25.0,64.0,896.0,5000.0,0.0,25.0,1000000.0,950000.0,1.0,1.0,0.0,10.0,0.0,0.0,100.0,500.0,23522208.0,576717136.0,580107530.0,0.0,0.0,0.0,0.0,0.0,1.0,1.0,1.0,1.0,1.0,0.0,0.0,1.0,0.0,0.0,0.0,0.0,0.0,31.0,1.0,13796669.0,262793003.0,13694765.0,22792862.0,570210334.0,554.0,2275640236.0,0.0,1.0,1.0,0.0,1.0,0.0,0.0,1.0,1.0,1.0,1.0,2.0,1.0,0.0,0.0,0.0,2.0,0.0,0.0,1.0,1.0,3.0,50.0,50.0,1.0,0.0,0.0,0.0,0.0,0.0,0.0,0.0,0.0,0.0,0.0,2.0,2.0,0.0,1.0,1.0,0.0,1.0,0.0,0.0,0.0,0.0,0.0,1.0,0.0,0.0,1.0,0.0,0.0,0.0,1.0,10.0,0.0,0.0,0.0,0.0,0.0,11.0,0.0,0.0,0.0,0.0,0.0,0.0,0.0,0.0,0.0,1.0,1.0,0.0,0.0,0.0,0.0,1.0,1.0,1.0,0.0,0.0,0.0,0.0,0.0,0.0,1.0,1.0,0.0,0.0,0.0,0.0,0.0,1.0,1.0,0.0,1304377447.0,431.0,431.0,1281.0,1281.0,1314.0,0.0,75.0,21918.0,21899.0,21865.0,29.0,0.0,0.0,0.0,61.0,0.0,0.0,31.0,35.0,34.0,7.0,29.0,10298656.0,0.0,1535025184.0,20185649312.0,56235712.0,0.0,0.0,554.0,0.0,0.0,724.0,68.0,867.0
1595,0.0,1.0,1.0,0.0,0.0,345600.0,1.0,408000000.0,1.0,204000000.0,0.44473195076000005,11247.0,1218.0,3809.0,41166.6666667,41833.3333333,43000.0,68.0,25.0,64.0,896.0,5000.0,0.0,25.0,1000000.0,950000.0,1.0,0.0,0.0,10.0,0.0,0.0,0.0,100.0,26995446.0,727986023.0,691381656.0,0.0,0.0,0.0,0.0,0.0,1.0,1.0,1.0,1.0,1.0,0.0,0.0,1.0,0.0,0.0,0.0,0.0,0.0,30.0,1.0,17833532.0,296612660.0,18156036.0,28140721.0,739633717.0,1006.0,5609380600.0,0.0,1.0,1.0,0.0,1.0,0.0,0.0,1.0,1.0,1.0,1.0,2.0,1.0,0.0,0.0,0.0,2.0,0.0,0.0,1.0,1.0,3.0,50.0,50.0,1.0,0.0,0.0,0.0,0.0,0.0,0.0,0.0,0.0,0.0,0.0,2.0,2.0,0.0,1.0,1.0,0.0,1.0,0.0,0.0,0.0,0.0,0.0,1.0,0.0,0.0,1.0,0.0,0.0,0.0,1.0,10.0,0.0,0.0,0.0,0.0,0.0,11.0,0.0,0.0,0.0,0.0,0.0,0.0,0.0,0.0,0.0,1.0,1.0,0.0,0.0,0.0,0.0,1.0,1.0,1.0,0.0,0.0,0.0,0.0,0.0,0.0,1.0,1.0,0.0,0.0,0.0,0.0,0.0,1.0,1.0,0.0,1450788691.0,994.0,994.0,2448.0,2448.0,2485.0,0.0,116.0,24666.0,22924.0,22878.0,31.0,0.0,0.0,0.0,112.0,0.0,0.0,43.0,47.0,46.0,22.0,41.0,234572800.0,0.0,3534503584.0,33837725056.0,506485664.0,0.0,0.0,1006.0,0.0,0.0,1174.0,92.0,1634.0
1596,0.0,1.0,1.0,0.0,0.0,345600.0,1.0,408000000.0,1.0,204000000.0,0.45326995849600005,11018.0,1218.0,3352.0,41000.0,41500.0,42750.0,68.0,25.0,64.0,896.0,5000.0,0.0,25.0,1000000.0,950000.0,1.0,0.0,0.0,10.0,0.0,0.0,0.0,100.0,25795999.0,706955560.0,679895912.0,0.0,0.0,0.0,0.0,0.0,1.0,1.0,1.0,1.0,1.0,0.0,0.0,1.0,0.0,0.0,0.0,0.0,0.0,34.0,1.0,18093691.0,288733454.0,17882729.0,27375434.0,706022420.0,1075.0,5374601340.0,0.0,1.0,1.0,0.0,1.0,0.0,0.0,1.0,1.0,1.0,1.0,2.0,1.0,0.0,0.0,0.0,2.0,0.0,0.0,1.0,1.0,3.0,50.0,50.0,1.0,0.0,0.0,0.0,0.0,0.0,0.0,0.0,0.0,0.0,0.0,2.0,2.0,0.0,1.0,1.0,0.0,1.0,0.0,0.0,0.0,0.0,0.0,1.0,0.0,0.0,1.0,0.0,0.0,0.0,1.0,11.0,0.0,0.0,0.0,0.0,0.0,12.0,0.0,0.0,0.0,0.0,0.0,0.0,0.0,0.0,0.0,1.0,1.0,0.0,0.0,0.0,0.0,1.0,1.0,1.0,0.0,0.0,0.0,0.0,0.0,0.0,1.0,1.0,0.0,0.0,0.0,0.0,0.0,1.0,1.0,0.0,1412733164.0,1013.0,1013.0,2386.0,2386.0,2420.0,0.0,112.0,23528.0,22812.0,22771.0,61.0,0.0,0.0,0.0,117.0,0.0,0.0,37.0,42.0,41.0,12.0,35.0,252346624.0,0.0,3520255584.0,48697014368.0,646999936.0,0.0,0.0,1075.0,0.0,0.0,1265.0,82.0,1616.0
1597,0.0,1.0,1.0,0.0,0.0,345600.0,1.0,408000000.0,1.0,204000000.0,0.44541096687299997,14715.0,1600.0,4267.0,41000.0,41750.0,42750.0,68.0,25.0,64.0,896.0,5000.0,0.0,25.0,1000000.0,950000.0,1.0,0.0,0.0,10.0,0.0,0.0,0.0,100.0,27708488.0,701687500.0,655454986.0,0.0,0.0,0.0,0.0,0.0,1.0,1.0,1.0,1.0,1.0,0.0,0.0,1.0,0.0,0.0,0.0,0.0,0.0,34.0,1.0,18120604.0,284606823.0,18017237.0,28463061.0,730126765.0,1134.0,5527540415.0,0.0,1.0,1.0,0.0,1.0,0.0,0.0,1.0,1.0,1.0,1.0,2.0,1.0,0.0,0.0,0.0,2.0,0.0,0.0,1.0,1.0,3.0,50.0,50.0,1.0,0.0,0.0,0.0,0.0,0.0,0.0,0.0,0.0,0.0,0.0,2.0,2.0,0.0,1.0,1.0,0.0,1.0,0.0,0.0,0.0,0.0,0.0,1.0,0.0,0.0,1.0,0.0,0.0,0.0,1.0,11.0,0.0,0.0,0.0,0.0,0.0,12.0,0.0,0.0,0.0,0.0,0.0,0.0,0.0,0.0,0.0,1.0,1.0,0.0,0.0,0.0,0.0,1.0,1.0,1.0,0.0,0.0,0.0,0.0,0.0,0.0,1.0,1.0,0.0,0.0,0.0,0.0,0.0,1.0,1.0,0.0,1476536433.0,1169.0,1169.0,2493.0,2493.0,2524.0,0.0,104.0,24650.0,23033.0,22986.0,65.0,0.0,0.0,0.0,120.0,0.0,0.0,43.0,48.0,47.0,14.0,41.0,55807744.0,0.0,3761421920.0,50099652480.0,518237120.0,0.0,0.0,1134.0,0.0,0.0,1332.0,94.0,1780.0
1598,0.0,1.0,1.0,0.0,0.0,345600.0,1.0,408000000.0,1.0,204000000.0,0.45874786377,10941.0,1218.0,3200.0,40750.0,41500.0,42625.0,82.0,25.0,64.0,896.0,5000.0,0.0,25.0,1000000.0,950000.0,1.0,1.0,0.0,10.0,0.0,0.0,0.0,100.0,30628134.0,722791073.0,701694565.0,0.0,0.0,0.0,0.0,0.0,1.0,1.0,1.0,1.0,1.0,0.0,0.0,1.0,0.0,0.0,0.0,0.0,0.0,35.0,1.0,17869285.0,299391160.0,17845340.0,30171514.0,725390702.0,1333.0,5397316327.0,0.0,1.0,1.0,0.0,1.0,0.0,0.0,1.0,1.0,1.0,1.0,2.0,1.0,0.0,0.0,0.0,2.0,0.0,0.0,1.0,1.0,3.0,50.0,50.0,1.0,0.0,0.0,0.0,0.0,0.0,0.0,0.0,0.0,0.0,0.0,2.0,2.0,0.0,1.0,1.0,0.0,1.0,0.0,0.0,0.0,0.0,0.0,1.0,0.0,0.0,1.0,0.0,0.0,0.0,1.0,11.0,0.0,0.0,0.0,0.0,0.0,12.0,0.0,0.0,0.0,0.0,0.0,0.0,0.0,0.0,0.0,1.0,1.0,0.0,0.0,0.0,0.0,1.0,1.0,1.0,0.0,0.0,0.0,0.0,0.0,0.0,1.0,1.0,0.0,0.0,0.0,0.0,0.0,1.0,1.0,0.0,1431421639.0,1298.0,1298.0,2737.0,2737.0,2769.0,0.0,156.0,26154.0,23481.0,23427.0,89.0,0.0,0.0,0.0,160.0,0.0,0.0,49.0,55.0,54.0,16.0,47.0,506264448.0,0.0,4043735488.0,55635997312.0,535564256.0,0.0,0.0,1333.0,0.0,0.0,1543.0,108.0,1899.0
1599,0.0,1.0,1.0,0.0,0.0,345600.0,1.0,408000000.0,1.0,204000000.0,0.438539028168,12199.0,1218.0,3277.0,40833.3333333,41500.0,42500.0,82.0,25.0,64.0,896.0,5000.0,0.0,25.0,1000000.0,950000.0,1.0,1.0,0.0,10.0,0.0,0.0,0.0,100.0,28331389.0,719387435.0,677244525.0,0.0,0.0,0.0,0.0,0.0,1.0,1.0,1.0,1.0,1.0,0.0,0.0,1.0,0.0,0.0,0.0,0.0,0.0,33.0,1.0,18270434.0,298896576.0,18323791.0,30452359.0,735885222.0,1243.0,5391027456.0,0.0,1.0,1.0,0.0,1.0,0.0,0.0,1.0,1.0,1.0,1.0,2.0,1.0,0.0,0.0,0.0,2.0,0.0,0.0,1.0,1.0,3.0,50.0,50.0,1.0,0.0,0.0,0.0,0.0,0.0,0.0,0.0,0.0,0.0,0.0,2.0,2.0,0.0,1.0,1.0,0.0,1.0,0.0,0.0,0.0,0.0,0.0,1.0,0.0,0.0,1.0,0.0,0.0,0.0,1.0,11.0,0.0,0.0,0.0,0.0,0.0,12.0,0.0,0.0,0.0,0.0,0.0,0.0,0.0,0.0,0.0,1.0,1.0,0.0,0.0,0.0,0.0,1.0,1.0,1.0,0.0,0.0,0.0,0.0,0.0,0.0,1.0,1.0,0.0,0.0,0.0,0.0,0.0,1.0,1.0,0.0,1454967141.0,1166.0,1166.0,2580.0,2580.0,2618.0,0.0,143.0,25194.0,23118.0,23070.0,96.0,0.0,0.0,0.0,143.0,0.0,0.0,43.0,49.0,48.0,15.0,41.0,554854976.0,0.0,3816631936.0,64935414752.0,771317376.0,0.0,0.0,1243.0,0.0,0.0,1546.0,96.0,1833.0
1600,0.0,1.0,1.0,0.0,0.0,345600.0,1.0,408000000.0,1.0,204000000.0,0.43247199058499997,12238.0,1294.0,3428.0,41250.0,41750.0,42500.0,82.0,25.0,64.0,896.0,5000.0,0.0,25.0,1000000.0,950000.0,1.0,1.0,0.0,10.0,0.0,0.0,0.0,100.0,25770651.0,683633073.0,650445284.0,0.0,0.0,0.0,0.0,0.0,1.0,1.0,1.0,1.0,1.0,0.0,0.0,1.0,0.0,0.0,0.0,0.0,0.0,35.0,1.0,17629628.0,284474827.0,17650638.0,27094665.0,702977451.0,947.0,5171654383.0,0.0,1.0,1.0,0.0,1.0,0.0,0.0,1.0,1.0,1.0,1.0,2.0,1.0,0.0,0.0,0.0,2.0,0.0,0.0,1.0,1.0,3.0,50.0,50.0,1.0,0.0,0.0,0.0,0.0,0.0,0.0,0.0,0.0,0.0,0.0,2.0,2.0,0.0,1.0,1.0,0.0,1.0,0.0,0.0,0.0,0.0,0.0,1.0,0.0,0.0,1.0,0.0,0.0,0.0,1.0,11.0,0.0,0.0,0.0,0.0,0.0,12.0,0.0,0.0,0.0,0.0,0.0,0.0,0.0,0.0,0.0,1.0,1.0,0.0,0.0,0.0,0.0,1.0,1.0,1.0,0.0,0.0,0.0,0.0,0.0,0.0,1.0,1.0,0.0,0.0,0.0,0.0,0.0,1.0,1.0,0.0,1427341111.0,990.0,990.0,2320.0,2320.0,2350.0,0.0,126.0,23126.0,22608.0,22567.0,69.0,0.0,0.0,0.0,114.0,0.0,0.0,37.0,42.0,41.0,12.0,35.0,281167392.0,0.0,3414245984.0,41368501344.0,528368480.0,0.0,0.0,947.0,0.0,0.0,1096.0,82.0,1460.0
1601,0.0,1.0,1.0,0.0,0.0,345600.0,1.0,408000000.0,1.0,204000000.0,0.444664001465,16811.0,1675.0,5105.0,41062.5,41625.0,42750.0,82.0,25.0,64.0,896.0,5000.0,0.0,25.0,1000000.0,950000.0,1.0,0.0,0.0,10.0,0.0,0.0,0.0,500.0,33144110.0,733907402.0,702107227.0,0.0,0.0,0.0,0.0,0.0,1.0,1.0,1.0,1.0,1.0,0.0,0.0,1.0,0.0,0.0,0.0,0.0,0.0,35.0,1.0,19214042.0,303457608.0,18597949.0,32623018.0,752996694.0,1265.0,5814596764.0,0.0,1.0,1.0,0.0,1.0,0.0,0.0,1.0,1.0,1.0,1.0,2.0,1.0,0.0,0.0,0.0,2.0,0.0,0.0,1.0,1.0,3.0,50.0,50.0,1.0,0.0,0.0,0.0,0.0,0.0,0.0,0.0,0.0,0.0,0.0,2.0,2.0,0.0,1.0,1.0,0.0,1.0,0.0,0.0,0.0,0.0,0.0,1.0,0.0,0.0,1.0,0.0,0.0,0.0,1.0,11.0,0.0,0.0,0.0,0.0,0.0,12.0,0.0,0.0,0.0,0.0,0.0,0.0,0.0,0.0,0.0,1.0,1.0,0.0,0.0,0.0,0.0,1.0,1.0,1.0,0.0,0.0,0.0,0.0,0.0,0.0,1.0,1.0,0.0,0.0,0.0,0.0,0.0,1.0,1.0,0.0,1482309998.0,1175.0,1175.0,2665.0,2665.0,2712.0,0.0,162.0,26222.0,23731.0,23671.0,56.0,0.0,0.0,0.0,141.0,0.0,0.0,55.0,61.0,60.0,15.0,53.0,460417504.0,0.0,3916490144.0,41641480192.0,547896448.0,0.0,0.0,1265.0,0.0,0.0,1532.0,120.0,1848.0
1602,0.0,1.0,1.0,0.0,0.0,345600.0,1.0,408000000.0,1.0,204000000.0,0.447096824646,11513.0,1218.0,2971.0,41000.0,41750.0,42500.0,82.0,25.0,64.0,896.0,5000.0,0.0,25.0,1000000.0,950000.0,1.0,0.0,0.0,10.0,0.0,0.0,0.0,500.0,27320367.0,699810651.0,648150202.0,0.0,0.0,0.0,0.0,0.0,1.0,1.0,1.0,1.0,1.0,0.0,0.0,1.0,0.0,0.0,0.0,0.0,0.0,33.0,1.0,17153820.0,275931516.0,17700076.0,27754768.0,715527453.0,1165.0,5122628810.0,0.0,1.0,1.0,0.0,1.0,0.0,0.0,1.0,1.0,1.0,1.0,2.0,1.0,0.0,0.0,0.0,2.0,0.0,0.0,1.0,1.0,3.0,50.0,50.0,1.0,0.0,0.0,0.0,0.0,0.0,0.0,0.0,0.0,0.0,0.0,2.0,2.0,0.0,1.0,1.0,0.0,1.0,0.0,0.0,0.0,0.0,0.0,1.0,0.0,0.0,1.0,0.0,0.0,0.0,1.0,11.0,0.0,0.0,0.0,0.0,0.0,12.0,0.0,0.0,0.0,0.0,0.0,0.0,0.0,0.0,0.0,1.0,1.0,0.0,0.0,0.0,0.0,1.0,1.0,1.0,0.0,0.0,0.0,0.0,0.0,0.0,1.0,1.0,0.0,0.0,0.0,0.0,0.0,1.0,1.0,0.0,1462967690.0,1210.0,1210.0,2533.0,2533.0,2572.0,0.0,120.0,23792.0,22718.0,22677.0,103.0,0.0,0.0,0.0,139.0,0.0,0.0,37.0,42.0,41.0,17.0,35.0,650130784.0,0.0,3740856544.0,70216961408.0,736786432.0,0.0,0.0,1165.0,0.0,0.0,1445.0,82.0,1844.0
1603,0.0,1.0,1.0,0.0,0.0,345600.0,1.0,408000000.0,1.0,204000000.0,0.449469804764,14830.0,1599.0,4343.0,40875.0,41500.0,42500.0,82.0,25.0,64.0,896.0,5000.0,0.0,25.0,1000000.0,950000.0,1.0,0.0,0.0,10.0,0.0,0.0,0.0,500.0,29251375.0,698544517.0,662133202.0,0.0,0.0,0.0,0.0,0.0,1.0,1.0,1.0,1.0,1.0,0.0,0.0,1.0,0.0,0.0,0.0,0.0,0.0,35.0,1.0,18083795.0,281243889.0,17856357.0,28152154.0,734650745.0,1192.0,5444971359.0,0.0,1.0,1.0,0.0,1.0,0.0,0.0,1.0,1.0,1.0,1.0,2.0,1.0,0.0,0.0,0.0,2.0,0.0,0.0,1.0,1.0,3.0,50.0,50.0,1.0,0.0,0.0,0.0,0.0,0.0,0.0,0.0,0.0,0.0,0.0,2.0,2.0,0.0,1.0,1.0,0.0,1.0,0.0,0.0,0.0,0.0,0.0,1.0,0.0,0.0,1.0,0.0,0.0,0.0,1.0,11.0,0.0,0.0,0.0,0.0,0.0,12.0,0.0,0.0,0.0,0.0,0.0,0.0,0.0,0.0,0.0,1.0,1.0,0.0,0.0,0.0,0.0,1.0,1.0,1.0,0.0,0.0,0.0,0.0,0.0,0.0,1.0,1.0,0.0,0.0,0.0,0.0,0.0,1.0,1.0,0.0,1489018005.0,1248.0,1248.0,2573.0,2573.0,2609.0,0.0,137.0,24682.0,22900.0,22853.0,79.0,0.0,0.0,0.0,142.0,0.0,0.0,43.0,48.0,47.0,19.0,41.0,452736288.0,2647296.0,3726596704.0,63856260960.0,700271360.0,0.0,0.0,1192.0,0.0,0.0,1438.0,94.0,1746.0
1604,0.0,1.0,1.0,0.0,0.0,345600.0,1.0,408000000.0,1.0,204000000.0,0.467612981796,14830.0,1523.0,4648.0,40750.0,41750.0,42500.0,94.0,25.0,64.0,896.0,5000.0,0.0,25.0,1000000.0,950000.0,1.0,1.0,0.0,10.0,0.0,0.0,0.0,500.0,26935793.0,710701739.0,667618512.0,0.0,0.0,0.0,0.0,0.0,1.0,1.0,1.0,1.0,1.0,0.0,0.0,1.0,0.0,0.0,0.0,0.0,0.0,36.0,1.0,17555492.0,279017988.0,17679558.0,28116228.0,709624228.0,984.0,5372279977.0,0.0,1.0,1.0,0.0,1.0,0.0,0.0,1.0,1.0,1.0,1.0,2.0,1.0,0.0,0.0,0.0,2.0,0.0,0.0,1.0,1.0,3.0,50.0,50.0,1.0,0.0,0.0,0.0,0.0,0.0,0.0,0.0,0.0,0.0,0.0,2.0,2.0,0.0,1.0,1.0,0.0,1.0,0.0,0.0,0.0,0.0,0.0,1.0,0.0,0.0,1.0,0.0,0.0,0.0,1.0,11.0,0.0,0.0,0.0,0.0,0.0,12.0,0.0,0.0,0.0,0.0,0.0,0.0,0.0,0.0,0.0,1.0,1.0,0.0,0.0,0.0,0.0,1.0,1.0,1.0,0.0,0.0,0.0,0.0,0.0,0.0,1.0,1.0,0.0,0.0,0.0,0.0,0.0,1.0,1.0,0.0,1442141360.0,1132.0,1132.0,2480.0,2480.0,2511.0,0.0,103.0,24638.0,23018.0,22971.0,43.0,0.0,0.0,0.0,94.0,0.0,0.0,43.0,48.0,47.0,12.0,41.0,227887968.0,0.0,3557448992.0,40327816064.0,511217792.0,0.0,0.0,984.0,0.0,0.0,1182.0,94.0,1568.0
1605,0.0,1.0,1.0,0.0,0.0,345600.0,1.0,408000000.0,1.0,204000000.0,0.455523967743,11208.0,1142.0,3581.0,40750.0,41400.0,42500.0,94.0,25.0,64.0,896.0,5000.0,0.0,25.0,1000000.0,950000.0,1.0,1.0,0.0,10.0,0.0,0.0,0.0,500.0,33201105.0,749136688.0,711304628.0,0.0,0.0,0.0,0.0,0.0,1.0,1.0,1.0,1.0,1.0,0.0,0.0,1.0,0.0,0.0,0.0,0.0,0.0,34.0,1.0,18681133.0,287484246.0,18743900.0,34035530.0,762833178.0,1621.0,5734035645.0,0.0,1.0,1.0,0.0,1.0,0.0,0.0,1.0,1.0,1.0,1.0,2.0,1.0,0.0,0.0,0.0,2.0,0.0,0.0,1.0,1.0,3.0,50.0,50.0,1.0,0.0,0.0,0.0,0.0,0.0,0.0,0.0,0.0,0.0,0.0,2.0,2.0,0.0,1.0,1.0,0.0,1.0,0.0,0.0,0.0,0.0,0.0,1.0,0.0,0.0,1.0,0.0,0.0,0.0,1.0,11.0,0.0,0.0,0.0,0.0,0.0,12.0,0.0,0.0,0.0,0.0,0.0,0.0,0.0,0.0,0.0,1.0,1.0,0.0,0.0,0.0,0.0,1.0,1.0,1.0,0.0,0.0,0.0,0.0,0.0,0.0,1.0,1.0,0.0,0.0,0.0,0.0,0.0,1.0,1.0,0.0,1521986826.0,1502.0,1502.0,2682.0,2682.0,2726.0,0.0,166.0,26921.0,24004.0,23944.0,101.0,0.0,0.0,0.0,196.0,0.0,0.0,55.0,61.0,60.0,17.0,53.0,636418016.0,383232.0,4252750016.0,56617504384.0,715133504.0,0.0,0.0,1621.0,0.0,0.0,2017.0,120.0,2308.0
1606,0.0,1.0,1.0,0.0,0.0,345600.0,1.0,408000000.0,1.0,204000000.0,0.440587043762,11056.0,1295.0,3429.0,41000.0,41500.0,42500.0,94.0,25.0,64.0,896.0,5000.0,0.0,25.0,1000000.0,950000.0,1.0,1.0,0.0,10.0,0.0,0.0,0.0,500.0,27384993.0,702702825.0,670884831.0,0.0,0.0,0.0,0.0,0.0,1.0,1.0,1.0,1.0,1.0,0.0,0.0,1.0,0.0,0.0,0.0,0.0,0.0,32.0,1.0,18238433.0,283808935.0,17905930.0,27253013.0,710349991.0,1102.0,5334875957.0,0.0,1.0,1.0,0.0,1.0,0.0,0.0,1.0,1.0,1.0,1.0,2.0,1.0,0.0,0.0,0.0,2.0,0.0,0.0,1.0,1.0,3.0,50.0,50.0,1.0,0.0,0.0,0.0,0.0,0.0,0.0,0.0,0.0,0.0,0.0,2.0,2.0,0.0,1.0,1.0,0.0,1.0,0.0,0.0,0.0,0.0,0.0,1.0,0.0,0.0,1.0,0.0,0.0,0.0,1.0,11.0,0.0,0.0,0.0,0.0,0.0,12.0,0.0,0.0,0.0,0.0,0.0,0.0,0.0,0.0,0.0,1.0,1.0,0.0,0.0,0.0,0.0,1.0,1.0,1.0,0.0,0.0,0.0,0.0,0.0,0.0,1.0,1.0,0.0,0.0,0.0,0.0,0.0,1.0,1.0,0.0,1430946362.0,1183.0,1183.0,2397.0,2397.0,2428.0,0.0,127.0,23270.0,22656.0,22615.0,56.0,0.0,0.0,0.0,137.0,0.0,0.0,37.0,42.0,41.0,14.0,35.0,58338048.0,0.0,3555232576.0,48273076896.0,542976320.0,0.0,0.0,1102.0,0.0,0.0,1301.0,82.0,1635.0
1607,0.0,1.0,1.0,0.0,0.0,345600.0,1.0,408000000.0,1.0,204000000.0,0.446036815643,7396.0,914.0,2514.0,40833.3333333,41500.0,42500.0,75.0,25.0,64.0,896.0,5000.0,0.0,25.0,1000000.0,950000.0,1.0,0.0,0.0,10.0,0.0,0.0,100.0,100.0,25869216.0,694574060.0,657294662.0,0.0,0.0,0.0,0.0,0.0,1.0,1.0,1.0,1.0,1.0,0.0,0.0,1.0,0.0,0.0,0.0,0.0,0.0,34.0,1.0,17115837.0,268090671.0,17648111.0,26197421.0,720063286.0,1079.0,5322669465.0,0.0,1.0,1.0,0.0,1.0,0.0,0.0,1.0,1.0,1.0,1.0,2.0,1.0,0.0,0.0,0.0,2.0,0.0,0.0,1.0,1.0,3.0,50.0,50.0,1.0,0.0,0.0,0.0,0.0,0.0,0.0,0.0,0.0,0.0,0.0,2.0,2.0,0.0,1.0,1.0,0.0,1.0,0.0,0.0,0.0,0.0,0.0,1.0,0.0,0.0,1.0,0.0,0.0,0.0,1.0,11.0,0.0,0.0,0.0,0.0,0.0,12.0,0.0,0.0,0.0,0.0,0.0,0.0,0.0,0.0,0.0,1.0,1.0,0.0,0.0,0.0,0.0,1.0,1.0,1.0,0.0,0.0,0.0,0.0,0.0,0.0,1.0,1.0,0.0,0.0,0.0,0.0,0.0,1.0,1.0,0.0,1432565810.0,1205.0,1205.0,2295.0,2295.0,2336.0,0.0,99.0,23123.0,22404.0,22364.0,37.0,0.0,0.0,0.0,105.0,0.0,0.0,37.0,41.0,40.0,11.0,35.0,145952352.0,0.0,3499046752.0,37153240064.0,536716896.0,0.0,0.0,1079.0,0.0,0.0,1206.0,80.0,1486.0
1608,0.0,1.0,1.0,0.0,0.0,345600.0,1.0,408000000.0,1.0,204000000.0,0.449016094208,10903.0,1218.0,3200.0,40250.0,41500.0,42500.0,75.0,25.0,64.0,896.0,5000.0,0.0,25.0,1000000.0,950000.0,1.0,0.0,0.0,10.0,0.0,0.0,100.0,100.0,27375948.0,696167460.0,659687119.0,0.0,0.0,0.0,0.0,0.0,1.0,1.0,1.0,1.0,1.0,0.0,0.0,1.0,0.0,0.0,0.0,0.0,0.0,30.0,1.0,17218400.0,275817290.0,17198972.0,28669061.0,706851027.0,1096.0,5065845006.0,0.0,1.0,1.0,0.0,1.0,0.0,0.0,1.0,1.0,1.0,1.0,2.0,1.0,0.0,0.0,0.0,2.0,0.0,0.0,1.0,1.0,3.0,50.0,50.0,1.0,0.0,0.0,0.0,0.0,0.0,0.0,0.0,0.0,0.0,0.0,2.0,2.0,0.0,1.0,1.0,0.0,1.0,0.0,0.0,0.0,0.0,0.0,1.0,0.0,0.0,1.0,0.0,0.0,0.0,1.0,10.0,0.0,0.0,0.0,0.0,0.0,11.0,0.0,0.0,0.0,0.0,0.0,0.0,0.0,0.0,0.0,1.0,1.0,0.0,0.0,0.0,0.0,1.0,1.0,1.0,0.0,0.0,0.0,0.0,0.0,0.0,1.0,1.0,0.0,0.0,0.0,0.0,0.0,1.0,1.0,0.0,1399665660.0,1124.0,1124.0,2451.0,2451.0,2484.0,0.0,93.0,23979.0,22717.0,22676.0,64.0,0.0,0.0,0.0,124.0,0.0,0.0,37.0,42.0,41.0,13.0,35.0,412849056.0,0.0,3579824640.0,61950569664.0,557079104.0,0.0,0.0,1096.0,0.0,0.0,1287.0,82.0,1732.0
1609,0.0,1.0,1.0,0.0,0.0,345600.0,1.0,408000000.0,1.0,204000000.0,0.45487809181199995,11018.0,1371.0,3581.0,40666.6666667,41333.3333333,42500.0,75.0,25.0,64.0,896.0,5000.0,0.0,25.0,1000000.0,950000.0,1.0,0.0,0.0,10.0,0.0,0.0,100.0,100.0,28228796.0,687419451.0,687424240.0,0.0,0.0,0.0,0.0,0.0,1.0,1.0,1.0,1.0,1.0,0.0,0.0,1.0,0.0,0.0,0.0,0.0,0.0,34.0,1.0,18025438.0,297490259.0,17964260.0,28185971.0,722953563.0,1286.0,5487103399.0,0.0,1.0,1.0,0.0,1.0,0.0,0.0,1.0,1.0,1.0,1.0,2.0,1.0,0.0,0.0,0.0,2.0,0.0,0.0,1.0,1.0,3.0,50.0,50.0,1.0,0.0,0.0,0.0,0.0,0.0,0.0,0.0,0.0,0.0,0.0,2.0,2.0,0.0,1.0,1.0,0.0,1.0,0.0,0.0,0.0,0.0,0.0,1.0,0.0,0.0,1.0,0.0,0.0,0.0,1.0,11.0,0.0,0.0,0.0,0.0,0.0,12.0,0.0,0.0,0.0,0.0,0.0,0.0,0.0,0.0,0.0,1.0,1.0,0.0,0.0,0.0,0.0,1.0,1.0,1.0,0.0,0.0,0.0,0.0,0.0,0.0,1.0,1.0,0.0,0.0,0.0,0.0,0.0,1.0,1.0,0.0,1447069142.0,1104.0,1104.0,2575.0,2575.0,2614.0,0.0,139.0,25214.0,23298.0,23250.0,42.0,0.0,0.0,0.0,128.0,0.0,0.0,43.0,49.0,48.0,14.0,41.0,271747200.0,0.0,3665801632.0,52005247104.0,501336896.0,0.0,0.0,1286.0,0.0,0.0,1447.0,96.0,1897.0
1610,0.0,1.0,1.0,0.0,0.0,345600.0,1.0,408000000.0,1.0,204000000.0,0.46561408042900004,11094.0,1218.0,3657.0,40583.3333333,41333.3333333,42500.0,99.0,25.0,64.0,896.0,5000.0,0.0,25.0,1000000.0,950000.0,1.0,1.0,0.0,10.0,0.0,0.0,100.0,100.0,28001147.0,736392337.0,691699238.0,0.0,0.0,0.0,0.0,0.0,1.0,1.0,1.0,1.0,1.0,0.0,0.0,1.0,0.0,0.0,0.0,0.0,0.0,31.0,1.0,18251529.0,283868466.0,18616789.0,29053006.0,745755387.0,1054.0,5978193582.0,0.0,1.0,1.0,0.0,1.0,0.0,0.0,1.0,1.0,1.0,1.0,2.0,1.0,0.0,0.0,0.0,2.0,0.0,0.0,1.0,1.0,3.0,50.0,50.0,1.0,0.0,0.0,0.0,0.0,0.0,0.0,0.0,0.0,0.0,0.0,2.0,2.0,0.0,1.0,1.0,0.0,1.0,0.0,0.0,0.0,0.0,0.0,1.0,0.0,0.0,1.0,0.0,0.0,0.0,1.0,11.0,0.0,0.0,0.0,0.0,0.0,12.0,0.0,0.0,0.0,0.0,0.0,0.0,0.0,0.0,0.0,1.0,1.0,0.0,0.0,0.0,0.0,1.0,1.0,1.0,0.0,0.0,0.0,0.0,0.0,0.0,1.0,1.0,0.0,0.0,0.0,0.0,0.0,1.0,1.0,0.0,1459103666.0,1097.0,1097.0,2637.0,2637.0,2673.0,0.0,150.0,24600.0,23110.0,23063.0,37.0,0.0,0.0,0.0,146.0,0.0,0.0,43.0,48.0,47.0,16.0,41.0,150970848.0,0.0,3878060224.0,48742886912.0,542664864.0,0.0,0.0,1054.0,0.0,0.0,1281.0,94.0,1709.0
1611,0.0,1.0,1.0,0.0,0.0,345600.0,1.0,408000000.0,1.0,204000000.0,0.452620029449,10865.0,1142.0,3353.0,40625.0,41500.0,42500.0,99.0,25.0,64.0,896.0,5000.0,0.0,25.0,1000000.0,950000.0,1.0,1.0,0.0,10.0,0.0,0.0,100.0,100.0,26360446.0,698837182.0,659593098.0,0.0,0.0,0.0,0.0,0.0,1.0,1.0,1.0,1.0,1.0,0.0,0.0,1.0,0.0,0.0,0.0,0.0,0.0,31.0,1.0,18178587.0,277704066.0,18368040.0,27944766.0,724146138.0,1075.0,5505434440.0,0.0,1.0,1.0,0.0,1.0,0.0,0.0,1.0,1.0,1.0,1.0,2.0,1.0,0.0,0.0,0.0,2.0,0.0,0.0,1.0,1.0,3.0,50.0,50.0,1.0,0.0,0.0,0.0,0.0,0.0,0.0,0.0,0.0,0.0,0.0,2.0,2.0,0.0,1.0,1.0,0.0,1.0,0.0,0.0,0.0,0.0,0.0,1.0,0.0,0.0,1.0,0.0,0.0,0.0,1.0,11.0,0.0,0.0,0.0,0.0,0.0,12.0,0.0,0.0,0.0,0.0,0.0,0.0,0.0,0.0,0.0,1.0,1.0,0.0,0.0,0.0,0.0,1.0,1.0,1.0,0.0,0.0,0.0,0.0,0.0,0.0,1.0,1.0,0.0,0.0,0.0,0.0,0.0,1.0,1.0,0.0,1443373843.0,1054.0,1054.0,2418.0,2418.0,2456.0,0.0,119.0,23621.0,22838.0,22797.0,62.0,0.0,0.0,0.0,121.0,0.0,0.0,37.0,42.0,41.0,10.0,35.0,266698496.0,2559200.0,3596902688.0,34624945696.0,472612384.0,0.0,0.0,1075.0,0.0,0.0,1359.0,82.0,1706.0
1612,0.0,1.0,1.0,0.0,0.0,345600.0,1.0,408000000.0,1.0,204000000.0,0.45886516571,10979.0,1295.0,3352.0,40750.0,41500.0,42500.0,99.0,25.0,64.0,896.0,5000.0,0.0,25.0,1000000.0,950000.0,1.0,1.0,0.0,10.0,0.0,0.0,100.0,100.0,25612900.0,703036113.0,672874437.0,0.0,0.0,0.0,0.0,0.0,1.0,1.0,1.0,1.0,1.0,0.0,0.0,1.0,0.0,0.0,0.0,0.0,0.0,35.0,1.0,17705871.0,280962678.0,17457919.0,26490013.0,706995353.0,1073.0,5271469231.0,0.0,1.0,1.0,0.0,1.0,0.0,0.0,1.0,1.0,1.0,1.0,2.0,1.0,0.0,0.0,0.0,2.0,0.0,0.0,1.0,1.0,3.0,50.0,50.0,1.0,0.0,0.0,0.0,0.0,0.0,0.0,0.0,0.0,0.0,0.0,2.0,2.0,0.0,1.0,1.0,0.0,1.0,0.0,0.0,0.0,0.0,0.0,1.0,0.0,0.0,1.0,0.0,0.0,0.0,1.0,11.0,0.0,0.0,0.0,0.0,0.0,12.0,0.0,0.0,0.0,0.0,0.0,0.0,0.0,0.0,0.0,1.0,1.0,0.0,0.0,0.0,0.0,1.0,1.0,1.0,0.0,0.0,0.0,0.0,0.0,0.0,1.0,1.0,0.0,0.0,0.0,0.0,0.0,1.0,1.0,0.0,1392699149.0,1037.0,1037.0,2397.0,2397.0,2428.0,0.0,99.0,23385.0,22753.0,22713.0,66.0,0.0,0.0,0.0,104.0,0.0,0.0,37.0,41.0,40.0,14.0,35.0,341079072.0,716352.0,3486240288.0,32327103328.0,508757856.0,0.0,0.0,1073.0,0.0,0.0,1223.0,80.0,1690.0
1613,0.0,1.0,1.0,0.0,0.0,345600.0,1.0,408000000.0,1.0,204000000.0,0.44028401374799997,7129.0,838.0,2362.0,40625.0,41500.0,42500.0,94.0,25.0,64.0,896.0,5000.0,0.0,25.0,1000000.0,950000.0,1.0,0.0,0.0,10.0,0.0,0.0,100.0,500.0,23053273.0,676275032.0,639252965.0,0.0,0.0,0.0,0.0,0.0,1.0,1.0,1.0,1.0,1.0,0.0,0.0,1.0,0.0,0.0,0.0,0.0,0.0,34.0,1.0,16827099.0,276588983.0,16921003.0,23823568.0,690108771.0,875.0,5128949044.0,0.0,1.0,1.0,0.0,1.0,0.0,0.0,1.0,1.0,1.0,1.0,2.0,1.0,0.0,0.0,0.0,2.0,0.0,0.0,1.0,1.0,3.0,50.0,50.0,1.0,0.0,0.0,0.0,0.0,0.0,0.0,0.0,0.0,0.0,0.0,2.0,2.0,0.0,1.0,1.0,0.0,1.0,0.0,0.0,0.0,0.0,0.0,1.0,0.0,0.0,1.0,0.0,0.0,0.0,1.0,11.0,0.0,0.0,0.0,0.0,0.0,12.0,0.0,0.0,0.0,0.0,0.0,0.0,0.0,0.0,0.0,1.0,1.0,0.0,0.0,0.0,0.0,1.0,1.0,1.0,0.0,0.0,0.0,0.0,0.0,0.0,1.0,1.0,0.0,0.0,0.0,0.0,0.0,1.0,1.0,0.0,1402749717.0,1045.0,1045.0,2127.0,2127.0,2164.0,0.0,89.0,21624.0,22052.0,22018.0,66.0,0.0,0.0,0.0,86.0,0.0,0.0,31.0,35.0,34.0,9.0,29.0,180459456.0,0.0,3219544800.0,25131834432.0,487563328.0,0.0,0.0,875.0,0.0,0.0,1080.0,68.0,1361.0
1614,0.0,1.0,1.0,0.0,0.0,345600.0,1.0,408000000.0,1.0,204000000.0,0.44043016433700005,11284.0,1218.0,3581.0,40750.0,41333.3333333,42333.3333333,94.0,25.0,64.0,896.0,5000.0,0.0,25.0,1000000.0,950000.0,1.0,0.0,0.0,10.0,0.0,0.0,100.0,500.0,27555669.0,700855126.0,667813193.0,0.0,0.0,0.0,0.0,0.0,1.0,1.0,1.0,1.0,1.0,0.0,0.0,1.0,0.0,0.0,0.0,0.0,0.0,30.0,1.0,18074380.0,284092691.0,17870706.0,28844658.0,731716466.0,1048.0,5431051278.0,0.0,1.0,1.0,0.0,1.0,0.0,0.0,1.0,1.0,1.0,1.0,2.0,1.0,0.0,0.0,0.0,2.0,0.0,0.0,1.0,1.0,3.0,50.0,50.0,1.0,0.0,0.0,0.0,0.0,0.0,0.0,0.0,0.0,0.0,0.0,2.0,2.0,0.0,1.0,1.0,0.0,1.0,0.0,0.0,0.0,0.0,0.0,1.0,0.0,0.0,1.0,0.0,0.0,0.0,1.0,10.0,0.0,0.0,0.0,0.0,0.0,11.0,0.0,0.0,0.0,0.0,0.0,0.0,0.0,0.0,0.0,1.0,1.0,0.0,0.0,0.0,0.0,1.0,1.0,1.0,0.0,0.0,0.0,0.0,0.0,0.0,1.0,1.0,0.0,0.0,0.0,0.0,0.0,1.0,1.0,0.0,1454706859.0,1144.0,1144.0,2530.0,2530.0,2567.0,0.0,140.0,24846.0,23098.0,23050.0,57.0,0.0,0.0,0.0,152.0,0.0,0.0,43.0,49.0,48.0,13.0,41.0,160580448.0,0.0,3686501920.0,58631079456.0,506690944.0,0.0,0.0,1048.0,0.0,0.0,1313.0,96.0,1780.0
1615,0.0,1.0,1.0,0.0,0.0,345600.0,1.0,408000000.0,1.0,204000000.0,0.43838596343999997,11247.0,1294.0,3428.0,41125.0,41500.0,42500.0,94.0,25.0,64.0,896.0,5000.0,0.0,25.0,1000000.0,950000.0,1.0,0.0,0.0,10.0,0.0,0.0,100.0,500.0,25624990.0,691503785.0,643015453.0,0.0,0.0,0.0,0.0,0.0,1.0,1.0,1.0,1.0,1.0,0.0,0.0,1.0,0.0,0.0,0.0,0.0,0.0,35.0,1.0,17907571.0,278816618.0,18296924.0,26483254.0,735486031.0,982.0,5454187781.0,0.0,1.0,1.0,0.0,1.0,0.0,0.0,1.0,1.0,1.0,1.0,2.0,1.0,0.0,0.0,0.0,2.0,0.0,0.0,1.0,1.0,3.0,50.0,50.0,1.0,0.0,0.0,0.0,0.0,0.0,0.0,0.0,0.0,0.0,0.0,2.0,2.0,0.0,1.0,1.0,0.0,1.0,0.0,0.0,0.0,0.0,0.0,1.0,0.0,0.0,1.0,0.0,0.0,0.0,1.0,11.0,0.0,0.0,0.0,0.0,0.0,12.0,0.0,0.0,0.0,0.0,0.0,0.0,0.0,0.0,0.0,1.0,1.0,0.0,0.0,0.0,0.0,1.0,1.0,1.0,0.0,0.0,0.0,0.0,0.0,0.0,1.0,1.0,0.0,0.0,0.0,0.0,0.0,1.0,1.0,0.0,1478089790.0,1029.0,1029.0,2372.0,2372.0,2406.0,0.0,124.0,23937.0,22715.0,22674.0,58.0,0.0,0.0,0.0,126.0,0.0,0.0,37.0,42.0,41.0,14.0,35.0,359295648.0,2589632.0,3502054848.0,73687934304.0,522530848.0,0.0,0.0,982.0,0.0,0.0,1176.0,82.0,1570.0
1616,0.0,1.0,1.0,0.0,0.0,345600.0,1.0,408000000.0,1.0,204000000.0,0.455137014389,11284.0,1218.0,3657.0,40375.0,41250.0,42375.0,99.0,25.0,64.0,896.0,5000.0,0.0,25.0,1000000.0,950000.0,1.0,1.0,0.0,10.0,0.0,0.0,100.0,500.0,29878809.0,717301587.0,681275866.0,0.0,0.0,0.0,0.0,0.0,1.0,1.0,1.0,1.0,1.0,0.0,0.0,1.0,0.0,0.0,0.0,0.0,0.0,33.0,1.0,18939829.0,299137595.0,18567957.0,30659901.0,735421972.0,1135.0,5530458036.0,0.0,1.0,1.0,0.0,1.0,0.0,0.0,1.0,1.0,1.0,1.0,2.0,1.0,0.0,0.0,0.0,2.0,0.0,0.0,1.0,1.0,3.0,50.0,50.0,1.0,0.0,0.0,0.0,0.0,0.0,0.0,0.0,0.0,0.0,0.0,2.0,2.0,0.0,1.0,1.0,0.0,1.0,0.0,0.0,0.0,0.0,0.0,1.0,0.0,0.0,1.0,0.0,0.0,0.0,1.0,10.0,0.0,0.0,0.0,0.0,0.0,11.0,0.0,0.0,0.0,0.0,0.0,0.0,0.0,0.0,0.0,1.0,1.0,0.0,0.0,0.0,0.0,1.0,1.0,1.0,0.0,0.0,0.0,0.0,0.0,0.0,1.0,1.0,0.0,0.0,0.0,0.0,0.0,1.0,1.0,0.0,1479034793.0,1174.0,1174.0,2676.0,2676.0,2714.0,0.0,168.0,25864.0,23453.0,23400.0,68.0,0.0,0.0,0.0,167.0,0.0,0.0,49.0,54.0,53.0,18.0,47.0,501081984.0,0.0,3847032352.0,46948557248.0,626506816.0,0.0,0.0,1135.0,0.0,0.0,1503.0,106.0,1849.0
1617,0.0,1.0,1.0,0.0,0.0,345600.0,1.0,408000000.0,1.0,204000000.0,0.448672056198,15173.0,1523.0,4344.0,40500.0,41250.0,42250.0,99.0,25.0,64.0,896.0,5000.0,0.0,25.0,1000000.0,950000.0,1.0,1.0,0.0,10.0,0.0,0.0,100.0,500.0,29454434.0,736195522.0,679962498.0,0.0,0.0,0.0,0.0,0.0,1.0,1.0,1.0,1.0,1.0,0.0,0.0,1.0,0.0,0.0,0.0,0.0,0.0,33.0,1.0,18508200.0,291964447.0,18714920.0,33406642.0,754426083.0,1770.0,5568559567.0,0.0,1.0,1.0,0.0,1.0,0.0,0.0,1.0,1.0,1.0,1.0,2.0,1.0,0.0,0.0,0.0,2.0,0.0,0.0,1.0,1.0,3.0,50.0,50.0,1.0,0.0,0.0,0.0,0.0,0.0,0.0,0.0,0.0,0.0,0.0,2.0,2.0,0.0,1.0,1.0,0.0,1.0,0.0,0.0,0.0,0.0,0.0,1.0,0.0,0.0,1.0,0.0,0.0,0.0,1.0,10.0,0.0,0.0,0.0,0.0,0.0,11.0,0.0,0.0,0.0,0.0,0.0,0.0,0.0,0.0,0.0,1.0,1.0,0.0,0.0,0.0,0.0,1.0,1.0,1.0,0.0,0.0,0.0,0.0,0.0,0.0,1.0,1.0,0.0,0.0,0.0,0.0,0.0,1.0,1.0,0.0,1506786917.0,1734.0,1734.0,2724.0,2724.0,2761.0,0.0,149.0,24976.0,23048.0,23002.0,115.0,0.0,0.0,0.0,195.0,0.0,0.0,43.0,47.0,46.0,17.0,41.0,695629664.0,0.0,4188603200.0,138714973024.0,953873344.0,0.0,0.0,1770.0,0.0,0.0,2089.0,92.0,2376.0
1618,0.0,1.0,1.0,0.0,0.0,345600.0,1.0,408000000.0,1.0,204000000.0,0.447237014771,11285.0,1142.0,3810.0,40500.0,41500.0,42500.0,99.0,25.0,64.0,896.0,5000.0,0.0,25.0,1000000.0,950000.0,1.0,1.0,0.0,10.0,0.0,0.0,100.0,500.0,25080762.0,704949006.0,653879026.0,0.0,0.0,0.0,0.0,0.0,1.0,1.0,1.0,1.0,1.0,0.0,0.0,1.0,0.0,0.0,0.0,0.0,0.0,34.0,1.0,17054586.0,272466311.0,17566630.0,26652949.0,721177836.0,907.0,5321169300.0,0.0,1.0,1.0,0.0,1.0,0.0,0.0,1.0,1.0,1.0,1.0,2.0,1.0,0.0,0.0,0.0,2.0,0.0,0.0,1.0,1.0,3.0,50.0,50.0,1.0,0.0,0.0,0.0,0.0,0.0,0.0,0.0,0.0,0.0,0.0,2.0,2.0,0.0,1.0,1.0,0.0,1.0,0.0,0.0,0.0,0.0,0.0,1.0,0.0,0.0,1.0,0.0,0.0,0.0,1.0,11.0,0.0,0.0,0.0,0.0,0.0,12.0,0.0,0.0,0.0,0.0,0.0,0.0,0.0,0.0,0.0,1.0,1.0,0.0,0.0,0.0,0.0,1.0,1.0,1.0,0.0,0.0,0.0,0.0,0.0,0.0,1.0,1.0,0.0,0.0,0.0,0.0,0.0,1.0,1.0,0.0,1445031572.0,1016.0,1016.0,2349.0,2349.0,2386.0,0.0,121.0,23126.0,22576.0,22535.0,29.0,0.0,0.0,0.0,123.0,0.0,0.0,37.0,42.0,41.0,10.0,35.0,453635200.0,0.0,3419073888.0,45972112096.0,461690080.0,0.0,0.0,907.0,0.0,0.0,1076.0,82.0,1401.0
1619,0.0,1.0,0.0,0.0,1.0,1574400.0,1.0,318750000.0,1.0,102000000.0,0.897514104843,13991.0,1294.0,4572.0,40375.0,41000.0,42375.0,86.0,25.0,64.0,896.0,5000.0,0.0,25.0,1000000.0,950000.0,1.0,0.0,0.0,10.0,0.0,0.0,0.0,100.0,35617616.0,808895912.0,746186955.0,0.0,0.0,0.0,0.0,0.0,1.0,1.0,1.0,1.0,1.0,0.0,0.0,1.0,0.0,0.0,0.0,0.0,0.0,33.0,1.0,21696268.0,309779904.0,22164860.0,36776400.0,837730749.0,2021.0,11538886889.0,0.0,1.0,1.0,0.0,1.0,0.0,0.0,1.0,1.0,1.0,1.0,2.0,1.0,0.0,0.0,0.0,2.0,0.0,0.0,1.0,1.0,3.0,50.0,50.0,1.0,0.0,0.0,0.0,0.0,0.0,0.0,0.0,0.0,0.0,0.0,2.0,2.0,0.0,1.0,1.0,0.0,1.0,0.0,0.0,0.0,0.0,0.0,1.0,0.0,0.0,1.0,0.0,0.0,0.0,1.0,11.0,0.0,0.0,0.0,0.0,0.0,12.0,0.0,0.0,0.0,0.0,0.0,0.0,0.0,0.0,0.0,1.0,1.0,0.0,0.0,0.0,0.0,1.0,1.0,1.0,0.0,0.0,0.0,0.0,0.0,0.0,1.0,1.0,0.0,0.0,0.0,0.0,0.0,1.0,1.0,0.0,1638938068.0,2659.0,2659.0,4417.0,4417.0,4447.0,0.0,186.0,28179.0,24294.0,24234.0,132.0,0.0,0.0,0.0,293.0,0.0,0.0,55.0,61.0,60.0,26.0,53.0,1308372960.0,828608.0,7215826176.0,124796625184.0,1264575360.0,0.0,0.0,2021.0,0.0,0.0,2732.0,120.0,3271.0
1620,0.0,1.0,0.0,0.0,1.0,1574400.0,1.0,318750000.0,1.0,102000000.0,0.892998933792,17498.0,1674.0,5792.0,40312.5,41125.0,42500.0,86.0,25.0,64.0,896.0,5000.0,0.0,25.0,1000000.0,950000.0,1.0,0.0,0.0,10.0,0.0,0.0,0.0,100.0,38507091.0,824786948.0,751695496.0,0.0,0.0,0.0,0.0,0.0,1.0,1.0,1.0,1.0,1.0,0.0,0.0,1.0,0.0,0.0,0.0,0.0,0.0,34.0,1.0,23501108.0,312815473.0,23585243.0,39184550.0,846032424.0,2202.0,12330934497.0,0.0,1.0,1.0,0.0,1.0,0.0,0.0,1.0,1.0,1.0,1.0,2.0,1.0,0.0,0.0,0.0,2.0,0.0,0.0,1.0,1.0,3.0,50.0,50.0,1.0,0.0,0.0,0.0,0.0,0.0,0.0,0.0,0.0,0.0,0.0,2.0,2.0,0.0,1.0,1.0,0.0,1.0,0.0,0.0,0.0,0.0,0.0,1.0,0.0,0.0,1.0,0.0,0.0,0.0,1.0,11.0,0.0,0.0,0.0,0.0,0.0,12.0,0.0,0.0,0.0,0.0,0.0,0.0,0.0,0.0,0.0,1.0,1.0,0.0,0.0,0.0,0.0,1.0,1.0,1.0,0.0,0.0,0.0,0.0,0.0,0.0,1.0,1.0,0.0,0.0,0.0,0.0,0.0,1.0,1.0,0.0,1674147372.0,2657.0,2657.0,4569.0,4569.0,4606.0,0.0,248.0,29387.0,24651.0,24585.0,111.0,0.0,0.0,0.0,283.0,0.0,0.0,61.0,67.0,66.0,31.0,59.0,1033589728.0,832704.0,7635518816.0,306955283328.0,1435777504.0,0.0,0.0,2202.0,0.0,0.0,2823.0,132.0,3327.0
1621,0.0,1.0,0.0,0.0,1.0,1574400.0,1.0,318750000.0,1.0,102000000.0,0.8907680511470001,20435.0,1903.0,6249.0,40333.3333333,41000.0,42500.0,86.0,25.0,64.0,896.0,5000.0,0.0,25.0,1000000.0,950000.0,1.0,0.0,0.0,10.0,0.0,0.0,0.0,100.0,39757843.0,830758375.0,762375244.0,0.0,0.0,0.0,0.0,0.0,1.0,1.0,1.0,1.0,1.0,0.0,0.0,1.0,0.0,0.0,0.0,0.0,0.0,31.0,1.0,22154063.0,307414207.0,22384205.0,40326158.0,837307292.0,1766.0,11716878433.0,0.0,1.0,1.0,0.0,1.0,0.0,0.0,1.0,1.0,1.0,1.0,2.0,1.0,0.0,0.0,0.0,2.0,0.0,0.0,1.0,1.0,3.0,50.0,50.0,1.0,0.0,0.0,0.0,0.0,0.0,0.0,0.0,0.0,0.0,0.0,2.0,2.0,0.0,1.0,1.0,0.0,1.0,0.0,0.0,0.0,0.0,0.0,1.0,0.0,0.0,1.0,0.0,0.0,0.0,1.0,11.0,0.0,0.0,0.0,0.0,0.0,12.0,0.0,0.0,0.0,0.0,0.0,0.0,0.0,0.0,0.0,1.0,1.0,0.0,0.0,0.0,0.0,1.0,1.0,1.0,0.0,0.0,0.0,0.0,0.0,0.0,1.0,1.0,0.0,0.0,0.0,0.0,0.0,1.0,1.0,0.0,1615406223.0,2417.0,2417.0,4466.0,4466.0,4501.0,0.0,180.0,28745.0,24596.0,24530.0,119.0,0.0,0.0,0.0,278.0,0.0,0.0,61.0,67.0,66.0,33.0,59.0,1268074880.0,489664.0,7379855872.0,119057416736.0,1144503840.0,0.0,0.0,1766.0,0.0,0.0,2386.0,132.0,2997.0
1622,0.0,1.0,0.0,0.0,1.0,1574400.0,1.0,318750000.0,1.0,102000000.0,0.908797979355,14372.0,1371.0,4953.0,40437.5,41000.0,42375.0,77.0,25.0,64.0,896.0,5000.0,0.0,25.0,1000000.0,950000.0,1.0,1.0,0.0,10.0,0.0,0.0,0.0,100.0,34222511.0,806665518.0,741221542.0,0.0,0.0,0.0,0.0,0.0,1.0,1.0,1.0,1.0,1.0,0.0,0.0,1.0,0.0,0.0,0.0,0.0,0.0,33.0,1.0,23960272.0,299194878.0,24678974.0,39531184.0,840288677.0,2117.0,12066928041.0,0.0,1.0,1.0,0.0,1.0,0.0,0.0,1.0,1.0,1.0,1.0,2.0,1.0,0.0,0.0,0.0,2.0,0.0,0.0,1.0,1.0,3.0,50.0,50.0,1.0,0.0,0.0,0.0,0.0,0.0,0.0,0.0,0.0,0.0,0.0,2.0,2.0,0.0,1.0,1.0,0.0,1.0,0.0,0.0,0.0,0.0,0.0,1.0,0.0,0.0,1.0,0.0,0.0,0.0,1.0,11.0,0.0,0.0,0.0,0.0,0.0,12.0,0.0,0.0,0.0,0.0,0.0,0.0,0.0,0.0,0.0,1.0,1.0,0.0,0.0,0.0,0.0,1.0,1.0,1.0,0.0,0.0,0.0,0.0,0.0,0.0,1.0,1.0,0.0,0.0,0.0,0.0,0.0,1.0,1.0,0.0,1643236146.0,2758.0,2758.0,4388.0,4388.0,4419.0,0.0,197.0,27964.0,24025.0,23967.0,123.0,0.0,0.0,0.0,258.0,0.0,0.0,55.0,59.0,58.0,23.0,53.0,1236969312.0,1086016.0,7302742560.0,89234938528.0,940146112.0,0.0,0.0,2117.0,0.0,0.0,2585.0,116.0,3262.0
1623,0.0,1.0,0.0,0.0,1.0,1574400.0,1.0,318750000.0,1.0,102000000.0,0.873867988586,12047.0,1142.0,3809.0,40312.5,41000.0,42250.0,77.0,25.0,64.0,896.0,5000.0,0.0,25.0,1000000.0,950000.0,1.0,1.0,0.0,10.0,0.0,0.0,0.0,100.0,33781098.0,785588991.0,725875106.0,0.0,0.0,0.0,0.0,0.0,1.0,1.0,1.0,1.0,1.0,0.0,0.0,1.0,0.0,0.0,0.0,0.0,0.0,34.0,1.0,20977152.0,293051744.0,20980940.0,33328654.0,793306675.0,1756.0,11172544704.0,0.0,1.0,1.0,0.0,1.0,0.0,0.0,1.0,1.0,1.0,1.0,2.0,1.0,0.0,0.0,0.0,2.0,0.0,0.0,1.0,1.0,3.0,50.0,50.0,1.0,0.0,0.0,0.0,0.0,0.0,0.0,0.0,0.0,0.0,0.0,2.0,2.0,0.0,1.0,1.0,0.0,1.0,0.0,0.0,0.0,0.0,0.0,1.0,0.0,0.0,1.0,0.0,0.0,0.0,1.0,11.0,0.0,0.0,0.0,0.0,0.0,12.0,0.0,0.0,0.0,0.0,0.0,0.0,0.0,0.0,0.0,1.0,1.0,0.0,0.0,0.0,0.0,1.0,1.0,1.0,0.0,0.0,0.0,0.0,0.0,0.0,1.0,1.0,0.0,0.0,0.0,0.0,0.0,1.0,1.0,0.0,1566813435.0,2467.0,2467.0,4183.0,4183.0,4207.0,0.0,161.0,26075.0,23471.0,23419.0,128.0,0.0,0.0,0.0,227.0,0.0,0.0,49.0,53.0,52.0,26.0,47.0,1010708640.0,0.0,6881518048.0,114847682880.0,979847488.0,0.0,0.0,1756.0,0.0,0.0,2217.0,104.0,2746.0
1624,0.0,1.0,0.0,0.0,1.0,1574400.0,1.0,318750000.0,1.0,102000000.0,0.912078142166,26799.0,2054.0,7695.0,40250.0,41000.0,42250.0,77.0,25.0,64.0,896.0,5000.0,0.0,25.0,1000000.0,950000.0,1.0,1.0,0.0,10.0,0.0,0.0,0.0,100.0,42307341.0,848205715.0,793008486.0,0.0,0.0,0.0,0.0,0.0,1.0,1.0,1.0,1.0,1.0,0.0,0.0,1.0,0.0,0.0,0.0,0.0,0.0,31.0,1.0,23352668.0,316933556.0,24139183.0,42506076.0,867578512.0,2356.0,12754863037.0,0.0,1.0,1.0,0.0,1.0,0.0,0.0,1.0,1.0,1.0,1.0,2.0,1.0,0.0,0.0,0.0,2.0,0.0,0.0,1.0,1.0,3.0,50.0,50.0,1.0,0.0,0.0,0.0,0.0,0.0,0.0,0.0,0.0,0.0,0.0,2.0,2.0,0.0,1.0,1.0,0.0,1.0,0.0,0.0,0.0,0.0,0.0,1.0,0.0,0.0,1.0,0.0,0.0,0.0,1.0,11.0,0.0,0.0,0.0,0.0,0.0,12.0,0.0,0.0,0.0,0.0,0.0,0.0,0.0,0.0,0.0,1.0,1.0,0.0,0.0,0.0,0.0,1.0,1.0,1.0,0.0,0.0,0.0,0.0,0.0,0.0,1.0,1.0,0.0,0.0,0.0,0.0,0.0,1.0,1.0,0.0,1682371452.0,3043.0,3043.0,4786.0,4786.0,4818.0,0.0,241.0,29957.0,25022.0,24945.0,147.0,0.0,0.0,0.0,318.0,0.0,0.0,73.0,78.0,77.0,35.0,71.0,1211210816.0,0.0,8114454720.0,145559464672.0,1448454464.0,0.0,0.0,2356.0,0.0,0.0,2914.0,154.0,3415.0
1625,0.0,1.0,0.0,0.0,1.0,1574400.0,1.0,318750000.0,1.0,102000000.0,0.891350030899,17804.0,1598.0,5943.0,40250.0,41000.0,42166.6666667,79.0,25.0,64.0,896.0,5000.0,0.0,25.0,1000000.0,950000.0,1.0,0.0,0.0,10.0,0.0,0.0,0.0,500.0,34743943.0,811767167.0,737264368.0,0.0,0.0,0.0,0.0,0.0,1.0,1.0,1.0,1.0,1.0,0.0,0.0,1.0,0.0,0.0,0.0,0.0,0.0,36.0,1.0,22756593.0,300201885.0,23665686.0,35540065.0,822479581.0,2078.0,11664754231.0,0.0,1.0,1.0,0.0,1.0,0.0,0.0,1.0,1.0,1.0,1.0,2.0,1.0,0.0,0.0,0.0,2.0,0.0,0.0,1.0,1.0,3.0,50.0,50.0,1.0,0.0,0.0,0.0,0.0,0.0,0.0,0.0,0.0,0.0,0.0,2.0,2.0,0.0,1.0,1.0,0.0,1.0,0.0,0.0,0.0,0.0,0.0,1.0,0.0,0.0,1.0,0.0,0.0,0.0,1.0,11.0,0.0,0.0,0.0,0.0,0.0,12.0,0.0,0.0,0.0,0.0,0.0,0.0,0.0,0.0,0.0,1.0,1.0,0.0,0.0,0.0,0.0,1.0,1.0,1.0,0.0,0.0,0.0,0.0,0.0,0.0,1.0,1.0,0.0,0.0,0.0,0.0,0.0,1.0,1.0,0.0,1587411036.0,2765.0,2765.0,4456.0,4456.0,4481.0,0.0,167.0,27542.0,24032.0,23974.0,117.0,0.0,0.0,0.0,242.0,0.0,0.0,55.0,59.0,58.0,24.0,53.0,848191072.0,0.0,7186587104.0,106183230624.0,1044102368.0,0.0,0.0,2078.0,0.0,0.0,2598.0,116.0,3122.0
1626,0.0,1.0,0.0,0.0,1.0,1574400.0,1.0,318750000.0,1.0,102000000.0,0.9032330513,11209.0,1066.0,4344.0,40375.0,41000.0,42500.0,79.0,25.0,64.0,896.0,5000.0,0.0,25.0,1000000.0,950000.0,1.0,0.0,0.0,10.0,0.0,0.0,0.0,500.0,34649122.0,806646448.0,739045228.0,0.0,0.0,0.0,0.0,0.0,1.0,1.0,1.0,1.0,1.0,0.0,0.0,1.0,0.0,0.0,0.0,0.0,0.0,32.0,1.0,21933799.0,303100073.0,21889377.0,36864275.0,820379048.0,2600.0,11495494686.0,0.0,1.0,1.0,0.0,1.0,0.0,0.0,1.0,1.0,1.0,1.0,2.0,1.0,0.0,0.0,0.0,2.0,0.0,0.0,1.0,1.0,3.0,50.0,50.0,1.0,0.0,0.0,0.0,0.0,0.0,0.0,0.0,0.0,0.0,0.0,2.0,2.0,0.0,1.0,1.0,0.0,1.0,0.0,0.0,0.0,0.0,0.0,1.0,0.0,0.0,1.0,0.0,0.0,0.0,1.0,10.0,0.0,0.0,0.0,0.0,0.0,11.0,0.0,0.0,0.0,0.0,0.0,0.0,0.0,0.0,0.0,1.0,1.0,0.0,0.0,0.0,0.0,1.0,1.0,1.0,0.0,0.0,0.0,0.0,0.0,0.0,1.0,1.0,0.0,0.0,0.0,0.0,0.0,1.0,1.0,0.0,1610994869.0,3333.0,3333.0,4318.0,4318.0,4350.0,0.0,189.0,26289.0,23549.0,23496.0,104.0,0.0,0.0,0.0,228.0,0.0,0.0,49.0,54.0,53.0,27.0,47.0,1028186592.0,0.0,7112223776.0,178030716480.0,1543883552.0,0.0,0.0,2600.0,0.0,0.0,3071.0,106.0,3562.0
1627,0.0,1.0,0.0,0.0,1.0,1574400.0,1.0,318750000.0,1.0,102000000.0,0.90756893158,14334.0,1294.0,5106.0,40250.0,41000.0,42166.6666667,79.0,25.0,64.0,896.0,5000.0,0.0,25.0,1000000.0,950000.0,1.0,0.0,0.0,10.0,0.0,0.0,0.0,500.0,34961019.0,795431891.0,747113107.0,0.0,0.0,0.0,0.0,0.0,1.0,1.0,1.0,1.0,1.0,0.0,0.0,1.0,0.0,0.0,0.0,0.0,0.0,33.0,1.0,22242987.0,310559515.0,23591579.0,34907637.0,812764010.0,2071.0,11448425184.0,0.0,1.0,1.0,0.0,1.0,0.0,0.0,1.0,1.0,1.0,1.0,2.0,1.0,0.0,0.0,0.0,2.0,0.0,0.0,1.0,1.0,3.0,50.0,50.0,1.0,0.0,0.0,0.0,0.0,0.0,0.0,0.0,0.0,0.0,0.0,2.0,2.0,0.0,1.0,1.0,0.0,1.0,0.0,0.0,0.0,0.0,0.0,1.0,0.0,0.0,1.0,0.0,0.0,0.0,1.0,11.0,0.0,0.0,0.0,0.0,0.0,12.0,0.0,0.0,0.0,0.0,0.0,0.0,0.0,0.0,0.0,1.0,1.0,0.0,0.0,0.0,0.0,1.0,1.0,1.0,0.0,0.0,0.0,0.0,0.0,0.0,1.0,1.0,0.0,0.0,0.0,0.0,0.0,1.0,1.0,0.0,1593130002.0,2750.0,2750.0,4216.0,4216.0,4247.0,0.0,171.0,26562.0,23546.0,23495.0,103.0,0.0,0.0,0.0,231.0,0.0,0.0,49.0,52.0,51.0,22.0,47.0,938497024.0,0.0,6950379072.0,101966455392.0,1012324288.0,0.0,0.0,2071.0,0.0,0.0,2520.0,102.0,3105.0
1628,0.0,1.0,0.0,0.0,1.0,1574400.0,1.0,318750000.0,1.0,102000000.0,0.9126770496369999,14563.0,1370.0,5181.0,40250.0,41000.0,42250.0,95.0,25.0,64.0,896.0,5000.0,0.0,25.0,1000000.0,950000.0,1.0,1.0,0.0,10.0,0.0,0.0,0.0,500.0,34529840.0,792809828.0,724304174.0,0.0,0.0,0.0,0.0,0.0,1.0,1.0,1.0,1.0,1.0,0.0,0.0,1.0,0.0,0.0,0.0,0.0,0.0,34.0,1.0,22943647.0,300647412.0,22932787.0,34168290.0,818045372.0,1714.0,11641270674.0,0.0,1.0,1.0,0.0,1.0,0.0,0.0,1.0,1.0,1.0,1.0,2.0,1.0,0.0,0.0,0.0,2.0,0.0,0.0,1.0,1.0,3.0,50.0,50.0,1.0,0.0,0.0,0.0,0.0,0.0,0.0,0.0,0.0,0.0,0.0,2.0,2.0,0.0,1.0,1.0,0.0,1.0,0.0,0.0,0.0,0.0,0.0,1.0,0.0,0.0,1.0,0.0,0.0,0.0,1.0,10.0,0.0,0.0,0.0,0.0,0.0,11.0,0.0,0.0,0.0,0.0,0.0,0.0,0.0,0.0,0.0,1.0,1.0,0.0,0.0,0.0,0.0,1.0,1.0,1.0,0.0,0.0,0.0,0.0,0.0,0.0,1.0,1.0,0.0,0.0,0.0,0.0,0.0,1.0,1.0,0.0,1609864504.0,2331.0,2331.0,4306.0,4306.0,4336.0,0.0,176.0,27252.0,24182.0,24122.0,74.0,0.0,0.0,0.0,241.0,0.0,0.0,55.0,61.0,60.0,23.0,53.0,949649760.0,0.0,7007525376.0,102921089952.0,938322240.0,0.0,0.0,1714.0,0.0,0.0,2259.0,120.0,2869.0
1629,0.0,1.0,0.0,0.0,1.0,1574400.0,1.0,318750000.0,1.0,102000000.0,0.874891042709,14067.0,1371.0,4496.0,40250.0,41000.0,42166.6666667,95.0,25.0,64.0,896.0,5000.0,0.0,25.0,1000000.0,950000.0,1.0,1.0,0.0,10.0,0.0,0.0,0.0,500.0,33079233.0,793629754.0,731732941.0,0.0,0.0,0.0,0.0,0.0,1.0,1.0,1.0,1.0,1.0,0.0,0.0,1.0,0.0,0.0,0.0,0.0,0.0,38.0,1.0,23615224.0,308315576.0,23155242.0,34850735.0,796103655.0,1674.0,11311223696.0,0.0,1.0,1.0,0.0,1.0,0.0,0.0,1.0,1.0,1.0,1.0,2.0,1.0,0.0,0.0,0.0,2.0,0.0,0.0,1.0,1.0,3.0,50.0,50.0,1.0,0.0,0.0,0.0,0.0,0.0,0.0,0.0,0.0,0.0,0.0,2.0,2.0,0.0,1.0,1.0,0.0,1.0,0.0,0.0,0.0,0.0,0.0,1.0,0.0,0.0,1.0,0.0,0.0,0.0,1.0,11.0,0.0,0.0,0.0,0.0,0.0,12.0,0.0,0.0,0.0,0.0,0.0,0.0,0.0,0.0,0.0,1.0,1.0,0.0,0.0,0.0,0.0,1.0,1.0,1.0,0.0,0.0,0.0,0.0,0.0,0.0,1.0,1.0,0.0,0.0,0.0,0.0,0.0,1.0,1.0,0.0,1566397475.0,2345.0,2345.0,4116.0,4116.0,4150.0,0.0,148.0,26410.0,23584.0,23532.0,101.0,0.0,0.0,0.0,230.0,0.0,0.0,49.0,53.0,52.0,21.0,47.0,833362816.0,0.0,6914859744.0,110139405632.0,1117816736.0,0.0,0.0,1674.0,0.0,0.0,2108.0,104.0,2736.0
1630,0.0,1.0,0.0,0.0,1.0,1574400.0,1.0,318750000.0,1.0,102000000.0,0.9170169830320001,14373.0,1370.0,4952.0,40083.3333333,40833.3333333,42333.3333333,95.0,25.0,64.0,896.0,5000.0,0.0,25.0,1000000.0,950000.0,1.0,1.0,0.0,10.0,0.0,0.0,0.0,500.0,34189032.0,798784081.0,728068993.0,0.0,0.0,0.0,0.0,0.0,1.0,1.0,1.0,1.0,1.0,0.0,0.0,1.0,0.0,0.0,0.0,0.0,0.0,35.0,1.0,21992359.0,301251608.0,22602391.0,35587219.0,809897812.0,1607.0,11449971085.0,0.0,1.0,1.0,0.0,1.0,0.0,0.0,1.0,1.0,1.0,1.0,2.0,1.0,0.0,0.0,0.0,2.0,0.0,0.0,1.0,1.0,3.0,50.0,50.0,1.0,0.0,0.0,0.0,0.0,0.0,0.0,0.0,0.0,0.0,0.0,2.0,2.0,0.0,1.0,1.0,0.0,1.0,0.0,0.0,0.0,0.0,0.0,1.0,0.0,0.0,1.0,0.0,0.0,0.0,1.0,11.0,0.0,0.0,0.0,0.0,0.0,12.0,0.0,0.0,0.0,0.0,0.0,0.0,0.0,0.0,0.0,1.0,1.0,0.0,0.0,0.0,0.0,1.0,1.0,1.0,0.0,0.0,0.0,0.0,0.0,0.0,1.0,1.0,0.0,0.0,0.0,0.0,0.0,1.0,1.0,0.0,1561056274.0,2166.0,2166.0,4264.0,4264.0,4299.0,0.0,151.0,25823.0,23751.0,23699.0,66.0,0.0,0.0,0.0,177.0,0.0,0.0,49.0,53.0,52.0,22.0,47.0,825662144.0,3207008.0,6913059584.0,85033396192.0,987136320.0,0.0,0.0,1607.0,0.0,0.0,1971.0,104.0,2610.0
1631,0.0,1.0,0.0,0.0,1.0,1574400.0,1.0,318750000.0,1.0,102000000.0,0.9196150302889999,11475.0,1066.0,4115.0,40166.6666667,41000.0,42333.3333333,72.0,25.0,64.0,896.0,5000.0,0.0,25.0,1000000.0,950000.0,1.0,0.0,0.0,10.0,0.0,0.0,100.0,100.0,32436108.0,800175239.0,736152417.0,0.0,0.0,0.0,0.0,0.0,1.0,1.0,1.0,1.0,1.0,0.0,0.0,1.0,0.0,0.0,0.0,0.0,0.0,32.0,1.0,22622236.0,300513899.0,23146365.0,33758758.0,819734459.0,1990.0,10944544612.0,0.0,1.0,1.0,0.0,1.0,0.0,0.0,1.0,1.0,1.0,1.0,2.0,1.0,0.0,0.0,0.0,2.0,0.0,0.0,1.0,1.0,3.0,50.0,50.0,1.0,0.0,0.0,0.0,0.0,0.0,0.0,0.0,0.0,0.0,0.0,2.0,2.0,0.0,1.0,1.0,0.0,1.0,0.0,0.0,0.0,0.0,0.0,1.0,0.0,0.0,1.0,0.0,0.0,0.0,1.0,11.0,0.0,0.0,0.0,0.0,0.0,12.0,0.0,0.0,0.0,0.0,0.0,0.0,0.0,0.0,0.0,1.0,1.0,0.0,0.0,0.0,0.0,1.0,1.0,1.0,0.0,0.0,0.0,0.0,0.0,0.0,1.0,1.0,0.0,0.0,0.0,0.0,0.0,1.0,1.0,0.0,1543504128.0,2689.0,2689.0,3944.0,3944.0,3970.0,0.0,147.0,24794.0,23111.0,23066.0,158.0,0.0,0.0,0.0,221.0,0.0,0.0,43.0,46.0,45.0,28.0,41.0,952003872.0,0.0,6611831520.0,97838734976.0,1100513312.0,0.0,0.0,1990.0,0.0,0.0,2393.0,90.0,2905.0
1632,0.0,1.0,0.0,0.0,1.0,1574400.0,1.0,318750000.0,1.0,102000000.0,0.934664011002,17766.0,1598.0,5791.0,40125.0,40750.0,42125.0,72.0,25.0,64.0,896.0,5000.0,0.0,25.0,1000000.0,950000.0,1.0,0.0,0.0,10.0,0.0,0.0,100.0,100.0,39025443.0,824891710.0,751170557.0,0.0,0.0,0.0,0.0,0.0,1.0,1.0,1.0,1.0,1.0,0.0,0.0,1.0,0.0,0.0,0.0,0.0,0.0,32.0,1.0,22204535.0,314011166.0,22946055.0,39747272.0,838637846.0,2272.0,11889147219.0,0.0,1.0,1.0,0.0,1.0,0.0,0.0,1.0,1.0,1.0,1.0,2.0,1.0,0.0,0.0,0.0,2.0,0.0,0.0,1.0,1.0,3.0,50.0,50.0,1.0,0.0,0.0,0.0,0.0,0.0,0.0,0.0,0.0,0.0,0.0,2.0,2.0,0.0,1.0,1.0,0.0,1.0,0.0,0.0,0.0,0.0,0.0,1.0,0.0,0.0,1.0,0.0,0.0,0.0,1.0,11.0,0.0,0.0,0.0,0.0,0.0,12.0,0.0,0.0,0.0,0.0,0.0,0.0,0.0,0.0,0.0,1.0,1.0,0.0,0.0,0.0,0.0,1.0,1.0,1.0,0.0,0.0,0.0,0.0,0.0,0.0,1.0,1.0,0.0,0.0,0.0,0.0,0.0,1.0,1.0,0.0,1631291343.0,3089.0,3089.0,4601.0,4601.0,4627.0,0.0,216.0,28419.0,24400.0,24334.0,117.0,0.0,0.0,0.0,294.0,0.0,0.0,61.0,67.0,66.0,31.0,59.0,1056955264.0,0.0,7401913696.0,118526687552.0,1118862336.0,0.0,0.0,2272.0,0.0,0.0,2819.0,132.0,3482.0
1633,0.0,1.0,0.0,0.0,1.0,1574400.0,1.0,318750000.0,1.0,102000000.0,0.877499818802,11551.0,1066.0,4344.0,40125.0,40625.0,42000.0,72.0,25.0,64.0,896.0,5000.0,0.0,25.0,1000000.0,950000.0,1.0,0.0,0.0,10.0,0.0,0.0,100.0,100.0,33112964.0,790927328.0,721910190.0,0.0,0.0,0.0,0.0,0.0,1.0,1.0,1.0,1.0,1.0,0.0,0.0,1.0,0.0,0.0,0.0,0.0,0.0,36.0,1.0,22062020.0,296650741.0,22454612.0,35885688.0,807580880.0,2537.0,11302490915.0,0.0,1.0,1.0,0.0,1.0,0.0,0.0,1.0,1.0,1.0,1.0,2.0,1.0,0.0,0.0,0.0,2.0,0.0,0.0,1.0,1.0,3.0,50.0,50.0,1.0,0.0,0.0,0.0,0.0,0.0,0.0,0.0,0.0,0.0,0.0,2.0,2.0,0.0,1.0,1.0,0.0,1.0,0.0,0.0,0.0,0.0,0.0,1.0,0.0,0.0,1.0,0.0,0.0,0.0,1.0,11.0,0.0,0.0,0.0,0.0,0.0,12.0,0.0,0.0,0.0,0.0,0.0,0.0,0.0,0.0,0.0,1.0,1.0,0.0,0.0,0.0,0.0,1.0,1.0,1.0,0.0,0.0,0.0,0.0,0.0,0.0,1.0,1.0,0.0,0.0,0.0,0.0,0.0,1.0,1.0,0.0,1606055202.0,3237.0,3237.0,4201.0,4201.0,4234.0,0.0,137.0,26068.0,23488.0,23436.0,87.0,0.0,0.0,0.0,212.0,0.0,0.0,49.0,53.0,52.0,22.0,47.0,1276248384.0,0.0,6979180384.0,93810573152.0,1330241472.0,0.0,0.0,2537.0,0.0,0.0,2985.0,104.0,3421.0
1634,0.0,1.0,0.0,0.0,1.0,1574400.0,1.0,318750000.0,1.0,102000000.0,0.937769174576,10827.0,990.0,3963.0,40000.0,40666.6666667,42000.0,81.0,25.0,64.0,896.0,5000.0,0.0,25.0,1000000.0,950000.0,1.0,1.0,0.0,10.0,0.0,0.0,100.0,100.0,30618708.0,798063832.0,714385490.0,0.0,0.0,0.0,0.0,0.0,1.0,1.0,1.0,1.0,1.0,0.0,0.0,1.0,0.0,0.0,0.0,0.0,0.0,33.0,1.0,21708520.0,291757391.0,22434191.0,33620572.0,812493577.0,2007.0,11091793060.0,0.0,1.0,1.0,0.0,1.0,0.0,0.0,1.0,1.0,1.0,1.0,2.0,1.0,0.0,0.0,0.0,2.0,0.0,0.0,1.0,1.0,3.0,50.0,50.0,1.0,0.0,0.0,0.0,0.0,0.0,0.0,0.0,0.0,0.0,0.0,2.0,2.0,0.0,1.0,1.0,0.0,1.0,0.0,0.0,0.0,0.0,0.0,1.0,0.0,0.0,1.0,0.0,0.0,0.0,1.0,11.0,0.0,0.0,0.0,0.0,0.0,12.0,0.0,0.0,0.0,0.0,0.0,0.0,0.0,0.0,0.0,1.0,1.0,0.0,0.0,0.0,0.0,1.0,1.0,1.0,0.0,0.0,0.0,0.0,0.0,0.0,1.0,1.0,0.0,0.0,0.0,0.0,0.0,1.0,1.0,0.0,1554004172.0,2525.0,2525.0,3919.0,3919.0,3952.0,0.0,149.0,24445.0,23381.0,23335.0,56.0,0.0,0.0,0.0,200.0,0.0,0.0,43.0,47.0,46.0,20.0,41.0,728696544.0,0.0,6613106080.0,176114488864.0,820894272.0,0.0,0.0,2007.0,0.0,0.0,2449.0,92.0,2964.0
1635,0.0,1.0,0.0,0.0,1.0,1574400.0,1.0,318750000.0,1.0,102000000.0,0.915858983994,10445.0,913.0,3734.0,40200.0,40500.0,42000.0,81.0,25.0,64.0,896.0,5000.0,0.0,25.0,1000000.0,950000.0,1.0,1.0,0.0,10.0,0.0,0.0,100.0,100.0,34940975.0,789209234.0,719684000.0,0.0,0.0,0.0,0.0,0.0,1.0,1.0,1.0,1.0,1.0,0.0,0.0,1.0,0.0,0.0,0.0,0.0,0.0,32.0,1.0,23871529.0,308085185.0,24635160.0,37212364.0,827538304.0,1778.0,12184111232.0,0.0,1.0,1.0,0.0,1.0,0.0,0.0,1.0,1.0,1.0,1.0,2.0,1.0,0.0,0.0,0.0,2.0,0.0,0.0,1.0,1.0,3.0,50.0,50.0,1.0,0.0,0.0,0.0,0.0,0.0,0.0,0.0,0.0,0.0,0.0,2.0,2.0,0.0,1.0,1.0,0.0,1.0,0.0,0.0,0.0,0.0,0.0,1.0,0.0,0.0,1.0,0.0,0.0,0.0,1.0,10.0,0.0,0.0,0.0,0.0,0.0,11.0,0.0,0.0,0.0,0.0,0.0,0.0,0.0,0.0,0.0,1.0,1.0,0.0,0.0,0.0,0.0,1.0,1.0,1.0,0.0,0.0,0.0,0.0,0.0,0.0,1.0,1.0,0.0,0.0,0.0,0.0,0.0,1.0,1.0,0.0,1624034042.0,2551.0,2551.0,4575.0,4575.0,4604.0,0.0,194.0,27689.0,24025.0,23966.0,108.0,0.0,0.0,0.0,278.0,0.0,0.0,55.0,60.0,59.0,23.0,53.0,1070502464.0,0.0,7466436704.0,127312555744.0,1095993152.0,0.0,0.0,1778.0,0.0,0.0,2245.0,118.0,2890.0
1636,0.0,1.0,0.0,0.0,1.0,1574400.0,1.0,318750000.0,1.0,102000000.0,0.879578828812,10598.0,1142.0,3581.0,40000.0,40666.6666667,42000.0,81.0,25.0,64.0,896.0,5000.0,0.0,25.0,1000000.0,950000.0,1.0,1.0,0.0,10.0,0.0,0.0,100.0,100.0,31676709.0,774015515.0,706100543.0,0.0,0.0,0.0,0.0,0.0,1.0,1.0,1.0,1.0,1.0,0.0,0.0,1.0,0.0,0.0,0.0,0.0,0.0,34.0,1.0,19907645.0,286869606.0,20581411.0,31474955.0,791677783.0,1640.0,10657838126.0,0.0,1.0,1.0,0.0,1.0,0.0,0.0,1.0,1.0,1.0,1.0,2.0,1.0,0.0,0.0,0.0,2.0,0.0,0.0,1.0,1.0,3.0,50.0,50.0,1.0,0.0,0.0,0.0,0.0,0.0,0.0,0.0,0.0,0.0,0.0,2.0,2.0,0.0,1.0,1.0,0.0,1.0,0.0,0.0,0.0,0.0,0.0,1.0,0.0,0.0,1.0,0.0,0.0,0.0,1.0,11.0,0.0,0.0,0.0,0.0,0.0,12.0,0.0,0.0,0.0,0.0,0.0,0.0,0.0,0.0,0.0,1.0,1.0,0.0,0.0,0.0,0.0,1.0,1.0,1.0,0.0,0.0,0.0,0.0,0.0,0.0,1.0,1.0,0.0,0.0,0.0,0.0,0.0,1.0,1.0,0.0,1562774398.0,2381.0,2381.0,3913.0,3913.0,3940.0,0.0,132.0,24260.0,23184.0,23138.0,53.0,0.0,0.0,0.0,193.0,0.0,0.0,43.0,47.0,46.0,16.0,41.0,703835264.0,0.0,6415383968.0,71736364416.0,1012021952.0,0.0,0.0,1640.0,0.0,0.0,2157.0,92.0,2636.0
1637,0.0,1.0,0.0,0.0,1.0,1574400.0,1.0,318750000.0,1.0,102000000.0,0.912997961044,14295.0,1294.0,4724.0,40062.5,40750.0,41875.0,78.0,25.0,64.0,896.0,5000.0,0.0,25.0,1000000.0,950000.0,1.0,0.0,0.0,10.0,0.0,0.0,100.0,500.0,35740300.0,834923665.0,766541458.0,0.0,0.0,0.0,0.0,0.0,1.0,1.0,1.0,1.0,1.0,0.0,0.0,1.0,0.0,0.0,0.0,0.0,0.0,33.0,1.0,23482548.0,322457902.0,24140760.0,37050841.0,854349989.0,2138.0,12018130030.0,0.0,1.0,1.0,0.0,1.0,0.0,0.0,1.0,1.0,1.0,1.0,2.0,1.0,0.0,0.0,0.0,2.0,0.0,0.0,1.0,1.0,3.0,50.0,50.0,1.0,0.0,0.0,0.0,0.0,0.0,0.0,0.0,0.0,0.0,0.0,2.0,2.0,0.0,1.0,1.0,0.0,1.0,0.0,0.0,0.0,0.0,0.0,1.0,0.0,0.0,1.0,0.0,0.0,0.0,1.0,11.0,0.0,0.0,0.0,0.0,0.0,12.0,0.0,0.0,0.0,0.0,0.0,0.0,0.0,0.0,0.0,1.0,1.0,0.0,0.0,0.0,0.0,1.0,1.0,1.0,0.0,0.0,0.0,0.0,0.0,0.0,1.0,1.0,0.0,0.0,0.0,0.0,0.0,1.0,1.0,0.0,1642035717.0,2772.0,2772.0,4515.0,4515.0,4539.0,0.0,172.0,27951.0,24090.0,24032.0,123.0,0.0,0.0,0.0,204.0,0.0,0.0,55.0,59.0,58.0,22.0,53.0,1157548512.0,0.0,7376958336.0,93976281664.0,1311283072.0,0.0,0.0,2138.0,0.0,0.0,2520.0,116.0,3200.0
1638,0.0,1.0,0.0,0.0,1.0,1574400.0,1.0,318750000.0,1.0,102000000.0,0.926701068878,10636.0,1066.0,3582.0,40000.0,40875.0,42000.0,78.0,25.0,64.0,896.0,5000.0,0.0,25.0,1000000.0,950000.0,1.0,0.0,0.0,10.0,0.0,0.0,100.0,500.0,32284316.0,779931706.0,722524134.0,0.0,0.0,0.0,0.0,0.0,1.0,1.0,1.0,1.0,1.0,0.0,0.0,1.0,0.0,0.0,0.0,0.0,0.0,33.0,1.0,21839370.0,296615378.0,22309375.0,33932503.0,819703551.0,2127.0,11366790163.0,0.0,1.0,1.0,0.0,1.0,0.0,0.0,1.0,1.0,1.0,1.0,2.0,1.0,0.0,0.0,0.0,2.0,0.0,0.0,1.0,1.0,3.0,50.0,50.0,1.0,0.0,0.0,0.0,0.0,0.0,0.0,0.0,0.0,0.0,0.0,2.0,2.0,0.0,1.0,1.0,0.0,1.0,0.0,0.0,0.0,0.0,0.0,1.0,0.0,0.0,1.0,0.0,0.0,0.0,1.0,11.0,0.0,0.0,0.0,0.0,0.0,12.0,0.0,0.0,0.0,0.0,0.0,0.0,0.0,0.0,0.0,1.0,1.0,0.0,0.0,0.0,0.0,1.0,1.0,1.0,0.0,0.0,0.0,0.0,0.0,0.0,1.0,1.0,0.0,0.0,0.0,0.0,0.0,1.0,1.0,0.0,1624383885.0,2872.0,2872.0,4308.0,4308.0,4337.0,0.0,172.0,26000.0,23600.0,23547.0,122.0,0.0,0.0,0.0,257.0,0.0,0.0,49.0,54.0,53.0,17.0,47.0,807783552.0,0.0,7061428128.0,128837122464.0,1148553120.0,0.0,0.0,2127.0,0.0,0.0,2637.0,106.0,3240.0
1639,0.0,1.0,0.0,0.0,1.0,1574400.0,1.0,318750000.0,1.0,102000000.0,0.865566968918,14143.0,1447.0,4724.0,39950.0,40600.0,41900.0,78.0,25.0,64.0,896.0,5000.0,0.0,25.0,1000000.0,950000.0,1.0,0.0,0.0,10.0,0.0,0.0,100.0,500.0,37001745.0,830676978.0,771314427.0,0.0,0.0,0.0,0.0,0.0,1.0,1.0,1.0,1.0,1.0,0.0,0.0,1.0,0.0,0.0,0.0,0.0,0.0,35.0,1.0,22429807.0,318618729.0,23045562.0,38647572.0,842722751.0,2236.0,11952818615.0,0.0,1.0,1.0,0.0,1.0,0.0,0.0,1.0,1.0,1.0,1.0,2.0,1.0,0.0,0.0,0.0,2.0,0.0,0.0,1.0,1.0,3.0,50.0,50.0,1.0,0.0,0.0,0.0,0.0,0.0,0.0,0.0,0.0,0.0,0.0,2.0,2.0,0.0,1.0,1.0,0.0,1.0,0.0,0.0,0.0,0.0,0.0,1.0,0.0,0.0,1.0,0.0,0.0,0.0,1.0,11.0,0.0,0.0,0.0,0.0,0.0,12.0,0.0,0.0,0.0,0.0,0.0,0.0,0.0,0.0,0.0,1.0,1.0,0.0,0.0,0.0,0.0,1.0,1.0,1.0,0.0,0.0,0.0,0.0,0.0,0.0,1.0,1.0,0.0,0.0,0.0,0.0,0.0,1.0,1.0,0.0,1646210057.0,2860.0,2860.0,4534.0,4534.0,4563.0,0.0,235.0,29361.0,24641.0,24574.0,154.0,0.0,0.0,0.0,316.0,0.0,0.0,61.0,68.0,67.0,27.0,59.0,1310515584.0,0.0,7413084800.0,104216204224.0,1181300960.0,0.0,0.0,2236.0,0.0,0.0,2871.0,134.0,3463.0
1640,0.0,1.0,0.0,0.0,1.0,1574400.0,1.0,318750000.0,1.0,102000000.0,0.924528837204,24395.0,1674.0,8685.0,40062.5,40625.0,42125.0,80.0,25.0,64.0,896.0,5000.0,0.0,25.0,1000000.0,950000.0,1.0,1.0,0.0,10.0,0.0,0.0,100.0,500.0,40024520.0,847991049.0,788046442.0,0.0,0.0,0.0,0.0,0.0,1.0,1.0,1.0,1.0,1.0,0.0,0.0,1.0,0.0,0.0,0.0,0.0,0.0,33.0,1.0,24412613.0,317084841.0,24245130.0,41776096.0,866650915.0,2570.0,13335451417.0,0.0,1.0,1.0,0.0,1.0,0.0,0.0,1.0,1.0,1.0,1.0,2.0,1.0,0.0,0.0,0.0,2.0,0.0,0.0,1.0,1.0,3.0,50.0,50.0,1.0,0.0,0.0,0.0,0.0,0.0,0.0,0.0,0.0,0.0,0.0,2.0,2.0,0.0,1.0,1.0,0.0,1.0,0.0,0.0,0.0,0.0,0.0,1.0,0.0,0.0,1.0,0.0,0.0,0.0,1.0,11.0,0.0,0.0,0.0,0.0,0.0,12.0,0.0,0.0,0.0,0.0,0.0,0.0,0.0,0.0,0.0,1.0,1.0,0.0,0.0,0.0,0.0,1.0,1.0,1.0,0.0,0.0,0.0,0.0,0.0,0.0,1.0,1.0,0.0,0.0,0.0,0.0,0.0,1.0,1.0,0.0,1676390800.0,3160.0,3160.0,4849.0,4849.0,4906.0,0.0,201.0,28811.0,24648.0,24577.0,122.0,0.0,0.0,0.0,246.0,0.0,0.0,67.0,72.0,71.0,38.0,65.0,1009721152.0,0.0,8129856224.0,292571691424.0,2366856800.0,0.0,0.0,2570.0,0.0,0.0,3004.0,142.0,3426.0
1641,0.0,1.0,0.0,0.0,1.0,1574400.0,1.0,318750000.0,1.0,102000000.0,0.893640995026,20244.0,1675.0,6018.0,40083.3333333,40500.0,42000.0,80.0,25.0,64.0,896.0,5000.0,0.0,25.0,1000000.0,950000.0,1.0,1.0,0.0,10.0,0.0,0.0,100.0,500.0,33540787.0,784302559.0,735000808.0,0.0,0.0,0.0,0.0,0.0,1.0,1.0,1.0,1.0,1.0,0.0,0.0,1.0,0.0,0.0,0.0,0.0,0.0,32.0,1.0,23691564.0,290393259.0,23856764.0,34641070.0,820691602.0,1607.0,11689867310.0,0.0,1.0,1.0,0.0,1.0,0.0,0.0,1.0,1.0,1.0,1.0,2.0,1.0,0.0,0.0,0.0,2.0,0.0,0.0,1.0,1.0,3.0,50.0,50.0,1.0,0.0,0.0,0.0,0.0,0.0,0.0,0.0,0.0,0.0,0.0,2.0,2.0,0.0,1.0,1.0,0.0,1.0,0.0,0.0,0.0,0.0,0.0,1.0,0.0,0.0,1.0,0.0,0.0,0.0,1.0,10.0,0.0,0.0,0.0,0.0,0.0,11.0,0.0,0.0,0.0,0.0,0.0,0.0,0.0,0.0,0.0,1.0,1.0,0.0,0.0,0.0,0.0,1.0,1.0,1.0,0.0,0.0,0.0,0.0,0.0,0.0,1.0,1.0,0.0,0.0,0.0,0.0,0.0,1.0,1.0,0.0,1614017307.0,2324.0,2324.0,4432.0,4432.0,4465.0,0.0,167.0,27384.0,24012.0,23954.0,75.0,0.0,0.0,0.0,237.0,0.0,0.0,55.0,59.0,58.0,20.0,53.0,985616032.0,0.0,7137916992.0,98927168384.0,896977120.0,0.0,0.0,1607.0,0.0,0.0,2078.0,116.0,2703.0
1642,0.0,1.0,0.0,0.0,1.0,1574400.0,1.0,318750000.0,1.0,102000000.0,0.912672996521,11780.0,1066.0,3733.0,40000.0,40833.3333333,42000.0,80.0,25.0,64.0,896.0,5000.0,0.0,25.0,1000000.0,950000.0,1.0,1.0,0.0,10.0,0.0,0.0,100.0,500.0,28687065.0,779355346.0,700200282.0,0.0,0.0,0.0,0.0,0.0,1.0,1.0,1.0,1.0,1.0,0.0,0.0,1.0,0.0,0.0,0.0,0.0,0.0,33.0,1.0,20321483.0,291026803.0,20904958.0,32957363.0,793237706.0,1747.0,11032400843.0,0.0,1.0,1.0,0.0,1.0,0.0,0.0,1.0,1.0,1.0,1.0,2.0,1.0,0.0,0.0,0.0,2.0,0.0,0.0,1.0,1.0,3.0,50.0,50.0,1.0,0.0,0.0,0.0,0.0,0.0,0.0,0.0,0.0,0.0,0.0,2.0,2.0,0.0,1.0,1.0,0.0,1.0,0.0,0.0,0.0,0.0,0.0,1.0,0.0,0.0,1.0,0.0,0.0,0.0,1.0,11.0,0.0,0.0,0.0,0.0,0.0,12.0,0.0,0.0,0.0,0.0,0.0,0.0,0.0,0.0,0.0,1.0,1.0,0.0,0.0,0.0,0.0,1.0,1.0,1.0,0.0,0.0,0.0,0.0,0.0,0.0,1.0,1.0,0.0,0.0,0.0,0.0,0.0,1.0,1.0,0.0,1559216089.0,2503.0,2503.0,3894.0,3894.0,3921.0,0.0,178.0,24655.0,23094.0,23048.0,74.0,0.0,0.0,0.0,249.0,0.0,0.0,43.0,47.0,46.0,16.0,41.0,956298240.0,3407680.0,6726664416.0,82913811456.0,979017856.0,0.0,0.0,1747.0,0.0,0.0,2298.0,92.0,2745.0
1643,0.0,1.0,0.0,1.0,0.0,499200.0,1.0,140250000.0,1.0,102000000.0,1.0351159572600002,17080.0,1446.0,5335.0,39750.0,40500.0,41750.0,80.0,25.0,64.0,896.0,5000.0,0.0,25.0,1000000.0,950000.0,1.0,0.0,0.0,10.0,0.0,0.0,0.0,100.0,40216435.0,870748436.0,789436027.0,0.0,0.0,0.0,0.0,0.0,1.0,1.0,1.0,1.0,1.0,0.0,0.0,1.0,0.0,0.0,0.0,0.0,0.0,31.0,1.0,23620324.0,309883269.0,24217103.0,43712489.0,890802946.0,2199.0,11541017410.0,0.0,1.0,1.0,0.0,1.0,0.0,0.0,1.0,1.0,1.0,1.0,2.0,1.0,0.0,0.0,0.0,2.0,0.0,0.0,1.0,1.0,3.0,50.0,50.0,1.0,0.0,0.0,0.0,0.0,0.0,0.0,0.0,0.0,0.0,0.0,2.0,2.0,0.0,1.0,1.0,0.0,1.0,0.0,0.0,0.0,0.0,0.0,1.0,0.0,0.0,1.0,0.0,0.0,0.0,1.0,11.0,0.0,0.0,0.0,0.0,0.0,12.0,0.0,0.0,0.0,0.0,0.0,0.0,0.0,0.0,0.0,1.0,1.0,0.0,0.0,0.0,0.0,1.0,1.0,1.0,0.0,0.0,0.0,0.0,0.0,0.0,1.0,1.0,0.0,0.0,0.0,0.0,0.0,1.0,1.0,0.0,1685800348.0,2901.0,2901.0,5124.0,5124.0,5155.0,0.0,236.0,30994.0,25325.0,25247.0,116.0,0.0,0.0,0.0,305.0,0.0,0.0,73.0,79.0,78.0,34.0,71.0,817133440.0,0.0,8295609504.0,114942221184.0,1473328800.0,0.0,0.0,2199.0,0.0,0.0,2774.0,156.0,3386.0
1644,0.0,1.0,0.0,1.0,0.0,499200.0,1.0,140250000.0,1.0,102000000.0,1.057918787,14067.0,1218.0,4724.0,39900.0,40500.0,41700.0,80.0,25.0,64.0,896.0,5000.0,0.0,25.0,1000000.0,950000.0,1.0,0.0,0.0,10.0,0.0,0.0,0.0,100.0,35128589.0,819110111.0,757929997.0,0.0,0.0,0.0,0.0,0.0,1.0,1.0,1.0,1.0,1.0,0.0,0.0,1.0,0.0,0.0,0.0,0.0,0.0,33.0,1.0,23824724.0,304470178.0,23479269.0,37046099.0,863068902.0,1763.0,11393798350.0,0.0,1.0,1.0,0.0,1.0,0.0,0.0,1.0,1.0,1.0,1.0,2.0,1.0,0.0,0.0,0.0,2.0,0.0,0.0,1.0,1.0,3.0,50.0,50.0,1.0,0.0,0.0,0.0,0.0,0.0,0.0,0.0,0.0,0.0,0.0,2.0,2.0,0.0,1.0,1.0,0.0,1.0,0.0,0.0,0.0,0.0,0.0,1.0,0.0,0.0,1.0,0.0,0.0,0.0,1.0,11.0,0.0,0.0,0.0,0.0,0.0,12.0,0.0,0.0,0.0,0.0,0.0,0.0,0.0,0.0,0.0,1.0,1.0,0.0,0.0,0.0,0.0,1.0,1.0,1.0,0.0,0.0,0.0,0.0,0.0,0.0,1.0,1.0,0.0,0.0,0.0,0.0,0.0,1.0,1.0,0.0,1636884980.0,2501.0,2501.0,4467.0,4467.0,4508.0,0.0,192.0,28219.0,24230.0,24165.0,83.0,0.0,0.0,0.0,259.0,0.0,0.0,61.0,66.0,65.0,29.0,59.0,794342560.0,0.0,7807386816.0,99687344800.0,1370122304.0,0.0,0.0,1763.0,0.0,0.0,2240.0,130.0,2684.0
1645,0.0,1.0,0.0,1.0,0.0,499200.0,1.0,140250000.0,1.0,102000000.0,1.0549919605299998,13801.0,1295.0,4268.0,40166.6666667,40833.3333333,41833.3333333,80.0,25.0,64.0,896.0,5000.0,0.0,25.0,1000000.0,950000.0,1.0,0.0,0.0,10.0,0.0,0.0,0.0,100.0,33698356.0,816808694.0,736849471.0,0.0,0.0,0.0,0.0,0.0,1.0,1.0,1.0,1.0,1.0,0.0,0.0,1.0,0.0,0.0,0.0,0.0,0.0,32.0,1.0,21071105.0,292463165.0,21931065.0,33897352.0,826994727.0,1809.0,10611372376.0,0.0,1.0,1.0,0.0,1.0,0.0,0.0,1.0,1.0,1.0,1.0,2.0,1.0,0.0,0.0,0.0,2.0,0.0,0.0,1.0,1.0,3.0,50.0,50.0,1.0,0.0,0.0,0.0,0.0,0.0,0.0,0.0,0.0,0.0,0.0,2.0,2.0,0.0,1.0,1.0,0.0,1.0,0.0,0.0,0.0,0.0,0.0,1.0,0.0,0.0,1.0,0.0,0.0,0.0,1.0,10.0,0.0,0.0,0.0,0.0,0.0,11.0,0.0,0.0,0.0,0.0,0.0,0.0,0.0,0.0,0.0,1.0,1.0,0.0,0.0,0.0,0.0,1.0,1.0,1.0,0.0,0.0,0.0,0.0,0.0,0.0,1.0,1.0,0.0,0.0,0.0,0.0,0.0,1.0,1.0,0.0,1586725991.0,2486.0,2486.0,4329.0,4329.0,4360.0,0.0,159.0,26552.0,23714.0,23661.0,54.0,0.0,0.0,0.0,224.0,0.0,0.0,49.0,54.0,53.0,24.0,47.0,754962912.0,1842816.0,7297769760.0,105546158688.0,1111902752.0,0.0,0.0,1809.0,0.0,0.0,2240.0,106.0,2726.0
1646,0.0,1.0,0.0,1.0,0.0,499200.0,1.0,140250000.0,1.0,102000000.0,1.0472209453599999,16967.0,1293.0,5335.0,39833.3333333,40500.0,41500.0,97.0,25.0,64.0,896.0,5000.0,0.0,25.0,1000000.0,950000.0,1.0,1.0,0.0,10.0,0.0,0.0,0.0,100.0,35215374.0,834022004.0,760213191.0,0.0,0.0,0.0,0.0,0.0,1.0,1.0,1.0,1.0,1.0,0.0,0.0,1.0,0.0,0.0,0.0,0.0,0.0,33.0,1.0,23616047.0,300990634.0,23614498.0,37325637.0,850758115.0,2237.0,11095964946.0,0.0,1.0,1.0,0.0,1.0,0.0,0.0,1.0,1.0,1.0,1.0,2.0,1.0,0.0,0.0,0.0,2.0,0.0,0.0,1.0,1.0,3.0,50.0,50.0,1.0,0.0,0.0,0.0,0.0,0.0,0.0,0.0,0.0,0.0,0.0,2.0,2.0,0.0,1.0,1.0,0.0,1.0,0.0,0.0,0.0,0.0,0.0,1.0,0.0,0.0,1.0,0.0,0.0,0.0,1.0,11.0,0.0,0.0,0.0,0.0,0.0,12.0,0.0,0.0,0.0,0.0,0.0,0.0,0.0,0.0,0.0,1.0,1.0,0.0,0.0,0.0,0.0,1.0,1.0,1.0,0.0,0.0,0.0,0.0,0.0,0.0,1.0,1.0,0.0,0.0,0.0,0.0,0.0,1.0,1.0,0.0,1622435112.0,3050.0,3050.0,4605.0,4605.0,4640.0,0.0,198.0,27586.0,24039.0,23980.0,112.0,0.0,0.0,0.0,255.0,0.0,0.0,55.0,60.0,59.0,26.0,53.0,846049984.0,0.0,7550939776.0,109257840608.0,1212140160.0,0.0,0.0,2237.0,0.0,0.0,2747.0,118.0,3228.0
1647,0.0,1.0,0.0,1.0,0.0,499200.0,1.0,140250000.0,1.0,102000000.0,1.0271961689,16471.0,1523.0,5031.0,39562.5,40500.0,41875.0,97.0,25.0,64.0,896.0,5000.0,0.0,25.0,1000000.0,950000.0,1.0,1.0,0.0,10.0,0.0,0.0,0.0,100.0,35253249.0,825886514.0,744159475.0,0.0,0.0,0.0,0.0,0.0,1.0,1.0,1.0,1.0,1.0,0.0,0.0,1.0,0.0,0.0,0.0,0.0,0.0,31.0,1.0,23783539.0,296230026.0,23953231.0,37071402.0,843416716.0,1657.0,10928720120.0,0.0,1.0,1.0,0.0,1.0,0.0,0.0,1.0,1.0,1.0,1.0,2.0,1.0,0.0,0.0,0.0,2.0,0.0,0.0,1.0,1.0,3.0,50.0,50.0,1.0,0.0,0.0,0.0,0.0,0.0,0.0,0.0,0.0,0.0,0.0,2.0,2.0,0.0,1.0,1.0,0.0,1.0,0.0,0.0,0.0,0.0,0.0,1.0,0.0,0.0,1.0,0.0,0.0,0.0,1.0,11.0,0.0,0.0,0.0,0.0,0.0,12.0,0.0,0.0,0.0,0.0,0.0,0.0,0.0,0.0,0.0,1.0,1.0,0.0,0.0,0.0,0.0,1.0,1.0,1.0,0.0,0.0,0.0,0.0,0.0,0.0,1.0,1.0,0.0,0.0,0.0,0.0,0.0,1.0,1.0,0.0,1625905830.0,2346.0,2346.0,4820.0,4820.0,4861.0,0.0,236.0,28443.0,24438.0,24372.0,93.0,0.0,0.0,0.0,305.0,0.0,0.0,61.0,67.0,66.0,31.0,59.0,628690336.0,0.0,7851919104.0,171926852256.0,1495771840.0,0.0,0.0,1657.0,0.0,0.0,2120.0,132.0,2625.0
1648,0.0,1.0,0.0,1.0,0.0,499200.0,1.0,140250000.0,1.0,102000000.0,1.03214693069,10408.0,990.0,3505.0,39812.5,40500.0,41625.0,97.0,25.0,64.0,896.0,5000.0,0.0,25.0,1000000.0,950000.0,1.0,1.0,0.0,10.0,0.0,0.0,0.0,100.0,29734884.0,799187466.0,734262678.0,0.0,0.0,0.0,0.0,0.0,1.0,1.0,1.0,1.0,1.0,0.0,0.0,1.0,0.0,0.0,0.0,0.0,0.0,35.0,1.0,23438712.0,292351512.0,23533841.0,34841353.0,824480909.0,1268.0,10824232736.0,0.0,1.0,1.0,0.0,1.0,0.0,0.0,1.0,1.0,1.0,1.0,2.0,1.0,0.0,0.0,0.0,2.0,0.0,0.0,1.0,1.0,3.0,50.0,50.0,1.0,0.0,0.0,0.0,0.0,0.0,0.0,0.0,0.0,0.0,0.0,2.0,2.0,0.0,1.0,1.0,0.0,1.0,0.0,0.0,0.0,0.0,0.0,1.0,0.0,0.0,1.0,0.0,0.0,0.0,1.0,11.0,0.0,0.0,0.0,0.0,0.0,12.0,0.0,0.0,0.0,0.0,0.0,0.0,0.0,0.0,0.0,1.0,1.0,0.0,0.0,0.0,0.0,1.0,1.0,1.0,0.0,0.0,0.0,0.0,0.0,0.0,1.0,1.0,0.0,0.0,0.0,0.0,0.0,1.0,1.0,0.0,1561440784.0,2135.0,2135.0,4412.0,4412.0,4443.0,0.0,205.0,26474.0,23599.0,23545.0,67.0,0.0,0.0,0.0,237.0,0.0,0.0,49.0,55.0,54.0,18.0,47.0,525665952.0,0.0,7279869632.0,94707648448.0,1032623744.0,0.0,0.0,1268.0,0.0,0.0,1705.0,108.0,2203.0
1649,0.0,1.0,0.0,1.0,0.0,499200.0,1.0,140250000.0,1.0,102000000.0,1.0670068264,13839.0,1217.0,4648.0,39666.6666667,40500.0,41833.3333333,81.0,25.0,64.0,896.0,5000.0,0.0,25.0,1000000.0,950000.0,1.0,0.0,0.0,10.0,0.0,0.0,0.0,500.0,33361367.0,808766548.0,742272687.0,0.0,0.0,0.0,0.0,0.0,1.0,1.0,1.0,1.0,1.0,0.0,0.0,1.0,0.0,0.0,0.0,0.0,0.0,35.0,1.0,23212141.0,293009181.0,23799522.0,34253074.0,828012897.0,1650.0,11131568305.0,0.0,1.0,1.0,0.0,1.0,0.0,0.0,1.0,1.0,1.0,1.0,2.0,1.0,0.0,0.0,0.0,2.0,0.0,0.0,1.0,1.0,3.0,50.0,50.0,1.0,0.0,0.0,0.0,0.0,0.0,0.0,0.0,0.0,0.0,0.0,2.0,2.0,0.0,1.0,1.0,0.0,1.0,0.0,0.0,0.0,0.0,0.0,1.0,0.0,0.0,1.0,0.0,0.0,0.0,1.0,11.0,0.0,0.0,0.0,0.0,0.0,12.0,0.0,0.0,0.0,0.0,0.0,0.0,0.0,0.0,0.0,1.0,1.0,0.0,0.0,0.0,0.0,1.0,1.0,1.0,0.0,0.0,0.0,0.0,0.0,0.0,1.0,1.0,0.0,0.0,0.0,0.0,0.0,1.0,1.0,0.0,1568822960.0,2308.0,2308.0,4480.0,4480.0,4513.0,0.0,215.0,26599.0,23748.0,23695.0,72.0,0.0,0.0,0.0,248.0,0.0,0.0,49.0,54.0,53.0,24.0,47.0,940072416.0,582944.0,7276743712.0,82388589600.0,1247813408.0,0.0,0.0,1650.0,0.0,0.0,2115.0,106.0,2510.0
1650,0.0,1.0,0.0,1.0,0.0,499200.0,1.0,140250000.0,1.0,102000000.0,1.04417586327,20244.0,1751.0,6173.0,39687.5,40375.0,41750.0,81.0,25.0,64.0,896.0,5000.0,0.0,25.0,1000000.0,950000.0,1.0,0.0,0.0,10.0,0.0,0.0,0.0,500.0,37038519.0,854760507.0,778433535.0,0.0,0.0,0.0,0.0,0.0,1.0,1.0,1.0,1.0,1.0,0.0,0.0,1.0,0.0,0.0,0.0,0.0,0.0,32.0,1.0,24668057.0,309470872.0,25411238.0,39430538.0,879771077.0,1865.0,11985155729.0,0.0,1.0,1.0,0.0,1.0,0.0,0.0,1.0,1.0,1.0,1.0,2.0,1.0,0.0,0.0,0.0,2.0,0.0,0.0,1.0,1.0,3.0,50.0,50.0,1.0,0.0,0.0,0.0,0.0,0.0,0.0,0.0,0.0,0.0,0.0,2.0,2.0,0.0,1.0,1.0,0.0,1.0,0.0,0.0,0.0,0.0,0.0,1.0,0.0,0.0,1.0,0.0,0.0,0.0,1.0,11.0,0.0,0.0,0.0,0.0,0.0,12.0,0.0,0.0,0.0,0.0,0.0,0.0,0.0,0.0,0.0,1.0,1.0,0.0,0.0,0.0,0.0,1.0,1.0,1.0,0.0,0.0,0.0,0.0,0.0,0.0,1.0,1.0,0.0,0.0,0.0,0.0,0.0,1.0,1.0,0.0,1657999409.0,2441.0,2441.0,4886.0,4886.0,4925.0,0.0,245.0,30478.0,25071.0,25000.0,117.0,0.0,0.0,0.0,290.0,0.0,0.0,67.0,72.0,71.0,34.0,65.0,1044208160.0,0.0,8218587232.0,94419802208.0,1521152320.0,0.0,0.0,1865.0,0.0,0.0,2407.0,142.0,2951.0
1651,0.0,1.0,0.0,1.0,0.0,499200.0,1.0,140250000.0,1.0,102000000.0,1.0614891052200002,13686.0,1294.0,4192.0,39750.0,40500.0,41750.0,81.0,25.0,64.0,896.0,5000.0,0.0,25.0,1000000.0,950000.0,1.0,0.0,0.0,10.0,0.0,0.0,0.0,500.0,34209239.0,819142789.0,745457542.0,0.0,0.0,0.0,0.0,0.0,1.0,1.0,1.0,1.0,1.0,0.0,0.0,1.0,0.0,0.0,0.0,0.0,0.0,33.0,1.0,23176186.0,300965275.0,23535978.0,37277358.0,844447823.0,2024.0,10871667641.0,0.0,1.0,1.0,0.0,1.0,0.0,0.0,1.0,1.0,1.0,1.0,2.0,1.0,0.0,0.0,0.0,2.0,0.0,0.0,1.0,1.0,3.0,50.0,50.0,1.0,0.0,0.0,0.0,0.0,0.0,0.0,0.0,0.0,0.0,0.0,2.0,2.0,0.0,1.0,1.0,0.0,1.0,0.0,0.0,0.0,0.0,0.0,1.0,0.0,0.0,1.0,0.0,0.0,0.0,1.0,11.0,0.0,0.0,0.0,0.0,0.0,12.0,0.0,0.0,0.0,0.0,0.0,0.0,0.0,0.0,0.0,1.0,1.0,0.0,0.0,0.0,0.0,1.0,1.0,1.0,0.0,0.0,0.0,0.0,0.0,0.0,1.0,1.0,0.0,0.0,0.0,0.0,0.0,1.0,1.0,0.0,1616283210.0,2642.0,2642.0,4611.0,4611.0,4654.0,0.0,208.0,27767.0,24145.0,24086.0,88.0,0.0,0.0,0.0,247.0,0.0,0.0,55.0,60.0,59.0,30.0,53.0,1051437152.0,0.0,7622232800.0,104510308832.0,1396369408.0,0.0,0.0,2024.0,0.0,0.0,2434.0,118.0,2967.0
1652,0.0,1.0,0.0,1.0,0.0,499200.0,1.0,140250000.0,1.0,102000000.0,1.02417111397,10218.0,990.0,3125.0,39687.5,40375.0,41500.0,96.0,25.0,64.0,896.0,5000.0,0.0,25.0,1000000.0,950000.0,1.0,1.0,0.0,10.0,0.0,0.0,0.0,500.0,33101967.0,789523786.0,740363722.0,0.0,0.0,0.0,0.0,0.0,1.0,1.0,1.0,1.0,1.0,0.0,0.0,1.0,0.0,0.0,0.0,0.0,0.0,35.0,1.0,21820906.0,292968530.0,22174871.0,35249286.0,813310959.0,1595.0,10418639071.0,0.0,1.0,1.0,0.0,1.0,0.0,0.0,1.0,1.0,1.0,1.0,2.0,1.0,0.0,0.0,0.0,2.0,0.0,0.0,1.0,1.0,3.0,50.0,50.0,1.0,0.0,0.0,0.0,0.0,0.0,0.0,0.0,0.0,0.0,0.0,2.0,2.0,0.0,1.0,1.0,0.0,1.0,0.0,0.0,0.0,0.0,0.0,1.0,0.0,0.0,1.0,0.0,0.0,0.0,1.0,11.0,0.0,0.0,0.0,0.0,0.0,12.0,0.0,0.0,0.0,0.0,0.0,0.0,0.0,0.0,0.0,1.0,1.0,0.0,0.0,0.0,0.0,1.0,1.0,1.0,0.0,0.0,0.0,0.0,0.0,0.0,1.0,1.0,0.0,0.0,0.0,0.0,0.0,1.0,1.0,0.0,1533705571.0,2335.0,2335.0,4351.0,4351.0,4387.0,0.0,185.0,26110.0,23602.0,23548.0,103.0,0.0,0.0,0.0,201.0,0.0,0.0,49.0,55.0,54.0,31.0,47.0,665550080.0,0.0,7210285728.0,91528854624.0,1229560608.0,0.0,0.0,1595.0,0.0,0.0,2034.0,108.0,2613.0
1653,0.0,1.0,0.0,1.0,0.0,499200.0,1.0,140250000.0,1.0,102000000.0,1.0812029838600001,14486.0,1218.0,5029.0,39625.0,40375.0,41875.0,96.0,25.0,64.0,896.0,5000.0,0.0,25.0,1000000.0,950000.0,1.0,1.0,0.0,10.0,0.0,0.0,0.0,500.0,35107831.0,829677392.0,765686287.0,0.0,0.0,0.0,0.0,0.0,1.0,1.0,1.0,1.0,1.0,0.0,0.0,1.0,0.0,0.0,0.0,0.0,0.0,30.0,1.0,23103267.0,317966142.0,23296688.0,39167582.0,875744463.0,2208.0,11303231422.0,0.0,1.0,1.0,0.0,1.0,0.0,0.0,1.0,1.0,1.0,1.0,2.0,1.0,0.0,0.0,0.0,2.0,0.0,0.0,1.0,1.0,3.0,50.0,50.0,1.0,0.0,0.0,0.0,0.0,0.0,0.0,0.0,0.0,0.0,0.0,2.0,2.0,0.0,1.0,1.0,0.0,1.0,0.0,0.0,0.0,0.0,0.0,1.0,0.0,0.0,1.0,0.0,0.0,0.0,1.0,11.0,0.0,0.0,0.0,0.0,0.0,12.0,0.0,0.0,0.0,0.0,0.0,0.0,0.0,0.0,0.0,1.0,1.0,0.0,0.0,0.0,0.0,1.0,1.0,1.0,0.0,0.0,0.0,0.0,0.0,0.0,1.0,1.0,0.0,0.0,0.0,0.0,0.0,1.0,1.0,0.0,1676568052.0,2927.0,2927.0,4800.0,4800.0,4841.0,0.0,180.0,27190.0,24275.0,24216.0,72.0,0.0,0.0,0.0,233.0,0.0,0.0,55.0,60.0,59.0,32.0,53.0,1433647456.0,0.0,7841138176.0,106795056704.0,1661362976.0,0.0,0.0,2208.0,0.0,0.0,2707.0,118.0,3261.0
1654,0.0,1.0,0.0,1.0,0.0,499200.0,1.0,140250000.0,1.0,102000000.0,1.07021307945,10066.0,990.0,3277.0,39700.0,40200.0,41500.0,96.0,25.0,64.0,896.0,5000.0,0.0,25.0,1000000.0,950000.0,1.0,1.0,0.0,10.0,0.0,0.0,0.0,500.0,32639956.0,824474715.0,740466311.0,0.0,0.0,0.0,0.0,0.0,1.0,1.0,1.0,1.0,1.0,0.0,0.0,1.0,0.0,0.0,0.0,0.0,0.0,33.0,1.0,23629023.0,294287622.0,24191049.0,35752686.0,840087220.0,2035.0,10890450646.0,0.0,1.0,1.0,0.0,1.0,0.0,0.0,1.0,1.0,1.0,1.0,2.0,1.0,0.0,0.0,0.0,2.0,0.0,0.0,1.0,1.0,3.0,50.0,50.0,1.0,0.0,0.0,0.0,0.0,0.0,0.0,0.0,0.0,0.0,0.0,2.0,2.0,0.0,1.0,1.0,0.0,1.0,0.0,0.0,0.0,0.0,0.0,1.0,0.0,0.0,1.0,0.0,0.0,0.0,1.0,11.0,0.0,0.0,0.0,0.0,0.0,12.0,0.0,0.0,0.0,0.0,0.0,0.0,0.0,0.0,0.0,1.0,1.0,0.0,0.0,0.0,0.0,1.0,1.0,1.0,0.0,0.0,0.0,0.0,0.0,0.0,1.0,1.0,0.0,0.0,0.0,0.0,0.0,1.0,1.0,0.0,1581754175.0,2855.0,2855.0,4693.0,4693.0,4721.0,0.0,195.0,27683.0,24014.0,23956.0,91.0,0.0,0.0,0.0,250.0,0.0,0.0,55.0,59.0,58.0,24.0,53.0,1021545920.0,0.0,7703819264.0,93249794240.0,1457431360.0,0.0,0.0,2035.0,0.0,0.0,2434.0,116.0,2952.0
1655,0.0,1.0,0.0,1.0,0.0,499200.0,1.0,140250000.0,1.0,102000000.0,1.02151989937,22266.0,1751.0,6020.0,39562.5,40375.0,41625.0,74.0,25.0,64.0,896.0,5000.0,0.0,25.0,1000000.0,950000.0,1.0,0.0,0.0,10.0,0.0,0.0,100.0,100.0,41283479.0,864767351.0,802377003.0,0.0,0.0,0.0,0.0,0.0,1.0,1.0,1.0,1.0,1.0,0.0,0.0,1.0,0.0,0.0,0.0,0.0,0.0,33.0,1.0,23677690.0,328968257.0,24170665.0,45142133.0,892901697.0,2135.0,11615760369.0,0.0,1.0,1.0,0.0,1.0,0.0,0.0,1.0,1.0,1.0,1.0,2.0,1.0,0.0,0.0,0.0,2.0,0.0,0.0,1.0,1.0,3.0,50.0,50.0,1.0,0.0,0.0,0.0,0.0,0.0,0.0,0.0,0.0,0.0,0.0,2.0,2.0,0.0,1.0,1.0,0.0,1.0,0.0,0.0,0.0,0.0,0.0,1.0,0.0,0.0,1.0,0.0,0.0,0.0,1.0,11.0,0.0,0.0,0.0,0.0,0.0,12.0,0.0,0.0,0.0,0.0,0.0,0.0,0.0,0.0,0.0,1.0,1.0,0.0,0.0,0.0,0.0,1.0,1.0,1.0,0.0,0.0,0.0,0.0,0.0,0.0,1.0,1.0,0.0,0.0,0.0,0.0,0.0,1.0,1.0,0.0,1685871973.0,2831.0,2831.0,5169.0,5169.0,5200.0,0.0,249.0,30863.0,25322.0,25244.0,136.0,0.0,0.0,0.0,285.0,0.0,0.0,73.0,79.0,78.0,33.0,71.0,1092791968.0,0.0,8510708064.0,111066734816.0,1369423616.0,0.0,0.0,2135.0,0.0,0.0,2650.0,156.0,3266.0
1656,0.0,1.0,0.0,1.0,0.0,499200.0,1.0,140250000.0,1.0,102000000.0,1.03424620628,13878.0,1294.0,4572.0,39500.0,40333.3333333,41500.0,74.0,25.0,64.0,896.0,5000.0,0.0,25.0,1000000.0,950000.0,1.0,0.0,0.0,10.0,0.0,0.0,100.0,100.0,33182441.0,802199537.0,743597185.0,0.0,0.0,0.0,0.0,0.0,1.0,1.0,1.0,1.0,1.0,0.0,0.0,1.0,0.0,0.0,0.0,0.0,0.0,35.0,1.0,22492763.0,288159060.0,22439758.0,33382351.0,816750711.0,1912.0,10936852688.0,0.0,1.0,1.0,0.0,1.0,0.0,0.0,1.0,1.0,1.0,1.0,2.0,1.0,0.0,0.0,0.0,2.0,0.0,0.0,1.0,1.0,3.0,50.0,50.0,1.0,0.0,0.0,0.0,0.0,0.0,0.0,0.0,0.0,0.0,0.0,2.0,2.0,0.0,1.0,1.0,0.0,1.0,0.0,0.0,0.0,0.0,0.0,1.0,0.0,0.0,1.0,0.0,0.0,0.0,1.0,11.0,0.0,0.0,0.0,0.0,0.0,12.0,0.0,0.0,0.0,0.0,0.0,0.0,0.0,0.0,0.0,1.0,1.0,0.0,0.0,0.0,0.0,1.0,1.0,1.0,0.0,0.0,0.0,0.0,0.0,0.0,1.0,1.0,0.0,0.0,0.0,0.0,0.0,1.0,1.0,0.0,1546271676.0,2625.0,2625.0,4302.0,4302.0,4328.0,0.0,184.0,25945.0,23449.0,23397.0,95.0,0.0,0.0,0.0,197.0,0.0,0.0,49.0,53.0,52.0,20.0,47.0,660918464.0,0.0,7183624512.0,78677893760.0,1485849600.0,0.0,0.0,1912.0,0.0,0.0,2323.0,104.0,2762.0
1657,0.0,1.0,0.0,1.0,0.0,499200.0,1.0,140250000.0,1.0,102000000.0,1.2632770538299998,12237.0,914.0,3733.0,39625.0,40250.0,41750.0,74.0,25.0,64.0,896.0,5000.0,0.0,25.0,1000000.0,950000.0,1.0,0.0,0.0,10.0,0.0,0.0,100.0,100.0,28086052.0,777457406.0,719046987.0,0.0,0.0,0.0,0.0,0.0,1.0,1.0,1.0,1.0,1.0,0.0,0.0,1.0,0.0,0.0,0.0,0.0,0.0,31.0,1.0,21917617.0,282078083.0,22826504.0,28525578.0,802671175.0,1377.0,10780255998.0,0.0,1.0,1.0,0.0,1.0,0.0,0.0,1.0,1.0,1.0,1.0,2.0,1.0,0.0,0.0,0.0,2.0,0.0,0.0,1.0,1.0,3.0,50.0,50.0,1.0,0.0,0.0,0.0,0.0,0.0,0.0,0.0,0.0,0.0,0.0,2.0,2.0,0.0,1.0,1.0,0.0,1.0,0.0,0.0,0.0,0.0,0.0,1.0,0.0,0.0,1.0,0.0,0.0,0.0,1.0,11.0,0.0,0.0,0.0,0.0,0.0,12.0,0.0,0.0,0.0,0.0,0.0,0.0,0.0,0.0,0.0,1.0,1.0,0.0,0.0,0.0,0.0,1.0,1.0,1.0,0.0,0.0,0.0,0.0,0.0,0.0,1.0,1.0,0.0,0.0,0.0,0.0,0.0,1.0,1.0,0.0,1509294574.0,2181.0,2181.0,4025.0,4025.0,4055.0,0.0,121.0,23312.0,22583.0,22543.0,41.0,0.0,0.0,0.0,128.0,0.0,0.0,37.0,41.0,40.0,16.0,35.0,281127712.0,0.0,6737222976.0,67081531744.0,2429524480.0,0.0,0.0,1377.0,0.0,0.0,1626.0,80.0,1927.0
1658,0.0,1.0,0.0,1.0,0.0,499200.0,1.0,140250000.0,1.0,102000000.0,1.04655599594,15478.0,1217.0,4420.0,39625.0,40000.0,41500.0,76.0,25.0,64.0,896.0,5000.0,0.0,25.0,1000000.0,950000.0,1.0,1.0,0.0,10.0,0.0,0.0,100.0,100.0,32158248.0,823858106.0,769266127.0,0.0,0.0,0.0,0.0,0.0,1.0,1.0,1.0,1.0,1.0,0.0,0.0,1.0,0.0,0.0,0.0,0.0,0.0,30.0,1.0,23465390.0,324473976.0,23694088.0,35530590.0,842519639.0,1845.0,11255157797.0,0.0,1.0,1.0,0.0,1.0,0.0,0.0,1.0,1.0,1.0,1.0,2.0,1.0,0.0,0.0,0.0,2.0,0.0,0.0,1.0,1.0,3.0,50.0,50.0,1.0,0.0,0.0,0.0,0.0,0.0,0.0,0.0,0.0,0.0,0.0,2.0,2.0,0.0,1.0,1.0,0.0,1.0,0.0,0.0,0.0,0.0,0.0,1.0,0.0,0.0,1.0,0.0,0.0,0.0,1.0,11.0,0.0,0.0,0.0,0.0,0.0,12.0,0.0,0.0,0.0,0.0,0.0,0.0,0.0,0.0,0.0,1.0,1.0,0.0,0.0,0.0,0.0,1.0,1.0,1.0,0.0,0.0,0.0,0.0,0.0,0.0,1.0,1.0,0.0,0.0,0.0,0.0,0.0,1.0,1.0,0.0,1579043881.0,2684.0,2684.0,4838.0,4838.0,4872.0,0.0,216.0,27521.0,24181.0,24122.0,112.0,0.0,0.0,0.0,295.0,0.0,0.0,55.0,60.0,59.0,26.0,53.0,1325980416.0,0.0,7808812480.0,106698513952.0,1360703328.0,0.0,0.0,1845.0,0.0,0.0,2382.0,118.0,2969.0
1659,0.0,1.0,0.0,1.0,0.0,499200.0,1.0,140250000.0,1.0,102000000.0,1.0238709449799999,11361.0,914.0,3124.0,39583.3333333,40083.3333333,41083.3333333,76.0,25.0,64.0,896.0,5000.0,0.0,25.0,1000000.0,950000.0,1.0,1.0,0.0,10.0,0.0,0.0,100.0,100.0,37295224.0,829258825.0,763173266.0,0.0,0.0,0.0,0.0,0.0,1.0,1.0,1.0,1.0,1.0,0.0,0.0,1.0,0.0,0.0,0.0,0.0,0.0,30.0,1.0,22054981.0,320525041.0,22644416.0,37252152.0,859660035.0,2057.0,10623351571.0,0.0,1.0,1.0,0.0,1.0,0.0,0.0,1.0,1.0,1.0,1.0,2.0,1.0,0.0,0.0,0.0,2.0,0.0,0.0,1.0,1.0,3.0,50.0,50.0,1.0,0.0,0.0,0.0,0.0,0.0,0.0,0.0,0.0,0.0,0.0,2.0,2.0,0.0,1.0,1.0,0.0,1.0,0.0,0.0,0.0,0.0,0.0,1.0,0.0,0.0,1.0,0.0,0.0,0.0,1.0,11.0,0.0,0.0,0.0,0.0,0.0,12.0,0.0,0.0,0.0,0.0,0.0,0.0,0.0,0.0,0.0,1.0,1.0,0.0,0.0,0.0,0.0,1.0,1.0,1.0,0.0,0.0,0.0,0.0,0.0,0.0,1.0,1.0,0.0,0.0,0.0,0.0,0.0,1.0,1.0,0.0,1645328257.0,2840.0,2840.0,4690.0,4690.0,4720.0,0.0,184.0,28187.0,24323.0,24257.0,116.0,0.0,0.0,0.0,277.0,0.0,0.0,61.0,67.0,66.0,24.0,59.0,1184031424.0,0.0,7798396832.0,107864598624.0,1340626208.0,0.0,0.0,2057.0,0.0,0.0,2546.0,132.0,3124.0
1660,0.0,1.0,0.0,1.0,0.0,499200.0,1.0,140250000.0,1.0,102000000.0,1.0767989158600002,22607.0,1827.0,6707.0,39562.5,40125.0,41500.0,76.0,25.0,64.0,896.0,5000.0,0.0,25.0,1000000.0,950000.0,1.0,1.0,0.0,10.0,0.0,0.0,100.0,100.0,40769899.0,854308082.0,787511868.0,0.0,0.0,0.0,0.0,0.0,1.0,1.0,1.0,1.0,1.0,0.0,0.0,1.0,0.0,0.0,0.0,0.0,0.0,33.0,1.0,23405386.0,317999253.0,24556750.0,42076220.0,891401513.0,2197.0,11390101435.0,0.0,1.0,1.0,0.0,1.0,0.0,0.0,1.0,1.0,1.0,1.0,2.0,1.0,0.0,0.0,0.0,2.0,0.0,0.0,1.0,1.0,3.0,50.0,50.0,1.0,0.0,0.0,0.0,0.0,0.0,0.0,0.0,0.0,0.0,0.0,2.0,2.0,0.0,1.0,1.0,0.0,1.0,0.0,0.0,0.0,0.0,0.0,1.0,0.0,0.0,1.0,0.0,0.0,0.0,1.0,11.0,0.0,0.0,0.0,0.0,0.0,12.0,0.0,0.0,0.0,0.0,0.0,0.0,0.0,0.0,0.0,1.0,1.0,0.0,0.0,0.0,0.0,1.0,1.0,1.0,0.0,0.0,0.0,0.0,0.0,0.0,1.0,1.0,0.0,0.0,0.0,0.0,0.0,1.0,1.0,0.0,1693014264.0,2892.0,2892.0,5041.0,5041.0,5084.0,0.0,214.0,30537.0,25380.0,25301.0,134.0,0.0,0.0,0.0,309.0,0.0,0.0,73.0,80.0,79.0,30.0,71.0,1414887168.0,0.0,8284676000.0,126192485984.0,1303978848.0,0.0,0.0,2197.0,0.0,0.0,2770.0,158.0,3529.0
1661,0.0,1.0,0.0,1.0,0.0,499200.0,1.0,140250000.0,1.0,102000000.0,1.04728889465,10066.0,914.0,3200.0,39583.3333333,40166.6666667,41500.0,90.0,25.0,64.0,896.0,5000.0,0.0,25.0,1000000.0,950000.0,1.0,0.0,0.0,10.0,0.0,0.0,100.0,500.0,31931876.0,800555982.0,730307501.0,0.0,0.0,0.0,0.0,0.0,1.0,1.0,1.0,1.0,1.0,0.0,0.0,1.0,0.0,0.0,0.0,0.0,0.0,33.0,1.0,21750335.0,293616573.0,22405666.0,33154268.0,817866248.0,2075.0,10449073077.0,0.0,1.0,1.0,0.0,1.0,0.0,0.0,1.0,1.0,1.0,1.0,2.0,1.0,0.0,0.0,0.0,2.0,0.0,0.0,1.0,1.0,3.0,50.0,50.0,1.0,0.0,0.0,0.0,0.0,0.0,0.0,0.0,0.0,0.0,0.0,2.0,2.0,0.0,1.0,1.0,0.0,1.0,0.0,0.0,0.0,0.0,0.0,1.0,0.0,0.0,1.0,0.0,0.0,0.0,1.0,11.0,0.0,0.0,0.0,0.0,0.0,12.0,0.0,0.0,0.0,0.0,0.0,0.0,0.0,0.0,0.0,1.0,1.0,0.0,0.0,0.0,0.0,1.0,1.0,1.0,0.0,0.0,0.0,0.0,0.0,0.0,1.0,1.0,0.0,0.0,0.0,0.0,0.0,1.0,1.0,0.0,1571507737.0,2790.0,2790.0,4214.0,4214.0,4241.0,0.0,156.0,24633.0,23160.0,23114.0,83.0,0.0,0.0,0.0,215.0,0.0,0.0,43.0,47.0,46.0,18.0,41.0,883355616.0,0.0,7247048224.0,86884507200.0,1261296128.0,0.0,0.0,2075.0,0.0,0.0,2404.0,92.0,2912.0
1662,0.0,1.0,0.0,1.0,0.0,499200.0,1.0,140250000.0,1.0,102000000.0,1.04919409752,13839.0,1142.0,4268.0,39500.0,40100.0,41400.0,90.0,25.0,64.0,896.0,5000.0,0.0,25.0,1000000.0,950000.0,1.0,0.0,0.0,10.0,0.0,0.0,100.0,500.0,37275579.0,851308390.0,782000514.0,0.0,0.0,0.0,0.0,0.0,1.0,1.0,1.0,1.0,1.0,0.0,0.0,1.0,0.0,0.0,0.0,0.0,0.0,32.0,1.0,23065864.0,304985711.0,23258517.0,38436921.0,875295910.0,2068.0,11339948732.0,0.0,1.0,1.0,0.0,1.0,0.0,0.0,1.0,1.0,1.0,1.0,2.0,1.0,0.0,0.0,0.0,2.0,0.0,0.0,1.0,1.0,3.0,50.0,50.0,1.0,0.0,0.0,0.0,0.0,0.0,0.0,0.0,0.0,0.0,0.0,2.0,2.0,0.0,1.0,1.0,0.0,1.0,0.0,0.0,0.0,0.0,0.0,1.0,0.0,0.0,1.0,0.0,0.0,0.0,1.0,11.0,0.0,0.0,0.0,0.0,0.0,12.0,0.0,0.0,0.0,0.0,0.0,0.0,0.0,0.0,0.0,1.0,1.0,0.0,0.0,0.0,0.0,1.0,1.0,1.0,0.0,0.0,0.0,0.0,0.0,0.0,1.0,1.0,0.0,0.0,0.0,0.0,0.0,1.0,1.0,0.0,1648936157.0,2647.0,2647.0,4822.0,4822.0,4859.0,0.0,196.0,29616.0,24788.0,24722.0,96.0,0.0,0.0,0.0,259.0,0.0,0.0,61.0,67.0,66.0,25.0,59.0,1207398016.0,0.0,7805748224.0,83047017824.0,1140193184.0,0.0,0.0,2068.0,0.0,0.0,2541.0,132.0,3186.0
1663,0.0,1.0,0.0,1.0,0.0,499200.0,1.0,140250000.0,1.0,102000000.0,1.05690002441,13954.0,1370.0,4648.0,39500.0,40000.0,41500.0,90.0,25.0,64.0,896.0,5000.0,0.0,25.0,1000000.0,950000.0,1.0,0.0,0.0,10.0,0.0,0.0,100.0,500.0,31195770.0,781061096.0,715277234.0,0.0,0.0,0.0,0.0,0.0,1.0,1.0,1.0,1.0,1.0,0.0,0.0,1.0,0.0,0.0,0.0,0.0,0.0,30.0,1.0,21922092.0,292659589.0,22213859.0,30921179.0,815356312.0,1278.0,10602415249.0,0.0,1.0,1.0,0.0,1.0,0.0,0.0,1.0,1.0,1.0,1.0,2.0,1.0,0.0,0.0,0.0,2.0,0.0,0.0,1.0,1.0,3.0,50.0,50.0,1.0,0.0,0.0,0.0,0.0,0.0,0.0,0.0,0.0,0.0,0.0,2.0,2.0,0.0,1.0,1.0,0.0,1.0,0.0,0.0,0.0,0.0,0.0,1.0,0.0,0.0,1.0,0.0,0.0,0.0,1.0,11.0,0.0,0.0,0.0,0.0,0.0,12.0,0.0,0.0,0.0,0.0,0.0,0.0,0.0,0.0,0.0,1.0,1.0,0.0,0.0,0.0,0.0,1.0,1.0,1.0,0.0,0.0,0.0,0.0,0.0,0.0,1.0,1.0,0.0,0.0,0.0,0.0,0.0,1.0,1.0,0.0,1579027990.0,1986.0,1986.0,4228.0,4228.0,4264.0,0.0,168.0,25738.0,23491.0,23438.0,44.0,0.0,0.0,0.0,210.0,0.0,0.0,49.0,54.0,53.0,26.0,47.0,637796992.0,2099328.0,6857440288.0,223732378208.0,1016845888.0,0.0,0.0,1278.0,0.0,0.0,1581.0,106.0,2068.0
1664,0.0,1.0,0.0,1.0,0.0,499200.0,1.0,140250000.0,1.0,102000000.0,1.06877923012,13801.0,1370.0,4420.0,39500.0,40000.0,41500.0,69.0,25.0,64.0,896.0,5000.0,0.0,25.0,1000000.0,950000.0,1.0,1.0,0.0,10.0,0.0,0.0,100.0,500.0,30850569.0,806028661.0,741383577.0,0.0,0.0,0.0,0.0,0.0,1.0,1.0,1.0,1.0,1.0,0.0,0.0,1.0,0.0,0.0,0.0,0.0,0.0,34.0,1.0,22539014.0,288642808.0,23281683.0,32125961.0,835645482.0,1514.0,10860991122.0,0.0,1.0,1.0,0.0,1.0,0.0,0.0,1.0,1.0,1.0,1.0,2.0,1.0,0.0,0.0,0.0,2.0,0.0,0.0,1.0,1.0,3.0,50.0,50.0,1.0,0.0,0.0,0.0,0.0,0.0,0.0,0.0,0.0,0.0,0.0,2.0,2.0,0.0,1.0,1.0,0.0,1.0,0.0,0.0,0.0,0.0,0.0,1.0,0.0,0.0,1.0,0.0,0.0,0.0,1.0,11.0,0.0,0.0,0.0,0.0,0.0,12.0,0.0,0.0,0.0,0.0,0.0,0.0,0.0,0.0,0.0,1.0,1.0,0.0,0.0,0.0,0.0,1.0,1.0,1.0,0.0,0.0,0.0,0.0,0.0,0.0,1.0,1.0,0.0,0.0,0.0,0.0,0.0,1.0,1.0,0.0,1571430303.0,2129.0,2129.0,4388.0,4388.0,4427.0,0.0,205.0,26050.0,23602.0,23551.0,50.0,0.0,0.0,0.0,226.0,0.0,0.0,49.0,52.0,51.0,25.0,47.0,655760448.0,0.0,7166923968.0,297565988128.0,1318380096.0,0.0,0.0,1514.0,0.0,0.0,1871.0,102.0,2361.0
1665,0.0,1.0,0.0,1.0,0.0,499200.0,1.0,140250000.0,1.0,102000000.0,1.0391068458600001,13763.0,1219.0,4268.0,39416.6666667,40000.0,41500.0,69.0,25.0,64.0,896.0,5000.0,0.0,25.0,1000000.0,950000.0,1.0,1.0,0.0,10.0,0.0,0.0,100.0,500.0,33853507.0,812845070.0,735279197.0,0.0,0.0,0.0,0.0,0.0,1.0,1.0,1.0,1.0,1.0,0.0,0.0,1.0,0.0,0.0,0.0,0.0,0.0,34.0,1.0,21605896.0,286183633.0,22364636.0,35708072.0,832100610.0,1903.0,10732253831.0,0.0,1.0,1.0,0.0,1.0,0.0,0.0,1.0,1.0,1.0,1.0,2.0,1.0,0.0,0.0,0.0,2.0,0.0,0.0,1.0,1.0,3.0,50.0,50.0,1.0,0.0,0.0,0.0,0.0,0.0,0.0,0.0,0.0,0.0,0.0,2.0,2.0,0.0,1.0,1.0,0.0,1.0,0.0,0.0,0.0,0.0,0.0,1.0,0.0,0.0,1.0,0.0,0.0,0.0,1.0,11.0,0.0,0.0,0.0,0.0,0.0,12.0,0.0,0.0,0.0,0.0,0.0,0.0,0.0,0.0,0.0,1.0,1.0,0.0,0.0,0.0,0.0,1.0,1.0,1.0,0.0,0.0,0.0,0.0,0.0,0.0,1.0,1.0,0.0,0.0,0.0,0.0,0.0,1.0,1.0,0.0,1604267938.0,2721.0,2721.0,4525.0,4525.0,4552.0,0.0,173.0,26674.0,23568.0,23516.0,99.0,0.0,0.0,0.0,229.0,0.0,0.0,49.0,53.0,52.0,23.0,47.0,1369076512.0,0.0,7446082944.0,106553637536.0,1237270816.0,0.0,0.0,1903.0,0.0,0.0,2418.0,104.0,2915.0
1666,0.0,1.0,0.0,1.0,0.0,499200.0,1.0,140250000.0,1.0,102000000.0,1.07529592514,10066.0,990.0,3353.0,39375.0,40000.0,41500.0,69.0,25.0,64.0,896.0,5000.0,0.0,25.0,1000000.0,950000.0,1.0,1.0,0.0,10.0,0.0,0.0,100.0,500.0,33870938.0,816899559.0,743999571.0,0.0,0.0,0.0,0.0,0.0,1.0,1.0,1.0,1.0,1.0,0.0,0.0,1.0,0.0,0.0,0.0,0.0,0.0,32.0,1.0,22155488.0,291616354.0,22109678.0,37446374.0,837484817.0,2367.0,10582602312.0,0.0,1.0,1.0,0.0,1.0,0.0,0.0,1.0,1.0,1.0,1.0,2.0,1.0,0.0,0.0,0.0,2.0,0.0,0.0,1.0,1.0,3.0,52.0,52.0,1.0,0.0,0.0,0.0,0.0,0.0,0.0,0.0,0.0,0.0,0.0,2.0,2.0,0.0,1.0,1.0,0.0,1.0,0.0,0.0,0.0,0.0,0.0,1.0,0.0,0.0,1.0,0.0,0.0,0.0,1.0,11.0,0.0,0.0,0.0,0.0,0.0,12.0,0.0,0.0,0.0,0.0,0.0,0.0,0.0,0.0,0.0,1.0,1.0,0.0,0.0,0.0,0.0,1.0,1.0,1.0,0.0,0.0,0.0,0.0,0.0,0.0,1.0,1.0,0.0,0.0,0.0,0.0,0.0,1.0,1.0,0.0,1613440268.0,3165.0,3165.0,4399.0,4399.0,4440.0,0.0,179.0,26201.0,23669.0,23616.0,72.0,0.0,0.0,0.0,228.0,0.0,0.0,49.0,54.0,53.0,22.0,47.0,1140373856.0,3394144.0,7411737568.0,114640288736.0,1851404320.0,0.0,0.0,2367.0,0.0,0.0,2797.0,106.0,3294.0
1667,0.0,1.0,1.0,1.0,0.0,1728000.0,1.0,1211250000.0,1.0,102000000.0,0.900408983231,15362.0,2742.0,5029.0,39750.0,40250.0,41500.0,88.0,25.0,64.0,896.0,5000.0,0.0,25.0,1000000.0,950000.0,1.0,0.0,0.0,10.0,0.0,0.0,0.0,100.0,35737440.0,822661764.0,760667481.0,0.0,0.0,0.0,0.0,0.0,1.0,1.0,1.0,1.0,1.0,0.0,0.0,1.0,0.0,0.0,0.0,0.0,0.0,627.0,1.0,20849436.0,325043252.0,21404233.0,37523748.0,835764583.0,1589.0,12093402409.0,0.0,1.0,1.0,0.0,1.0,0.0,0.0,1.0,1.0,1.0,1.0,2.0,1.0,0.0,0.0,0.0,2.0,0.0,0.0,1.0,1.0,4.0,693.0,693.0,1.0,0.0,0.0,0.0,0.0,0.0,0.0,0.0,0.0,0.0,0.0,3.0,3.0,0.0,1.0,1.0,0.0,1.0,1.0,0.0,0.0,0.0,0.0,1.0,0.0,0.0,1.0,0.0,0.0,0.0,1.0,11.0,0.0,0.0,0.0,0.0,0.0,12.0,0.0,0.0,0.0,0.0,0.0,0.0,0.0,0.0,0.0,1.0,1.0,0.0,0.0,0.0,0.0,1.0,1.0,1.0,0.0,0.0,0.0,0.0,0.0,0.0,1.0,1.0,0.0,0.0,0.0,0.0,0.0,1.0,1.0,0.0,1626967279.0,2285.0,2285.0,4355.0,4355.0,4385.0,0.0,232.0,28151.0,24177.0,24117.0,111.0,0.0,0.0,0.0,348.0,0.0,0.0,55.0,61.0,60.0,21.0,53.0,977806816.0,0.0,7330009504.0,106704796640.0,871190464.0,0.0,0.0,1589.0,0.0,0.0,2317.0,120.0,2830.0
1668,0.0,1.0,1.0,1.0,0.0,1728000.0,1.0,1211250000.0,1.0,102000000.0,0.845165014267,15590.0,2667.0,4952.0,39562.5,40375.0,41500.0,88.0,25.0,64.0,896.0,5000.0,0.0,25.0,1000000.0,950000.0,1.0,0.0,0.0,10.0,0.0,0.0,0.0,100.0,35694209.0,786989417.0,716871909.0,0.0,0.0,0.0,0.0,0.0,1.0,1.0,1.0,1.0,1.0,0.0,0.0,1.0,0.0,0.0,0.0,0.0,0.0,34.0,1.0,20327287.0,299828941.0,20954636.0,37381336.0,805037095.0,1577.0,11781429181.0,0.0,1.0,1.0,0.0,1.0,0.0,0.0,1.0,1.0,1.0,1.0,2.0,1.0,0.0,0.0,0.0,2.0,0.0,0.0,1.0,1.0,3.0,50.0,50.0,1.0,0.0,0.0,0.0,0.0,0.0,0.0,0.0,0.0,0.0,0.0,2.0,2.0,0.0,1.0,1.0,0.0,1.0,0.0,0.0,0.0,0.0,0.0,1.0,0.0,0.0,1.0,0.0,0.0,0.0,1.0,11.0,0.0,0.0,0.0,0.0,0.0,12.0,0.0,0.0,0.0,0.0,0.0,0.0,0.0,0.0,0.0,1.0,1.0,0.0,0.0,0.0,0.0,1.0,1.0,1.0,0.0,0.0,0.0,0.0,0.0,0.0,1.0,1.0,0.0,0.0,0.0,0.0,0.0,1.0,1.0,0.0,1600408246.0,2255.0,2255.0,4421.0,4421.0,4451.0,0.0,221.0,27926.0,24301.0,24241.0,115.0,0.0,0.0,0.0,348.0,0.0,0.0,55.0,61.0,60.0,26.0,53.0,900038144.0,0.0,7275576480.0,130066774752.0,751506336.0,0.0,0.0,1577.0,0.0,0.0,2365.0,120.0,2815.0
1669,0.0,1.0,1.0,1.0,0.0,1728000.0,1.0,1211250000.0,1.0,102000000.0,0.819036006927,19478.0,3123.0,6095.0,39750.0,40200.0,41600.0,88.0,25.0,64.0,896.0,5000.0,0.0,25.0,1000000.0,950000.0,1.0,0.0,0.0,10.0,0.0,0.0,0.0,100.0,37128462.0,827752817.0,766136150.0,0.0,0.0,0.0,0.0,0.0,1.0,1.0,1.0,1.0,1.0,0.0,0.0,1.0,0.0,0.0,0.0,0.0,0.0,32.0,1.0,22464698.0,330439939.0,22764638.0,41643099.0,839396521.0,1632.0,12557358718.0,0.0,1.0,1.0,0.0,1.0,0.0,0.0,1.0,1.0,1.0,1.0,2.0,1.0,0.0,0.0,0.0,2.0,0.0,0.0,1.0,1.0,3.0,50.0,50.0,1.0,0.0,0.0,0.0,0.0,0.0,0.0,0.0,0.0,0.0,0.0,2.0,2.0,0.0,1.0,1.0,0.0,1.0,0.0,0.0,0.0,0.0,0.0,1.0,0.0,0.0,1.0,0.0,0.0,0.0,1.0,10.0,0.0,0.0,0.0,0.0,0.0,11.0,0.0,0.0,0.0,0.0,0.0,0.0,0.0,0.0,0.0,1.0,1.0,0.0,0.0,0.0,0.0,1.0,1.0,1.0,0.0,0.0,0.0,0.0,0.0,0.0,1.0,1.0,0.0,0.0,0.0,0.0,0.0,1.0,1.0,0.0,1653059993.0,2357.0,2357.0,4701.0,4701.0,4725.0,0.0,229.0,29671.0,24976.0,24904.0,133.0,0.0,0.0,0.0,364.0,0.0,0.0,67.0,73.0,72.0,32.0,65.0,1177958624.0,0.0,7769154880.0,106360124992.0,689494112.0,0.0,0.0,1632.0,0.0,0.0,2348.0,144.0,2906.0
1670,0.0,1.0,1.0,1.0,0.0,1728000.0,1.0,1211250000.0,1.0,102000000.0,0.823021888733,15439.0,2590.0,4647.0,40083.3333333,40333.3333333,41666.6666667,86.0,25.0,64.0,896.0,5000.0,0.0,25.0,1000000.0,950000.0,1.0,1.0,0.0,10.0,0.0,0.0,0.0,100.0,32979746.0,763259835.0,722543701.0,0.0,0.0,0.0,0.0,0.0,1.0,1.0,1.0,1.0,1.0,0.0,0.0,1.0,0.0,0.0,0.0,0.0,0.0,34.0,1.0,20528448.0,307713318.0,20467538.0,33496828.0,788701454.0,1286.0,11002239245.0,0.0,1.0,1.0,0.0,1.0,0.0,0.0,1.0,1.0,1.0,1.0,2.0,1.0,0.0,0.0,0.0,2.0,0.0,0.0,1.0,1.0,3.0,50.0,50.0,1.0,0.0,0.0,0.0,0.0,0.0,0.0,0.0,0.0,0.0,0.0,2.0,2.0,0.0,1.0,1.0,0.0,1.0,0.0,0.0,0.0,0.0,0.0,1.0,0.0,0.0,1.0,0.0,0.0,0.0,1.0,11.0,0.0,0.0,0.0,0.0,0.0,12.0,0.0,0.0,0.0,0.0,0.0,0.0,0.0,0.0,0.0,1.0,1.0,0.0,0.0,0.0,0.0,1.0,1.0,1.0,0.0,0.0,0.0,0.0,0.0,0.0,1.0,1.0,0.0,0.0,0.0,0.0,0.0,1.0,1.0,0.0,1562359119.0,2055.0,2055.0,4154.0,4154.0,4176.0,0.0,168.0,25755.0,23579.0,23525.0,124.0,0.0,0.0,0.0,275.0,0.0,0.0,49.0,55.0,54.0,19.0,47.0,620263360.0,0.0,6873176064.0,85370739968.0,790956512.0,0.0,0.0,1286.0,0.0,0.0,1805.0,108.0,2299.0
1671,0.0,1.0,1.0,1.0,0.0,1728000.0,1.0,1211250000.0,1.0,102000000.0,0.809964895248,16087.0,2665.0,5028.0,39750.0,40833.3333333,41500.0,86.0,25.0,64.0,896.0,5000.0,0.0,25.0,1000000.0,950000.0,1.0,1.0,0.0,10.0,0.0,0.0,0.0,100.0,32278757.0,780809349.0,715593415.0,0.0,0.0,0.0,0.0,0.0,1.0,1.0,1.0,1.0,1.0,0.0,0.0,1.0,0.0,0.0,0.0,0.0,0.0,34.0,1.0,21480385.0,296218106.0,22173967.0,33403400.0,790235526.0,1342.0,11353673809.0,0.0,1.0,1.0,0.0,1.0,0.0,0.0,1.0,1.0,1.0,1.0,2.0,1.0,0.0,0.0,0.0,2.0,0.0,0.0,1.0,1.0,3.0,50.0,50.0,1.0,0.0,0.0,0.0,0.0,0.0,0.0,0.0,0.0,0.0,0.0,2.0,2.0,0.0,1.0,1.0,0.0,1.0,0.0,0.0,0.0,0.0,0.0,1.0,0.0,0.0,1.0,0.0,0.0,0.0,1.0,10.0,0.0,0.0,0.0,0.0,0.0,11.0,0.0,0.0,0.0,0.0,0.0,0.0,0.0,0.0,0.0,1.0,1.0,0.0,0.0,0.0,0.0,1.0,1.0,1.0,0.0,0.0,0.0,0.0,0.0,0.0,1.0,1.0,0.0,0.0,0.0,0.0,0.0,1.0,1.0,0.0,1562844611.0,2112.0,2112.0,4219.0,4219.0,4250.0,0.0,196.0,26888.0,23754.0,23702.0,97.0,0.0,0.0,0.0,276.0,0.0,0.0,49.0,53.0,52.0,16.0,47.0,701591072.0,0.0,7011006304.0,79252159328.0,669108768.0,0.0,0.0,1342.0,0.0,0.0,1959.0,104.0,2410.0
1672,0.0,1.0,1.0,1.0,0.0,1728000.0,1.0,1211250000.0,1.0,102000000.0,0.861603975296,15590.0,2742.0,5182.0,39812.5,40375.0,41875.0,86.0,25.0,64.0,896.0,5000.0,0.0,25.0,1000000.0,950000.0,1.0,1.0,0.0,10.0,0.0,0.0,0.0,100.0,32715516.0,803831913.0,749689418.0,0.0,0.0,0.0,0.0,0.0,1.0,1.0,1.0,1.0,1.0,0.0,0.0,1.0,0.0,0.0,0.0,0.0,0.0,33.0,1.0,22060771.0,322512232.0,22421048.0,37227767.0,815171314.0,1436.0,12027678850.0,0.0,1.0,1.0,0.0,1.0,0.0,0.0,1.0,1.0,1.0,1.0,2.0,1.0,0.0,0.0,0.0,2.0,0.0,0.0,1.0,1.0,3.0,50.0,50.0,1.0,0.0,0.0,0.0,0.0,0.0,0.0,0.0,0.0,0.0,0.0,2.0,2.0,0.0,1.0,1.0,0.0,1.0,0.0,0.0,0.0,0.0,0.0,1.0,0.0,0.0,1.0,0.0,0.0,0.0,1.0,11.0,0.0,0.0,0.0,0.0,0.0,12.0,0.0,0.0,0.0,0.0,0.0,0.0,0.0,0.0,0.0,1.0,1.0,0.0,0.0,0.0,0.0,1.0,1.0,1.0,0.0,0.0,0.0,0.0,0.0,0.0,1.0,1.0,0.0,0.0,0.0,0.0,0.0,1.0,1.0,0.0,1636208196.0,2233.0,2233.0,4383.0,4383.0,4416.0,0.0,204.0,27191.0,24226.0,24167.0,104.0,0.0,0.0,0.0,304.0,0.0,0.0,55.0,60.0,59.0,23.0,53.0,656461440.0,0.0,7177691104.0,121406289536.0,783624384.0,0.0,0.0,1436.0,0.0,0.0,2162.0,118.0,2618.0
1673,0.0,1.0,1.0,1.0,0.0,1728000.0,1.0,1211250000.0,1.0,102000000.0,0.891177177429,16427.0,2665.0,5791.0,39500.0,40375.0,41750.0,77.0,25.0,64.0,896.0,5000.0,0.0,25.0,1000000.0,950000.0,1.0,0.0,0.0,10.0,0.0,0.0,0.0,500.0,35453693.0,786138018.0,732498642.0,0.0,0.0,0.0,0.0,0.0,1.0,1.0,1.0,1.0,1.0,0.0,0.0,1.0,0.0,0.0,0.0,0.0,0.0,31.0,1.0,21456581.0,314658796.0,21726699.0,36585025.0,795805192.0,1512.0,11836502940.0,0.0,1.0,1.0,0.0,1.0,0.0,0.0,1.0,1.0,1.0,1.0,2.0,1.0,0.0,0.0,0.0,2.0,0.0,0.0,1.0,1.0,3.0,50.0,50.0,1.0,0.0,0.0,0.0,0.0,0.0,0.0,0.0,0.0,0.0,0.0,2.0,2.0,0.0,1.0,1.0,0.0,1.0,0.0,0.0,0.0,0.0,0.0,1.0,0.0,0.0,1.0,0.0,0.0,0.0,1.0,10.0,0.0,0.0,0.0,0.0,0.0,11.0,0.0,0.0,0.0,0.0,0.0,0.0,0.0,0.0,0.0,1.0,1.0,0.0,0.0,0.0,0.0,1.0,1.0,1.0,0.0,0.0,0.0,0.0,0.0,0.0,1.0,1.0,0.0,0.0,0.0,0.0,0.0,1.0,1.0,0.0,1561213746.0,2320.0,2320.0,4293.0,4293.0,4327.0,0.0,175.0,27349.0,23877.0,23819.0,108.0,0.0,0.0,0.0,294.0,0.0,0.0,55.0,59.0,58.0,26.0,53.0,1009966848.0,0.0,7207779072.0,93671194944.0,1108884320.0,0.0,0.0,1512.0,0.0,0.0,2034.0,116.0,2478.0
1674,0.0,1.0,1.0,1.0,0.0,1728000.0,1.0,1211250000.0,1.0,102000000.0,0.860888957977,15819.0,2819.0,4800.0,39750.0,40625.0,41500.0,77.0,25.0,64.0,896.0,5000.0,0.0,25.0,1000000.0,950000.0,1.0,0.0,0.0,10.0,0.0,0.0,0.0,500.0,35814005.0,789481255.0,732951056.0,0.0,0.0,0.0,0.0,0.0,1.0,1.0,1.0,1.0,1.0,0.0,0.0,1.0,0.0,0.0,0.0,0.0,0.0,35.0,1.0,21305740.0,317167329.0,21189378.0,35268192.0,802953736.0,1406.0,12065418410.0,0.0,1.0,1.0,0.0,1.0,0.0,0.0,1.0,1.0,1.0,1.0,2.0,1.0,0.0,0.0,0.0,2.0,0.0,0.0,1.0,1.0,3.0,50.0,50.0,1.0,0.0,0.0,0.0,0.0,0.0,0.0,0.0,0.0,0.0,0.0,2.0,2.0,0.0,1.0,1.0,0.0,1.0,0.0,0.0,0.0,0.0,0.0,1.0,0.0,0.0,1.0,0.0,0.0,0.0,1.0,11.0,0.0,0.0,0.0,0.0,0.0,12.0,0.0,0.0,0.0,0.0,0.0,0.0,0.0,0.0,0.0,1.0,1.0,0.0,0.0,0.0,0.0,1.0,1.0,1.0,0.0,0.0,0.0,0.0,0.0,0.0,1.0,1.0,0.0,0.0,0.0,0.0,0.0,1.0,1.0,0.0,1603806081.0,2199.0,2199.0,4536.0,4536.0,4564.0,0.0,171.0,28000.0,24159.0,24099.0,94.0,0.0,0.0,0.0,287.0,0.0,0.0,55.0,61.0,60.0,30.0,53.0,1042847040.0,0.0,7400753632.0,94188148832.0,778476416.0,0.0,0.0,1406.0,0.0,0.0,2113.0,120.0,2576.0
1675,0.0,1.0,1.0,1.0,0.0,1728000.0,1.0,1211250000.0,1.0,102000000.0,0.837978124619,11663.0,2209.0,3733.0,39812.5,40375.0,41500.0,77.0,25.0,64.0,896.0,5000.0,0.0,25.0,1000000.0,950000.0,1.0,0.0,0.0,10.0,0.0,0.0,0.0,500.0,35003169.0,790048279.0,722463363.0,0.0,0.0,0.0,0.0,0.0,1.0,1.0,1.0,1.0,1.0,0.0,0.0,1.0,0.0,0.0,0.0,0.0,0.0,33.0,1.0,20644583.0,287117502.0,21049759.0,34440984.0,798267181.0,1467.0,11206316916.0,0.0,1.0,1.0,0.0,1.0,0.0,0.0,1.0,1.0,1.0,1.0,2.0,1.0,0.0,0.0,0.0,2.0,0.0,0.0,1.0,1.0,3.0,50.0,50.0,1.0,0.0,0.0,0.0,0.0,0.0,0.0,0.0,0.0,0.0,0.0,2.0,2.0,0.0,1.0,1.0,0.0,1.0,0.0,0.0,0.0,0.0,0.0,1.0,0.0,0.0,1.0,0.0,0.0,0.0,1.0,10.0,0.0,0.0,0.0,0.0,0.0,11.0,0.0,0.0,0.0,0.0,0.0,0.0,0.0,0.0,0.0,1.0,1.0,0.0,0.0,0.0,0.0,1.0,1.0,1.0,0.0,0.0,0.0,0.0,0.0,0.0,1.0,1.0,0.0,0.0,0.0,0.0,0.0,1.0,1.0,0.0,1575645908.0,2217.0,2217.0,4243.0,4243.0,4271.0,0.0,181.0,26552.0,23827.0,23774.0,117.0,0.0,0.0,0.0,287.0,0.0,0.0,49.0,54.0,53.0,24.0,47.0,894808992.0,0.0,7006063680.0,75954277760.0,639972096.0,0.0,0.0,1467.0,0.0,0.0,2098.0,106.0,2649.0
1676,0.0,1.0,1.0,1.0,0.0,1728000.0,1.0,1211250000.0,1.0,102000000.0,0.911047935486,15514.0,2665.0,4952.0,39875.0,40375.0,41500.0,100.0,25.0,64.0,896.0,5000.0,0.0,25.0,1000000.0,950000.0,1.0,1.0,0.0,10.0,0.0,0.0,0.0,500.0,36192989.0,791776855.0,725791509.0,0.0,0.0,0.0,0.0,0.0,1.0,1.0,1.0,1.0,1.0,0.0,0.0,1.0,0.0,0.0,0.0,0.0,0.0,31.0,1.0,21137523.0,302619610.0,20900156.0,36392966.0,804063425.0,1462.0,11460364207.0,0.0,1.0,1.0,0.0,1.0,0.0,0.0,1.0,1.0,1.0,1.0,2.0,1.0,0.0,0.0,0.0,2.0,0.0,0.0,1.0,1.0,3.0,50.0,50.0,1.0,0.0,0.0,0.0,0.0,0.0,0.0,0.0,0.0,0.0,0.0,2.0,2.0,0.0,1.0,1.0,0.0,1.0,0.0,0.0,0.0,0.0,0.0,1.0,0.0,0.0,1.0,0.0,0.0,0.0,1.0,11.0,0.0,0.0,0.0,0.0,0.0,12.0,0.0,0.0,0.0,0.0,0.0,0.0,0.0,0.0,0.0,1.0,1.0,0.0,0.0,0.0,0.0,1.0,1.0,1.0,0.0,0.0,0.0,0.0,0.0,0.0,1.0,1.0,0.0,0.0,0.0,0.0,0.0,1.0,1.0,0.0,1587617354.0,2177.0,2177.0,4271.0,4271.0,4301.0,0.0,179.0,27627.0,24111.0,24053.0,95.0,0.0,0.0,0.0,304.0,0.0,0.0,55.0,59.0,58.0,26.0,53.0,737805024.0,0.0,7109596512.0,102656995712.0,710923456.0,0.0,0.0,1462.0,0.0,0.0,2088.0,116.0,2589.0
1677,0.0,1.0,1.0,1.0,0.0,1728000.0,1.0,1211250000.0,1.0,102000000.0,0.846581935883,15819.0,2743.0,4876.0,39562.5,40375.0,41500.0,100.0,25.0,64.0,896.0,5000.0,0.0,25.0,1000000.0,950000.0,1.0,1.0,0.0,10.0,0.0,0.0,0.0,500.0,34622600.0,782278082.0,736232394.0,0.0,0.0,0.0,0.0,0.0,1.0,1.0,1.0,1.0,1.0,0.0,0.0,1.0,0.0,0.0,0.0,0.0,0.0,35.0,1.0,21967712.0,310744273.0,22311283.0,34323889.0,809757207.0,1512.0,12100820551.0,0.0,1.0,1.0,0.0,1.0,0.0,0.0,1.0,1.0,1.0,1.0,2.0,1.0,0.0,0.0,0.0,2.0,0.0,0.0,1.0,1.0,3.0,50.0,50.0,1.0,0.0,0.0,0.0,0.0,0.0,0.0,0.0,0.0,0.0,0.0,2.0,2.0,0.0,1.0,1.0,0.0,1.0,0.0,0.0,0.0,0.0,0.0,1.0,0.0,0.0,1.0,0.0,0.0,0.0,1.0,11.0,0.0,0.0,0.0,0.0,0.0,12.0,0.0,0.0,0.0,0.0,0.0,0.0,0.0,0.0,0.0,1.0,1.0,0.0,0.0,0.0,0.0,1.0,1.0,1.0,0.0,0.0,0.0,0.0,0.0,0.0,1.0,1.0,0.0,0.0,0.0,0.0,0.0,1.0,1.0,0.0,1622549110.0,2268.0,2268.0,4500.0,4500.0,4534.0,0.0,222.0,27690.0,24271.0,24212.0,129.0,0.0,0.0,0.0,319.0,0.0,0.0,55.0,60.0,59.0,29.0,53.0,835640800.0,0.0,7352835904.0,99023157376.0,749732128.0,0.0,0.0,1512.0,0.0,0.0,2088.0,118.0,2711.0
1678,0.0,1.0,1.0,1.0,0.0,1728000.0,1.0,1211250000.0,1.0,102000000.0,0.81934595108,11625.0,2209.0,3733.0,40000.0,40500.0,41500.0,100.0,25.0,64.0,896.0,5000.0,0.0,25.0,1000000.0,950000.0,1.0,1.0,0.0,10.0,0.0,0.0,0.0,500.0,30628932.0,771494365.0,700685934.0,0.0,0.0,0.0,0.0,0.0,1.0,1.0,1.0,1.0,1.0,0.0,0.0,1.0,0.0,0.0,0.0,0.0,0.0,30.0,1.0,20927775.0,294666277.0,21417813.0,31998599.0,789523795.0,1477.0,11101321577.0,0.0,1.0,1.0,0.0,1.0,0.0,0.0,1.0,1.0,1.0,1.0,2.0,1.0,0.0,0.0,0.0,2.0,0.0,0.0,1.0,1.0,3.0,50.0,50.0,1.0,0.0,0.0,0.0,0.0,0.0,0.0,0.0,0.0,0.0,0.0,2.0,2.0,0.0,1.0,1.0,0.0,1.0,0.0,0.0,0.0,0.0,0.0,1.0,0.0,0.0,1.0,0.0,0.0,0.0,1.0,10.0,0.0,0.0,0.0,0.0,0.0,11.0,0.0,0.0,0.0,0.0,0.0,0.0,0.0,0.0,0.0,1.0,1.0,0.0,0.0,0.0,0.0,1.0,1.0,1.0,0.0,0.0,0.0,0.0,0.0,0.0,1.0,1.0,0.0,0.0,0.0,0.0,0.0,1.0,1.0,0.0,1553646434.0,2042.0,2042.0,3939.0,3939.0,3975.0,0.0,141.0,24617.0,23263.0,23217.0,110.0,0.0,0.0,0.0,237.0,0.0,0.0,43.0,47.0,46.0,14.0,41.0,678831168.0,685536.0,6748070912.0,83152982688.0,818267296.0,0.0,0.0,1477.0,0.0,0.0,2051.0,92.0,2340.0
1679,0.0,1.0,1.0,1.0,0.0,1728000.0,1.0,1211250000.0,1.0,102000000.0,0.8348259925839999,11664.0,2132.0,3505.0,39916.6666667,40666.6666667,41500.0,96.0,25.0,64.0,896.0,5000.0,0.0,25.0,1000000.0,950000.0,1.0,0.0,0.0,10.0,0.0,0.0,100.0,100.0,31841922.0,752947160.0,701665667.0,0.0,0.0,0.0,0.0,0.0,1.0,1.0,1.0,1.0,1.0,0.0,0.0,1.0,0.0,0.0,0.0,0.0,0.0,32.0,1.0,20770884.0,304273666.0,20905347.0,31183152.0,759217661.0,1249.0,10851354606.0,0.0,1.0,1.0,0.0,1.0,0.0,0.0,1.0,1.0,1.0,1.0,2.0,1.0,0.0,0.0,0.0,2.0,0.0,0.0,1.0,1.0,3.0,50.0,50.0,1.0,0.0,0.0,0.0,0.0,0.0,0.0,0.0,0.0,0.0,0.0,2.0,2.0,0.0,1.0,1.0,0.0,1.0,0.0,0.0,0.0,0.0,0.0,1.0,0.0,0.0,1.0,0.0,0.0,0.0,1.0,11.0,0.0,0.0,0.0,0.0,0.0,12.0,0.0,0.0,0.0,0.0,0.0,0.0,0.0,0.0,0.0,1.0,1.0,0.0,0.0,0.0,0.0,1.0,1.0,1.0,0.0,0.0,0.0,0.0,0.0,0.0,1.0,1.0,0.0,0.0,0.0,0.0,0.0,1.0,1.0,0.0,1541717847.0,2024.0,2024.0,4053.0,4053.0,4072.0,0.0,168.0,24560.0,23243.0,23198.0,118.0,0.0,0.0,0.0,245.0,0.0,0.0,43.0,46.0,45.0,15.0,41.0,1140577056.0,0.0,6663498656.0,73580310240.0,649222464.0,0.0,0.0,1249.0,0.0,0.0,1710.0,90.0,2270.0
1680,0.0,1.0,1.0,1.0,0.0,1728000.0,1.0,1211250000.0,1.0,102000000.0,0.870851039886,16389.0,2513.0,5944.0,39571.4285714,40428.5714286,41642.8571429,96.0,25.0,64.0,896.0,5000.0,0.0,25.0,1000000.0,950000.0,1.0,0.0,0.0,10.0,0.0,0.0,100.0,100.0,42335107.0,822169927.0,765719344.0,0.0,0.0,0.0,0.0,0.0,1.0,1.0,1.0,1.0,1.0,0.0,0.0,1.0,0.0,0.0,0.0,0.0,0.0,32.0,1.0,21854389.0,337770809.0,22098139.0,43182715.0,868557264.0,2115.0,13335151412.0,0.0,1.0,1.0,0.0,1.0,0.0,0.0,1.0,1.0,1.0,1.0,2.0,1.0,0.0,0.0,0.0,2.0,0.0,0.0,1.0,1.0,3.0,50.0,50.0,1.0,0.0,0.0,0.0,0.0,0.0,0.0,0.0,0.0,0.0,0.0,2.0,2.0,0.0,1.0,1.0,0.0,1.0,0.0,0.0,0.0,0.0,0.0,1.0,0.0,0.0,1.0,0.0,0.0,0.0,1.0,11.0,0.0,0.0,0.0,0.0,0.0,12.0,0.0,0.0,0.0,0.0,0.0,0.0,0.0,0.0,0.0,1.0,1.0,0.0,0.0,0.0,0.0,1.0,1.0,1.0,0.0,0.0,0.0,0.0,0.0,0.0,1.0,1.0,0.0,0.0,0.0,0.0,0.0,1.0,1.0,0.0,1750817037.0,2897.0,2897.0,5045.0,5045.0,5083.0,0.0,257.0,30972.0,25280.0,25202.0,174.0,0.0,0.0,0.0,392.0,0.0,0.0,73.0,79.0,78.0,32.0,71.0,1854512608.0,0.0,8281485504.0,156234320640.0,1454922624.0,0.0,0.0,2115.0,0.0,0.0,2866.0,156.0,3368.0
1681,0.0,1.0,1.0,1.0,0.0,1728000.0,1.0,1211250000.0,1.0,102000000.0,0.834220170975,15209.0,2742.0,4800.0,39916.6666667,40500.0,41500.0,96.0,25.0,64.0,896.0,5000.0,0.0,25.0,1000000.0,950000.0,1.0,0.0,0.0,10.0,0.0,0.0,100.0,100.0,32269365.0,775852923.0,719646928.0,0.0,0.0,0.0,0.0,0.0,1.0,1.0,1.0,1.0,1.0,0.0,0.0,1.0,0.0,0.0,0.0,0.0,0.0,36.0,1.0,21239611.0,315131622.0,21925692.0,34447183.0,800534530.0,1272.0,11455191037.0,0.0,1.0,1.0,0.0,1.0,0.0,0.0,1.0,1.0,1.0,1.0,2.0,1.0,0.0,0.0,0.0,2.0,0.0,0.0,1.0,1.0,3.0,50.0,50.0,1.0,0.0,0.0,0.0,0.0,0.0,0.0,0.0,0.0,0.0,0.0,2.0,2.0,0.0,1.0,1.0,0.0,1.0,0.0,0.0,0.0,0.0,0.0,1.0,0.0,0.0,1.0,0.0,0.0,0.0,1.0,11.0,0.0,0.0,0.0,0.0,0.0,12.0,0.0,0.0,0.0,0.0,0.0,0.0,0.0,0.0,0.0,1.0,1.0,0.0,0.0,0.0,0.0,1.0,1.0,1.0,0.0,0.0,0.0,0.0,0.0,0.0,1.0,1.0,0.0,0.0,0.0,0.0,0.0,1.0,1.0,0.0,1590228794.0,2146.0,2146.0,4235.0,4235.0,4260.0,0.0,154.0,26162.0,23669.0,23618.0,95.0,0.0,0.0,0.0,247.0,0.0,0.0,49.0,52.0,51.0,29.0,47.0,815496416.0,0.0,6961694560.0,82695989408.0,774606816.0,0.0,0.0,1272.0,0.0,0.0,1862.0,102.0,2384.0
1682,0.0,1.0,1.0,1.0,0.0,1728000.0,1.0,1211250000.0,1.0,102000000.0,0.837543964386,11549.0,2133.0,3505.0,39750.0,40500.0,41500.0,90.0,25.0,64.0,896.0,5000.0,0.0,25.0,1000000.0,950000.0,1.0,1.0,0.0,10.0,0.0,0.0,100.0,100.0,33388268.0,778502860.0,713840997.0,0.0,0.0,0.0,0.0,0.0,1.0,1.0,1.0,1.0,1.0,0.0,0.0,1.0,0.0,0.0,0.0,0.0,0.0,36.0,1.0,20084493.0,302992935.0,20252533.0,32974820.0,786499222.0,1520.0,10613890582.0,0.0,1.0,1.0,0.0,1.0,0.0,0.0,1.0,1.0,1.0,1.0,2.0,1.0,0.0,0.0,0.0,2.0,0.0,0.0,1.0,1.0,3.0,50.0,50.0,1.0,0.0,0.0,0.0,0.0,0.0,0.0,0.0,0.0,0.0,0.0,2.0,2.0,0.0,1.0,1.0,0.0,1.0,0.0,0.0,0.0,0.0,0.0,1.0,0.0,0.0,1.0,0.0,0.0,0.0,1.0,11.0,0.0,0.0,0.0,0.0,0.0,12.0,0.0,0.0,0.0,0.0,0.0,0.0,0.0,0.0,0.0,1.0,1.0,0.0,0.0,0.0,0.0,1.0,1.0,1.0,0.0,0.0,0.0,0.0,0.0,0.0,1.0,1.0,0.0,0.0,0.0,0.0,0.0,1.0,1.0,0.0,1537038611.0,2152.0,2152.0,3866.0,3866.0,3899.0,0.0,173.0,25610.0,23436.0,23389.0,115.0,0.0,0.0,0.0,278.0,0.0,0.0,43.0,48.0,47.0,18.0,41.0,1066408064.0,0.0,6475288672.0,88939042080.0,683677440.0,0.0,0.0,1520.0,0.0,0.0,2161.0,94.0,2636.0
1683,0.0,1.0,1.0,1.0,0.0,1728000.0,1.0,1211250000.0,1.0,102000000.0,0.847785234451,15742.0,2972.0,4800.0,39750.0,40666.6666667,41500.0,90.0,25.0,64.0,896.0,5000.0,0.0,25.0,1000000.0,950000.0,1.0,1.0,0.0,10.0,0.0,0.0,100.0,100.0,34347904.0,782473489.0,723618793.0,0.0,0.0,0.0,0.0,0.0,1.0,1.0,1.0,1.0,1.0,0.0,0.0,1.0,0.0,0.0,0.0,0.0,0.0,33.0,1.0,19112563.0,287844682.0,19812838.0,34624692.0,787586347.0,1309.0,11193758926.0,0.0,1.0,1.0,0.0,1.0,0.0,0.0,1.0,1.0,1.0,1.0,2.0,1.0,0.0,0.0,0.0,2.0,0.0,0.0,1.0,1.0,3.0,50.0,50.0,1.0,0.0,0.0,0.0,0.0,0.0,0.0,0.0,0.0,0.0,0.0,2.0,2.0,0.0,1.0,1.0,0.0,1.0,0.0,0.0,0.0,0.0,0.0,1.0,0.0,0.0,1.0,0.0,0.0,0.0,1.0,10.0,0.0,0.0,0.0,0.0,0.0,11.0,0.0,0.0,0.0,0.0,0.0,0.0,0.0,0.0,0.0,1.0,1.0,0.0,0.0,0.0,0.0,1.0,1.0,1.0,0.0,0.0,0.0,0.0,0.0,0.0,1.0,1.0,0.0,0.0,0.0,0.0,0.0,1.0,1.0,0.0,1566034039.0,2038.0,2038.0,4233.0,4233.0,4256.0,0.0,158.0,26412.0,23587.0,23535.0,134.0,0.0,0.0,0.0,267.0,0.0,0.0,49.0,53.0,52.0,19.0,47.0,1112080992.0,0.0,6869725344.0,113393555872.0,677304864.0,0.0,0.0,1309.0,0.0,0.0,1877.0,104.0,2309.0
1684,0.0,1.0,1.0,1.0,0.0,1728000.0,1.0,1211250000.0,1.0,102000000.0,0.820343017578,11587.0,2133.0,3581.0,39750.0,40500.0,41666.6666667,90.0,25.0,64.0,896.0,5000.0,0.0,25.0,1000000.0,950000.0,1.0,1.0,0.0,10.0,0.0,0.0,100.0,100.0,32003223.0,755732412.0,696487616.0,0.0,0.0,0.0,0.0,0.0,1.0,1.0,1.0,1.0,1.0,0.0,0.0,1.0,0.0,0.0,0.0,0.0,0.0,35.0,1.0,19860558.0,296393632.0,20497546.0,33516264.0,795306004.0,1294.0,10906637181.0,0.0,1.0,1.0,0.0,1.0,0.0,0.0,1.0,1.0,1.0,1.0,2.0,1.0,0.0,0.0,0.0,2.0,0.0,0.0,1.0,1.0,3.0,50.0,50.0,1.0,0.0,0.0,0.0,0.0,0.0,0.0,0.0,0.0,0.0,0.0,2.0,2.0,0.0,1.0,1.0,0.0,1.0,0.0,0.0,0.0,0.0,0.0,1.0,0.0,0.0,1.0,0.0,0.0,0.0,1.0,10.0,0.0,0.0,0.0,0.0,0.0,11.0,0.0,0.0,0.0,0.0,0.0,0.0,0.0,0.0,0.0,1.0,1.0,0.0,0.0,0.0,0.0,1.0,1.0,1.0,0.0,0.0,0.0,0.0,0.0,0.0,1.0,1.0,0.0,0.0,0.0,0.0,0.0,1.0,1.0,0.0,1617314477.0,2049.0,2049.0,4093.0,4093.0,4115.0,0.0,171.0,24981.0,23277.0,23230.0,134.0,0.0,0.0,0.0,271.0,0.0,0.0,43.0,48.0,47.0,21.0,41.0,411519552.0,0.0,6689105216.0,86429729248.0,668403328.0,0.0,0.0,1294.0,0.0,0.0,1915.0,94.0,2397.0
1685,0.0,1.0,1.0,1.0,0.0,1728000.0,1.0,1211250000.0,1.0,102000000.0,0.850401163101,24473.0,3275.0,7621.0,40000.0,40750.0,42000.0,90.0,25.0,64.0,896.0,5000.0,0.0,25.0,1000000.0,950000.0,1.0,0.0,0.0,10.0,0.0,0.0,100.0,500.0,32729060.0,793253666.0,706052690.0,0.0,0.0,0.0,0.0,0.0,1.0,1.0,1.0,1.0,1.0,0.0,0.0,1.0,0.0,0.0,0.0,0.0,0.0,34.0,1.0,19477492.0,294460857.0,20197573.0,36825601.0,833474071.0,1630.0,11998838059.0,0.0,1.0,1.0,0.0,1.0,0.0,0.0,1.0,1.0,1.0,1.0,2.0,1.0,0.0,0.0,0.0,2.0,0.0,0.0,1.0,1.0,3.0,50.0,50.0,1.0,0.0,0.0,0.0,0.0,0.0,0.0,0.0,0.0,0.0,0.0,2.0,2.0,0.0,1.0,1.0,0.0,1.0,0.0,0.0,0.0,0.0,0.0,1.0,0.0,0.0,1.0,0.0,0.0,0.0,1.0,11.0,0.0,0.0,0.0,0.0,0.0,12.0,0.0,0.0,0.0,0.0,0.0,0.0,0.0,0.0,0.0,1.0,1.0,0.0,0.0,0.0,0.0,1.0,1.0,1.0,0.0,0.0,0.0,0.0,0.0,0.0,1.0,1.0,0.0,0.0,0.0,0.0,0.0,1.0,1.0,0.0,1633271795.0,2441.0,2441.0,4458.0,4458.0,4485.0,0.0,194.0,26477.0,23704.0,23646.0,102.0,0.0,0.0,0.0,260.0,0.0,0.0,55.0,59.0,58.0,22.0,53.0,799653024.0,0.0,7348473952.0,104692653920.0,1221573280.0,0.0,0.0,1630.0,0.0,0.0,2111.0,116.0,2512.0
1686,0.0,1.0,1.0,1.0,0.0,1728000.0,1.0,1211250000.0,1.0,102000000.0,0.846007108688,11475.0,2057.0,3581.0,39583.3333333,40500.0,41666.6666667,90.0,25.0,64.0,896.0,5000.0,0.0,25.0,1000000.0,950000.0,1.0,0.0,0.0,10.0,0.0,0.0,100.0,500.0,32769073.0,759989711.0,696340718.0,0.0,0.0,0.0,0.0,0.0,1.0,1.0,1.0,1.0,1.0,0.0,0.0,1.0,0.0,0.0,0.0,0.0,0.0,36.0,1.0,19532886.0,292170727.0,20234385.0,31534233.0,774485955.0,1240.0,10673714035.0,0.0,1.0,1.0,0.0,1.0,0.0,0.0,1.0,1.0,1.0,1.0,2.0,1.0,0.0,0.0,0.0,2.0,0.0,0.0,1.0,1.0,3.0,50.0,50.0,1.0,0.0,0.0,0.0,0.0,0.0,0.0,0.0,0.0,0.0,0.0,2.0,2.0,0.0,1.0,1.0,0.0,1.0,0.0,0.0,0.0,0.0,0.0,1.0,0.0,0.0,1.0,0.0,0.0,0.0,1.0,11.0,0.0,0.0,0.0,0.0,0.0,12.0,0.0,0.0,0.0,0.0,0.0,0.0,0.0,0.0,0.0,1.0,1.0,0.0,0.0,0.0,0.0,1.0,1.0,1.0,0.0,0.0,0.0,0.0,0.0,0.0,1.0,1.0,0.0,0.0,0.0,0.0,0.0,1.0,1.0,0.0,1517687721.0,2027.0,2027.0,3928.0,3928.0,3951.0,0.0,143.0,24477.0,23294.0,23248.0,76.0,0.0,0.0,0.0,261.0,0.0,0.0,43.0,47.0,46.0,19.0,41.0,556483648.0,0.0,6535450976.0,105816803584.0,707739328.0,0.0,0.0,1240.0,0.0,0.0,1744.0,92.0,2313.0
1687,0.0,1.0,1.0,1.0,0.0,1728000.0,1.0,1211250000.0,1.0,102000000.0,0.816662073135,11625.0,2133.0,3581.0,40000.0,40666.6666667,41500.0,90.0,25.0,64.0,896.0,5000.0,0.0,25.0,1000000.0,950000.0,1.0,0.0,0.0,10.0,0.0,0.0,100.0,500.0,30295707.0,752745467.0,683300003.0,0.0,0.0,0.0,0.0,0.0,1.0,1.0,1.0,1.0,1.0,0.0,0.0,1.0,0.0,0.0,0.0,0.0,0.0,31.0,1.0,18783501.0,285328926.0,19178609.0,31714904.0,760698294.0,1289.0,10499213628.0,0.0,1.0,1.0,0.0,1.0,0.0,0.0,1.0,1.0,1.0,1.0,2.0,1.0,0.0,0.0,0.0,2.0,0.0,0.0,1.0,1.0,3.0,50.0,50.0,1.0,0.0,0.0,0.0,0.0,0.0,0.0,0.0,0.0,0.0,0.0,2.0,2.0,0.0,1.0,1.0,0.0,1.0,0.0,0.0,0.0,0.0,0.0,1.0,0.0,0.0,1.0,0.0,0.0,0.0,1.0,11.0,0.0,0.0,0.0,0.0,0.0,12.0,0.0,0.0,0.0,0.0,0.0,0.0,0.0,0.0,0.0,1.0,1.0,0.0,0.0,0.0,0.0,1.0,1.0,1.0,0.0,0.0,0.0,0.0,0.0,0.0,1.0,1.0,0.0,0.0,0.0,0.0,0.0,1.0,1.0,0.0,1550402940.0,2041.0,2041.0,3971.0,3971.0,3996.0,0.0,130.0,25250.0,23113.0,23067.0,147.0,0.0,0.0,0.0,248.0,0.0,0.0,43.0,47.0,46.0,16.0,41.0,735645024.0,3021952.0,6497743232.0,80552899200.0,661435168.0,0.0,0.0,1289.0,0.0,0.0,1901.0,92.0,2308.0
1688,0.0,1.0,1.0,1.0,0.0,1728000.0,1.0,1211250000.0,1.0,102000000.0,0.823790073395,15857.0,3048.0,4876.0,39750.0,40500.0,41333.3333333,73.0,25.0,64.0,896.0,5000.0,0.0,25.0,1000000.0,950000.0,1.0,1.0,0.0,10.0,0.0,0.0,100.0,500.0,30224086.0,770170776.0,702190263.0,0.0,0.0,0.0,0.0,0.0,1.0,1.0,1.0,1.0,1.0,0.0,0.0,1.0,0.0,0.0,0.0,0.0,0.0,32.0,1.0,20712379.0,296261855.0,21342765.0,32120416.0,801088611.0,1328.0,11328741871.0,0.0,1.0,1.0,0.0,1.0,0.0,0.0,1.0,1.0,1.0,1.0,2.0,1.0,0.0,0.0,0.0,2.0,0.0,0.0,1.0,1.0,3.0,50.0,50.0,1.0,0.0,0.0,0.0,0.0,0.0,0.0,0.0,0.0,0.0,0.0,2.0,2.0,0.0,1.0,1.0,0.0,1.0,0.0,0.0,0.0,0.0,0.0,1.0,0.0,0.0,1.0,0.0,0.0,0.0,1.0,11.0,0.0,0.0,0.0,0.0,0.0,12.0,0.0,0.0,0.0,0.0,0.0,0.0,0.0,0.0,0.0,1.0,1.0,0.0,0.0,0.0,0.0,1.0,1.0,1.0,0.0,0.0,0.0,0.0,0.0,0.0,1.0,1.0,0.0,0.0,0.0,0.0,0.0,1.0,1.0,0.0,1621467636.0,2063.0,2063.0,4235.0,4235.0,4261.0,0.0,144.0,26664.0,23540.0,23488.0,112.0,0.0,0.0,0.0,232.0,0.0,0.0,49.0,53.0,52.0,20.0,47.0,1051519616.0,0.0,6895179360.0,80776028832.0,604500480.0,0.0,0.0,1328.0,0.0,0.0,1828.0,104.0,2259.0
1689,0.0,1.0,1.0,1.0,0.0,1728000.0,1.0,1211250000.0,1.0,102000000.0,0.870639801025,15059.0,2665.0,4496.0,39666.6666667,40333.3333333,41500.0,73.0,25.0,64.0,896.0,5000.0,0.0,25.0,1000000.0,950000.0,1.0,1.0,0.0,10.0,0.0,0.0,100.0,500.0,35306384.0,778059891.0,714679016.0,0.0,0.0,0.0,0.0,0.0,1.0,1.0,1.0,1.0,1.0,0.0,0.0,1.0,0.0,0.0,0.0,0.0,0.0,34.0,1.0,21116767.0,291784260.0,21847145.0,35674800.0,796115657.0,1567.0,11178128171.0,0.0,1.0,1.0,0.0,1.0,0.0,0.0,1.0,1.0,1.0,1.0,2.0,1.0,0.0,0.0,0.0,2.0,0.0,0.0,1.0,1.0,3.0,50.0,50.0,1.0,0.0,0.0,0.0,0.0,0.0,0.0,0.0,0.0,0.0,0.0,2.0,2.0,0.0,1.0,1.0,0.0,1.0,0.0,0.0,0.0,0.0,0.0,1.0,0.0,0.0,1.0,0.0,0.0,0.0,1.0,10.0,0.0,0.0,0.0,0.0,0.0,11.0,0.0,0.0,0.0,0.0,0.0,0.0,0.0,0.0,0.0,1.0,1.0,0.0,0.0,0.0,0.0,1.0,1.0,1.0,0.0,0.0,0.0,0.0,0.0,0.0,1.0,1.0,0.0,0.0,0.0,0.0,0.0,1.0,1.0,0.0,1557714215.0,2124.0,2124.0,4330.0,4330.0,4359.0,0.0,201.0,27111.0,23948.0,23894.0,161.0,0.0,0.0,0.0,324.0,0.0,0.0,49.0,55.0,54.0,16.0,47.0,864912352.0,0.0,6992627392.0,94644789216.0,712648320.0,0.0,0.0,1567.0,0.0,0.0,2146.0,108.0,2698.0
1690,0.0,1.0,1.0,1.0,0.0,1728000.0,1.0,1211250000.0,1.0,102000000.0,0.81583404541,15627.0,2743.0,4724.0,39750.0,40500.0,41500.0,73.0,25.0,64.0,896.0,5000.0,0.0,25.0,1000000.0,950000.0,1.0,1.0,0.0,10.0,0.0,0.0,100.0,500.0,30743277.0,787458434.0,720137901.0,0.0,0.0,0.0,0.0,0.0,1.0,1.0,1.0,1.0,1.0,0.0,0.0,1.0,0.0,0.0,0.0,0.0,0.0,32.0,1.0,20530904.0,307208908.0,20297206.0,33087657.0,790893587.0,1354.0,11086965970.0,0.0,1.0,1.0,0.0,1.0,0.0,0.0,1.0,1.0,1.0,1.0,2.0,1.0,0.0,0.0,0.0,2.0,0.0,0.0,1.0,1.0,3.0,50.0,50.0,1.0,0.0,0.0,0.0,0.0,0.0,0.0,0.0,0.0,0.0,0.0,2.0,2.0,0.0,1.0,1.0,0.0,1.0,0.0,0.0,0.0,0.0,0.0,1.0,0.0,0.0,1.0,0.0,0.0,0.0,1.0,11.0,0.0,0.0,0.0,0.0,0.0,12.0,0.0,0.0,0.0,0.0,0.0,0.0,0.0,0.0,0.0,1.0,1.0,0.0,0.0,0.0,0.0,1.0,1.0,1.0,0.0,0.0,0.0,0.0,0.0,0.0,1.0,1.0,0.0,0.0,0.0,0.0,0.0,1.0,1.0,0.0,1577806785.0,2095.0,2095.0,4133.0,4133.0,4162.0,0.0,176.0,26081.0,23513.0,23462.0,105.0,0.0,0.0,0.0,289.0,0.0,0.0,49.0,52.0,51.0,16.0,47.0,1078016928.0,0.0,6835917568.0,90724282688.0,658225824.0,0.0,0.0,1354.0,0.0,0.0,1936.0,102.0,2424.0
1691,0.0,1.0,0.0,1.0,0.0,1420800.0,1.0,318750000.0,1.0,102000000.0,0.863940954208,24017.0,1902.0,7697.0,39291.6666667,40000.0,41416.6666667,72.0,25.0,64.0,896.0,5000.0,0.0,25.0,1000000.0,950000.0,1.0,0.0,0.0,10.0,0.0,0.0,0.0,100.0,43366739.0,880047514.0,812477473.0,0.0,0.0,0.0,0.0,0.0,1.0,1.0,1.0,1.0,1.0,0.0,0.0,1.0,0.0,0.0,0.0,0.0,0.0,36.0,1.0,24911862.0,334075199.0,25600969.0,48466268.0,898946457.0,2368.0,13045537154.0,0.0,1.0,1.0,0.0,1.0,0.0,0.0,1.0,1.0,1.0,1.0,2.0,1.0,0.0,0.0,0.0,2.0,0.0,0.0,1.0,1.0,3.0,50.0,50.0,1.0,0.0,0.0,0.0,0.0,0.0,0.0,0.0,0.0,0.0,0.0,2.0,2.0,0.0,1.0,1.0,0.0,1.0,0.0,0.0,0.0,0.0,0.0,1.0,0.0,0.0,1.0,0.0,0.0,0.0,1.0,11.0,0.0,0.0,0.0,0.0,0.0,12.0,0.0,0.0,0.0,0.0,0.0,0.0,0.0,0.0,0.0,1.0,1.0,0.0,0.0,0.0,0.0,1.0,1.0,1.0,0.0,0.0,0.0,0.0,0.0,0.0,1.0,1.0,0.0,0.0,0.0,0.0,0.0,1.0,1.0,0.0,1731652083.0,2931.0,2931.0,5138.0,5138.0,5177.0,0.0,285.0,33431.0,26104.0,26014.0,172.0,0.0,0.0,0.0,363.0,0.0,0.0,85.0,91.0,90.0,49.0,83.0,1621486784.0,0.0,8319005952.0,126448241920.0,1267278336.0,0.0,0.0,2368.0,0.0,0.0,3055.0,180.0,3680.0
1692,0.0,1.0,0.0,1.0,0.0,1420800.0,1.0,318750000.0,1.0,102000000.0,0.905815124512,13953.0,1294.0,4420.0,39333.3333333,40166.6666667,41333.3333333,72.0,25.0,64.0,896.0,5000.0,0.0,25.0,1000000.0,950000.0,1.0,0.0,0.0,10.0,0.0,0.0,0.0,100.0,33891631.0,814162483.0,728182491.0,0.0,0.0,0.0,0.0,0.0,1.0,1.0,1.0,1.0,1.0,0.0,0.0,1.0,0.0,0.0,0.0,0.0,0.0,35.0,1.0,21731288.0,305653448.0,22184508.0,35611131.0,829317859.0,2180.0,11090115141.0,0.0,1.0,1.0,0.0,1.0,0.0,0.0,1.0,1.0,1.0,1.0,2.0,1.0,0.0,0.0,0.0,2.0,0.0,0.0,1.0,1.0,3.0,50.0,50.0,1.0,0.0,0.0,0.0,0.0,0.0,0.0,0.0,0.0,0.0,0.0,2.0,2.0,0.0,1.0,1.0,0.0,1.0,0.0,0.0,0.0,0.0,0.0,1.0,0.0,0.0,1.0,0.0,0.0,0.0,1.0,11.0,0.0,0.0,0.0,0.0,0.0,12.0,0.0,0.0,0.0,0.0,0.0,0.0,0.0,0.0,0.0,1.0,1.0,0.0,0.0,0.0,0.0,1.0,1.0,1.0,0.0,0.0,0.0,0.0,0.0,0.0,1.0,1.0,0.0,0.0,0.0,0.0,0.0,1.0,1.0,0.0,1631818352.0,2887.0,2887.0,4226.0,4226.0,4259.0,0.0,168.0,27183.0,23702.0,23649.0,169.0,0.0,0.0,0.0,227.0,0.0,0.0,49.0,54.0,53.0,19.0,47.0,577712992.0,0.0,7045809792.0,164263065312.0,1152121344.0,0.0,0.0,2180.0,0.0,0.0,2631.0,106.0,3331.0
1693,0.0,1.0,0.0,1.0,0.0,1420800.0,1.0,318750000.0,1.0,102000000.0,0.917080163956,10293.0,1218.0,3429.0,39416.6666667,40000.0,41500.0,72.0,25.0,64.0,896.0,5000.0,0.0,25.0,1000000.0,950000.0,1.0,0.0,0.0,10.0,0.0,0.0,0.0,100.0,31305471.0,764008815.0,706553708.0,0.0,0.0,0.0,0.0,0.0,1.0,1.0,1.0,1.0,1.0,0.0,0.0,1.0,0.0,0.0,0.0,0.0,0.0,30.0,1.0,20246274.0,284737694.0,20433947.0,33653119.0,783008756.0,1577.0,10464047531.0,0.0,1.0,1.0,0.0,1.0,0.0,0.0,1.0,1.0,1.0,1.0,2.0,1.0,0.0,0.0,0.0,2.0,0.0,0.0,1.0,1.0,3.0,50.0,50.0,1.0,0.0,0.0,0.0,0.0,0.0,0.0,0.0,0.0,0.0,0.0,2.0,2.0,0.0,1.0,1.0,0.0,1.0,0.0,0.0,0.0,0.0,0.0,1.0,0.0,0.0,1.0,0.0,0.0,0.0,1.0,11.0,0.0,0.0,0.0,0.0,0.0,12.0,0.0,0.0,0.0,0.0,0.0,0.0,0.0,0.0,0.0,1.0,1.0,0.0,0.0,0.0,0.0,1.0,1.0,1.0,0.0,0.0,0.0,0.0,0.0,0.0,1.0,1.0,0.0,0.0,0.0,0.0,0.0,1.0,1.0,0.0,1545639051.0,2233.0,2233.0,3877.0,3877.0,3907.0,0.0,146.0,24407.0,23239.0,23192.0,68.0,0.0,0.0,0.0,197.0,0.0,0.0,43.0,48.0,47.0,18.0,41.0,1151999264.0,883584.0,6480355104.0,92252332992.0,1061484512.0,0.0,0.0,1577.0,0.0,0.0,1973.0,94.0,2583.0
1694,0.0,1.0,0.0,1.0,0.0,1420800.0,1.0,318750000.0,1.0,102000000.0,0.9181439876559999,21959.0,1827.0,7772.0,39350.0,40000.0,41500.0,94.0,25.0,64.0,896.0,5000.0,0.0,25.0,1000000.0,950000.0,1.0,1.0,0.0,10.0,0.0,0.0,0.0,100.0,39564904.0,836301184.0,781051300.0,0.0,0.0,0.0,0.0,0.0,1.0,1.0,1.0,1.0,1.0,0.0,0.0,1.0,0.0,0.0,0.0,0.0,0.0,33.0,1.0,25978055.0,325448431.0,26374926.0,42287173.0,872085620.0,1957.0,13206597087.0,0.0,1.0,1.0,0.0,1.0,0.0,0.0,1.0,1.0,1.0,1.0,2.0,1.0,0.0,0.0,0.0,2.0,0.0,0.0,1.0,1.0,3.0,50.0,50.0,1.0,0.0,0.0,0.0,0.0,0.0,0.0,0.0,0.0,0.0,0.0,2.0,2.0,0.0,1.0,1.0,0.0,1.0,0.0,0.0,0.0,0.0,0.0,1.0,0.0,0.0,1.0,0.0,0.0,0.0,1.0,11.0,0.0,0.0,0.0,0.0,0.0,12.0,0.0,0.0,0.0,0.0,0.0,0.0,0.0,0.0,0.0,1.0,1.0,0.0,0.0,0.0,0.0,1.0,1.0,1.0,0.0,0.0,0.0,0.0,0.0,0.0,1.0,1.0,0.0,0.0,0.0,0.0,0.0,1.0,1.0,0.0,1674842759.0,2800.0,2800.0,4861.0,4861.0,4903.0,0.0,215.0,29747.0,24985.0,24908.0,127.0,0.0,0.0,0.0,269.0,0.0,0.0,73.0,78.0,77.0,35.0,71.0,1166361216.0,0.0,8271972640.0,132434696768.0,1478906048.0,0.0,0.0,1957.0,0.0,0.0,2437.0,154.0,3064.0
1695,0.0,1.0,0.0,1.0,0.0,1420800.0,1.0,318750000.0,1.0,102000000.0,0.9490079879760001,14640.0,1371.0,5105.0,39333.3333333,40000.0,41500.0,94.0,25.0,64.0,896.0,5000.0,0.0,25.0,1000000.0,950000.0,1.0,1.0,0.0,10.0,0.0,0.0,0.0,100.0,32786570.0,789534787.0,722262875.0,0.0,0.0,0.0,0.0,0.0,1.0,1.0,1.0,1.0,1.0,0.0,0.0,1.0,0.0,0.0,0.0,0.0,0.0,35.0,1.0,22143721.0,287748222.0,22333765.0,33151985.0,800524966.0,1806.0,11286493041.0,0.0,1.0,1.0,0.0,1.0,0.0,0.0,1.0,1.0,1.0,1.0,2.0,1.0,0.0,0.0,0.0,2.0,0.0,0.0,1.0,1.0,3.0,50.0,50.0,1.0,0.0,0.0,0.0,0.0,0.0,0.0,0.0,0.0,0.0,0.0,2.0,2.0,0.0,1.0,1.0,0.0,1.0,0.0,0.0,0.0,0.0,0.0,1.0,0.0,0.0,1.0,0.0,0.0,0.0,1.0,11.0,0.0,0.0,0.0,0.0,0.0,12.0,0.0,0.0,0.0,0.0,0.0,0.0,0.0,0.0,0.0,1.0,1.0,0.0,0.0,0.0,0.0,1.0,1.0,1.0,0.0,0.0,0.0,0.0,0.0,0.0,1.0,1.0,0.0,0.0,0.0,0.0,0.0,1.0,1.0,0.0,1565022861.0,2390.0,2390.0,4038.0,4038.0,4074.0,0.0,192.0,25910.0,23526.0,23475.0,58.0,0.0,0.0,0.0,221.0,0.0,0.0,49.0,52.0,51.0,22.0,47.0,1278131200.0,1171136.0,6835549280.0,150819478848.0,1294165952.0,0.0,0.0,1806.0,0.0,0.0,2266.0,102.0,2637.0
1696,0.0,1.0,0.0,1.0,0.0,1420800.0,1.0,318750000.0,1.0,102000000.0,0.900212049484,10446.0,990.0,3277.0,39437.5,40000.0,41000.0,94.0,25.0,64.0,896.0,5000.0,0.0,25.0,1000000.0,950000.0,1.0,1.0,0.0,10.0,0.0,0.0,0.0,100.0,34330352.0,789317613.0,735059608.0,0.0,0.0,0.0,0.0,0.0,1.0,1.0,1.0,1.0,1.0,0.0,0.0,1.0,0.0,0.0,0.0,0.0,0.0,32.0,1.0,21977712.0,298847698.0,22403201.0,34695334.0,816729861.0,1854.0,11068091940.0,0.0,1.0,1.0,0.0,1.0,0.0,0.0,1.0,1.0,1.0,1.0,2.0,1.0,0.0,0.0,0.0,2.0,0.0,0.0,1.0,1.0,3.0,50.0,50.0,1.0,0.0,0.0,0.0,0.0,0.0,0.0,0.0,0.0,0.0,0.0,2.0,2.0,0.0,1.0,1.0,0.0,1.0,0.0,0.0,0.0,0.0,0.0,1.0,0.0,0.0,1.0,0.0,0.0,0.0,1.0,11.0,0.0,0.0,0.0,0.0,0.0,12.0,0.0,0.0,0.0,0.0,0.0,0.0,0.0,0.0,0.0,1.0,1.0,0.0,0.0,0.0,0.0,1.0,1.0,1.0,0.0,0.0,0.0,0.0,0.0,0.0,1.0,1.0,0.0,0.0,0.0,0.0,0.0,1.0,1.0,0.0,1606149082.0,2382.0,2382.0,4263.0,4263.0,4298.0,0.0,167.0,26520.0,23666.0,23613.0,123.0,0.0,0.0,0.0,246.0,0.0,0.0,49.0,54.0,53.0,21.0,47.0,736477824.0,544576.0,7097931520.0,96478866400.0,1172783712.0,0.0,0.0,1854.0,0.0,0.0,2280.0,106.0,2751.0
1697,0.0,1.0,0.0,1.0,0.0,1420800.0,1.0,318750000.0,1.0,102000000.0,0.896746873856,10598.0,1142.0,3581.0,39250.0,40000.0,41166.6666667,95.0,25.0,64.0,896.0,5000.0,0.0,25.0,1000000.0,950000.0,1.0,0.0,0.0,10.0,0.0,0.0,0.0,500.0,30497989.0,809906664.0,741763761.0,0.0,0.0,0.0,0.0,0.0,1.0,1.0,1.0,1.0,1.0,0.0,0.0,1.0,0.0,0.0,0.0,0.0,0.0,38.0,1.0,21417075.0,285984409.0,22321106.0,33720791.0,831306240.0,1926.0,11146565875.0,0.0,1.0,1.0,0.0,1.0,0.0,0.0,1.0,1.0,1.0,1.0,2.0,1.0,0.0,0.0,0.0,2.0,0.0,0.0,1.0,1.0,3.0,50.0,50.0,1.0,0.0,0.0,0.0,0.0,0.0,0.0,0.0,0.0,0.0,0.0,2.0,2.0,0.0,1.0,1.0,0.0,1.0,0.0,0.0,0.0,0.0,0.0,1.0,0.0,0.0,1.0,0.0,0.0,0.0,1.0,10.0,0.0,0.0,0.0,0.0,0.0,11.0,0.0,0.0,0.0,0.0,0.0,0.0,0.0,0.0,0.0,1.0,1.0,0.0,0.0,0.0,0.0,1.0,1.0,1.0,0.0,0.0,0.0,0.0,0.0,0.0,1.0,1.0,0.0,0.0,0.0,0.0,0.0,1.0,1.0,0.0,1586571994.0,2527.0,2527.0,4117.0,4117.0,4147.0,0.0,160.0,24457.0,23380.0,23334.0,86.0,0.0,0.0,0.0,186.0,0.0,0.0,43.0,47.0,46.0,17.0,41.0,619112256.0,0.0,6845441280.0,67874276512.0,1111340192.0,0.0,0.0,1926.0,0.0,0.0,2345.0,92.0,3013.0
1698,0.0,1.0,0.0,1.0,0.0,1420800.0,1.0,318750000.0,1.0,102000000.0,0.911456823349,14334.0,1294.0,4800.0,39312.5,40000.0,41125.0,95.0,25.0,64.0,896.0,5000.0,0.0,25.0,1000000.0,950000.0,1.0,0.0,0.0,10.0,0.0,0.0,0.0,500.0,36298254.0,820294352.0,742645063.0,0.0,0.0,0.0,0.0,0.0,1.0,1.0,1.0,1.0,1.0,0.0,0.0,1.0,0.0,0.0,0.0,0.0,0.0,34.0,1.0,23596495.0,292884083.0,23845822.0,37982935.0,827503760.0,1842.0,12051485699.0,0.0,1.0,1.0,0.0,1.0,0.0,0.0,1.0,1.0,1.0,1.0,2.0,1.0,0.0,0.0,0.0,2.0,0.0,0.0,1.0,1.0,3.0,50.0,50.0,1.0,0.0,0.0,0.0,0.0,0.0,0.0,0.0,0.0,0.0,0.0,2.0,2.0,0.0,1.0,1.0,0.0,1.0,0.0,0.0,0.0,0.0,0.0,1.0,0.0,0.0,1.0,0.0,0.0,0.0,1.0,11.0,0.0,0.0,0.0,0.0,0.0,12.0,0.0,0.0,0.0,0.0,0.0,0.0,0.0,0.0,0.0,1.0,1.0,0.0,0.0,0.0,0.0,1.0,1.0,1.0,0.0,0.0,0.0,0.0,0.0,0.0,1.0,1.0,0.0,0.0,0.0,0.0,0.0,1.0,1.0,0.0,1579777818.0,2373.0,2373.0,4370.0,4370.0,4411.0,0.0,196.0,27615.0,24154.0,24095.0,92.0,0.0,0.0,0.0,239.0,0.0,0.0,55.0,60.0,59.0,26.0,53.0,727293536.0,0.0,7546140640.0,105712080288.0,1490283360.0,0.0,0.0,1842.0,0.0,0.0,2285.0,118.0,2751.0
1699,0.0,1.0,0.0,1.0,0.0,1420800.0,1.0,318750000.0,1.0,102000000.0,0.8981370925900001,17498.0,1599.0,5639.0,39375.0,40000.0,41125.0,95.0,25.0,64.0,896.0,5000.0,0.0,25.0,1000000.0,950000.0,1.0,0.0,0.0,10.0,0.0,0.0,0.0,500.0,38067763.0,836525568.0,771168406.0,0.0,0.0,0.0,0.0,0.0,1.0,1.0,1.0,1.0,1.0,0.0,0.0,1.0,0.0,0.0,0.0,0.0,0.0,32.0,1.0,23435900.0,317083972.0,24029467.0,38968170.0,852495748.0,1897.0,12125902234.0,0.0,1.0,1.0,0.0,1.0,0.0,0.0,1.0,1.0,1.0,1.0,2.0,1.0,0.0,0.0,0.0,2.0,0.0,0.0,1.0,1.0,3.0,50.0,50.0,1.0,0.0,0.0,0.0,0.0,0.0,0.0,0.0,0.0,0.0,0.0,2.0,2.0,0.0,1.0,1.0,0.0,1.0,0.0,0.0,0.0,0.0,0.0,1.0,0.0,0.0,1.0,0.0,0.0,0.0,1.0,11.0,0.0,0.0,0.0,0.0,0.0,12.0,0.0,0.0,0.0,0.0,0.0,0.0,0.0,0.0,0.0,1.0,1.0,0.0,0.0,0.0,0.0,1.0,1.0,1.0,0.0,0.0,0.0,0.0,0.0,0.0,1.0,1.0,0.0,0.0,0.0,0.0,0.0,1.0,1.0,0.0,1614030230.0,2572.0,2572.0,4569.0,4569.0,4609.0,0.0,185.0,28137.0,24385.0,24320.0,115.0,0.0,0.0,0.0,251.0,0.0,0.0,61.0,66.0,65.0,21.0,59.0,669434048.0,3628480.0,7675530624.0,124540565664.0,1202594368.0,0.0,0.0,1897.0,0.0,0.0,2400.0,130.0,2930.0
1700,0.0,1.0,0.0,1.0,0.0,1420800.0,1.0,318750000.0,1.0,102000000.0,0.8971681594850001,14143.0,1294.0,4572.0,39250.0,40166.6666667,41166.6666667,97.0,25.0,64.0,896.0,5000.0,0.0,25.0,1000000.0,950000.0,1.0,1.0,0.0,10.0,0.0,0.0,0.0,500.0,33151918.0,775583011.0,727781834.0,0.0,0.0,0.0,0.0,0.0,1.0,1.0,1.0,1.0,1.0,0.0,0.0,1.0,0.0,0.0,0.0,0.0,0.0,29.0,1.0,23006268.0,300349817.0,22978599.0,34036595.0,798293190.0,1911.0,10982895290.0,0.0,1.0,1.0,0.0,1.0,0.0,0.0,1.0,1.0,1.0,1.0,2.0,1.0,0.0,0.0,0.0,2.0,0.0,0.0,1.0,1.0,3.0,50.0,50.0,1.0,0.0,0.0,0.0,0.0,0.0,0.0,0.0,0.0,0.0,0.0,2.0,2.0,0.0,1.0,1.0,0.0,1.0,0.0,0.0,0.0,0.0,0.0,1.0,0.0,0.0,1.0,0.0,0.0,0.0,1.0,11.0,0.0,0.0,0.0,0.0,0.0,12.0,0.0,0.0,0.0,0.0,0.0,0.0,0.0,0.0,0.0,1.0,1.0,0.0,0.0,0.0,0.0,1.0,1.0,1.0,0.0,0.0,0.0,0.0,0.0,0.0,1.0,1.0,0.0,0.0,0.0,0.0,0.0,1.0,1.0,0.0,1558596798.0,2594.0,2594.0,4019.0,4019.0,4068.0,0.0,145.0,26015.0,23440.0,23389.0,87.0,0.0,0.0,0.0,205.0,0.0,0.0,49.0,52.0,51.0,26.0,47.0,768031072.0,0.0,6847674976.0,91269525664.0,1061706016.0,0.0,0.0,1911.0,0.0,0.0,2347.0,102.0,2802.0
1701,0.0,1.0,0.0,1.0,0.0,1420800.0,1.0,318750000.0,1.0,102000000.0,0.895525217056,13991.0,1370.0,4876.0,39375.0,40000.0,41125.0,97.0,25.0,64.0,896.0,5000.0,0.0,25.0,1000000.0,950000.0,1.0,1.0,0.0,10.0,0.0,0.0,0.0,500.0,31901324.0,803119865.0,735506087.0,0.0,0.0,0.0,0.0,0.0,1.0,1.0,1.0,1.0,1.0,0.0,0.0,1.0,0.0,0.0,0.0,0.0,0.0,35.0,1.0,23478342.0,297944248.0,24311217.0,36233909.0,824092208.0,1715.0,12490290721.0,0.0,1.0,1.0,0.0,1.0,0.0,0.0,1.0,1.0,1.0,1.0,2.0,1.0,0.0,0.0,0.0,2.0,0.0,0.0,1.0,1.0,3.0,50.0,50.0,1.0,0.0,0.0,0.0,0.0,0.0,0.0,0.0,0.0,0.0,0.0,2.0,2.0,0.0,1.0,1.0,0.0,1.0,0.0,0.0,0.0,0.0,0.0,1.0,0.0,0.0,1.0,0.0,0.0,0.0,1.0,11.0,0.0,0.0,0.0,0.0,0.0,12.0,0.0,0.0,0.0,0.0,0.0,0.0,0.0,0.0,0.0,1.0,1.0,0.0,0.0,0.0,0.0,1.0,1.0,1.0,0.0,0.0,0.0,0.0,0.0,0.0,1.0,1.0,0.0,0.0,0.0,0.0,0.0,1.0,1.0,0.0,1588999441.0,2430.0,2430.0,4476.0,4476.0,4519.0,0.0,205.0,27458.0,23956.0,23898.0,69.0,0.0,0.0,0.0,240.0,0.0,0.0,55.0,59.0,58.0,29.0,53.0,960358848.0,0.0,7666465728.0,132607078272.0,1066501920.0,0.0,0.0,1715.0,0.0,0.0,2190.0,116.0,2741.0
1702,0.0,1.0,0.0,1.0,0.0,1420800.0,1.0,318750000.0,1.0,102000000.0,0.904383897781,17613.0,1523.0,5715.0,39300.0,40100.0,41200.0,97.0,25.0,64.0,896.0,5000.0,0.0,25.0,1000000.0,950000.0,1.0,1.0,0.0,10.0,0.0,0.0,0.0,500.0,36456248.0,856872693.0,770640596.0,0.0,0.0,0.0,0.0,0.0,1.0,1.0,1.0,1.0,1.0,0.0,0.0,1.0,0.0,0.0,0.0,0.0,0.0,35.0,1.0,22872888.0,312887815.0,23401749.0,42456040.0,870924896.0,2134.0,12338516440.0,0.0,1.0,1.0,0.0,1.0,0.0,0.0,1.0,1.0,1.0,1.0,2.0,1.0,0.0,0.0,0.0,2.0,0.0,0.0,1.0,1.0,3.0,50.0,50.0,1.0,0.0,0.0,0.0,0.0,0.0,0.0,0.0,0.0,0.0,0.0,2.0,2.0,0.0,1.0,1.0,0.0,1.0,0.0,0.0,0.0,0.0,0.0,1.0,0.0,0.0,1.0,0.0,0.0,0.0,1.0,10.0,0.0,0.0,0.0,0.0,0.0,11.0,0.0,0.0,0.0,0.0,0.0,0.0,0.0,0.0,0.0,1.0,1.0,0.0,0.0,0.0,0.0,1.0,1.0,1.0,0.0,0.0,0.0,0.0,0.0,0.0,1.0,1.0,0.0,0.0,0.0,0.0,0.0,1.0,1.0,0.0,1664198516.0,2777.0,2777.0,4579.0,4579.0,4635.0,0.0,218.0,29592.0,24762.0,24690.0,109.0,0.0,0.0,0.0,309.0,0.0,0.0,67.0,73.0,72.0,35.0,65.0,988650784.0,698848.0,7799307488.0,189470067680.0,1285261760.0,0.0,0.0,2134.0,0.0,0.0,2745.0,144.0,3236.0
1703,0.0,1.0,0.0,1.0,0.0,1420800.0,1.0,318750000.0,1.0,102000000.0,0.8778800964360001,17613.0,1598.0,5639.0,39312.5,40125.0,41250.0,87.0,25.0,64.0,896.0,5000.0,0.0,25.0,1000000.0,950000.0,1.0,0.0,0.0,10.0,0.0,0.0,100.0,100.0,34921134.0,818007395.0,757045751.0,0.0,0.0,0.0,0.0,0.0,1.0,1.0,1.0,1.0,1.0,0.0,0.0,1.0,0.0,0.0,0.0,0.0,0.0,34.0,1.0,22747667.0,308269507.0,23751585.0,39806936.0,842791106.0,1674.0,12357511575.0,0.0,1.0,1.0,0.0,1.0,0.0,0.0,1.0,1.0,1.0,1.0,2.0,1.0,0.0,0.0,0.0,2.0,0.0,0.0,1.0,1.0,3.0,50.0,50.0,1.0,0.0,0.0,0.0,0.0,0.0,0.0,0.0,0.0,0.0,0.0,2.0,2.0,0.0,1.0,1.0,0.0,1.0,0.0,0.0,0.0,0.0,0.0,1.0,0.0,0.0,1.0,0.0,0.0,0.0,1.0,11.0,0.0,0.0,0.0,0.0,0.0,12.0,0.0,0.0,0.0,0.0,0.0,0.0,0.0,0.0,0.0,1.0,1.0,0.0,0.0,0.0,0.0,1.0,1.0,1.0,0.0,0.0,0.0,0.0,0.0,0.0,1.0,1.0,0.0,0.0,0.0,0.0,0.0,1.0,1.0,0.0,1639567270.0,2345.0,2345.0,4374.0,4374.0,4407.0,0.0,180.0,28272.0,24343.0,24278.0,101.0,0.0,0.0,0.0,230.0,0.0,0.0,61.0,66.0,65.0,31.0,59.0,769995008.0,0.0,7673870624.0,114168047424.0,1161952288.0,0.0,0.0,1674.0,0.0,0.0,2135.0,130.0,2761.0
1704,0.0,1.0,0.0,1.0,0.0,1420800.0,1.0,318750000.0,1.0,102000000.0,0.903945922852,14182.0,1371.0,4724.0,39166.6666667,40166.6666667,41333.3333333,87.0,25.0,64.0,896.0,5000.0,0.0,25.0,1000000.0,950000.0,1.0,0.0,0.0,10.0,0.0,0.0,100.0,100.0,32966562.0,780198186.0,734458641.0,0.0,0.0,0.0,0.0,0.0,1.0,1.0,1.0,1.0,1.0,0.0,0.0,1.0,0.0,0.0,0.0,0.0,0.0,31.0,1.0,21611006.0,308715997.0,22379841.0,33706135.0,797606862.0,1689.0,10987357193.0,0.0,1.0,1.0,0.0,1.0,0.0,0.0,1.0,1.0,1.0,1.0,2.0,1.0,0.0,0.0,0.0,2.0,0.0,0.0,1.0,1.0,3.0,50.0,50.0,1.0,0.0,0.0,0.0,0.0,0.0,0.0,0.0,0.0,0.0,0.0,2.0,2.0,0.0,1.0,1.0,0.0,1.0,0.0,0.0,0.0,0.0,0.0,1.0,0.0,0.0,1.0,0.0,0.0,0.0,1.0,11.0,0.0,0.0,0.0,0.0,0.0,12.0,0.0,0.0,0.0,0.0,0.0,0.0,0.0,0.0,0.0,1.0,1.0,0.0,0.0,0.0,0.0,1.0,1.0,1.0,0.0,0.0,0.0,0.0,0.0,0.0,1.0,1.0,0.0,0.0,0.0,0.0,0.0,1.0,1.0,0.0,1561369875.0,2296.0,2296.0,4041.0,4041.0,4081.0,0.0,149.0,26016.0,23616.0,23563.0,83.0,0.0,0.0,0.0,244.0,0.0,0.0,49.0,54.0,53.0,19.0,47.0,920826688.0,0.0,6873762720.0,128547860000.0,1064378880.0,0.0,0.0,1689.0,0.0,0.0,2235.0,106.0,2739.0
1705,0.0,1.0,0.0,1.0,0.0,1420800.0,1.0,318750000.0,1.0,102000000.0,0.90829205513,13991.0,1294.0,4572.0,39291.6666667,39916.6666667,41083.3333333,87.0,25.0,64.0,896.0,5000.0,0.0,25.0,1000000.0,950000.0,1.0,0.0,0.0,10.0,0.0,0.0,100.0,100.0,39903463.0,840870555.0,764899045.0,0.0,0.0,0.0,0.0,0.0,1.0,1.0,1.0,1.0,1.0,0.0,0.0,1.0,0.0,0.0,0.0,0.0,0.0,31.0,1.0,25146459.0,322786598.0,25548597.0,39916389.0,867327262.0,2263.0,12366454317.0,0.0,1.0,1.0,0.0,1.0,0.0,0.0,1.0,1.0,1.0,1.0,2.0,1.0,0.0,0.0,0.0,2.0,0.0,0.0,1.0,1.0,3.0,50.0,50.0,1.0,0.0,0.0,0.0,0.0,0.0,0.0,0.0,0.0,0.0,0.0,2.0,2.0,0.0,1.0,1.0,0.0,1.0,0.0,0.0,0.0,0.0,0.0,1.0,0.0,0.0,1.0,0.0,0.0,0.0,1.0,11.0,0.0,0.0,0.0,0.0,0.0,12.0,0.0,0.0,0.0,0.0,0.0,0.0,0.0,0.0,0.0,1.0,1.0,0.0,0.0,0.0,0.0,1.0,1.0,1.0,0.0,0.0,0.0,0.0,0.0,0.0,1.0,1.0,0.0,0.0,0.0,0.0,0.0,1.0,1.0,0.0,1688663502.0,2768.0,2768.0,4717.0,4717.0,4768.0,0.0,240.0,30283.0,24977.0,24905.0,149.0,0.0,0.0,0.0,319.0,0.0,0.0,67.0,73.0,72.0,31.0,65.0,1058991872.0,827264.0,8002899168.0,136970869120.0,1361206240.0,0.0,0.0,2263.0,0.0,0.0,2849.0,144.0,3459.0
1706,0.0,1.0,0.0,1.0,0.0,1420800.0,1.0,318750000.0,1.0,102000000.0,0.901018857956,27906.0,2207.0,9448.0,39214.2857143,39928.5714286,41071.4285714,87.0,25.0,64.0,896.0,5000.0,0.0,25.0,1000000.0,950000.0,1.0,1.0,0.0,10.0,0.0,0.0,100.0,100.0,47541066.0,924845192.0,858721447.0,0.0,0.0,0.0,0.0,0.0,1.0,1.0,1.0,1.0,1.0,0.0,0.0,1.0,0.0,0.0,0.0,0.0,0.0,32.0,1.0,26797029.0,366031886.0,27796217.0,49527143.0,955632434.0,2493.0,14509753260.0,0.0,1.0,1.0,0.0,1.0,0.0,0.0,1.0,1.0,1.0,1.0,2.0,1.0,0.0,0.0,0.0,2.0,0.0,0.0,1.0,1.0,3.0,50.0,50.0,1.0,0.0,0.0,0.0,0.0,0.0,0.0,0.0,0.0,0.0,0.0,2.0,2.0,0.0,1.0,1.0,0.0,1.0,0.0,0.0,0.0,0.0,0.0,1.0,0.0,0.0,1.0,0.0,0.0,0.0,1.0,10.0,0.0,0.0,0.0,0.0,0.0,11.0,0.0,0.0,0.0,0.0,0.0,0.0,0.0,0.0,0.0,1.0,1.0,0.0,0.0,0.0,0.0,1.0,1.0,1.0,0.0,0.0,0.0,0.0,0.0,0.0,1.0,1.0,0.0,0.0,0.0,0.0,0.0,1.0,1.0,0.0,1822713874.0,3196.0,3196.0,5380.0,5380.0,5430.0,0.0,295.0,35236.0,26743.0,26641.0,144.0,0.0,0.0,0.0,373.0,0.0,0.0,97.0,103.0,102.0,46.0,95.0,1161044160.0,0.0,9142166624.0,133069328864.0,1406517984.0,0.0,0.0,2493.0,0.0,0.0,3205.0,204.0,3897.0
1707,0.0,1.0,0.0,1.0,0.0,1420800.0,1.0,318750000.0,1.0,102000000.0,0.8763279914859999,20320.0,1827.0,6401.0,39250.0,40000.0,41166.6666667,87.0,25.0,64.0,896.0,5000.0,0.0,25.0,1000000.0,950000.0,1.0,1.0,0.0,10.0,0.0,0.0,100.0,100.0,36119941.0,820092155.0,749045201.0,0.0,0.0,0.0,0.0,0.0,1.0,1.0,1.0,1.0,1.0,0.0,0.0,1.0,0.0,0.0,0.0,0.0,0.0,35.0,1.0,23618761.0,310936534.0,23795371.0,39877509.0,846294691.0,2445.0,11777680222.0,0.0,1.0,1.0,0.0,1.0,0.0,0.0,1.0,1.0,1.0,1.0,2.0,1.0,0.0,0.0,0.0,2.0,0.0,0.0,1.0,1.0,3.0,50.0,50.0,1.0,0.0,0.0,0.0,0.0,0.0,0.0,0.0,0.0,0.0,0.0,2.0,2.0,0.0,1.0,1.0,0.0,1.0,0.0,0.0,0.0,0.0,0.0,1.0,0.0,0.0,1.0,0.0,0.0,0.0,1.0,11.0,0.0,0.0,0.0,0.0,0.0,12.0,0.0,0.0,0.0,0.0,0.0,0.0,0.0,0.0,0.0,1.0,1.0,0.0,0.0,0.0,0.0,1.0,1.0,1.0,0.0,0.0,0.0,0.0,0.0,0.0,1.0,1.0,0.0,0.0,0.0,0.0,0.0,1.0,1.0,0.0,1665833697.0,2956.0,2956.0,4418.0,4418.0,4454.0,0.0,178.0,29011.0,24492.0,24427.0,122.0,0.0,0.0,0.0,272.0,0.0,0.0,61.0,66.0,65.0,37.0,59.0,1161308640.0,0.0,7513488352.0,220284551968.0,1088262688.0,0.0,0.0,2445.0,0.0,0.0,2952.0,130.0,3524.0
1708,0.0,1.0,0.0,1.0,0.0,1420800.0,1.0,318750000.0,1.0,102000000.0,0.892168045044,13725.0,1370.0,4496.0,39166.6666667,40333.3333333,41166.6666667,87.0,25.0,64.0,896.0,5000.0,0.0,25.0,1000000.0,950000.0,1.0,1.0,0.0,10.0,0.0,0.0,100.0,100.0,34024225.0,807859576.0,737494254.0,0.0,0.0,0.0,0.0,0.0,1.0,1.0,1.0,1.0,1.0,0.0,0.0,1.0,0.0,0.0,0.0,0.0,0.0,31.0,1.0,20966355.0,304974770.0,21663128.0,35480592.0,825907314.0,2041.0,11121902546.0,0.0,1.0,1.0,0.0,1.0,0.0,0.0,1.0,1.0,1.0,1.0,2.0,1.0,0.0,0.0,0.0,2.0,0.0,0.0,1.0,1.0,3.0,50.0,50.0,1.0,0.0,0.0,0.0,0.0,0.0,0.0,0.0,0.0,0.0,0.0,2.0,2.0,0.0,1.0,1.0,0.0,1.0,0.0,0.0,0.0,0.0,0.0,1.0,0.0,0.0,1.0,0.0,0.0,0.0,1.0,11.0,0.0,0.0,0.0,0.0,0.0,12.0,0.0,0.0,0.0,0.0,0.0,0.0,0.0,0.0,0.0,1.0,1.0,0.0,0.0,0.0,0.0,1.0,1.0,1.0,0.0,0.0,0.0,0.0,0.0,0.0,1.0,1.0,0.0,0.0,0.0,0.0,0.0,1.0,1.0,0.0,1622940347.0,2745.0,2745.0,3929.0,3929.0,3958.0,0.0,156.0,26154.0,23618.0,23566.0,101.0,0.0,0.0,0.0,247.0,0.0,0.0,49.0,53.0,52.0,24.0,47.0,984807520.0,0.0,6946128896.0,157551035328.0,947952832.0,0.0,0.0,2041.0,0.0,0.0,2607.0,104.0,3188.0
1709,0.0,1.0,0.0,1.0,0.0,1420800.0,1.0,318750000.0,1.0,102000000.0,0.904255867004,17194.0,1598.0,5181.0,39187.5,39875.0,41000.0,92.0,25.0,64.0,896.0,5000.0,0.0,25.0,1000000.0,950000.0,1.0,0.0,0.0,10.0,0.0,0.0,100.0,500.0,38378489.0,836734884.0,757643891.0,0.0,0.0,0.0,0.0,0.0,1.0,1.0,1.0,1.0,1.0,0.0,0.0,1.0,0.0,0.0,0.0,0.0,0.0,31.0,1.0,22910078.0,304997922.0,23579153.0,41668825.0,865391251.0,2195.0,12451516915.0,0.0,1.0,1.0,0.0,1.0,0.0,0.0,1.0,1.0,1.0,1.0,2.0,1.0,0.0,0.0,0.0,2.0,0.0,0.0,1.0,1.0,3.0,50.0,50.0,1.0,0.0,0.0,0.0,0.0,0.0,0.0,0.0,0.0,0.0,0.0,2.0,2.0,0.0,1.0,1.0,0.0,1.0,0.0,0.0,0.0,0.0,0.0,1.0,0.0,0.0,1.0,0.0,0.0,0.0,1.0,11.0,0.0,0.0,0.0,0.0,0.0,12.0,0.0,0.0,0.0,0.0,0.0,0.0,0.0,0.0,0.0,1.0,1.0,0.0,0.0,0.0,0.0,1.0,1.0,1.0,0.0,0.0,0.0,0.0,0.0,0.0,1.0,1.0,0.0,0.0,0.0,0.0,0.0,1.0,1.0,0.0,1696440863.0,2780.0,2780.0,4735.0,4735.0,4785.0,0.0,225.0,29511.0,24650.0,24584.0,163.0,0.0,0.0,0.0,284.0,0.0,0.0,61.0,67.0,66.0,30.0,59.0,1090638016.0,1409984.0,7969473120.0,168884893024.0,1674211520.0,0.0,0.0,2195.0,0.0,0.0,2783.0,132.0,3402.0
1710,0.0,1.0,0.0,1.0,0.0,1420800.0,1.0,318750000.0,1.0,102000000.0,0.912175893784,17232.0,1599.0,5334.0,39187.5,40000.0,41000.0,92.0,25.0,64.0,896.0,5000.0,0.0,25.0,1000000.0,950000.0,1.0,0.0,0.0,10.0,0.0,0.0,100.0,500.0,37524988.0,839990251.0,759246976.0,0.0,0.0,0.0,0.0,0.0,1.0,1.0,1.0,1.0,1.0,0.0,0.0,1.0,0.0,0.0,0.0,0.0,0.0,31.0,1.0,21797337.0,315409111.0,22958635.0,43307498.0,861758825.0,2646.0,11966571368.0,0.0,1.0,1.0,0.0,1.0,0.0,0.0,1.0,1.0,1.0,1.0,2.0,1.0,0.0,0.0,0.0,2.0,0.0,0.0,1.0,1.0,3.0,50.0,50.0,1.0,0.0,0.0,0.0,0.0,0.0,0.0,0.0,0.0,0.0,0.0,2.0,2.0,0.0,1.0,1.0,0.0,1.0,0.0,0.0,0.0,0.0,0.0,1.0,0.0,0.0,1.0,0.0,0.0,0.0,1.0,11.0,0.0,0.0,0.0,0.0,0.0,12.0,0.0,0.0,0.0,0.0,0.0,0.0,0.0,0.0,0.0,1.0,1.0,0.0,0.0,0.0,0.0,1.0,1.0,1.0,0.0,0.0,0.0,0.0,0.0,0.0,1.0,1.0,0.0,0.0,0.0,0.0,0.0,1.0,1.0,0.0,1658348452.0,3275.0,3275.0,4468.0,4468.0,4512.0,0.0,210.0,28693.0,24366.0,24300.0,163.0,0.0,0.0,0.0,266.0,0.0,0.0,61.0,67.0,66.0,23.0,59.0,1436303232.0,2895104.0,7621976160.0,129144381888.0,1322465440.0,0.0,0.0,2646.0,0.0,0.0,3212.0,132.0,3691.0
1711,0.0,1.0,0.0,1.0,0.0,1420800.0,1.0,318750000.0,1.0,102000000.0,0.907102108002,13991.0,1371.0,4420.0,39083.3333333,40000.0,41000.0,92.0,25.0,64.0,896.0,5000.0,0.0,25.0,1000000.0,950000.0,1.0,0.0,0.0,10.0,0.0,0.0,100.0,500.0,33846292.0,783997819.0,728984862.0,0.0,0.0,0.0,0.0,0.0,1.0,1.0,1.0,1.0,1.0,0.0,0.0,1.0,0.0,0.0,0.0,0.0,0.0,36.0,1.0,22272523.0,294978506.0,22649179.0,35449080.0,802101545.0,1954.0,11217450295.0,0.0,1.0,1.0,0.0,1.0,0.0,0.0,1.0,1.0,1.0,1.0,2.0,1.0,0.0,0.0,0.0,2.0,0.0,0.0,1.0,1.0,3.0,50.0,50.0,1.0,0.0,0.0,0.0,0.0,0.0,0.0,0.0,0.0,0.0,0.0,2.0,2.0,0.0,1.0,1.0,0.0,1.0,0.0,0.0,0.0,0.0,0.0,1.0,0.0,0.0,1.0,0.0,0.0,0.0,1.0,11.0,0.0,0.0,0.0,0.0,0.0,12.0,0.0,0.0,0.0,0.0,0.0,0.0,0.0,0.0,0.0,1.0,1.0,0.0,0.0,0.0,0.0,1.0,1.0,1.0,0.0,0.0,0.0,0.0,0.0,0.0,1.0,1.0,0.0,0.0,0.0,0.0,0.0,1.0,1.0,0.0,1568181570.0,2602.0,2602.0,4068.0,4068.0,4111.0,0.0,150.0,26667.0,23595.0,23543.0,112.0,0.0,0.0,0.0,211.0,0.0,0.0,49.0,53.0,52.0,19.0,47.0,726581024.0,0.0,7008024576.0,96231058848.0,1241626912.0,0.0,0.0,1954.0,0.0,0.0,2373.0,104.0,2971.0
1712,0.0,1.0,0.0,1.0,0.0,1420800.0,1.0,318750000.0,1.0,102000000.0,0.8963220119480001,23368.0,1827.0,8306.0,39250.0,40000.0,41200.0,78.0,25.0,64.0,896.0,5000.0,0.0,25.0,1000000.0,950000.0,1.0,1.0,0.0,10.0,0.0,0.0,100.0,500.0,40496314.0,870489347.0,794958184.0,0.0,0.0,0.0,0.0,0.0,1.0,1.0,1.0,1.0,1.0,0.0,0.0,1.0,0.0,0.0,0.0,0.0,0.0,33.0,1.0,25010088.0,324713812.0,25456230.0,43478379.0,900235725.0,2286.0,12986717496.0,0.0,1.0,1.0,0.0,1.0,0.0,0.0,1.0,1.0,1.0,1.0,2.0,1.0,0.0,0.0,0.0,2.0,0.0,0.0,1.0,1.0,3.0,50.0,50.0,1.0,0.0,0.0,0.0,0.0,0.0,0.0,0.0,0.0,0.0,0.0,2.0,2.0,0.0,1.0,1.0,0.0,1.0,0.0,0.0,0.0,0.0,0.0,1.0,0.0,0.0,1.0,0.0,0.0,0.0,1.0,11.0,0.0,0.0,0.0,0.0,0.0,12.0,0.0,0.0,0.0,0.0,0.0,0.0,0.0,0.0,0.0,1.0,1.0,0.0,0.0,0.0,0.0,1.0,1.0,1.0,0.0,0.0,0.0,0.0,0.0,0.0,1.0,1.0,0.0,0.0,0.0,0.0,0.0,1.0,1.0,0.0,1719170425.0,2974.0,2974.0,4961.0,4961.0,5011.0,0.0,240.0,30746.0,25029.0,24953.0,85.0,0.0,0.0,0.0,282.0,0.0,0.0,73.0,77.0,76.0,42.0,71.0,1232883072.0,855296.0,8174904896.0,139614468384.0,1650437824.0,0.0,0.0,2286.0,0.0,0.0,2795.0,152.0,3255.0
1713,0.0,1.0,0.0,1.0,0.0,1420800.0,1.0,318750000.0,1.0,102000000.0,0.894566774368,10522.0,1066.0,3734.0,39166.6666667,40000.0,41166.6666667,78.0,25.0,64.0,896.0,5000.0,0.0,25.0,1000000.0,950000.0,1.0,1.0,0.0,10.0,0.0,0.0,100.0,500.0,29066302.0,778863221.0,707563197.0,0.0,0.0,0.0,0.0,0.0,1.0,1.0,1.0,1.0,1.0,0.0,0.0,1.0,0.0,0.0,0.0,0.0,0.0,28.0,1.0,21699082.0,278941137.0,22166826.0,30761340.0,801470835.0,1402.0,11072026333.0,0.0,1.0,1.0,0.0,1.0,0.0,0.0,1.0,1.0,1.0,1.0,2.0,1.0,0.0,0.0,0.0,2.0,0.0,0.0,1.0,1.0,3.0,50.0,50.0,1.0,0.0,0.0,0.0,0.0,0.0,0.0,0.0,0.0,0.0,0.0,2.0,2.0,0.0,1.0,1.0,0.0,1.0,0.0,0.0,0.0,0.0,0.0,1.0,0.0,0.0,1.0,0.0,0.0,0.0,1.0,11.0,0.0,0.0,0.0,0.0,0.0,12.0,0.0,0.0,0.0,0.0,0.0,0.0,0.0,0.0,0.0,1.0,1.0,0.0,0.0,0.0,0.0,1.0,1.0,1.0,0.0,0.0,0.0,0.0,0.0,0.0,1.0,1.0,0.0,0.0,0.0,0.0,0.0,1.0,1.0,0.0,1557956191.0,2108.0,2108.0,3824.0,3824.0,3864.0,0.0,153.0,24253.0,23172.0,23125.0,67.0,0.0,0.0,0.0,208.0,0.0,0.0,43.0,48.0,47.0,17.0,41.0,614318048.0,0.0,6730754880.0,107342545408.0,1006799136.0,0.0,0.0,1402.0,0.0,0.0,1759.0,94.0,2294.0
1714,0.0,1.0,0.0,1.0,0.0,1420800.0,1.0,318750000.0,1.0,102000000.0,0.9137752056119999,14944.0,1371.0,5410.0,39166.6666667,40000.0,41333.3333333,78.0,25.0,64.0,896.0,5000.0,0.0,25.0,1000000.0,950000.0,1.0,1.0,0.0,10.0,0.0,0.0,100.0,500.0,32234902.0,820039224.0,756553580.0,0.0,0.0,0.0,0.0,0.0,1.0,1.0,1.0,1.0,1.0,0.0,0.0,1.0,0.0,0.0,0.0,0.0,0.0,30.0,1.0,22119311.0,301164916.0,22367817.0,35022750.0,846108741.0,2229.0,12005116452.0,0.0,1.0,1.0,0.0,1.0,0.0,0.0,1.0,1.0,1.0,1.0,2.0,1.0,0.0,0.0,0.0,2.0,0.0,0.0,1.0,1.0,3.0,50.0,50.0,1.0,0.0,0.0,0.0,0.0,0.0,0.0,0.0,0.0,0.0,0.0,2.0,2.0,0.0,1.0,1.0,0.0,1.0,0.0,0.0,0.0,0.0,0.0,1.0,0.0,0.0,1.0,0.0,0.0,0.0,1.0,11.0,0.0,0.0,0.0,0.0,0.0,12.0,0.0,0.0,0.0,0.0,0.0,0.0,0.0,0.0,0.0,1.0,1.0,0.0,0.0,0.0,0.0,1.0,1.0,1.0,0.0,0.0,0.0,0.0,0.0,0.0,1.0,1.0,0.0,0.0,0.0,0.0,0.0,1.0,1.0,0.0,1669790755.0,2806.0,2806.0,4550.0,4550.0,4591.0,0.0,161.0,26590.0,23613.0,23562.0,88.0,0.0,0.0,0.0,227.0,0.0,0.0,49.0,52.0,51.0,31.0,47.0,1063524352.0,0.0,7395339872.0,103612290944.0,1375428608.0,0.0,0.0,2229.0,0.0,0.0,2721.0,102.0,3116.0
1715,0.0,1.0,0.0,0.0,0.0,1113600.0,1.0,229500000.0,1.0,1062400000.0,0.35037994384800003,8538.0,838.0,2133.0,39125.0,40000.0,41000.0,73.0,25.0,64.0,896.0,5000.0,0.0,25.0,1000000.0,950000.0,1.0,0.0,0.0,10.0,0.0,0.0,0.0,100.0,23295967.0,607816988.0,584253594.0,0.0,0.0,0.0,0.0,0.0,1.0,1.0,1.0,1.0,1.0,0.0,0.0,1.0,0.0,0.0,0.0,0.0,0.0,31.0,1.0,15165665.0,269966015.0,15131653.0,25131533.0,622726865.0,1584.0,2554290170.0,0.0,1.0,1.0,0.0,1.0,0.0,0.0,1.0,1.0,1.0,1.0,2.0,1.0,0.0,0.0,0.0,2.0,0.0,0.0,1.0,1.0,3.0,50.0,50.0,1.0,0.0,0.0,0.0,0.0,0.0,0.0,0.0,0.0,0.0,0.0,2.0,2.0,0.0,1.0,1.0,0.0,1.0,0.0,0.0,0.0,0.0,0.0,1.0,0.0,0.0,1.0,0.0,0.0,0.0,1.0,10.0,0.0,0.0,0.0,0.0,0.0,11.0,0.0,0.0,0.0,0.0,0.0,0.0,0.0,0.0,0.0,1.0,1.0,0.0,0.0,0.0,0.0,1.0,1.0,1.0,0.0,0.0,0.0,0.0,0.0,0.0,1.0,1.0,0.0,0.0,0.0,0.0,0.0,1.0,1.0,0.0,1366028492.0,1417.0,1417.0,1290.0,1290.0,1325.0,0.0,66.0,21738.0,21803.0,21769.0,157.0,0.0,0.0,0.0,36.0,0.0,0.0,31.0,35.0,34.0,7.0,29.0,330907072.0,0.0,1719162752.0,25650186816.0,414494720.0,0.0,0.0,1584.0,0.0,0.0,1876.0,68.0,2240.0
1716,0.0,1.0,0.0,0.0,0.0,1113600.0,1.0,229500000.0,1.0,1062400000.0,0.352508068085,8537.0,837.0,2286.0,39500.0,40333.3333333,41000.0,73.0,25.0,64.0,896.0,5000.0,0.0,25.0,1000000.0,950000.0,1.0,0.0,0.0,10.0,0.0,0.0,0.0,100.0,25859016.0,634886915.0,621910050.0,0.0,0.0,0.0,0.0,0.0,1.0,1.0,1.0,1.0,1.0,0.0,0.0,1.0,0.0,0.0,0.0,0.0,0.0,33.0,1.0,15722312.0,282843525.0,15710441.0,27236647.0,625357689.0,1721.0,2704668617.0,0.0,1.0,1.0,0.0,1.0,0.0,0.0,1.0,1.0,1.0,1.0,2.0,1.0,0.0,0.0,0.0,2.0,0.0,0.0,1.0,1.0,3.0,50.0,50.0,1.0,0.0,0.0,0.0,0.0,0.0,0.0,0.0,0.0,0.0,0.0,2.0,2.0,0.0,1.0,1.0,0.0,1.0,0.0,0.0,0.0,0.0,0.0,1.0,0.0,0.0,1.0,0.0,0.0,0.0,1.0,10.0,0.0,0.0,0.0,0.0,0.0,11.0,0.0,0.0,0.0,0.0,0.0,0.0,0.0,0.0,0.0,1.0,1.0,0.0,0.0,0.0,0.0,1.0,1.0,1.0,0.0,0.0,0.0,0.0,0.0,0.0,1.0,1.0,0.0,0.0,0.0,0.0,0.0,1.0,1.0,0.0,1362724305.0,1620.0,1620.0,1373.0,1373.0,1401.0,0.0,72.0,23049.0,22105.0,22065.0,110.0,0.0,0.0,0.0,44.0,0.0,0.0,37.0,41.0,40.0,13.0,35.0,278131264.0,0.0,1772018304.0,93729164768.0,647377280.0,0.0,0.0,1721.0,0.0,0.0,1956.0,80.0,2085.0
1717,0.0,1.0,0.0,0.0,0.0,1113600.0,1.0,229500000.0,1.0,1062400000.0,0.34435892105099997,21951.0,2132.0,6020.0,39583.3333333,40000.0,41000.0,73.0,25.0,64.0,896.0,5000.0,0.0,25.0,1000000.0,950000.0,1.0,0.0,0.0,10.0,0.0,0.0,0.0,100.0,33773058.0,650213955.0,656969311.0,0.0,0.0,0.0,0.0,0.0,1.0,1.0,1.0,1.0,1.0,0.0,0.0,1.0,0.0,0.0,0.0,0.0,0.0,30.0,1.0,15870219.0,303979202.0,15633997.0,33166323.0,664305060.0,1833.0,2751813591.0,0.0,1.0,1.0,0.0,1.0,0.0,0.0,1.0,1.0,1.0,1.0,2.0,1.0,0.0,0.0,0.0,2.0,0.0,0.0,1.0,1.0,3.0,50.0,50.0,1.0,0.0,0.0,0.0,0.0,0.0,0.0,0.0,0.0,0.0,0.0,2.0,2.0,0.0,1.0,1.0,0.0,1.0,0.0,0.0,0.0,0.0,0.0,1.0,0.0,0.0,1.0,0.0,0.0,0.0,1.0,10.0,0.0,0.0,0.0,0.0,0.0,11.0,0.0,0.0,0.0,0.0,0.0,0.0,0.0,0.0,0.0,1.0,1.0,0.0,0.0,0.0,0.0,1.0,1.0,1.0,0.0,0.0,0.0,0.0,0.0,0.0,1.0,1.0,0.0,0.0,0.0,0.0,0.0,1.0,1.0,0.0,1416582394.0,1433.0,1433.0,1454.0,1454.0,1499.0,0.0,118.0,26348.0,23403.0,23343.0,211.0,0.0,0.0,0.0,55.0,0.0,0.0,55.0,61.0,60.0,7.0,53.0,435121568.0,0.0,1900206976.0,43929052512.0,620984544.0,0.0,0.0,1833.0,0.0,0.0,2174.0,120.0,2343.0
1718,0.0,1.0,0.0,0.0,0.0,1113600.0,1.0,229500000.0,1.0,1062400000.0,0.342700004578,13111.0,1294.0,3581.0,39583.3333333,40333.3333333,41166.6666667,72.0,25.0,64.0,896.0,5000.0,0.0,25.0,1000000.0,950000.0,1.0,1.0,0.0,10.0,0.0,0.0,0.0,100.0,27164028.0,630989323.0,629439702.0,0.0,0.0,0.0,0.0,0.0,1.0,1.0,1.0,1.0,1.0,0.0,0.0,1.0,0.0,0.0,0.0,0.0,0.0,34.0,1.0,16088760.0,290236276.0,15639732.0,28717595.0,637667233.0,1678.0,2758021164.0,0.0,1.0,1.0,0.0,1.0,0.0,0.0,1.0,1.0,1.0,1.0,2.0,1.0,0.0,0.0,0.0,2.0,0.0,0.0,1.0,1.0,3.0,50.0,50.0,1.0,0.0,0.0,0.0,0.0,0.0,0.0,0.0,0.0,0.0,0.0,2.0,2.0,0.0,1.0,1.0,0.0,1.0,0.0,0.0,0.0,0.0,0.0,1.0,0.0,0.0,1.0,0.0,0.0,0.0,1.0,10.0,0.0,0.0,0.0,0.0,0.0,11.0,0.0,0.0,0.0,0.0,0.0,0.0,0.0,0.0,0.0,1.0,1.0,0.0,0.0,0.0,0.0,1.0,1.0,1.0,0.0,0.0,0.0,0.0,0.0,0.0,1.0,1.0,0.0,0.0,0.0,0.0,0.0,1.0,1.0,0.0,1416679588.0,1428.0,1428.0,1387.0,1387.0,1419.0,0.0,99.0,24799.0,22763.0,22715.0,127.0,0.0,0.0,0.0,62.0,0.0,0.0,43.0,49.0,48.0,14.0,41.0,383624672.0,0.0,1791545472.0,28217695840.0,639724768.0,0.0,0.0,1678.0,0.0,0.0,1966.0,96.0,2119.0
1719,0.0,1.0,0.0,0.0,0.0,1113600.0,1.0,229500000.0,1.0,1062400000.0,0.334295988083,8614.0,914.0,2362.0,39500.0,40500.0,41000.0,72.0,25.0,64.0,896.0,5000.0,0.0,25.0,1000000.0,950000.0,1.0,1.0,0.0,10.0,0.0,0.0,0.0,100.0,24990520.0,609831679.0,610564814.0,0.0,0.0,0.0,0.0,0.0,1.0,1.0,1.0,1.0,1.0,0.0,0.0,1.0,0.0,0.0,0.0,0.0,0.0,30.0,1.0,15531358.0,279886372.0,14829526.0,25538116.0,606150106.0,1503.0,2484489086.0,0.0,1.0,1.0,0.0,1.0,0.0,0.0,1.0,1.0,1.0,1.0,2.0,1.0,0.0,0.0,0.0,2.0,0.0,0.0,1.0,1.0,3.0,50.0,50.0,1.0,0.0,0.0,0.0,0.0,0.0,0.0,0.0,0.0,0.0,0.0,2.0,2.0,0.0,1.0,1.0,0.0,1.0,0.0,0.0,0.0,0.0,0.0,1.0,0.0,0.0,1.0,0.0,0.0,0.0,1.0,11.0,0.0,0.0,0.0,0.0,0.0,12.0,0.0,0.0,0.0,0.0,0.0,0.0,0.0,0.0,0.0,1.0,1.0,0.0,0.0,0.0,0.0,1.0,1.0,1.0,0.0,0.0,0.0,0.0,0.0,0.0,1.0,1.0,0.0,0.0,0.0,0.0,0.0,1.0,1.0,0.0,1333368588.0,1356.0,1356.0,1222.0,1222.0,1255.0,0.0,50.0,21254.0,21735.0,21701.0,86.0,0.0,0.0,0.0,31.0,0.0,0.0,31.0,35.0,34.0,7.0,29.0,232304576.0,0.0,1676000736.0,21502347488.0,365421408.0,0.0,0.0,1503.0,0.0,0.0,1731.0,68.0,2013.0
1720,0.0,1.0,0.0,0.0,0.0,1113600.0,1.0,229500000.0,1.0,1062400000.0,0.33681893348700004,8729.0,837.0,2515.0,39375.0,40500.0,41000.0,72.0,25.0,64.0,896.0,5000.0,0.0,25.0,1000000.0,950000.0,1.0,1.0,0.0,10.0,0.0,0.0,0.0,100.0,25142931.0,642106116.0,609886292.0,0.0,0.0,0.0,0.0,0.0,1.0,1.0,1.0,1.0,1.0,0.0,0.0,1.0,0.0,0.0,0.0,0.0,0.0,33.0,1.0,14978063.0,271336639.0,14632401.0,25319715.0,621837712.0,1420.0,2527038622.0,0.0,1.0,1.0,0.0,1.0,0.0,0.0,1.0,1.0,1.0,1.0,2.0,1.0,0.0,0.0,0.0,2.0,0.0,0.0,1.0,1.0,3.0,50.0,50.0,1.0,0.0,0.0,0.0,0.0,0.0,0.0,0.0,0.0,0.0,0.0,2.0,2.0,0.0,1.0,1.0,0.0,1.0,0.0,0.0,0.0,0.0,0.0,1.0,0.0,0.0,1.0,0.0,0.0,0.0,1.0,11.0,0.0,0.0,0.0,0.0,0.0,12.0,0.0,0.0,0.0,0.0,0.0,0.0,0.0,0.0,0.0,1.0,1.0,0.0,0.0,0.0,0.0,1.0,1.0,1.0,0.0,0.0,0.0,0.0,0.0,0.0,1.0,1.0,0.0,0.0,0.0,0.0,0.0,1.0,1.0,0.0,1343419090.0,1229.0,1229.0,1367.0,1367.0,1401.0,0.0,54.0,21146.0,21901.0,21867.0,78.0,0.0,0.0,0.0,32.0,0.0,0.0,31.0,35.0,34.0,9.0,29.0,239669888.0,354944.0,1645780736.0,19032288192.0,369454464.0,0.0,0.0,1420.0,0.0,0.0,1602.0,68.0,1854.0
1721,0.0,1.0,0.0,0.0,0.0,1113600.0,1.0,229500000.0,1.0,1062400000.0,0.344573974609,13075.0,1371.0,3429.0,39625.0,40500.0,41375.0,76.0,25.0,64.0,896.0,5000.0,0.0,25.0,1000000.0,950000.0,1.0,0.0,0.0,10.0,0.0,0.0,0.0,500.0,27610437.0,630654201.0,623072792.0,0.0,0.0,0.0,0.0,0.0,1.0,1.0,1.0,1.0,1.0,0.0,0.0,1.0,0.0,0.0,0.0,0.0,0.0,32.0,1.0,15189113.0,277798816.0,15128508.0,30105696.0,655256806.0,1634.0,2758613787.0,0.0,1.0,1.0,0.0,1.0,0.0,0.0,1.0,1.0,1.0,1.0,2.0,1.0,0.0,0.0,0.0,2.0,0.0,0.0,1.0,1.0,3.0,50.0,50.0,1.0,0.0,0.0,0.0,0.0,0.0,0.0,0.0,0.0,0.0,0.0,2.0,2.0,0.0,1.0,1.0,0.0,1.0,0.0,0.0,0.0,0.0,0.0,1.0,0.0,0.0,1.0,0.0,0.0,0.0,1.0,10.0,0.0,0.0,0.0,0.0,0.0,11.0,0.0,0.0,0.0,0.0,0.0,0.0,0.0,0.0,0.0,1.0,1.0,0.0,0.0,0.0,0.0,1.0,1.0,1.0,0.0,0.0,0.0,0.0,0.0,0.0,1.0,1.0,0.0,0.0,0.0,0.0,0.0,1.0,1.0,0.0,1427612708.0,1459.0,1459.0,1499.0,1499.0,1537.0,0.0,100.0,24364.0,22918.0,22865.0,93.0,0.0,0.0,0.0,52.0,0.0,0.0,49.0,54.0,53.0,17.0,47.0,227093760.0,0.0,1841012928.0,21807569728.0,529918656.0,0.0,0.0,1634.0,0.0,0.0,1851.0,106.0,2015.0
1722,0.0,1.0,0.0,0.0,0.0,1113600.0,1.0,229500000.0,1.0,1062400000.0,0.340016126633,17419.0,1675.0,4648.0,39625.0,40250.0,41000.0,76.0,25.0,64.0,896.0,5000.0,0.0,25.0,1000000.0,950000.0,1.0,0.0,0.0,10.0,0.0,0.0,0.0,500.0,31545608.0,662625103.0,649114420.0,0.0,0.0,0.0,0.0,0.0,1.0,1.0,1.0,1.0,1.0,0.0,0.0,1.0,0.0,0.0,0.0,0.0,0.0,35.0,1.0,15996320.0,292811393.0,15859549.0,33212720.0,653159458.0,1780.0,2845489285.0,0.0,1.0,1.0,0.0,1.0,0.0,0.0,1.0,1.0,1.0,1.0,2.0,1.0,0.0,0.0,0.0,2.0,0.0,0.0,1.0,1.0,3.0,50.0,50.0,1.0,0.0,0.0,0.0,0.0,0.0,0.0,0.0,0.0,0.0,0.0,2.0,2.0,0.0,1.0,1.0,0.0,1.0,0.0,0.0,0.0,0.0,0.0,1.0,0.0,0.0,1.0,0.0,0.0,0.0,1.0,11.0,0.0,0.0,0.0,0.0,0.0,12.0,0.0,0.0,0.0,0.0,0.0,0.0,0.0,0.0,0.0,1.0,1.0,0.0,0.0,0.0,0.0,1.0,1.0,1.0,0.0,0.0,0.0,0.0,0.0,0.0,1.0,1.0,0.0,0.0,0.0,0.0,0.0,1.0,1.0,0.0,1425589945.0,1464.0,1464.0,1625.0,1625.0,1672.0,0.0,103.0,26174.0,23410.0,23350.0,88.0,0.0,0.0,0.0,54.0,0.0,0.0,55.0,61.0,60.0,12.0,53.0,259830816.0,0.0,1908442208.0,29789828640.0,628533664.0,0.0,0.0,1780.0,0.0,0.0,2010.0,120.0,2179.0
1723,0.0,1.0,0.0,0.0,0.0,1113600.0,1.0,229500000.0,1.0,1062400000.0,0.33763599395800004,8537.0,914.0,2285.0,39416.6666667,40166.6666667,41166.6666667,76.0,25.0,64.0,896.0,5000.0,0.0,25.0,1000000.0,950000.0,1.0,0.0,0.0,10.0,0.0,0.0,0.0,500.0,27606460.0,631492663.0,620061862.0,0.0,0.0,0.0,0.0,0.0,1.0,1.0,1.0,1.0,1.0,0.0,0.0,1.0,0.0,0.0,0.0,0.0,0.0,30.0,1.0,15601925.0,295258481.0,15827176.0,27773136.0,630487334.0,2240.0,2666559823.0,0.0,1.0,1.0,0.0,1.0,0.0,0.0,1.0,1.0,1.0,1.0,2.0,1.0,0.0,0.0,0.0,2.0,0.0,0.0,1.0,1.0,3.0,50.0,50.0,1.0,0.0,0.0,0.0,0.0,0.0,0.0,0.0,0.0,0.0,0.0,2.0,2.0,0.0,1.0,1.0,0.0,1.0,0.0,0.0,0.0,0.0,0.0,1.0,0.0,0.0,1.0,0.0,0.0,0.0,1.0,10.0,0.0,0.0,0.0,0.0,0.0,11.0,0.0,0.0,0.0,0.0,0.0,0.0,0.0,0.0,0.0,1.0,1.0,0.0,0.0,0.0,0.0,1.0,1.0,1.0,0.0,0.0,0.0,0.0,0.0,0.0,1.0,1.0,0.0,0.0,0.0,0.0,0.0,1.0,1.0,0.0,1441105866.0,1993.0,1993.0,1427.0,1427.0,1470.0,0.0,82.0,22988.0,22290.0,22250.0,138.0,0.0,0.0,0.0,36.0,0.0,0.0,37.0,41.0,40.0,10.0,35.0,237350048.0,0.0,1892480640.0,58886759360.0,471800704.0,0.0,0.0,2240.0,0.0,0.0,2545.0,80.0,2733.0
1724,0.0,1.0,0.0,0.0,0.0,1113600.0,1.0,229500000.0,1.0,1062400000.0,0.362917900085,13301.0,1218.0,4115.0,39333.3333333,40500.0,41333.3333333,89.0,25.0,64.0,896.0,5000.0,0.0,25.0,1000000.0,950000.0,1.0,1.0,0.0,10.0,0.0,0.0,0.0,500.0,27358119.0,668064458.0,637296566.0,0.0,0.0,0.0,0.0,0.0,1.0,1.0,1.0,1.0,1.0,0.0,0.0,1.0,0.0,0.0,0.0,0.0,0.0,32.0,1.0,15507089.0,275098320.0,15462789.0,28749844.0,662673558.0,1585.0,2849590588.0,0.0,1.0,1.0,0.0,1.0,0.0,0.0,1.0,1.0,1.0,1.0,2.0,1.0,0.0,0.0,0.0,2.0,0.0,0.0,1.0,1.0,3.0,50.0,50.0,1.0,0.0,0.0,0.0,0.0,0.0,0.0,0.0,0.0,0.0,0.0,2.0,2.0,0.0,1.0,1.0,0.0,1.0,0.0,0.0,0.0,0.0,0.0,1.0,0.0,0.0,1.0,0.0,0.0,0.0,1.0,10.0,0.0,0.0,0.0,0.0,0.0,11.0,0.0,0.0,0.0,0.0,0.0,0.0,0.0,0.0,0.0,1.0,1.0,0.0,0.0,0.0,0.0,1.0,1.0,1.0,0.0,0.0,0.0,0.0,0.0,0.0,1.0,1.0,0.0,0.0,0.0,0.0,0.0,1.0,1.0,0.0,1388058372.0,1291.0,1291.0,1414.0,1414.0,1457.0,0.0,83.0,23758.0,22637.0,22589.0,99.0,0.0,0.0,0.0,49.0,0.0,0.0,43.0,49.0,48.0,10.0,41.0,235915584.0,0.0,1725095968.0,20675776640.0,580850240.0,0.0,0.0,1585.0,0.0,0.0,1834.0,96.0,2038.0
1725,0.0,1.0,0.0,0.0,0.0,1113600.0,1.0,229500000.0,1.0,1062400000.0,0.34547209739699997,12957.0,1218.0,3428.0,39625.0,40500.0,41500.0,89.0,25.0,64.0,896.0,5000.0,0.0,25.0,1000000.0,950000.0,1.0,1.0,0.0,10.0,0.0,0.0,0.0,500.0,26988016.0,635090041.0,601055700.0,0.0,0.0,0.0,0.0,0.0,1.0,1.0,1.0,1.0,1.0,0.0,0.0,1.0,0.0,0.0,0.0,0.0,0.0,33.0,1.0,15680669.0,275490381.0,15731123.0,26421237.0,639403136.0,1772.0,2693637802.0,0.0,1.0,1.0,0.0,1.0,0.0,0.0,1.0,1.0,1.0,1.0,2.0,1.0,0.0,0.0,0.0,2.0,0.0,0.0,1.0,1.0,3.0,50.0,50.0,1.0,0.0,0.0,0.0,0.0,0.0,0.0,0.0,0.0,0.0,0.0,2.0,2.0,0.0,1.0,1.0,0.0,1.0,0.0,0.0,0.0,0.0,0.0,1.0,0.0,0.0,1.0,0.0,0.0,0.0,1.0,11.0,0.0,0.0,0.0,0.0,0.0,12.0,0.0,0.0,0.0,0.0,0.0,0.0,0.0,0.0,0.0,1.0,1.0,0.0,0.0,0.0,0.0,1.0,1.0,1.0,0.0,0.0,0.0,0.0,0.0,0.0,1.0,1.0,0.0,0.0,0.0,0.0,0.0,1.0,1.0,0.0,1433047494.0,1600.0,1600.0,1366.0,1366.0,1403.0,0.0,87.0,23758.0,22307.0,22266.0,95.0,0.0,0.0,0.0,40.0,0.0,0.0,37.0,42.0,41.0,16.0,35.0,335960288.0,1414720.0,1775530176.0,26775830496.0,513446112.0,0.0,0.0,1772.0,0.0,0.0,2038.0,82.0,2256.0
1726,0.0,1.0,0.0,0.0,0.0,1113600.0,1.0,229500000.0,1.0,1062400000.0,0.345152854919,12881.0,1218.0,3505.0,39500.0,40500.0,41500.0,89.0,25.0,64.0,896.0,5000.0,0.0,25.0,1000000.0,950000.0,1.0,1.0,0.0,10.0,0.0,0.0,0.0,500.0,27312154.0,641173155.0,606350055.0,0.0,0.0,0.0,0.0,0.0,1.0,1.0,1.0,1.0,1.0,0.0,0.0,1.0,0.0,0.0,0.0,0.0,0.0,34.0,1.0,15515103.0,278045372.0,15763147.0,28005158.0,643202217.0,1594.0,2772992352.0,0.0,1.0,1.0,0.0,1.0,0.0,0.0,1.0,1.0,1.0,1.0,2.0,1.0,0.0,0.0,0.0,2.0,0.0,0.0,1.0,1.0,3.0,50.0,50.0,1.0,0.0,0.0,0.0,0.0,0.0,0.0,0.0,0.0,0.0,0.0,2.0,2.0,0.0,1.0,1.0,0.0,1.0,0.0,0.0,0.0,0.0,0.0,1.0,0.0,0.0,1.0,0.0,0.0,0.0,1.0,10.0,0.0,0.0,0.0,0.0,0.0,11.0,0.0,0.0,0.0,0.0,0.0,0.0,0.0,0.0,0.0,1.0,1.0,0.0,0.0,0.0,0.0,1.0,1.0,1.0,0.0,0.0,0.0,0.0,0.0,0.0,1.0,1.0,0.0,0.0,0.0,0.0,0.0,1.0,1.0,0.0,1423473349.0,1301.0,1301.0,1472.0,1472.0,1509.0,0.0,83.0,24221.0,22789.0,22741.0,94.0,0.0,0.0,0.0,48.0,0.0,0.0,43.0,49.0,48.0,8.0,41.0,342904064.0,0.0,1856385344.0,27997070464.0,609618816.0,0.0,0.0,1594.0,0.0,0.0,1799.0,96.0,2139.0
1727,0.0,1.0,0.0,0.0,0.0,1113600.0,1.0,229500000.0,1.0,1062400000.0,0.341828107834,13034.0,1447.0,3353.0,39750.0,40500.0,41250.0,97.0,25.0,64.0,896.0,5000.0,0.0,25.0,1000000.0,950000.0,1.0,0.0,0.0,10.0,0.0,0.0,100.0,100.0,26650391.0,633329126.0,626807457.0,0.0,0.0,0.0,0.0,0.0,1.0,1.0,1.0,1.0,1.0,0.0,0.0,1.0,0.0,0.0,0.0,0.0,0.0,33.0,1.0,15289320.0,278067295.0,15234137.0,26192179.0,645119077.0,1537.0,2677475196.0,0.0,1.0,1.0,0.0,1.0,0.0,0.0,1.0,1.0,1.0,1.0,2.0,1.0,0.0,0.0,0.0,2.0,0.0,0.0,1.0,1.0,3.0,50.0,50.0,1.0,0.0,0.0,0.0,0.0,0.0,0.0,0.0,0.0,0.0,0.0,2.0,2.0,0.0,1.0,1.0,0.0,1.0,0.0,0.0,0.0,0.0,0.0,1.0,0.0,0.0,1.0,0.0,0.0,0.0,1.0,11.0,0.0,0.0,0.0,0.0,0.0,12.0,0.0,0.0,0.0,0.0,0.0,0.0,0.0,0.0,0.0,1.0,1.0,0.0,0.0,0.0,0.0,1.0,1.0,1.0,0.0,0.0,0.0,0.0,0.0,0.0,1.0,1.0,0.0,0.0,0.0,0.0,0.0,1.0,1.0,0.0,1389488916.0,1319.0,1319.0,1330.0,1330.0,1363.0,0.0,70.0,23538.0,22385.0,22344.0,193.0,0.0,0.0,0.0,39.0,0.0,0.0,37.0,42.0,41.0,16.0,35.0,152966304.0,0.0,1746937696.0,26783433920.0,535560768.0,0.0,0.0,1537.0,0.0,0.0,1885.0,82.0,2125.0
1728,0.0,1.0,0.0,0.0,0.0,1113600.0,1.0,229500000.0,1.0,1062400000.0,0.343626976013,13226.0,1218.0,3581.0,39500.0,40500.0,41500.0,97.0,25.0,64.0,896.0,5000.0,0.0,25.0,1000000.0,950000.0,1.0,0.0,0.0,10.0,0.0,0.0,100.0,100.0,25355542.0,607142672.0,608581913.0,0.0,0.0,0.0,0.0,0.0,1.0,1.0,1.0,1.0,1.0,0.0,0.0,1.0,0.0,0.0,0.0,0.0,0.0,33.0,1.0,15524225.0,278058503.0,15422118.0,26707816.0,644949837.0,1766.0,2693486775.0,0.0,1.0,1.0,0.0,1.0,0.0,0.0,1.0,1.0,1.0,1.0,2.0,1.0,0.0,0.0,0.0,2.0,0.0,0.0,1.0,1.0,3.0,50.0,50.0,1.0,0.0,0.0,0.0,0.0,0.0,0.0,0.0,0.0,0.0,0.0,2.0,2.0,0.0,1.0,1.0,0.0,1.0,0.0,0.0,0.0,0.0,0.0,1.0,0.0,0.0,1.0,0.0,0.0,0.0,1.0,11.0,0.0,0.0,0.0,0.0,0.0,12.0,0.0,0.0,0.0,0.0,0.0,0.0,0.0,0.0,0.0,1.0,1.0,0.0,0.0,0.0,0.0,1.0,1.0,1.0,0.0,0.0,0.0,0.0,0.0,0.0,1.0,1.0,0.0,0.0,0.0,0.0,0.0,1.0,1.0,0.0,1411758651.0,1514.0,1514.0,1317.0,1317.0,1349.0,0.0,62.0,22671.0,22332.0,22291.0,92.0,0.0,0.0,0.0,35.0,0.0,0.0,37.0,42.0,41.0,8.0,35.0,344655200.0,1425376.0,1745391584.0,39734921344.0,474865856.0,0.0,0.0,1766.0,0.0,0.0,2011.0,82.0,2336.0
1729,0.0,1.0,0.0,0.0,0.0,1113600.0,1.0,229500000.0,1.0,1062400000.0,0.40670609474200003,19322.0,1599.0,7084.0,40000.0,40500.0,41750.0,97.0,25.0,64.0,896.0,5000.0,0.0,25.0,1000000.0,950000.0,1.0,0.0,0.0,10.0,0.0,0.0,100.0,100.0,30380620.0,666257955.0,671243106.0,0.0,0.0,0.0,0.0,0.0,1.0,1.0,1.0,1.0,1.0,0.0,0.0,1.0,0.0,0.0,0.0,0.0,0.0,34.0,1.0,16101193.0,289294511.0,16429115.0,30882927.0,673532557.0,2762.0,2939764115.0,0.0,1.0,1.0,0.0,1.0,0.0,0.0,1.0,1.0,1.0,1.0,2.0,1.0,0.0,0.0,0.0,2.0,0.0,0.0,1.0,1.0,3.0,50.0,50.0,1.0,0.0,0.0,0.0,0.0,0.0,0.0,0.0,0.0,0.0,0.0,2.0,2.0,0.0,1.0,1.0,0.0,1.0,0.0,0.0,0.0,0.0,0.0,1.0,0.0,0.0,1.0,0.0,0.0,0.0,1.0,10.0,0.0,0.0,0.0,0.0,0.0,11.0,0.0,0.0,0.0,0.0,0.0,0.0,0.0,0.0,0.0,1.0,1.0,0.0,0.0,0.0,0.0,1.0,1.0,1.0,0.0,0.0,0.0,0.0,0.0,0.0,1.0,1.0,0.0,0.0,0.0,0.0,0.0,1.0,1.0,0.0,1462497679.0,2308.0,2308.0,1361.0,1361.0,1401.0,0.0,55.0,24868.0,22655.0,22608.0,35.0,0.0,0.0,0.0,19.0,0.0,0.0,43.0,48.0,47.0,7.0,41.0,254385120.0,0.0,1726480256.0,25059012256.0,750152960.0,0.0,0.0,2762.0,0.0,0.0,2908.0,94.0,3132.0
1730,0.0,1.0,0.0,0.0,0.0,1113600.0,1.0,229500000.0,1.0,1062400000.0,0.344150066376,8652.0,914.0,2362.0,39416.6666667,40500.0,41500.0,92.0,25.0,64.0,896.0,5000.0,0.0,25.0,1000000.0,950000.0,1.0,1.0,0.0,10.0,0.0,0.0,100.0,100.0,26284137.0,617310098.0,613220405.0,0.0,0.0,0.0,0.0,0.0,1.0,1.0,1.0,1.0,1.0,0.0,0.0,1.0,0.0,0.0,0.0,0.0,0.0,35.0,1.0,15466503.0,273997832.0,15064292.0,25818633.0,638393603.0,1643.0,2637058314.0,0.0,1.0,1.0,0.0,1.0,0.0,0.0,1.0,1.0,1.0,1.0,2.0,1.0,0.0,0.0,0.0,2.0,0.0,0.0,1.0,1.0,3.0,50.0,50.0,1.0,0.0,0.0,0.0,0.0,0.0,0.0,0.0,0.0,0.0,0.0,2.0,2.0,0.0,1.0,1.0,0.0,1.0,0.0,0.0,0.0,0.0,0.0,1.0,0.0,0.0,1.0,0.0,0.0,0.0,1.0,11.0,0.0,0.0,0.0,0.0,0.0,12.0,0.0,0.0,0.0,0.0,0.0,0.0,0.0,0.0,0.0,1.0,1.0,0.0,0.0,0.0,0.0,1.0,1.0,1.0,0.0,0.0,0.0,0.0,0.0,0.0,1.0,1.0,0.0,0.0,0.0,0.0,0.0,1.0,1.0,0.0,1411384038.0,1440.0,1440.0,1299.0,1299.0,1334.0,0.0,64.0,23464.0,22307.0,22266.0,145.0,0.0,0.0,0.0,42.0,0.0,0.0,37.0,42.0,41.0,14.0,35.0,331057152.0,0.0,1761762912.0,40669203968.0,471090176.0,0.0,0.0,1643.0,0.0,0.0,1911.0,82.0,2190.0
1731,0.0,1.0,0.0,0.0,0.0,1113600.0,1.0,229500000.0,1.0,1062400000.0,0.335138082504,8729.0,914.0,2286.0,39750.0,40500.0,41500.0,92.0,25.0,64.0,896.0,5000.0,0.0,25.0,1000000.0,950000.0,1.0,1.0,0.0,10.0,0.0,0.0,100.0,100.0,25583204.0,633758530.0,605750302.0,0.0,0.0,0.0,0.0,0.0,1.0,1.0,1.0,1.0,1.0,0.0,0.0,1.0,0.0,0.0,0.0,0.0,0.0,34.0,1.0,15107002.0,267855998.0,15188690.0,25556043.0,626567498.0,1844.0,2611764449.0,0.0,1.0,1.0,0.0,1.0,0.0,0.0,1.0,1.0,1.0,1.0,2.0,1.0,0.0,0.0,0.0,2.0,0.0,0.0,1.0,1.0,3.0,50.0,50.0,1.0,0.0,0.0,0.0,0.0,0.0,0.0,0.0,0.0,0.0,0.0,2.0,2.0,0.0,1.0,1.0,0.0,1.0,0.0,0.0,0.0,0.0,0.0,1.0,0.0,0.0,1.0,0.0,0.0,0.0,1.0,10.0,0.0,0.0,0.0,0.0,0.0,11.0,0.0,0.0,0.0,0.0,0.0,0.0,0.0,0.0,0.0,1.0,1.0,0.0,0.0,0.0,0.0,1.0,1.0,1.0,0.0,0.0,0.0,0.0,0.0,0.0,1.0,1.0,0.0,0.0,0.0,0.0,0.0,1.0,1.0,0.0,1389871292.0,1668.0,1668.0,1303.0,1303.0,1332.0,0.0,75.0,22011.0,21994.0,21960.0,52.0,0.0,0.0,0.0,44.0,0.0,0.0,31.0,35.0,34.0,10.0,29.0,134888192.0,0.0,1720725792.0,29602772928.0,485216128.0,0.0,0.0,1844.0,0.0,0.0,2041.0,68.0,2310.0
1732,0.0,1.0,0.0,0.0,0.0,1113600.0,1.0,229500000.0,1.0,1062400000.0,0.345780134201,13188.0,1218.0,3504.0,39500.0,40500.0,41500.0,92.0,25.0,64.0,896.0,5000.0,0.0,25.0,1000000.0,950000.0,1.0,1.0,0.0,10.0,0.0,0.0,100.0,100.0,25691175.0,627849855.0,594914351.0,0.0,0.0,0.0,0.0,0.0,1.0,1.0,1.0,1.0,1.0,0.0,0.0,1.0,0.0,0.0,0.0,0.0,0.0,34.0,1.0,15832143.0,277846137.0,15509225.0,28156150.0,642302680.0,1614.0,2637892096.0,0.0,1.0,1.0,0.0,1.0,0.0,0.0,1.0,1.0,1.0,1.0,2.0,1.0,0.0,0.0,0.0,2.0,0.0,0.0,1.0,1.0,3.0,50.0,50.0,1.0,0.0,0.0,0.0,0.0,0.0,0.0,0.0,0.0,0.0,0.0,2.0,2.0,0.0,1.0,1.0,0.0,1.0,0.0,0.0,0.0,0.0,0.0,1.0,0.0,0.0,1.0,0.0,0.0,0.0,1.0,10.0,0.0,0.0,0.0,0.0,0.0,11.0,0.0,0.0,0.0,0.0,0.0,0.0,0.0,0.0,0.0,1.0,1.0,0.0,0.0,0.0,0.0,1.0,1.0,1.0,0.0,0.0,0.0,0.0,0.0,0.0,1.0,1.0,0.0,0.0,0.0,0.0,0.0,1.0,1.0,0.0,1387572973.0,1380.0,1380.0,1375.0,1375.0,1411.0,0.0,72.0,23380.0,22333.0,22292.0,93.0,0.0,0.0,0.0,40.0,0.0,0.0,37.0,42.0,41.0,12.0,35.0,129113568.0,0.0,1767142272.0,107247708576.0,480371136.0,0.0,0.0,1614.0,0.0,0.0,1857.0,82.0,2130.0
1733,0.0,1.0,0.0,0.0,0.0,1113600.0,1.0,229500000.0,1.0,1062400000.0,0.354496002197,12998.0,1294.0,3734.0,39666.6666667,40333.3333333,41500.0,75.0,25.0,64.0,896.0,5000.0,0.0,25.0,1000000.0,950000.0,1.0,0.0,0.0,10.0,0.0,0.0,100.0,500.0,28253383.0,643918853.0,633033356.0,0.0,0.0,0.0,0.0,0.0,1.0,1.0,1.0,1.0,1.0,0.0,0.0,1.0,0.0,0.0,0.0,0.0,0.0,35.0,1.0,15856311.0,285241504.0,15054636.0,29937760.0,637859722.0,1544.0,2682207368.0,0.0,1.0,1.0,0.0,1.0,0.0,0.0,1.0,1.0,1.0,1.0,2.0,1.0,0.0,0.0,0.0,2.0,0.0,0.0,1.0,1.0,3.0,50.0,50.0,1.0,0.0,0.0,0.0,0.0,0.0,0.0,0.0,0.0,0.0,0.0,2.0,2.0,0.0,1.0,1.0,0.0,1.0,0.0,0.0,0.0,0.0,0.0,1.0,0.0,0.0,1.0,0.0,0.0,0.0,1.0,11.0,0.0,0.0,0.0,0.0,0.0,12.0,0.0,0.0,0.0,0.0,0.0,0.0,0.0,0.0,0.0,1.0,1.0,0.0,0.0,0.0,0.0,1.0,1.0,1.0,0.0,0.0,0.0,0.0,0.0,0.0,1.0,1.0,0.0,0.0,0.0,0.0,0.0,1.0,1.0,0.0,1371796914.0,1308.0,1308.0,1393.0,1393.0,1428.0,0.0,85.0,24937.0,22836.0,22788.0,89.0,0.0,0.0,0.0,56.0,0.0,0.0,43.0,49.0,48.0,16.0,41.0,540887744.0,0.0,1800045856.0,34938778016.0,537614848.0,0.0,0.0,1544.0,0.0,0.0,1777.0,96.0,2018.0
1734,0.0,1.0,0.0,0.0,0.0,1113600.0,1.0,229500000.0,1.0,1062400000.0,0.33543586730999997,17531.0,1675.0,4572.0,39625.0,40500.0,41500.0,75.0,25.0,64.0,896.0,5000.0,0.0,25.0,1000000.0,950000.0,1.0,0.0,0.0,10.0,0.0,0.0,100.0,500.0,27793414.0,649598556.0,639289359.0,0.0,0.0,0.0,0.0,0.0,1.0,1.0,1.0,1.0,1.0,0.0,0.0,1.0,0.0,0.0,0.0,0.0,0.0,35.0,1.0,15721693.0,290821360.0,15598476.0,29427018.0,665672752.0,2105.0,2770031176.0,0.0,1.0,1.0,0.0,1.0,0.0,0.0,1.0,1.0,1.0,1.0,2.0,1.0,0.0,0.0,0.0,2.0,0.0,0.0,1.0,1.0,3.0,50.0,50.0,1.0,0.0,0.0,0.0,0.0,0.0,0.0,0.0,0.0,0.0,0.0,2.0,2.0,0.0,1.0,1.0,0.0,1.0,0.0,0.0,0.0,0.0,0.0,1.0,0.0,0.0,1.0,0.0,0.0,0.0,1.0,10.0,0.0,0.0,0.0,0.0,0.0,11.0,0.0,0.0,0.0,0.0,0.0,0.0,0.0,0.0,0.0,1.0,1.0,0.0,0.0,0.0,0.0,1.0,1.0,1.0,0.0,0.0,0.0,0.0,0.0,0.0,1.0,1.0,0.0,0.0,0.0,0.0,0.0,1.0,1.0,0.0,1439463853.0,1857.0,1857.0,1403.0,1403.0,1441.0,0.0,79.0,23943.0,22480.0,22434.0,83.0,0.0,0.0,0.0,43.0,0.0,0.0,43.0,47.0,46.0,10.0,41.0,232866016.0,0.0,1825060128.0,38003169696.0,436996832.0,0.0,0.0,2105.0,0.0,0.0,2329.0,92.0,2541.0
1735,0.0,1.0,0.0,0.0,0.0,1113600.0,1.0,229500000.0,1.0,1062400000.0,0.33455586433400003,8653.0,837.0,2438.0,40083.3333333,40333.3333333,41500.0,75.0,25.0,64.0,896.0,5000.0,0.0,25.0,1000000.0,950000.0,1.0,0.0,0.0,10.0,0.0,0.0,100.0,500.0,28344603.0,617473706.0,617179002.0,0.0,0.0,0.0,0.0,0.0,1.0,1.0,1.0,1.0,1.0,0.0,0.0,1.0,0.0,0.0,0.0,0.0,0.0,31.0,1.0,15811713.0,292053932.0,15393369.0,27045802.0,629213258.0,1716.0,2617995555.0,0.0,1.0,1.0,0.0,1.0,0.0,0.0,1.0,1.0,1.0,1.0,2.0,1.0,0.0,0.0,0.0,2.0,0.0,0.0,1.0,1.0,3.0,50.0,50.0,1.0,0.0,0.0,0.0,0.0,0.0,0.0,0.0,0.0,0.0,0.0,2.0,2.0,0.0,1.0,1.0,0.0,1.0,0.0,0.0,0.0,0.0,0.0,1.0,0.0,0.0,1.0,0.0,0.0,0.0,1.0,11.0,0.0,0.0,0.0,0.0,0.0,12.0,0.0,0.0,0.0,0.0,0.0,0.0,0.0,0.0,0.0,1.0,1.0,0.0,0.0,0.0,0.0,1.0,1.0,1.0,0.0,0.0,0.0,0.0,0.0,0.0,1.0,1.0,0.0,0.0,0.0,0.0,0.0,1.0,1.0,0.0,1374624294.0,1520.0,1520.0,1362.0,1362.0,1399.0,0.0,89.0,23125.0,22260.0,22219.0,194.0,0.0,0.0,0.0,51.0,0.0,0.0,37.0,42.0,41.0,10.0,35.0,438014208.0,0.0,1776297696.0,43273072288.0,485820544.0,0.0,0.0,1716.0,0.0,0.0,2058.0,82.0,2222.0
1736,0.0,1.0,0.0,0.0,0.0,1113600.0,1.0,229500000.0,1.0,1062400000.0,0.352849960327,13187.0,1294.0,3886.0,39416.6666667,40500.0,41500.0,85.0,25.0,64.0,896.0,5000.0,0.0,25.0,1000000.0,950000.0,1.0,1.0,0.0,10.0,0.0,0.0,100.0,500.0,28116832.0,659253546.0,638093336.0,0.0,0.0,0.0,0.0,0.0,1.0,1.0,1.0,1.0,1.0,0.0,0.0,1.0,0.0,0.0,0.0,0.0,0.0,35.0,1.0,15904990.0,293112910.0,15780262.0,28640353.0,670408324.0,1999.0,2785520034.0,0.0,1.0,1.0,0.0,1.0,0.0,0.0,1.0,1.0,1.0,1.0,2.0,1.0,0.0,0.0,0.0,2.0,0.0,0.0,1.0,1.0,3.0,50.0,50.0,1.0,0.0,0.0,0.0,0.0,0.0,0.0,0.0,0.0,0.0,0.0,2.0,2.0,0.0,1.0,1.0,0.0,1.0,0.0,0.0,0.0,0.0,0.0,1.0,0.0,0.0,1.0,0.0,0.0,0.0,1.0,10.0,0.0,0.0,0.0,0.0,0.0,11.0,0.0,0.0,0.0,0.0,0.0,0.0,0.0,0.0,0.0,1.0,1.0,0.0,0.0,0.0,0.0,1.0,1.0,1.0,0.0,0.0,0.0,0.0,0.0,0.0,1.0,1.0,0.0,0.0,0.0,0.0,0.0,1.0,1.0,0.0,1435739788.0,1601.0,1601.0,1512.0,1512.0,1551.0,0.0,106.0,24711.0,22913.0,22865.0,69.0,0.0,0.0,0.0,56.0,0.0,0.0,43.0,49.0,48.0,11.0,41.0,234602432.0,120000.0,1845336224.0,49954204960.0,479423392.0,0.0,0.0,1999.0,0.0,0.0,2304.0,96.0,2573.0
1737,0.0,1.0,0.0,0.0,0.0,1113600.0,1.0,229500000.0,1.0,1062400000.0,0.353477954865,8614.0,837.0,2438.0,39916.6666667,40500.0,41500.0,85.0,25.0,64.0,896.0,5000.0,0.0,25.0,1000000.0,950000.0,1.0,1.0,0.0,10.0,0.0,0.0,100.0,500.0,27245370.0,619727460.0,617056323.0,0.0,0.0,0.0,0.0,0.0,1.0,1.0,1.0,1.0,1.0,0.0,0.0,1.0,0.0,0.0,0.0,0.0,0.0,35.0,1.0,15686627.0,283578510.0,15649555.0,27401396.0,623008686.0,1571.0,2681354192.0,0.0,1.0,1.0,0.0,1.0,0.0,0.0,1.0,1.0,1.0,1.0,2.0,1.0,0.0,0.0,0.0,2.0,0.0,0.0,1.0,1.0,3.0,50.0,50.0,1.0,0.0,0.0,0.0,0.0,0.0,0.0,0.0,0.0,0.0,0.0,2.0,2.0,0.0,1.0,1.0,0.0,1.0,0.0,0.0,0.0,0.0,0.0,1.0,0.0,0.0,1.0,0.0,0.0,0.0,1.0,11.0,0.0,0.0,0.0,0.0,0.0,12.0,0.0,0.0,0.0,0.0,0.0,0.0,0.0,0.0,0.0,1.0,1.0,0.0,0.0,0.0,0.0,1.0,1.0,1.0,0.0,0.0,0.0,0.0,0.0,0.0,1.0,1.0,0.0,0.0,0.0,0.0,0.0,1.0,1.0,0.0,1414109743.0,1315.0,1315.0,1313.0,1313.0,1346.0,0.0,65.0,22873.0,22397.0,22356.0,47.0,0.0,0.0,0.0,52.0,0.0,0.0,37.0,42.0,41.0,8.0,35.0,233156064.0,1534880.0,1704766912.0,255403605920.0,592104960.0,0.0,0.0,1571.0,0.0,0.0,1762.0,82.0,2071.0
1738,0.0,1.0,0.0,0.0,0.0,1113600.0,1.0,229500000.0,1.0,1062400000.0,0.33813405036899996,13112.0,1295.0,3504.0,39250.0,40500.0,41500.0,85.0,25.0,64.0,896.0,5000.0,0.0,25.0,1000000.0,950000.0,1.0,1.0,0.0,10.0,0.0,0.0,100.0,500.0,26272538.0,614406177.0,600904509.0,0.0,0.0,0.0,0.0,0.0,1.0,1.0,1.0,1.0,1.0,0.0,0.0,1.0,0.0,0.0,0.0,0.0,0.0,34.0,1.0,15591897.0,272791999.0,15457224.0,25875362.0,599749220.0,1261.0,2635857836.0,0.0,1.0,1.0,0.0,1.0,0.0,0.0,1.0,1.0,1.0,1.0,2.0,1.0,0.0,0.0,0.0,2.0,0.0,0.0,1.0,1.0,3.0,50.0,50.0,1.0,0.0,0.0,0.0,0.0,0.0,0.0,0.0,0.0,0.0,0.0,2.0,2.0,0.0,1.0,1.0,0.0,1.0,0.0,0.0,0.0,0.0,0.0,1.0,0.0,0.0,1.0,0.0,0.0,0.0,1.0,11.0,0.0,0.0,0.0,0.0,0.0,12.0,0.0,0.0,0.0,1.0,0.0,0.0,0.0,1.0,0.0,1.0,0.0,0.0,0.0,0.0,0.0,1.0,1.0,1.0,0.0,0.0,0.0,0.0,0.0,0.0,1.0,1.0,0.0,0.0,0.0,0.0,0.0,1.0,1.0,0.0,1370182352.0,1181.0,1181.0,1260.0,1260.0,1295.0,0.0,66.0,22886.0,22004.0,21963.0,52.0,0.0,0.0,0.0,47.0,0.0,0.0,37.0,42.0,41.0,10.0,35.0,243699744.0,0.0,1712160352.0,45270389184.0,437877184.0,0.0,0.0,1261.0,0.0,0.0,1430.0,82.0,1650.0
1739,0.0,1.0,1.0,0.0,0.0,1113600.0,1.0,765000000.0,1.0,665600000.0,0.162989854813,8461.0,990.0,2438.0,40250.0,40750.0,41500.0,89.0,25.0,64.0,896.0,5000.0,0.0,25.0,1000000.0,950000.0,1.0,0.0,0.0,10.0,0.0,0.0,0.0,100.0,23312818.0,600535596.0,596898904.0,0.0,0.0,0.0,0.0,0.0,1.0,1.0,1.0,1.0,1.0,0.0,0.0,1.0,0.0,0.0,0.0,0.0,0.0,34.0,1.0,15222062.0,283901375.0,15106014.0,23733745.0,610528486.0,738.0,2761487863.0,0.0,1.0,1.0,0.0,1.0,0.0,0.0,1.0,1.0,1.0,1.0,2.0,1.0,0.0,0.0,0.0,2.0,0.0,0.0,1.0,1.0,3.0,50.0,50.0,1.0,0.0,0.0,0.0,0.0,0.0,0.0,0.0,0.0,0.0,0.0,2.0,2.0,0.0,1.0,1.0,0.0,1.0,0.0,0.0,0.0,0.0,0.0,1.0,0.0,0.0,1.0,0.0,0.0,0.0,1.0,10.0,0.0,0.0,0.0,0.0,0.0,11.0,0.0,0.0,0.0,0.0,0.0,0.0,0.0,0.0,0.0,1.0,1.0,0.0,0.0,0.0,0.0,1.0,1.0,1.0,0.0,0.0,0.0,0.0,0.0,0.0,1.0,1.0,0.0,0.0,0.0,0.0,0.0,1.0,1.0,0.0,1335768846.0,639.0,639.0,1376.0,1376.0,1413.0,0.0,69.0,21969.0,21876.0,21842.0,60.0,0.0,0.0,0.0,64.0,0.0,0.0,31.0,35.0,34.0,10.0,29.0,122749088.0,0.0,1767072704.0,17136810368.0,212547904.0,0.0,0.0,738.0,0.0,0.0,901.0,68.0,1139.0
1740,0.0,1.0,1.0,0.0,0.0,1113600.0,1.0,765000000.0,1.0,665600000.0,0.16575407981899998,4497.0,457.0,1295.0,39000.0,41000.0,41500.0,89.0,25.0,64.0,896.0,5000.0,0.0,25.0,1000000.0,950000.0,1.0,0.0,0.0,10.0,0.0,0.0,0.0,100.0,17780431.0,586671613.0,567084560.0,0.0,0.0,0.0,0.0,0.0,1.0,1.0,1.0,1.0,1.0,0.0,0.0,1.0,0.0,0.0,0.0,0.0,0.0,31.0,1.0,14779877.0,250387007.0,14755590.0,18298775.0,600713761.0,567.0,2616309656.0,0.0,1.0,1.0,0.0,1.0,0.0,0.0,1.0,1.0,1.0,1.0,2.0,1.0,0.0,0.0,0.0,2.0,0.0,0.0,1.0,1.0,3.0,50.0,50.0,1.0,0.0,0.0,0.0,0.0,0.0,0.0,0.0,0.0,0.0,0.0,2.0,2.0,0.0,1.0,1.0,0.0,1.0,0.0,0.0,0.0,0.0,0.0,1.0,0.0,0.0,1.0,0.0,0.0,0.0,1.0,11.0,0.0,0.0,0.0,0.0,0.0,12.0,0.0,0.0,0.0,0.0,0.0,0.0,0.0,0.0,0.0,1.0,1.0,0.0,0.0,0.0,0.0,1.0,1.0,1.0,0.0,0.0,0.0,0.0,0.0,0.0,1.0,1.0,0.0,0.0,0.0,0.0,0.0,1.0,1.0,0.0,1293830006.0,571.0,571.0,1180.0,1180.0,1205.0,0.0,40.0,18485.0,20956.0,20936.0,51.0,0.0,0.0,0.0,45.0,0.0,0.0,19.0,21.0,20.0,7.0,17.0,21593024.0,0.0,1582752832.0,13025753184.0,209825728.0,0.0,0.0,567.0,0.0,0.0,661.0,40.0,791.0
1741,0.0,1.0,1.0,0.0,0.0,1113600.0,1.0,765000000.0,1.0,665600000.0,0.16230082511900001,8463.0,990.0,2438.0,40500.0,40500.0,41500.0,89.0,25.0,64.0,896.0,5000.0,0.0,25.0,1000000.0,950000.0,1.0,0.0,0.0,10.0,0.0,0.0,0.0,100.0,20320843.0,589041599.0,567422231.0,0.0,0.0,0.0,0.0,0.0,1.0,1.0,1.0,1.0,1.0,0.0,0.0,1.0,0.0,0.0,0.0,0.0,0.0,28.0,1.0,14599892.0,261457682.0,14332691.0,20078994.0,590359525.0,532.0,2596262116.0,0.0,1.0,1.0,0.0,1.0,0.0,0.0,1.0,1.0,1.0,1.0,2.0,1.0,0.0,0.0,0.0,2.0,0.0,0.0,1.0,1.0,3.0,50.0,50.0,1.0,0.0,0.0,0.0,0.0,0.0,0.0,0.0,0.0,0.0,0.0,2.0,2.0,0.0,1.0,1.0,0.0,1.0,0.0,0.0,0.0,0.0,0.0,1.0,0.0,0.0,1.0,0.0,0.0,0.0,1.0,10.0,0.0,0.0,0.0,0.0,0.0,11.0,0.0,0.0,0.0,0.0,0.0,0.0,0.0,0.0,0.0,1.0,1.0,0.0,0.0,0.0,0.0,1.0,1.0,1.0,0.0,0.0,0.0,0.0,0.0,0.0,1.0,1.0,0.0,0.0,0.0,0.0,0.0,1.0,1.0,0.0,1326183223.0,504.0,504.0,1314.0,1314.0,1347.0,0.0,56.0,19870.0,21378.0,21351.0,73.0,0.0,0.0,0.0,59.0,0.0,0.0,25.0,28.0,27.0,5.0,23.0,211196128.0,0.0,1662824576.0,32525539104.0,103217408.0,0.0,0.0,532.0,0.0,0.0,662.0,54.0,767.0
1742,0.0,1.0,1.0,0.0,0.0,1113600.0,1.0,765000000.0,1.0,665600000.0,0.168356895447,8349.0,990.0,2362.0,39000.0,41000.0,41500.0,90.0,25.0,64.0,896.0,5000.0,0.0,25.0,1000000.0,950000.0,1.0,1.0,0.0,10.0,0.0,0.0,0.0,100.0,21926888.0,574352101.0,561641750.0,0.0,0.0,0.0,0.0,0.0,1.0,1.0,1.0,1.0,1.0,0.0,0.0,1.0,0.0,0.0,0.0,0.0,0.0,34.0,1.0,14981803.0,259318926.0,14668010.0,22046211.0,586542610.0,636.0,2643645645.0,0.0,1.0,1.0,0.0,1.0,0.0,0.0,1.0,1.0,1.0,1.0,2.0,1.0,0.0,0.0,0.0,2.0,0.0,0.0,1.0,1.0,3.0,50.0,50.0,1.0,0.0,0.0,0.0,0.0,0.0,0.0,0.0,0.0,0.0,0.0,2.0,2.0,0.0,1.0,1.0,0.0,1.0,0.0,0.0,0.0,0.0,0.0,1.0,0.0,0.0,1.0,0.0,0.0,0.0,1.0,10.0,0.0,0.0,0.0,0.0,0.0,11.0,0.0,0.0,0.0,0.0,0.0,0.0,0.0,0.0,0.0,1.0,1.0,0.0,0.0,0.0,0.0,1.0,1.0,1.0,0.0,0.0,0.0,0.0,0.0,0.0,1.0,1.0,0.0,0.0,0.0,0.0,0.0,1.0,1.0,0.0,1314564228.0,573.0,573.0,1304.0,1304.0,1326.0,0.0,59.0,20368.0,21433.0,21406.0,41.0,0.0,0.0,0.0,58.0,0.0,0.0,25.0,28.0,27.0,6.0,23.0,220124320.0,0.0,1673987328.0,11181264928.0,134176992.0,0.0,0.0,636.0,0.0,0.0,743.0,54.0,853.0
1743,0.0,1.0,1.0,0.0,0.0,1113600.0,1.0,765000000.0,1.0,665600000.0,0.161886930466,8538.0,1066.0,2438.0,39875.0,40500.0,41500.0,90.0,25.0,64.0,896.0,5000.0,0.0,25.0,1000000.0,950000.0,1.0,1.0,0.0,10.0,0.0,0.0,0.0,100.0,22696208.0,589406674.0,569379284.0,0.0,0.0,0.0,0.0,0.0,1.0,1.0,1.0,1.0,1.0,0.0,0.0,1.0,0.0,0.0,0.0,0.0,0.0,32.0,1.0,14728098.0,264838178.0,14921460.0,23202863.0,623003419.0,706.0,2723613834.0,0.0,1.0,1.0,0.0,1.0,0.0,0.0,1.0,1.0,1.0,1.0,2.0,1.0,0.0,0.0,0.0,2.0,0.0,0.0,1.0,1.0,3.0,50.0,50.0,1.0,0.0,0.0,0.0,0.0,0.0,0.0,0.0,0.0,0.0,0.0,2.0,2.0,0.0,1.0,1.0,0.0,1.0,0.0,0.0,0.0,0.0,0.0,1.0,0.0,0.0,1.0,0.0,0.0,0.0,1.0,10.0,0.0,0.0,0.0,0.0,0.0,11.0,0.0,0.0,0.0,0.0,0.0,0.0,0.0,0.0,0.0,1.0,1.0,0.0,0.0,0.0,0.0,1.0,1.0,1.0,0.0,0.0,0.0,0.0,0.0,0.0,1.0,1.0,0.0,0.0,0.0,0.0,0.0,1.0,1.0,0.0,1387363555.0,560.0,560.0,1400.0,1400.0,1430.0,0.0,65.0,21555.0,21815.0,21781.0,52.0,0.0,0.0,0.0,88.0,0.0,0.0,31.0,35.0,34.0,11.0,29.0,126272960.0,0.0,1805066144.0,23400112832.0,143565920.0,0.0,0.0,706.0,0.0,0.0,872.0,68.0,1001.0
1744,0.0,1.0,1.0,0.0,0.0,1113600.0,1.0,765000000.0,1.0,665600000.0,0.161587953568,8614.0,1066.0,2590.0,39375.0,40500.0,41500.0,90.0,25.0,64.0,896.0,5000.0,0.0,25.0,1000000.0,950000.0,1.0,1.0,0.0,10.0,0.0,0.0,0.0,100.0,22460333.0,612664795.0,590459957.0,0.0,0.0,0.0,0.0,0.0,1.0,1.0,1.0,1.0,1.0,0.0,0.0,1.0,0.0,0.0,0.0,0.0,0.0,33.0,1.0,14896533.0,276170156.0,14669586.0,23756418.0,635915464.0,762.0,2747111819.0,0.0,1.0,1.0,0.0,1.0,0.0,0.0,1.0,1.0,1.0,1.0,2.0,1.0,0.0,0.0,0.0,2.0,0.0,0.0,1.0,1.0,3.0,50.0,50.0,1.0,0.0,0.0,0.0,0.0,0.0,0.0,0.0,0.0,0.0,0.0,2.0,2.0,0.0,1.0,1.0,0.0,1.0,0.0,0.0,0.0,0.0,0.0,1.0,0.0,0.0,1.0,0.0,0.0,0.0,1.0,10.0,0.0,0.0,0.0,0.0,0.0,11.0,0.0,0.0,0.0,0.0,0.0,0.0,0.0,0.0,0.0,1.0,1.0,0.0,0.0,0.0,0.0,1.0,1.0,1.0,0.0,0.0,0.0,0.0,0.0,0.0,1.0,1.0,0.0,0.0,0.0,0.0,0.0,1.0,1.0,0.0,1369644946.0,587.0,587.0,1320.0,1320.0,1357.0,0.0,79.0,21772.0,21895.0,21861.0,77.0,0.0,0.0,0.0,75.0,0.0,0.0,31.0,35.0,34.0,8.0,29.0,532229280.0,0.0,1773323200.0,22354722816.0,197779296.0,0.0,0.0,762.0,0.0,0.0,935.0,68.0,1073.0
1745,0.0,1.0,1.0,0.0,0.0,1113600.0,1.0,765000000.0,1.0,665600000.0,0.162622213364,4117.0,457.0,1295.0,39500.0,41000.0,41500.0,88.0,25.0,64.0,896.0,5000.0,0.0,25.0,1000000.0,950000.0,1.0,0.0,0.0,10.0,0.0,0.0,0.0,500.0,17640418.0,577392012.0,577803171.0,0.0,0.0,0.0,0.0,0.0,1.0,1.0,1.0,1.0,1.0,0.0,0.0,1.0,0.0,0.0,0.0,0.0,0.0,34.0,1.0,14395873.0,253304123.0,14284802.0,19577983.0,584229939.0,425.0,2584567537.0,0.0,1.0,1.0,0.0,1.0,0.0,0.0,1.0,1.0,1.0,1.0,2.0,1.0,0.0,0.0,0.0,2.0,0.0,0.0,1.0,1.0,3.0,50.0,50.0,1.0,0.0,0.0,0.0,0.0,0.0,0.0,0.0,0.0,0.0,0.0,2.0,2.0,0.0,1.0,1.0,0.0,1.0,0.0,0.0,0.0,0.0,0.0,1.0,0.0,0.0,1.0,0.0,0.0,0.0,1.0,10.0,0.0,0.0,0.0,0.0,0.0,11.0,0.0,0.0,0.0,0.0,0.0,0.0,0.0,0.0,0.0,1.0,1.0,0.0,0.0,0.0,0.0,1.0,1.0,1.0,0.0,0.0,0.0,0.0,0.0,0.0,1.0,1.0,0.0,0.0,0.0,0.0,0.0,1.0,1.0,0.0,1286708774.0,454.0,454.0,1165.0,1165.0,1198.0,0.0,39.0,18291.0,21054.0,21034.0,24.0,0.0,0.0,0.0,40.0,0.0,0.0,19.0,21.0,20.0,3.0,17.0,119153536.0,0.0,1559725312.0,10727798592.0,127784736.0,0.0,0.0,425.0,0.0,0.0,490.0,40.0,676.0
1746,0.0,1.0,1.0,0.0,0.0,1113600.0,1.0,765000000.0,1.0,665600000.0,0.160481929779,4117.0,457.0,1295.0,39500.0,41000.0,41500.0,88.0,25.0,64.0,896.0,5000.0,0.0,25.0,1000000.0,950000.0,1.0,0.0,0.0,10.0,0.0,0.0,0.0,500.0,19266636.0,579729251.0,558939720.0,0.0,0.0,0.0,0.0,0.0,1.0,1.0,1.0,1.0,1.0,0.0,0.0,1.0,0.0,0.0,0.0,0.0,0.0,31.0,1.0,14717057.0,257363656.0,14665497.0,18913272.0,583943174.0,446.0,2551689355.0,0.0,1.0,1.0,0.0,1.0,0.0,0.0,1.0,1.0,1.0,1.0,2.0,1.0,0.0,0.0,0.0,2.0,0.0,0.0,1.0,1.0,3.0,50.0,50.0,1.0,0.0,0.0,0.0,0.0,0.0,0.0,0.0,0.0,0.0,0.0,2.0,2.0,0.0,1.0,1.0,0.0,1.0,0.0,0.0,0.0,0.0,0.0,1.0,0.0,0.0,1.0,0.0,0.0,0.0,1.0,10.0,0.0,0.0,0.0,0.0,0.0,11.0,0.0,0.0,0.0,1.0,0.0,0.0,0.0,1.0,0.0,1.0,0.0,0.0,0.0,0.0,0.0,1.0,1.0,1.0,0.0,0.0,0.0,0.0,0.0,0.0,1.0,1.0,0.0,0.0,0.0,0.0,0.0,1.0,1.0,0.0,1295110850.0,481.0,481.0,1254.0,1254.0,1287.0,0.0,40.0,18314.0,20785.0,20765.0,60.0,0.0,0.0,0.0,41.0,0.0,0.0,19.0,21.0,20.0,7.0,17.0,212870208.0,0.0,1596837472.0,17609990048.0,93008896.0,0.0,0.0,446.0,0.0,0.0,513.0,40.0,640.0
1747,0.0,1.0,1.0,0.0,0.0,1113600.0,1.0,765000000.0,1.0,665600000.0,0.163136959076,8728.0,1066.0,2820.0,39500.0,40750.0,41500.0,88.0,25.0,64.0,896.0,5000.0,0.0,25.0,1000000.0,950000.0,1.0,0.0,0.0,10.0,0.0,0.0,0.0,500.0,21809393.0,613891377.0,593857778.0,0.0,0.0,0.0,0.0,0.0,1.0,1.0,1.0,1.0,1.0,0.0,0.0,1.0,0.0,0.0,0.0,0.0,0.0,34.0,1.0,15067919.0,264361515.0,15188970.0,23363768.0,625687206.0,673.0,2843245572.0,0.0,1.0,1.0,0.0,1.0,0.0,0.0,1.0,1.0,1.0,1.0,2.0,1.0,0.0,0.0,0.0,2.0,0.0,0.0,1.0,1.0,3.0,50.0,50.0,1.0,0.0,0.0,0.0,0.0,0.0,0.0,0.0,0.0,0.0,0.0,2.0,2.0,0.0,1.0,1.0,0.0,1.0,0.0,0.0,0.0,0.0,0.0,1.0,0.0,0.0,1.0,0.0,0.0,0.0,1.0,10.0,0.0,0.0,0.0,0.0,0.0,11.0,0.0,0.0,0.0,0.0,0.0,0.0,0.0,0.0,0.0,1.0,1.0,0.0,0.0,0.0,0.0,1.0,1.0,1.0,0.0,0.0,0.0,0.0,0.0,0.0,1.0,1.0,0.0,0.0,0.0,0.0,0.0,1.0,1.0,0.0,1334094799.0,554.0,554.0,1289.0,1289.0,1321.0,0.0,82.0,21440.0,21833.0,21799.0,44.0,0.0,0.0,0.0,84.0,0.0,0.0,31.0,35.0,34.0,13.0,29.0,227286304.0,5026528.0,1691746240.0,17706678752.0,176762752.0,0.0,0.0,673.0,0.0,0.0,818.0,68.0,987.0
1748,0.0,1.0,1.0,0.0,0.0,1113600.0,1.0,765000000.0,1.0,665600000.0,0.170560121536,4117.0,457.0,1295.0,40500.0,41000.0,41500.0,82.0,25.0,64.0,896.0,5000.0,0.0,25.0,1000000.0,950000.0,1.0,1.0,0.0,10.0,0.0,0.0,0.0,500.0,18634102.0,573732625.0,548714456.0,0.0,0.0,0.0,0.0,0.0,1.0,1.0,1.0,1.0,1.0,0.0,0.0,1.0,0.0,0.0,0.0,0.0,0.0,34.0,1.0,14879557.0,262951428.0,14808099.0,19390722.0,583454030.0,546.0,2604342074.0,0.0,1.0,1.0,0.0,1.0,0.0,0.0,1.0,1.0,1.0,1.0,2.0,1.0,0.0,0.0,0.0,2.0,0.0,0.0,1.0,1.0,3.0,50.0,50.0,1.0,0.0,0.0,0.0,0.0,0.0,0.0,0.0,0.0,0.0,0.0,2.0,2.0,0.0,1.0,1.0,0.0,1.0,0.0,0.0,0.0,0.0,0.0,1.0,0.0,0.0,1.0,0.0,0.0,0.0,1.0,11.0,0.0,0.0,0.0,0.0,0.0,12.0,0.0,0.0,0.0,0.0,0.0,0.0,0.0,0.0,0.0,1.0,1.0,0.0,0.0,0.0,0.0,1.0,1.0,1.0,0.0,0.0,0.0,0.0,0.0,0.0,1.0,1.0,0.0,0.0,0.0,0.0,0.0,1.0,1.0,0.0,1335484968.0,548.0,548.0,1217.0,1217.0,1248.0,0.0,46.0,18375.0,21050.0,21030.0,34.0,0.0,0.0,0.0,48.0,0.0,0.0,19.0,21.0,20.0,4.0,17.0,210902624.0,0.0,1568590272.0,20030039872.0,138886176.0,0.0,0.0,546.0,0.0,0.0,641.0,40.0,852.0
1749,0.0,1.0,1.0,0.0,0.0,1113600.0,1.0,765000000.0,1.0,665600000.0,0.161448955536,8538.0,1066.0,2590.0,40000.0,40750.0,41500.0,82.0,25.0,64.0,896.0,5000.0,0.0,25.0,1000000.0,950000.0,1.0,1.0,0.0,10.0,0.0,0.0,0.0,500.0,22523230.0,610479641.0,595497002.0,0.0,0.0,0.0,0.0,0.0,1.0,1.0,1.0,1.0,1.0,0.0,0.0,1.0,0.0,0.0,0.0,0.0,0.0,29.0,1.0,14920790.0,280978599.0,14950387.0,23542597.0,619548165.0,737.0,2747911024.0,0.0,1.0,1.0,0.0,1.0,0.0,0.0,1.0,1.0,1.0,1.0,2.0,1.0,0.0,0.0,0.0,2.0,0.0,0.0,1.0,1.0,3.0,50.0,50.0,1.0,0.0,0.0,0.0,0.0,0.0,0.0,0.0,0.0,0.0,0.0,2.0,2.0,0.0,1.0,1.0,0.0,1.0,0.0,0.0,0.0,0.0,0.0,1.0,0.0,0.0,1.0,0.0,0.0,0.0,1.0,10.0,0.0,0.0,0.0,0.0,0.0,11.0,0.0,0.0,0.0,0.0,0.0,0.0,0.0,0.0,0.0,1.0,1.0,0.0,0.0,0.0,0.0,1.0,1.0,1.0,0.0,0.0,0.0,0.0,0.0,0.0,1.0,1.0,0.0,0.0,0.0,0.0,0.0,1.0,1.0,0.0,1331553629.0,564.0,564.0,1394.0,1394.0,1429.0,0.0,79.0,21678.0,21931.0,21897.0,34.0,0.0,0.0,0.0,73.0,0.0,0.0,31.0,35.0,34.0,14.0,29.0,211892352.0,0.0,1743879232.0,19277883680.0,170946912.0,0.0,0.0,737.0,0.0,0.0,851.0,68.0,1036.0
1750,0.0,1.0,1.0,0.0,0.0,1113600.0,1.0,765000000.0,1.0,665600000.0,0.161350011826,8690.0,1066.0,2667.0,39250.0,40750.0,41500.0,82.0,25.0,64.0,896.0,5000.0,0.0,25.0,1000000.0,950000.0,1.0,1.0,0.0,10.0,0.0,0.0,0.0,500.0,24043222.0,599680337.0,590129438.0,0.0,0.0,0.0,0.0,0.0,1.0,1.0,1.0,1.0,1.0,0.0,0.0,1.0,0.0,0.0,0.0,0.0,0.0,33.0,1.0,14744109.0,265594644.0,14231934.0,24503183.0,606028764.0,680.0,2626583495.0,0.0,1.0,1.0,0.0,1.0,0.0,0.0,1.0,1.0,1.0,1.0,2.0,1.0,0.0,0.0,0.0,2.0,0.0,0.0,1.0,1.0,3.0,50.0,50.0,1.0,0.0,0.0,0.0,0.0,0.0,0.0,0.0,0.0,0.0,0.0,2.0,2.0,0.0,1.0,1.0,0.0,1.0,0.0,0.0,0.0,0.0,0.0,1.0,0.0,0.0,1.0,0.0,0.0,0.0,1.0,11.0,0.0,0.0,0.0,0.0,0.0,12.0,0.0,0.0,0.0,0.0,0.0,0.0,0.0,0.0,0.0,1.0,1.0,0.0,0.0,0.0,0.0,1.0,1.0,1.0,0.0,0.0,0.0,0.0,0.0,0.0,1.0,1.0,0.0,0.0,0.0,0.0,0.0,1.0,1.0,0.0,1335936427.0,584.0,584.0,1340.0,1340.0,1375.0,0.0,73.0,21269.0,21828.0,21794.0,52.0,0.0,0.0,0.0,74.0,0.0,0.0,31.0,35.0,34.0,9.0,29.0,142117280.0,2209024.0,1726715232.0,22378017376.0,233548160.0,0.0,0.0,680.0,0.0,0.0,833.0,68.0,982.0
1751,0.0,1.0,1.0,0.0,0.0,1113600.0,1.0,765000000.0,1.0,665600000.0,0.162782907486,4155.0,457.0,1295.0,39500.0,41000.0,41500.0,72.0,25.0,64.0,896.0,5000.0,0.0,25.0,1000000.0,950000.0,1.0,0.0,0.0,10.0,0.0,0.0,100.0,100.0,17747763.0,588588245.0,562789520.0,0.0,0.0,0.0,0.0,0.0,1.0,1.0,1.0,1.0,1.0,0.0,0.0,1.0,0.0,0.0,0.0,0.0,0.0,34.0,1.0,14633812.0,256872319.0,14407661.0,19645388.0,589100376.0,554.0,2614152386.0,0.0,1.0,1.0,0.0,1.0,0.0,0.0,1.0,1.0,1.0,1.0,2.0,1.0,0.0,0.0,0.0,2.0,0.0,0.0,1.0,1.0,3.0,50.0,50.0,1.0,0.0,0.0,0.0,0.0,0.0,0.0,0.0,0.0,0.0,0.0,2.0,2.0,0.0,1.0,1.0,0.0,1.0,0.0,0.0,0.0,0.0,0.0,1.0,0.0,0.0,1.0,0.0,0.0,0.0,1.0,10.0,0.0,0.0,0.0,0.0,0.0,11.0,0.0,0.0,0.0,0.0,0.0,0.0,0.0,0.0,0.0,1.0,1.0,0.0,0.0,0.0,0.0,1.0,1.0,1.0,0.0,0.0,0.0,0.0,0.0,0.0,1.0,1.0,0.0,0.0,0.0,0.0,0.0,1.0,1.0,0.0,1300037262.0,508.0,508.0,1212.0,1212.0,1246.0,0.0,41.0,18320.0,21075.0,21055.0,45.0,0.0,0.0,0.0,33.0,0.0,0.0,19.0,21.0,20.0,4.0,17.0,116035872.0,0.0,1575526656.0,20011732288.0,84060032.0,0.0,0.0,554.0,0.0,0.0,615.0,40.0,799.0
1752,0.0,1.0,1.0,0.0,0.0,1113600.0,1.0,765000000.0,1.0,665600000.0,0.16163086891200001,8614.0,1066.0,2591.0,39500.0,40750.0,41500.0,72.0,25.0,64.0,896.0,5000.0,0.0,25.0,1000000.0,950000.0,1.0,0.0,0.0,10.0,0.0,0.0,100.0,100.0,22784674.0,607539313.0,586816961.0,0.0,0.0,0.0,0.0,0.0,1.0,1.0,1.0,1.0,1.0,0.0,0.0,1.0,0.0,0.0,0.0,0.0,0.0,32.0,1.0,14798881.0,269304267.0,14603045.0,24592754.0,618642222.0,796.0,2690323626.0,0.0,1.0,1.0,0.0,1.0,0.0,0.0,1.0,1.0,1.0,1.0,2.0,1.0,0.0,0.0,0.0,2.0,0.0,0.0,1.0,1.0,3.0,50.0,50.0,1.0,0.0,0.0,0.0,0.0,0.0,0.0,0.0,0.0,0.0,0.0,2.0,2.0,0.0,1.0,1.0,0.0,1.0,0.0,0.0,0.0,0.0,0.0,1.0,0.0,0.0,1.0,0.0,0.0,0.0,1.0,10.0,0.0,0.0,0.0,0.0,0.0,11.0,0.0,0.0,0.0,0.0,0.0,0.0,0.0,0.0,0.0,1.0,1.0,0.0,0.0,0.0,0.0,1.0,1.0,1.0,0.0,0.0,0.0,0.0,0.0,0.0,1.0,1.0,0.0,0.0,0.0,0.0,0.0,1.0,1.0,0.0,1340296731.0,687.0,687.0,1475.0,1475.0,1511.0,0.0,74.0,21734.0,21936.0,21902.0,98.0,0.0,0.0,0.0,70.0,0.0,0.0,31.0,35.0,34.0,10.0,29.0,226837632.0,0.0,1769790944.0,14663241856.0,164321056.0,0.0,0.0,796.0,0.0,0.0,1045.0,68.0,1335.0
1753,0.0,1.0,1.0,0.0,0.0,1113600.0,1.0,765000000.0,1.0,665600000.0,0.16191005706800002,8576.0,1066.0,2514.0,39375.0,40750.0,41000.0,72.0,25.0,64.0,896.0,5000.0,0.0,25.0,1000000.0,950000.0,1.0,0.0,0.0,10.0,0.0,0.0,100.0,100.0,22167325.0,594582020.0,579639162.0,0.0,0.0,0.0,0.0,0.0,1.0,1.0,1.0,1.0,1.0,0.0,0.0,1.0,0.0,0.0,0.0,0.0,0.0,35.0,1.0,15190188.0,268714784.0,15343665.0,23925231.0,623065678.0,829.0,2839925846.0,0.0,1.0,1.0,0.0,1.0,0.0,0.0,1.0,1.0,1.0,1.0,2.0,1.0,0.0,0.0,0.0,2.0,0.0,0.0,1.0,1.0,3.0,50.0,50.0,1.0,0.0,0.0,0.0,0.0,0.0,0.0,0.0,0.0,0.0,0.0,2.0,2.0,0.0,1.0,1.0,0.0,1.0,0.0,0.0,0.0,0.0,0.0,1.0,0.0,0.0,1.0,0.0,0.0,0.0,1.0,10.0,0.0,0.0,0.0,0.0,0.0,11.0,0.0,0.0,0.0,0.0,0.0,0.0,0.0,0.0,0.0,1.0,1.0,0.0,0.0,0.0,0.0,1.0,1.0,1.0,0.0,0.0,0.0,0.0,0.0,0.0,1.0,1.0,0.0,0.0,0.0,0.0,0.0,1.0,1.0,0.0,1377728715.0,646.0,646.0,1398.0,1398.0,1433.0,0.0,73.0,21816.0,21886.0,21852.0,86.0,0.0,0.0,0.0,71.0,0.0,0.0,31.0,35.0,34.0,5.0,29.0,113070656.0,0.0,1760473760.0,12890931680.0,157472704.0,0.0,0.0,829.0,0.0,0.0,1026.0,68.0,1144.0
1754,0.0,1.0,1.0,0.0,0.0,1113600.0,1.0,765000000.0,1.0,665600000.0,0.164092063904,8614.0,1066.0,2514.0,39500.0,41000.0,41500.0,92.0,25.0,64.0,896.0,5000.0,0.0,25.0,1000000.0,950000.0,1.0,1.0,0.0,10.0,0.0,0.0,100.0,100.0,21601940.0,597741916.0,572828816.0,0.0,0.0,0.0,0.0,0.0,1.0,1.0,1.0,1.0,1.0,0.0,0.0,1.0,0.0,0.0,0.0,0.0,0.0,33.0,1.0,14869645.0,264065731.0,14645793.0,22039011.0,589474213.0,619.0,2621972288.0,0.0,1.0,1.0,0.0,1.0,0.0,0.0,1.0,1.0,1.0,1.0,2.0,1.0,0.0,0.0,0.0,2.0,0.0,0.0,1.0,1.0,3.0,50.0,50.0,1.0,0.0,0.0,0.0,0.0,0.0,0.0,0.0,0.0,0.0,0.0,2.0,2.0,0.0,1.0,1.0,0.0,1.0,0.0,0.0,0.0,0.0,0.0,1.0,0.0,0.0,1.0,0.0,0.0,0.0,1.0,11.0,0.0,0.0,0.0,0.0,0.0,12.0,0.0,0.0,0.0,0.0,0.0,0.0,0.0,0.0,0.0,1.0,1.0,0.0,0.0,0.0,0.0,1.0,1.0,1.0,0.0,0.0,0.0,0.0,0.0,0.0,1.0,1.0,0.0,0.0,0.0,0.0,0.0,1.0,1.0,0.0,1311609179.0,551.0,551.0,1365.0,1365.0,1397.0,0.0,68.0,20200.0,21410.0,21383.0,46.0,0.0,0.0,0.0,68.0,0.0,0.0,25.0,28.0,27.0,4.0,23.0,113002400.0,0.0,1679156832.0,20790040288.0,162322752.0,0.0,0.0,619.0,0.0,0.0,800.0,54.0,894.0
1755,0.0,1.0,1.0,0.0,0.0,1113600.0,1.0,765000000.0,1.0,665600000.0,0.160943984985,8463.0,1066.0,2362.0,39500.0,41000.0,41500.0,92.0,25.0,64.0,896.0,5000.0,0.0,25.0,1000000.0,950000.0,1.0,1.0,0.0,10.0,0.0,0.0,100.0,100.0,20994001.0,573696576.0,575770145.0,0.0,0.0,0.0,0.0,0.0,1.0,1.0,1.0,1.0,1.0,0.0,0.0,1.0,0.0,0.0,0.0,0.0,0.0,35.0,1.0,14872018.0,262012950.0,14694036.0,20222217.0,580935016.0,613.0,2680410517.0,0.0,1.0,1.0,0.0,1.0,0.0,0.0,1.0,1.0,1.0,1.0,2.0,1.0,0.0,0.0,0.0,2.0,0.0,0.0,1.0,1.0,3.0,50.0,50.0,1.0,0.0,0.0,0.0,0.0,0.0,0.0,0.0,0.0,0.0,0.0,2.0,2.0,0.0,1.0,1.0,0.0,1.0,0.0,0.0,0.0,0.0,0.0,1.0,0.0,0.0,1.0,0.0,0.0,0.0,1.0,11.0,0.0,0.0,0.0,0.0,0.0,12.0,0.0,0.0,0.0,0.0,0.0,0.0,0.0,0.0,0.0,1.0,1.0,0.0,0.0,0.0,0.0,1.0,1.0,1.0,0.0,0.0,0.0,0.0,0.0,0.0,1.0,1.0,0.0,0.0,0.0,0.0,0.0,1.0,1.0,0.0,1305169589.0,560.0,560.0,1316.0,1316.0,1347.0,0.0,54.0,20270.0,21274.0,21247.0,42.0,0.0,0.0,0.0,54.0,0.0,0.0,25.0,28.0,27.0,7.0,23.0,110876384.0,0.0,1644972288.0,15282032448.0,114941504.0,0.0,0.0,613.0,0.0,0.0,707.0,54.0,891.0
1756,0.0,1.0,1.0,0.0,0.0,1113600.0,1.0,765000000.0,1.0,665600000.0,0.161644935608,4117.0,457.0,1295.0,39250.0,41000.0,41500.0,92.0,25.0,64.0,896.0,5000.0,0.0,25.0,1000000.0,950000.0,1.0,1.0,0.0,10.0,0.0,0.0,100.0,100.0,19374353.0,577507926.0,560000514.0,0.0,0.0,0.0,0.0,0.0,1.0,1.0,1.0,1.0,1.0,0.0,0.0,1.0,0.0,0.0,0.0,0.0,0.0,31.0,1.0,14998370.0,263873185.0,14865329.0,19667972.0,582240372.0,622.0,2546057811.0,0.0,1.0,1.0,0.0,1.0,0.0,0.0,1.0,1.0,1.0,1.0,2.0,1.0,0.0,0.0,0.0,2.0,0.0,0.0,1.0,1.0,3.0,50.0,50.0,1.0,0.0,0.0,0.0,0.0,0.0,0.0,0.0,0.0,0.0,0.0,2.0,2.0,0.0,1.0,1.0,0.0,1.0,0.0,0.0,0.0,0.0,0.0,1.0,0.0,0.0,1.0,0.0,0.0,0.0,1.0,10.0,0.0,0.0,0.0,0.0,0.0,11.0,0.0,0.0,0.0,0.0,0.0,0.0,0.0,0.0,0.0,1.0,1.0,0.0,0.0,0.0,0.0,1.0,1.0,1.0,0.0,0.0,0.0,0.0,0.0,0.0,1.0,1.0,0.0,0.0,0.0,0.0,0.0,1.0,1.0,0.0,1281373020.0,562.0,562.0,1307.0,1307.0,1345.0,0.0,46.0,18376.0,21043.0,21024.0,32.0,0.0,0.0,0.0,45.0,0.0,0.0,19.0,21.0,20.0,6.0,17.0,111166336.0,0.0,1607339648.0,26058486656.0,100386912.0,0.0,0.0,622.0,0.0,0.0,694.0,40.0,845.0
1757,0.0,1.0,1.0,0.0,0.0,1113600.0,1.0,765000000.0,1.0,665600000.0,0.167618989944,9489.0,1066.0,2666.0,40250.0,40750.0,41500.0,75.0,25.0,64.0,896.0,5000.0,0.0,25.0,1000000.0,950000.0,1.0,0.0,0.0,10.0,0.0,0.0,100.0,500.0,21556956.0,605319897.0,587433910.0,0.0,0.0,0.0,0.0,0.0,1.0,1.0,1.0,1.0,1.0,0.0,0.0,1.0,0.0,0.0,0.0,0.0,0.0,33.0,1.0,15155451.0,266073516.0,14941752.0,23131619.0,600520970.0,728.0,2805058385.0,0.0,1.0,1.0,0.0,1.0,0.0,0.0,1.0,1.0,1.0,1.0,2.0,1.0,0.0,0.0,0.0,2.0,0.0,0.0,1.0,1.0,3.0,50.0,50.0,1.0,0.0,0.0,0.0,0.0,0.0,0.0,0.0,0.0,0.0,0.0,2.0,2.0,0.0,1.0,1.0,0.0,1.0,0.0,0.0,0.0,0.0,0.0,1.0,0.0,0.0,1.0,0.0,0.0,0.0,1.0,10.0,0.0,0.0,0.0,0.0,0.0,11.0,0.0,0.0,0.0,0.0,0.0,0.0,0.0,0.0,0.0,1.0,1.0,0.0,0.0,0.0,0.0,1.0,1.0,1.0,0.0,0.0,0.0,0.0,0.0,0.0,1.0,1.0,0.0,0.0,0.0,0.0,0.0,1.0,1.0,0.0,1334484705.0,522.0,522.0,1309.0,1309.0,1345.0,0.0,70.0,21428.0,21961.0,21927.0,144.0,0.0,0.0,0.0,76.0,0.0,0.0,31.0,35.0,34.0,11.0,29.0,22628928.0,0.0,1715542400.0,19948238688.0,187363264.0,0.0,0.0,728.0,0.0,0.0,949.0,68.0,1061.0
1758,0.0,1.0,1.0,0.0,0.0,1113600.0,1.0,765000000.0,1.0,665600000.0,0.161786079407,9337.0,1142.0,2438.0,39000.0,41000.0,41500.0,75.0,25.0,64.0,896.0,5000.0,0.0,25.0,1000000.0,950000.0,1.0,0.0,0.0,10.0,0.0,0.0,100.0,500.0,22246800.0,570165098.0,564072596.0,0.0,0.0,0.0,0.0,0.0,1.0,1.0,1.0,1.0,1.0,0.0,0.0,1.0,0.0,0.0,0.0,0.0,0.0,32.0,1.0,15063898.0,262554298.0,15154429.0,20717904.0,592190592.0,594.0,2614181061.0,0.0,1.0,1.0,0.0,1.0,0.0,0.0,1.0,1.0,1.0,1.0,2.0,1.0,0.0,0.0,0.0,2.0,0.0,0.0,1.0,1.0,3.0,50.0,50.0,1.0,0.0,0.0,0.0,0.0,0.0,0.0,0.0,0.0,0.0,0.0,2.0,2.0,0.0,1.0,1.0,0.0,1.0,0.0,0.0,0.0,0.0,0.0,1.0,0.0,0.0,1.0,0.0,0.0,0.0,1.0,10.0,0.0,0.0,0.0,0.0,0.0,11.0,0.0,0.0,0.0,0.0,0.0,0.0,0.0,0.0,0.0,1.0,1.0,0.0,0.0,0.0,0.0,1.0,1.0,1.0,0.0,0.0,0.0,0.0,0.0,0.0,1.0,1.0,0.0,0.0,0.0,0.0,0.0,1.0,1.0,0.0,1327711178.0,636.0,636.0,1275.0,1275.0,1307.0,0.0,61.0,20105.0,21367.0,21340.0,76.0,0.0,0.0,0.0,73.0,0.0,0.0,25.0,28.0,27.0,4.0,23.0,14972608.0,0.0,1680159680.0,29195628192.0,97632384.0,0.0,0.0,594.0,0.0,0.0,747.0,54.0,993.0
1759,0.0,1.0,1.0,0.0,0.0,1113600.0,1.0,765000000.0,1.0,665600000.0,0.161843061447,9756.0,1066.0,2894.0,39875.0,40750.0,41500.0,75.0,25.0,64.0,896.0,5000.0,0.0,25.0,1000000.0,950000.0,1.0,0.0,0.0,10.0,0.0,0.0,100.0,500.0,23681946.0,608718494.0,600228591.0,0.0,0.0,0.0,0.0,0.0,1.0,1.0,1.0,1.0,1.0,0.0,0.0,1.0,0.0,0.0,0.0,0.0,0.0,32.0,1.0,15637666.0,273431266.0,15547001.0,22973560.0,637696052.0,822.0,2912956921.0,0.0,1.0,1.0,0.0,1.0,0.0,0.0,1.0,1.0,1.0,1.0,2.0,1.0,0.0,0.0,0.0,2.0,0.0,0.0,1.0,1.0,3.0,50.0,50.0,1.0,0.0,0.0,0.0,0.0,0.0,0.0,0.0,0.0,0.0,0.0,2.0,2.0,0.0,1.0,1.0,0.0,1.0,0.0,0.0,0.0,0.0,0.0,1.0,0.0,0.0,1.0,0.0,0.0,0.0,1.0,10.0,0.0,0.0,0.0,0.0,0.0,11.0,0.0,0.0,0.0,0.0,0.0,0.0,0.0,0.0,0.0,1.0,1.0,0.0,0.0,0.0,0.0,1.0,1.0,1.0,0.0,0.0,0.0,0.0,0.0,0.0,1.0,1.0,0.0,0.0,0.0,0.0,0.0,1.0,1.0,0.0,1361416399.0,647.0,647.0,1500.0,1500.0,1537.0,0.0,83.0,22080.0,21843.0,21809.0,73.0,0.0,0.0,0.0,88.0,0.0,0.0,31.0,35.0,34.0,11.0,29.0,126393792.0,0.0,1842621568.0,24322847040.0,180909952.0,0.0,0.0,822.0,0.0,0.0,1000.0,68.0,1116.0
1760,0.0,1.0,1.0,0.0,0.0,1113600.0,1.0,765000000.0,1.0,665600000.0,0.167551040649,9565.0,1066.0,2666.0,39875.0,40750.0,41500.0,69.0,25.0,64.0,896.0,5000.0,0.0,25.0,1000000.0,950000.0,1.0,1.0,0.0,10.0,0.0,0.0,100.0,500.0,22811538.0,618566928.0,596066964.0,0.0,0.0,0.0,0.0,0.0,1.0,1.0,1.0,1.0,1.0,0.0,0.0,1.0,0.0,0.0,0.0,0.0,0.0,33.0,1.0,14627124.0,271484392.0,14396922.0,23633689.0,629690464.0,630.0,2778253865.0,0.0,1.0,1.0,0.0,1.0,0.0,0.0,1.0,1.0,1.0,1.0,2.0,1.0,0.0,0.0,0.0,2.0,0.0,0.0,1.0,1.0,3.0,50.0,50.0,1.0,0.0,0.0,0.0,0.0,0.0,0.0,0.0,0.0,0.0,0.0,2.0,2.0,0.0,1.0,1.0,0.0,1.0,0.0,0.0,0.0,0.0,0.0,1.0,0.0,0.0,1.0,0.0,0.0,0.0,1.0,10.0,0.0,0.0,0.0,0.0,0.0,11.0,0.0,0.0,0.0,0.0,0.0,0.0,0.0,0.0,0.0,1.0,1.0,0.0,0.0,0.0,0.0,1.0,1.0,1.0,0.0,0.0,0.0,0.0,0.0,0.0,1.0,1.0,0.0,0.0,0.0,0.0,0.0,1.0,1.0,0.0,1364732937.0,557.0,557.0,1337.0,1337.0,1370.0,0.0,74.0,21531.0,21812.0,21778.0,56.0,0.0,0.0,0.0,84.0,0.0,0.0,31.0,35.0,34.0,8.0,29.0,129571232.0,0.0,1737621600.0,253225551840.0,142326912.0,0.0,0.0,630.0,0.0,0.0,786.0,68.0,1050.0
1761,0.0,1.0,1.0,0.0,0.0,1113600.0,1.0,765000000.0,1.0,665600000.0,0.161938905716,9451.0,1066.0,2742.0,39500.0,41250.0,41500.0,69.0,25.0,64.0,896.0,5000.0,0.0,25.0,1000000.0,950000.0,1.0,1.0,0.0,10.0,0.0,0.0,100.0,500.0,23277577.0,603118191.0,595777334.0,0.0,0.0,0.0,0.0,0.0,1.0,1.0,1.0,1.0,1.0,0.0,0.0,1.0,0.0,0.0,0.0,0.0,0.0,31.0,1.0,15299277.0,281912368.0,15177751.0,24247023.0,616737453.0,744.0,2746765035.0,0.0,1.0,1.0,0.0,1.0,0.0,0.0,1.0,1.0,1.0,1.0,2.0,1.0,0.0,0.0,0.0,2.0,0.0,0.0,1.0,1.0,3.0,50.0,50.0,1.0,0.0,0.0,0.0,0.0,0.0,0.0,0.0,0.0,0.0,0.0,2.0,2.0,0.0,1.0,1.0,0.0,1.0,0.0,0.0,0.0,0.0,0.0,1.0,0.0,0.0,1.0,0.0,0.0,0.0,1.0,11.0,0.0,0.0,0.0,0.0,0.0,12.0,0.0,0.0,0.0,0.0,0.0,0.0,0.0,0.0,0.0,1.0,1.0,0.0,0.0,0.0,0.0,1.0,1.0,1.0,0.0,0.0,0.0,0.0,0.0,0.0,1.0,1.0,0.0,0.0,0.0,0.0,0.0,1.0,1.0,0.0,1338147584.0,610.0,610.0,1354.0,1354.0,1389.0,0.0,72.0,21817.0,22014.0,21980.0,32.0,0.0,0.0,0.0,76.0,0.0,0.0,31.0,35.0,34.0,10.0,29.0,322372160.0,0.0,1734941440.0,20234356288.0,170941824.0,0.0,0.0,744.0,0.0,0.0,925.0,68.0,1131.0
1762,0.0,1.0,1.0,0.0,0.0,1113600.0,1.0,765000000.0,1.0,665600000.0,0.166071891785,8728.0,1066.0,2591.0,39500.0,40750.0,41500.0,69.0,25.0,64.0,896.0,5000.0,0.0,25.0,1000000.0,950000.0,1.0,1.0,0.0,10.0,0.0,0.0,100.0,500.0,23502097.0,607213227.0,569225554.0,0.0,0.0,0.0,0.0,0.0,1.0,1.0,1.0,1.0,1.0,0.0,0.0,1.0,0.0,0.0,0.0,0.0,0.0,32.0,1.0,14893125.0,267467016.0,14944338.0,24347227.0,617388081.0,629.0,2728607460.0,0.0,1.0,1.0,0.0,1.0,0.0,0.0,1.0,1.0,1.0,1.0,2.0,1.0,0.0,0.0,0.0,2.0,0.0,0.0,1.0,1.0,3.0,50.0,50.0,1.0,0.0,0.0,0.0,0.0,0.0,0.0,0.0,0.0,0.0,0.0,2.0,2.0,0.0,1.0,1.0,0.0,1.0,0.0,0.0,0.0,0.0,0.0,1.0,0.0,0.0,1.0,0.0,0.0,0.0,1.0,10.0,0.0,0.0,0.0,0.0,0.0,11.0,0.0,0.0,0.0,0.0,0.0,0.0,0.0,0.0,0.0,1.0,1.0,0.0,0.0,0.0,0.0,1.0,1.0,1.0,0.0,0.0,0.0,0.0,0.0,0.0,1.0,1.0,0.0,0.0,0.0,0.0,0.0,1.0,1.0,0.0,1355598497.0,597.0,597.0,1364.0,1364.0,1401.0,0.0,76.0,21775.0,21789.0,21755.0,39.0,0.0,0.0,0.0,87.0,0.0,0.0,31.0,35.0,34.0,14.0,29.0,313977248.0,0.0,1725000000.0,27960823840.0,177152000.0,0.0,0.0,629.0,0.0,0.0,784.0,68.0,1112.0
1763,0.0,1.0,1.0,1.0,0.0,345600.0,1.0,140250000.0,1.0,1062400000.0,0.544111967087,16660.0,1447.0,4190.0,39625.0,40500.0,41375.0,94.0,25.0,64.0,896.0,5000.0,0.0,25.0,1000000.0,950000.0,1.0,0.0,0.0,10.0,0.0,0.0,0.0,100.0,30947979.0,669961434.0,644947549.0,0.0,0.0,0.0,0.0,0.0,1.0,1.0,1.0,1.0,1.0,0.0,0.0,1.0,0.0,0.0,0.0,0.0,0.0,30.0,1.0,15832568.0,301723538.0,16233958.0,31629946.0,691863165.0,1215.0,2932719508.0,0.0,1.0,1.0,0.0,1.0,0.0,0.0,1.0,1.0,1.0,1.0,2.0,1.0,0.0,0.0,0.0,2.0,0.0,0.0,1.0,1.0,3.0,50.0,50.0,1.0,0.0,0.0,0.0,0.0,0.0,0.0,0.0,0.0,0.0,0.0,2.0,2.0,0.0,1.0,1.0,0.0,1.0,0.0,0.0,0.0,0.0,0.0,1.0,0.0,0.0,1.0,0.0,0.0,0.0,1.0,10.0,0.0,0.0,0.0,0.0,0.0,11.0,0.0,0.0,0.0,0.0,0.0,0.0,0.0,0.0,0.0,1.0,1.0,0.0,0.0,0.0,0.0,1.0,1.0,1.0,0.0,0.0,0.0,0.0,0.0,0.0,1.0,1.0,0.0,0.0,0.0,0.0,0.0,1.0,1.0,0.0,1501809489.0,787.0,787.0,1952.0,1952.0,1999.0,0.0,173.0,27547.0,23865.0,23803.0,133.0,0.0,0.0,0.0,177.0,0.0,0.0,55.0,63.0,62.0,13.0,53.0,343509888.0,0.0,2605555072.0,34233941376.0,284128384.0,0.0,0.0,1215.0,0.0,0.0,1605.0,124.0,2102.0
1764,0.0,1.0,1.0,1.0,0.0,345600.0,1.0,140250000.0,1.0,1062400000.0,0.521481990814,12543.0,1066.0,3276.0,39833.3333333,41000.0,41500.0,94.0,25.0,64.0,896.0,5000.0,0.0,25.0,1000000.0,950000.0,1.0,0.0,0.0,10.0,0.0,0.0,0.0,100.0,28133414.0,623808174.0,622059132.0,0.0,0.0,0.0,0.0,0.0,1.0,1.0,1.0,1.0,1.0,0.0,0.0,1.0,0.0,0.0,0.0,0.0,0.0,30.0,1.0,15615675.0,296925873.0,15189795.0,28574201.0,634536257.0,869.0,2635915796.0,0.0,1.0,1.0,0.0,1.0,0.0,0.0,1.0,1.0,1.0,1.0,2.0,1.0,0.0,0.0,0.0,2.0,0.0,0.0,1.0,1.0,3.0,50.0,50.0,1.0,0.0,0.0,0.0,0.0,0.0,0.0,0.0,0.0,0.0,0.0,2.0,2.0,0.0,1.0,1.0,0.0,1.0,0.0,0.0,0.0,0.0,0.0,1.0,0.0,0.0,1.0,0.0,0.0,0.0,1.0,11.0,0.0,0.0,0.0,0.0,0.0,12.0,0.0,0.0,0.0,0.0,0.0,0.0,0.0,0.0,0.0,1.0,1.0,0.0,0.0,0.0,0.0,1.0,1.0,1.0,0.0,0.0,0.0,0.0,0.0,0.0,1.0,1.0,0.0,0.0,0.0,0.0,0.0,1.0,1.0,0.0,1397454670.0,738.0,738.0,1665.0,1665.0,1711.0,0.0,113.0,23596.0,22949.0,22901.0,155.0,0.0,0.0,0.0,139.0,0.0,0.0,43.0,49.0,48.0,12.0,41.0,250981344.0,77120.0,2272672832.0,28983770624.0,260395136.0,0.0,0.0,869.0,0.0,0.0,1230.0,96.0,1586.0
1765,0.0,1.0,1.0,1.0,0.0,345600.0,1.0,140250000.0,1.0,1062400000.0,0.521800041199,17117.0,1675.0,4572.0,39437.5,40625.0,41500.0,94.0,25.0,64.0,896.0,5000.0,0.0,25.0,1000000.0,950000.0,1.0,0.0,0.0,10.0,0.0,0.0,0.0,100.0,31007353.0,674862406.0,656047780.0,0.0,0.0,0.0,0.0,0.0,1.0,1.0,1.0,1.0,1.0,0.0,0.0,1.0,0.0,0.0,0.0,0.0,0.0,33.0,1.0,16172351.0,301528414.0,16140061.0,30707191.0,672232670.0,1038.0,2912113574.0,0.0,1.0,1.0,0.0,1.0,0.0,0.0,1.0,1.0,1.0,1.0,2.0,1.0,0.0,0.0,0.0,2.0,0.0,0.0,1.0,1.0,3.0,50.0,50.0,1.0,0.0,0.0,0.0,0.0,0.0,0.0,0.0,0.0,0.0,0.0,2.0,2.0,0.0,1.0,1.0,0.0,1.0,0.0,0.0,0.0,0.0,0.0,1.0,0.0,0.0,1.0,0.0,0.0,0.0,1.0,10.0,0.0,0.0,0.0,0.0,0.0,11.0,0.0,0.0,0.0,0.0,0.0,0.0,0.0,0.0,0.0,1.0,1.0,0.0,0.0,0.0,0.0,1.0,1.0,1.0,0.0,0.0,0.0,0.0,0.0,0.0,1.0,1.0,0.0,0.0,0.0,0.0,0.0,1.0,1.0,0.0,1466836902.0,746.0,746.0,1775.0,1775.0,1818.0,0.0,130.0,26282.0,23789.0,23729.0,147.0,0.0,0.0,0.0,119.0,0.0,0.0,55.0,61.0,60.0,21.0,53.0,34619552.0,0.0,2239222560.0,37746674848.0,219635712.0,0.0,0.0,1038.0,0.0,0.0,1365.0,120.0,1782.0
1766,0.0,1.0,1.0,1.0,0.0,345600.0,1.0,140250000.0,1.0,1062400000.0,0.538393974304,17003.0,1523.0,4419.0,39666.6666667,41000.0,41500.0,92.0,25.0,64.0,896.0,5000.0,0.0,25.0,1000000.0,950000.0,1.0,1.0,0.0,10.0,0.0,0.0,0.0,100.0,30442492.0,650958678.0,644350461.0,0.0,0.0,0.0,0.0,0.0,1.0,1.0,1.0,1.0,1.0,0.0,0.0,1.0,0.0,0.0,0.0,0.0,0.0,35.0,1.0,16121345.0,302727205.0,15928050.0,30395994.0,655132574.0,1091.0,2793892679.0,0.0,1.0,1.0,0.0,1.0,0.0,0.0,1.0,1.0,1.0,1.0,2.0,1.0,0.0,0.0,0.0,2.0,0.0,0.0,1.0,1.0,3.0,50.0,50.0,1.0,0.0,0.0,0.0,0.0,0.0,0.0,0.0,0.0,0.0,0.0,2.0,2.0,0.0,1.0,1.0,0.0,1.0,0.0,0.0,0.0,0.0,0.0,1.0,0.0,0.0,1.0,0.0,0.0,0.0,1.0,11.0,0.0,0.0,0.0,0.0,0.0,12.0,0.0,0.0,0.0,0.0,0.0,0.0,0.0,0.0,0.0,1.0,1.0,0.0,0.0,0.0,0.0,1.0,1.0,1.0,0.0,0.0,0.0,0.0,0.0,0.0,1.0,1.0,0.0,0.0,0.0,0.0,0.0,1.0,1.0,0.0,1418573934.0,781.0,781.0,1704.0,1704.0,1742.0,0.0,133.0,25613.0,23501.0,23447.0,184.0,0.0,0.0,0.0,141.0,0.0,0.0,49.0,55.0,54.0,10.0,47.0,141996000.0,0.0,2379494976.0,28219135072.0,298919040.0,0.0,0.0,1091.0,0.0,0.0,1482.0,108.0,1818.0
1767,0.0,1.0,1.0,1.0,0.0,345600.0,1.0,140250000.0,1.0,1062400000.0,0.5235810279850001,12619.0,1066.0,3428.0,40083.3333333,40833.3333333,41500.0,92.0,25.0,64.0,896.0,5000.0,0.0,25.0,1000000.0,950000.0,1.0,1.0,0.0,10.0,0.0,0.0,0.0,100.0,27100953.0,650616886.0,629308559.0,0.0,0.0,0.0,0.0,0.0,1.0,1.0,1.0,1.0,1.0,0.0,0.0,1.0,0.0,0.0,0.0,0.0,0.0,29.0,1.0,15197830.0,296754425.0,15192541.0,27953220.0,658091379.0,930.0,2701027885.0,0.0,1.0,1.0,0.0,1.0,0.0,0.0,1.0,1.0,1.0,1.0,2.0,1.0,0.0,0.0,0.0,2.0,0.0,0.0,1.0,1.0,3.0,50.0,50.0,1.0,0.0,0.0,0.0,0.0,0.0,0.0,0.0,0.0,0.0,0.0,2.0,2.0,0.0,1.0,1.0,0.0,1.0,0.0,0.0,0.0,0.0,0.0,1.0,0.0,0.0,1.0,0.0,0.0,0.0,1.0,10.0,0.0,0.0,0.0,0.0,0.0,11.0,0.0,0.0,0.0,0.0,0.0,0.0,0.0,0.0,0.0,1.0,1.0,0.0,0.0,0.0,0.0,1.0,1.0,1.0,0.0,0.0,0.0,0.0,0.0,0.0,1.0,1.0,0.0,0.0,0.0,0.0,0.0,1.0,1.0,0.0,1394112176.0,675.0,675.0,1695.0,1695.0,1731.0,0.0,127.0,23734.0,22914.0,22866.0,122.0,0.0,0.0,0.0,113.0,0.0,0.0,43.0,49.0,48.0,6.0,41.0,245414144.0,0.0,2149671616.0,18998172608.0,192811488.0,0.0,0.0,930.0,0.0,0.0,1141.0,96.0,1386.0
1768,0.0,1.0,1.0,1.0,0.0,345600.0,1.0,140250000.0,1.0,1062400000.0,0.524311065674,12581.0,1142.0,3276.0,39750.0,40833.3333333,41500.0,92.0,25.0,64.0,896.0,5000.0,0.0,25.0,1000000.0,950000.0,1.0,1.0,0.0,10.0,0.0,0.0,0.0,100.0,27147328.0,642315285.0,602583542.0,0.0,0.0,0.0,0.0,0.0,1.0,1.0,1.0,1.0,1.0,0.0,0.0,1.0,0.0,0.0,0.0,0.0,0.0,31.0,1.0,15646032.0,286012956.0,15897710.0,28876787.0,646936306.0,959.0,2731978182.0,0.0,1.0,1.0,0.0,1.0,0.0,0.0,1.0,1.0,1.0,1.0,2.0,1.0,0.0,0.0,0.0,2.0,0.0,0.0,1.0,1.0,3.0,50.0,50.0,1.0,0.0,0.0,0.0,0.0,0.0,0.0,0.0,0.0,0.0,0.0,2.0,2.0,0.0,1.0,1.0,0.0,1.0,0.0,0.0,0.0,0.0,0.0,1.0,0.0,0.0,1.0,0.0,0.0,0.0,1.0,10.0,0.0,0.0,0.0,0.0,0.0,11.0,0.0,0.0,0.0,0.0,0.0,0.0,0.0,0.0,0.0,1.0,1.0,0.0,0.0,0.0,0.0,1.0,1.0,1.0,0.0,0.0,0.0,0.0,0.0,0.0,1.0,1.0,0.0,0.0,0.0,0.0,0.0,1.0,1.0,0.0,1425782977.0,709.0,709.0,1626.0,1626.0,1661.0,0.0,137.0,24081.0,22967.0,22919.0,156.0,0.0,0.0,0.0,141.0,0.0,0.0,43.0,49.0,48.0,16.0,41.0,359224192.0,0.0,2247996800.0,31330838432.0,336166368.0,0.0,0.0,959.0,0.0,0.0,1282.0,96.0,1692.0
1769,0.0,1.0,1.0,1.0,0.0,345600.0,1.0,140250000.0,1.0,1062400000.0,0.538797855377,17117.0,1599.0,4571.0,39937.5,40625.0,41625.0,68.0,25.0,64.0,896.0,5000.0,0.0,25.0,1000000.0,950000.0,1.0,0.0,0.0,10.0,0.0,0.0,0.0,500.0,31439016.0,690944591.0,667253369.0,0.0,0.0,0.0,0.0,0.0,1.0,1.0,1.0,1.0,1.0,0.0,0.0,1.0,0.0,0.0,0.0,0.0,0.0,34.0,1.0,16043061.0,316332845.0,15981918.0,32548842.0,693269241.0,1179.0,2942802529.0,0.0,1.0,1.0,0.0,1.0,0.0,0.0,1.0,1.0,1.0,1.0,2.0,1.0,0.0,0.0,0.0,2.0,0.0,0.0,1.0,1.0,3.0,50.0,50.0,1.0,0.0,0.0,0.0,0.0,0.0,0.0,0.0,0.0,0.0,0.0,2.0,2.0,0.0,1.0,1.0,0.0,1.0,0.0,0.0,0.0,0.0,0.0,1.0,0.0,0.0,1.0,0.0,0.0,0.0,1.0,11.0,0.0,0.0,0.0,0.0,0.0,12.0,0.0,0.0,0.0,0.0,0.0,0.0,0.0,0.0,0.0,1.0,1.0,0.0,0.0,0.0,0.0,1.0,1.0,1.0,0.0,0.0,0.0,0.0,0.0,0.0,1.0,1.0,0.0,0.0,0.0,0.0,0.0,1.0,1.0,0.0,1461733280.0,757.0,757.0,1844.0,1844.0,1880.0,0.0,145.0,27287.0,24133.0,24071.0,111.0,0.0,0.0,0.0,162.0,0.0,0.0,55.0,63.0,62.0,12.0,53.0,156568800.0,401152.0,2475462208.0,33944940000.0,297448896.0,0.0,0.0,1179.0,0.0,0.0,1535.0,124.0,2084.0
1770,0.0,1.0,1.0,1.0,0.0,345600.0,1.0,140250000.0,1.0,1062400000.0,0.524422168732,20702.0,1827.0,4800.0,39916.6666667,40833.3333333,41500.0,68.0,25.0,64.0,896.0,5000.0,0.0,25.0,1000000.0,950000.0,1.0,0.0,0.0,10.0,0.0,0.0,0.0,500.0,31504605.0,661139884.0,647708674.0,0.0,0.0,0.0,0.0,0.0,1.0,1.0,1.0,1.0,1.0,0.0,0.0,1.0,0.0,0.0,0.0,0.0,0.0,32.0,1.0,16112793.0,301434160.0,15976942.0,32040258.0,664065418.0,1110.0,2828925576.0,0.0,1.0,1.0,0.0,1.0,0.0,0.0,1.0,1.0,1.0,1.0,2.0,1.0,0.0,0.0,0.0,2.0,0.0,0.0,1.0,1.0,3.0,50.0,50.0,1.0,0.0,0.0,0.0,0.0,0.0,0.0,0.0,0.0,0.0,0.0,2.0,2.0,0.0,1.0,1.0,0.0,1.0,0.0,0.0,0.0,0.0,0.0,1.0,0.0,0.0,1.0,0.0,0.0,0.0,1.0,10.0,0.0,0.0,0.0,0.0,0.0,11.0,0.0,0.0,0.0,0.0,0.0,0.0,0.0,0.0,0.0,1.0,1.0,0.0,0.0,0.0,0.0,1.0,1.0,1.0,0.0,0.0,0.0,0.0,0.0,0.0,1.0,1.0,0.0,0.0,0.0,0.0,0.0,1.0,1.0,0.0,1433708681.0,774.0,774.0,1965.0,1965.0,2009.0,0.0,141.0,27260.0,23829.0,23768.0,94.0,0.0,0.0,0.0,162.0,0.0,0.0,55.0,62.0,61.0,19.0,53.0,431871040.0,0.0,2557261056.0,42176033248.0,286908640.0,0.0,0.0,1110.0,0.0,0.0,1434.0,122.0,1689.0
1771,0.0,1.0,1.0,1.0,0.0,345600.0,1.0,140250000.0,1.0,1062400000.0,0.52263879776,12543.0,1066.0,3200.0,39875.0,40875.0,41500.0,68.0,25.0,64.0,896.0,5000.0,0.0,25.0,1000000.0,950000.0,1.0,0.0,0.0,10.0,0.0,0.0,0.0,500.0,30022244.0,638621710.0,631044198.0,0.0,0.0,0.0,0.0,0.0,1.0,1.0,1.0,1.0,1.0,0.0,0.0,1.0,0.0,0.0,0.0,0.0,0.0,32.0,1.0,16214748.0,305070219.0,15718279.0,30385586.0,640158402.0,973.0,2706577137.0,0.0,1.0,1.0,0.0,1.0,0.0,0.0,1.0,1.0,1.0,1.0,2.0,1.0,0.0,0.0,0.0,2.0,0.0,0.0,1.0,1.0,3.0,50.0,50.0,1.0,0.0,0.0,0.0,0.0,0.0,0.0,0.0,0.0,0.0,0.0,2.0,2.0,0.0,1.0,1.0,0.0,1.0,0.0,0.0,0.0,0.0,0.0,1.0,0.0,0.0,1.0,0.0,0.0,0.0,1.0,11.0,0.0,0.0,0.0,0.0,0.0,12.0,0.0,0.0,0.0,0.0,0.0,0.0,0.0,0.0,0.0,1.0,1.0,0.0,0.0,0.0,0.0,1.0,1.0,1.0,0.0,0.0,0.0,0.0,0.0,0.0,1.0,1.0,0.0,0.0,0.0,0.0,0.0,1.0,1.0,0.0,1397319539.0,738.0,738.0,1769.0,1769.0,1819.0,0.0,140.0,25753.0,23415.0,23361.0,127.0,0.0,0.0,0.0,131.0,0.0,0.0,49.0,55.0,54.0,14.0,47.0,538397664.0,3026176.0,2457750944.0,30371734624.0,212349792.0,0.0,0.0,973.0,0.0,0.0,1272.0,108.0,1583.0
1772,0.0,1.0,1.0,1.0,0.0,345600.0,1.0,140250000.0,1.0,1062400000.0,0.546061038971,17003.0,1370.0,4647.0,39833.3333333,40666.6666667,41500.0,91.0,25.0,64.0,896.0,5000.0,0.0,25.0,1000000.0,950000.0,1.0,1.0,0.0,10.0,0.0,0.0,0.0,500.0,31076580.0,658068301.0,647585562.0,0.0,0.0,0.0,0.0,0.0,1.0,1.0,1.0,1.0,1.0,0.0,0.0,1.0,0.0,0.0,0.0,0.0,0.0,30.0,1.0,15971106.0,300486302.0,15898733.0,29570009.0,682530966.0,1053.0,2841472381.0,0.0,1.0,1.0,0.0,1.0,0.0,0.0,1.0,1.0,1.0,1.0,2.0,1.0,0.0,0.0,0.0,2.0,0.0,0.0,1.0,1.0,3.0,50.0,50.0,1.0,0.0,0.0,0.0,0.0,0.0,0.0,0.0,0.0,0.0,0.0,2.0,2.0,0.0,1.0,1.0,0.0,1.0,0.0,0.0,0.0,0.0,0.0,1.0,0.0,0.0,1.0,0.0,0.0,0.0,1.0,10.0,0.0,0.0,0.0,0.0,0.0,11.0,0.0,0.0,0.0,0.0,0.0,0.0,0.0,0.0,0.0,1.0,1.0,0.0,0.0,0.0,0.0,1.0,1.0,1.0,0.0,0.0,0.0,0.0,0.0,0.0,1.0,1.0,0.0,0.0,0.0,0.0,0.0,1.0,1.0,0.0,1455795104.0,680.0,680.0,1742.0,1742.0,1791.0,0.0,132.0,26188.0,23429.0,23374.0,61.0,0.0,0.0,0.0,152.0,0.0,0.0,49.0,56.0,55.0,14.0,47.0,239454496.0,0.0,2297500320.0,27261828576.0,211834848.0,0.0,0.0,1053.0,0.0,0.0,1317.0,110.0,1708.0
1773,0.0,1.0,1.0,1.0,0.0,345600.0,1.0,140250000.0,1.0,1062400000.0,0.523312091827,12542.0,1142.0,3123.0,39916.6666667,40500.0,41500.0,91.0,25.0,64.0,896.0,5000.0,0.0,25.0,1000000.0,950000.0,1.0,1.0,0.0,10.0,0.0,0.0,0.0,500.0,28596132.0,629024284.0,620612903.0,0.0,0.0,0.0,0.0,0.0,1.0,1.0,1.0,1.0,1.0,0.0,0.0,1.0,0.0,0.0,0.0,0.0,0.0,29.0,1.0,15362321.0,280687305.0,15393513.0,28947865.0,649358726.0,994.0,2637231953.0,0.0,1.0,1.0,0.0,1.0,0.0,0.0,1.0,1.0,1.0,1.0,2.0,1.0,0.0,0.0,0.0,2.0,0.0,0.0,1.0,1.0,3.0,50.0,50.0,1.0,0.0,0.0,0.0,0.0,0.0,0.0,0.0,0.0,0.0,0.0,2.0,2.0,0.0,1.0,1.0,0.0,1.0,0.0,0.0,0.0,0.0,0.0,1.0,0.0,0.0,1.0,0.0,0.0,0.0,1.0,10.0,0.0,0.0,0.0,0.0,0.0,11.0,0.0,0.0,0.0,0.0,0.0,0.0,0.0,0.0,0.0,1.0,1.0,0.0,0.0,0.0,0.0,1.0,1.0,1.0,0.0,0.0,0.0,0.0,0.0,0.0,1.0,1.0,0.0,0.0,0.0,0.0,0.0,1.0,1.0,0.0,1409637062.0,696.0,696.0,1708.0,1708.0,1739.0,0.0,106.0,24396.0,23073.0,23025.0,176.0,0.0,0.0,0.0,122.0,0.0,0.0,43.0,49.0,48.0,13.0,41.0,337825248.0,0.0,2323029664.0,34411965344.0,303664512.0,0.0,0.0,994.0,0.0,0.0,1316.0,96.0,1554.0
1774,0.0,1.0,1.0,1.0,0.0,345600.0,1.0,140250000.0,1.0,1062400000.0,0.520522117615,16584.0,1523.0,4038.0,39833.3333333,40666.6666667,41500.0,91.0,25.0,64.0,896.0,5000.0,0.0,25.0,1000000.0,950000.0,1.0,1.0,0.0,10.0,0.0,0.0,0.0,500.0,30815215.0,648284990.0,642655454.0,0.0,0.0,0.0,0.0,0.0,1.0,1.0,1.0,1.0,1.0,0.0,0.0,1.0,0.0,0.0,0.0,0.0,0.0,33.0,1.0,16009852.0,314433690.0,15631556.0,29981143.0,649628408.0,1096.0,2701999851.0,0.0,1.0,1.0,0.0,1.0,0.0,0.0,1.0,1.0,1.0,1.0,2.0,1.0,0.0,0.0,0.0,2.0,0.0,0.0,1.0,1.0,3.0,50.0,50.0,1.0,0.0,0.0,0.0,0.0,0.0,0.0,0.0,0.0,0.0,0.0,2.0,2.0,0.0,1.0,1.0,0.0,1.0,0.0,0.0,0.0,0.0,0.0,1.0,0.0,0.0,1.0,0.0,0.0,0.0,1.0,11.0,0.0,0.0,0.0,0.0,0.0,12.0,0.0,0.0,0.0,0.0,0.0,0.0,0.0,0.0,0.0,1.0,1.0,0.0,0.0,0.0,0.0,1.0,1.0,1.0,0.0,0.0,0.0,0.0,0.0,0.0,1.0,1.0,0.0,0.0,0.0,0.0,0.0,1.0,1.0,0.0,1411242244.0,788.0,788.0,1837.0,1837.0,1878.0,0.0,140.0,26062.0,23564.0,23509.0,97.0,0.0,0.0,0.0,144.0,0.0,0.0,49.0,56.0,55.0,18.0,47.0,163326464.0,0.0,2523917888.0,32314789984.0,174783520.0,0.0,0.0,1096.0,0.0,0.0,1448.0,110.0,1964.0
1775,0.0,1.0,1.0,1.0,0.0,345600.0,1.0,140250000.0,1.0,1062400000.0,0.544256925583,12695.0,1066.0,3429.0,39916.6666667,40666.6666667,41666.6666667,77.0,25.0,64.0,896.0,5000.0,0.0,25.0,1000000.0,950000.0,1.0,0.0,0.0,10.0,0.0,0.0,100.0,100.0,27267983.0,648372260.0,619323597.0,0.0,0.0,0.0,0.0,0.0,1.0,1.0,1.0,1.0,1.0,0.0,0.0,1.0,0.0,0.0,0.0,0.0,0.0,34.0,1.0,15415109.0,296877176.0,15819738.0,27922784.0,669454772.0,922.0,2800363197.0,0.0,1.0,1.0,0.0,1.0,0.0,0.0,1.0,1.0,1.0,1.0,2.0,1.0,0.0,0.0,0.0,2.0,0.0,0.0,1.0,1.0,3.0,50.0,50.0,1.0,0.0,0.0,0.0,0.0,0.0,0.0,0.0,0.0,0.0,0.0,2.0,2.0,0.0,1.0,1.0,0.0,1.0,0.0,0.0,0.0,0.0,0.0,1.0,0.0,0.0,1.0,0.0,0.0,0.0,1.0,11.0,0.0,0.0,0.0,0.0,0.0,12.0,0.0,0.0,0.0,0.0,0.0,0.0,0.0,0.0,0.0,1.0,1.0,0.0,0.0,0.0,0.0,1.0,1.0,1.0,0.0,0.0,0.0,0.0,0.0,0.0,1.0,1.0,0.0,0.0,0.0,0.0,0.0,1.0,1.0,0.0,1471780048.0,638.0,638.0,1691.0,1691.0,1729.0,0.0,111.0,23628.0,23036.0,22988.0,120.0,0.0,0.0,0.0,130.0,0.0,0.0,43.0,49.0,48.0,14.0,41.0,351256960.0,0.0,2161204800.0,19779744000.0,254419744.0,0.0,0.0,922.0,0.0,0.0,1240.0,96.0,1533.0
1776,0.0,1.0,1.0,1.0,0.0,345600.0,1.0,140250000.0,1.0,1062400000.0,0.520820140839,21270.0,1827.0,5486.0,39875.0,40500.0,41500.0,77.0,25.0,64.0,896.0,5000.0,0.0,25.0,1000000.0,950000.0,1.0,0.0,0.0,10.0,0.0,0.0,100.0,100.0,33426277.0,688056953.0,671437574.0,0.0,0.0,0.0,0.0,0.0,1.0,1.0,1.0,1.0,1.0,0.0,0.0,1.0,0.0,0.0,0.0,0.0,0.0,31.0,1.0,16043551.0,309535848.0,16044243.0,33722551.0,701188464.0,1321.0,2949914770.0,0.0,1.0,1.0,0.0,1.0,0.0,0.0,1.0,1.0,1.0,1.0,2.0,1.0,0.0,0.0,0.0,2.0,0.0,0.0,1.0,1.0,3.0,50.0,50.0,1.0,0.0,0.0,0.0,0.0,0.0,0.0,0.0,0.0,0.0,0.0,2.0,2.0,0.0,1.0,1.0,0.0,1.0,0.0,0.0,0.0,0.0,0.0,1.0,0.0,0.0,1.0,0.0,0.0,0.0,1.0,10.0,0.0,0.0,0.0,0.0,0.0,11.0,0.0,0.0,0.0,0.0,0.0,0.0,0.0,0.0,0.0,1.0,1.0,0.0,0.0,0.0,0.0,1.0,1.0,1.0,0.0,0.0,0.0,0.0,0.0,0.0,1.0,1.0,0.0,0.0,0.0,0.0,0.0,1.0,1.0,0.0,1484148700.0,787.0,787.0,1997.0,1997.0,2043.0,0.0,162.0,28966.0,24246.0,24179.0,78.0,0.0,0.0,0.0,160.0,0.0,0.0,61.0,68.0,67.0,24.0,59.0,550325120.0,0.0,2648538112.0,31102765152.0,281857984.0,0.0,0.0,1321.0,0.0,0.0,1675.0,134.0,2097.0
1777,0.0,1.0,1.0,1.0,0.0,345600.0,1.0,140250000.0,1.0,1062400000.0,0.524996995926,17153.0,1523.0,4648.0,39750.0,40625.0,41500.0,77.0,25.0,64.0,896.0,5000.0,0.0,25.0,1000000.0,950000.0,1.0,0.0,0.0,10.0,0.0,0.0,100.0,100.0,30865744.0,690785992.0,667070388.0,0.0,0.0,0.0,0.0,0.0,1.0,1.0,1.0,1.0,1.0,0.0,0.0,1.0,0.0,0.0,0.0,0.0,0.0,32.0,1.0,15888007.0,309953438.0,15931603.0,32125565.0,693285726.0,1146.0,2924937429.0,0.0,1.0,1.0,0.0,1.0,0.0,0.0,1.0,1.0,1.0,1.0,2.0,1.0,0.0,0.0,0.0,2.0,0.0,0.0,1.0,1.0,3.0,50.0,50.0,1.0,0.0,0.0,0.0,0.0,0.0,0.0,0.0,0.0,0.0,0.0,2.0,2.0,0.0,1.0,1.0,0.0,1.0,0.0,0.0,0.0,0.0,0.0,1.0,0.0,0.0,1.0,0.0,0.0,0.0,1.0,11.0,0.0,0.0,0.0,0.0,0.0,12.0,0.0,0.0,0.0,0.0,0.0,0.0,0.0,0.0,0.0,1.0,1.0,0.0,0.0,0.0,0.0,1.0,1.0,1.0,0.0,0.0,0.0,0.0,0.0,0.0,1.0,1.0,0.0,0.0,0.0,0.0,0.0,1.0,1.0,0.0,1442853320.0,777.0,777.0,1846.0,1846.0,1888.0,0.0,149.0,26965.0,23898.0,23836.0,141.0,0.0,0.0,0.0,179.0,0.0,0.0,55.0,63.0,62.0,12.0,53.0,50952032.0,0.0,2511607776.0,33949910464.0,238730624.0,0.0,0.0,1146.0,0.0,0.0,1535.0,124.0,2057.0
1778,0.0,1.0,1.0,1.0,0.0,345600.0,1.0,140250000.0,1.0,1062400000.0,0.542755842209,12581.0,1066.0,3276.0,40166.6666667,40833.3333333,41500.0,97.0,25.0,64.0,896.0,5000.0,0.0,25.0,1000000.0,950000.0,1.0,1.0,0.0,10.0,0.0,0.0,100.0,100.0,26730411.0,635234894.0,618344181.0,0.0,0.0,0.0,0.0,0.0,1.0,1.0,1.0,1.0,1.0,0.0,0.0,1.0,0.0,0.0,0.0,0.0,0.0,31.0,1.0,16014336.0,288730726.0,15454628.0,27672068.0,645269629.0,826.0,2727804267.0,0.0,1.0,1.0,0.0,1.0,0.0,0.0,1.0,1.0,1.0,1.0,2.0,1.0,0.0,0.0,0.0,2.0,0.0,0.0,1.0,1.0,3.0,50.0,50.0,1.0,0.0,0.0,0.0,0.0,0.0,0.0,0.0,0.0,0.0,0.0,2.0,2.0,0.0,1.0,1.0,0.0,1.0,0.0,0.0,0.0,0.0,0.0,1.0,0.0,0.0,1.0,0.0,0.0,0.0,1.0,11.0,0.0,0.0,0.0,0.0,0.0,12.0,0.0,0.0,0.0,0.0,0.0,0.0,0.0,0.0,0.0,1.0,1.0,0.0,0.0,0.0,0.0,1.0,1.0,1.0,0.0,0.0,0.0,0.0,0.0,0.0,1.0,1.0,0.0,0.0,0.0,0.0,0.0,1.0,1.0,0.0,1392779492.0,586.0,586.0,1487.0,1487.0,1525.0,0.0,115.0,24169.0,22909.0,22861.0,260.0,0.0,0.0,0.0,112.0,0.0,0.0,43.0,49.0,48.0,12.0,41.0,246632288.0,0.0,2059708160.0,18864094112.0,161578848.0,0.0,0.0,826.0,0.0,0.0,1212.0,96.0,1518.0
1779,0.0,1.0,1.0,1.0,0.0,345600.0,1.0,140250000.0,1.0,1062400000.0,0.521775007248,20587.0,1751.0,4876.0,39687.5,40625.0,41500.0,97.0,25.0,64.0,896.0,5000.0,0.0,25.0,1000000.0,950000.0,1.0,1.0,0.0,10.0,0.0,0.0,100.0,100.0,33646330.0,689435132.0,686414984.0,0.0,0.0,0.0,0.0,0.0,1.0,1.0,1.0,1.0,1.0,0.0,0.0,1.0,0.0,0.0,0.0,0.0,0.0,31.0,1.0,16281711.0,331381074.0,16002422.0,33837723.0,709885285.0,1303.0,2910304143.0,0.0,1.0,1.0,0.0,1.0,0.0,0.0,1.0,1.0,1.0,1.0,2.0,1.0,0.0,0.0,0.0,2.0,0.0,0.0,1.0,1.0,3.0,50.0,50.0,1.0,0.0,0.0,0.0,0.0,0.0,0.0,0.0,0.0,0.0,0.0,2.0,2.0,0.0,1.0,1.0,0.0,1.0,0.0,0.0,0.0,0.0,0.0,1.0,0.0,0.0,1.0,0.0,0.0,0.0,1.0,10.0,0.0,0.0,0.0,0.0,0.0,11.0,0.0,0.0,0.0,0.0,0.0,0.0,0.0,0.0,0.0,1.0,1.0,0.0,0.0,0.0,0.0,1.0,1.0,1.0,0.0,0.0,0.0,0.0,0.0,0.0,1.0,1.0,0.0,0.0,0.0,0.0,0.0,1.0,1.0,0.0,1519480767.0,874.0,874.0,2069.0,2069.0,2115.0,0.0,198.0,29274.0,24181.0,24114.0,109.0,0.0,0.0,0.0,222.0,0.0,0.0,61.0,68.0,67.0,16.0,59.0,277369504.0,192000.0,2828192384.0,39697768992.0,278416064.0,0.0,0.0,1303.0,0.0,0.0,1751.0,134.0,2300.0
1780,0.0,1.0,1.0,1.0,0.0,345600.0,1.0,140250000.0,1.0,1062400000.0,0.522725105286,12619.0,1142.0,3200.0,40166.6666667,40666.6666667,41500.0,97.0,25.0,64.0,896.0,5000.0,0.0,25.0,1000000.0,950000.0,1.0,1.0,0.0,10.0,0.0,0.0,100.0,100.0,27727092.0,644936456.0,646783840.0,0.0,0.0,0.0,0.0,0.0,1.0,1.0,1.0,1.0,1.0,0.0,0.0,1.0,0.0,0.0,0.0,0.0,0.0,30.0,1.0,15594720.0,297406000.0,15333933.0,28999123.0,644718452.0,983.0,2690555380.0,0.0,1.0,1.0,0.0,1.0,0.0,0.0,1.0,1.0,1.0,1.0,2.0,1.0,0.0,0.0,0.0,2.0,0.0,0.0,1.0,1.0,3.0,50.0,50.0,1.0,0.0,0.0,0.0,0.0,0.0,0.0,0.0,0.0,0.0,0.0,2.0,2.0,0.0,1.0,1.0,0.0,1.0,0.0,0.0,0.0,0.0,0.0,1.0,0.0,0.0,1.0,0.0,0.0,0.0,1.0,10.0,0.0,0.0,0.0,0.0,0.0,11.0,0.0,0.0,0.0,0.0,0.0,0.0,0.0,0.0,0.0,1.0,1.0,0.0,0.0,0.0,0.0,1.0,1.0,1.0,0.0,0.0,0.0,0.0,0.0,0.0,1.0,1.0,0.0,0.0,0.0,0.0,0.0,1.0,1.0,0.0,1400283604.0,745.0,745.0,1748.0,1748.0,1785.0,0.0,108.0,23997.0,23033.0,22985.0,60.0,0.0,0.0,0.0,130.0,0.0,0.0,43.0,49.0,48.0,16.0,41.0,256464640.0,0.0,2297848512.0,21732757088.0,224008800.0,0.0,0.0,983.0,0.0,0.0,1262.0,96.0,1576.0
1781,0.0,1.0,1.0,1.0,0.0,345600.0,1.0,140250000.0,1.0,1062400000.0,0.559960842133,16927.0,1523.0,4419.0,39937.5,40750.0,41500.0,87.0,25.0,64.0,896.0,5000.0,0.0,25.0,1000000.0,950000.0,1.0,0.0,0.0,10.0,0.0,0.0,100.0,500.0,31265331.0,678140210.0,659594278.0,0.0,0.0,0.0,0.0,0.0,1.0,1.0,1.0,1.0,1.0,0.0,0.0,1.0,0.0,0.0,0.0,0.0,0.0,32.0,1.0,16137222.0,310675999.0,16107007.0,33025285.0,694511924.0,1082.0,2892173641.0,0.0,1.0,1.0,0.0,1.0,0.0,0.0,1.0,1.0,1.0,1.0,2.0,1.0,0.0,0.0,0.0,2.0,0.0,0.0,1.0,1.0,3.0,50.0,50.0,1.0,0.0,0.0,0.0,0.0,0.0,0.0,0.0,0.0,0.0,0.0,2.0,2.0,0.0,1.0,1.0,0.0,1.0,0.0,0.0,0.0,0.0,0.0,1.0,0.0,0.0,1.0,0.0,0.0,0.0,1.0,10.0,0.0,0.0,0.0,0.0,0.0,11.0,0.0,0.0,0.0,0.0,0.0,0.0,0.0,0.0,0.0,1.0,1.0,0.0,0.0,0.0,0.0,1.0,1.0,1.0,0.0,0.0,0.0,0.0,0.0,0.0,1.0,1.0,0.0,0.0,0.0,0.0,0.0,1.0,1.0,0.0,1464484811.0,743.0,743.0,1775.0,1775.0,1818.0,0.0,157.0,27306.0,23917.0,23855.0,163.0,0.0,0.0,0.0,170.0,0.0,0.0,55.0,63.0,62.0,13.0,53.0,254785248.0,0.0,2474980224.0,32778406720.0,254374912.0,0.0,0.0,1082.0,0.0,0.0,1486.0,124.0,1904.0
1782,0.0,1.0,1.0,1.0,0.0,345600.0,1.0,140250000.0,1.0,1062400000.0,0.523087024689,25080.0,2208.0,6247.0,40000.0,40500.0,41625.0,87.0,25.0,64.0,896.0,5000.0,0.0,25.0,1000000.0,950000.0,1.0,0.0,0.0,10.0,0.0,0.0,100.0,500.0,36817929.0,706738187.0,682127491.0,0.0,0.0,0.0,0.0,0.0,1.0,1.0,1.0,1.0,1.0,0.0,0.0,1.0,0.0,0.0,0.0,0.0,0.0,33.0,1.0,16348909.0,324026685.0,16608148.0,36981836.0,707849442.0,1386.0,2993562505.0,0.0,1.0,1.0,0.0,1.0,0.0,0.0,1.0,1.0,1.0,1.0,2.0,1.0,0.0,0.0,0.0,2.0,0.0,0.0,1.0,1.0,3.0,50.0,50.0,1.0,0.0,0.0,0.0,0.0,0.0,0.0,0.0,0.0,0.0,0.0,2.0,2.0,0.0,1.0,1.0,0.0,1.0,0.0,0.0,0.0,0.0,0.0,1.0,0.0,0.0,1.0,0.0,0.0,0.0,1.0,11.0,0.0,0.0,0.0,0.0,0.0,12.0,0.0,0.0,0.0,0.0,0.0,0.0,0.0,0.0,0.0,1.0,1.0,0.0,0.0,0.0,0.0,1.0,1.0,1.0,0.0,0.0,0.0,0.0,0.0,0.0,1.0,1.0,0.0,0.0,0.0,0.0,0.0,1.0,1.0,0.0,1487681786.0,832.0,832.0,2109.0,2109.0,2160.0,0.0,191.0,29702.0,24794.0,24720.0,113.0,0.0,0.0,0.0,192.0,0.0,0.0,67.0,75.0,74.0,19.0,65.0,478248800.0,163712.0,2782936608.0,36173011648.0,294348608.0,0.0,0.0,1386.0,0.0,0.0,1857.0,148.0,2258.0
1783,0.0,1.0,1.0,1.0,0.0,345600.0,1.0,140250000.0,1.0,1062400000.0,0.523952007294,21916.0,1827.0,6477.0,39875.0,40500.0,41500.0,87.0,25.0,64.0,896.0,5000.0,0.0,25.0,1000000.0,950000.0,1.0,0.0,0.0,10.0,0.0,0.0,100.0,500.0,34060635.0,705006048.0,682207519.0,0.0,0.0,0.0,0.0,0.0,1.0,1.0,1.0,1.0,1.0,0.0,0.0,1.0,0.0,0.0,0.0,0.0,0.0,34.0,1.0,16933914.0,303854892.0,16529034.0,34321319.0,709900401.0,1291.0,3090982991.0,0.0,1.0,1.0,0.0,1.0,0.0,0.0,1.0,1.0,1.0,1.0,2.0,1.0,0.0,0.0,0.0,2.0,0.0,0.0,1.0,1.0,3.0,50.0,50.0,1.0,0.0,0.0,0.0,0.0,0.0,0.0,0.0,0.0,0.0,0.0,2.0,2.0,0.0,1.0,1.0,0.0,1.0,0.0,0.0,0.0,0.0,0.0,1.0,0.0,0.0,1.0,0.0,0.0,0.0,1.0,11.0,0.0,0.0,0.0,0.0,0.0,12.0,0.0,0.0,0.0,0.0,0.0,0.0,0.0,0.0,0.0,1.0,1.0,0.0,0.0,0.0,0.0,1.0,1.0,1.0,0.0,0.0,0.0,0.0,0.0,0.0,1.0,1.0,0.0,0.0,0.0,0.0,0.0,1.0,1.0,0.0,1455019678.0,703.0,703.0,1790.0,1790.0,1840.0,0.0,175.0,28720.0,24386.0,24317.0,147.0,0.0,0.0,0.0,146.0,0.0,0.0,61.0,70.0,69.0,18.0,59.0,163646400.0,0.0,2314467808.0,31225721152.0,374900224.0,0.0,0.0,1291.0,0.0,0.0,1696.0,138.0,1862.0
1784,0.0,1.0,1.0,1.0,0.0,345600.0,1.0,140250000.0,1.0,1062400000.0,0.539833068848,16965.0,1523.0,4496.0,39937.5,40625.0,41500.0,89.0,25.0,64.0,896.0,5000.0,0.0,25.0,1000000.0,950000.0,1.0,1.0,0.0,10.0,0.0,0.0,100.0,500.0,31489823.0,678822568.0,658934904.0,0.0,0.0,0.0,0.0,0.0,1.0,1.0,1.0,1.0,1.0,0.0,0.0,1.0,0.0,0.0,0.0,0.0,0.0,33.0,1.0,16062079.0,306272645.0,16060304.0,34143502.0,684437121.0,1360.0,2922702428.0,0.0,1.0,1.0,0.0,1.0,0.0,0.0,1.0,1.0,1.0,1.0,2.0,1.0,0.0,0.0,0.0,2.0,0.0,0.0,1.0,1.0,3.0,50.0,50.0,1.0,0.0,0.0,0.0,0.0,0.0,0.0,0.0,0.0,0.0,0.0,2.0,2.0,0.0,1.0,1.0,0.0,1.0,0.0,0.0,0.0,0.0,0.0,1.0,0.0,0.0,1.0,0.0,0.0,0.0,1.0,10.0,0.0,0.0,0.0,0.0,0.0,11.0,0.0,0.0,0.0,0.0,0.0,0.0,0.0,0.0,0.0,1.0,1.0,0.0,0.0,0.0,0.0,1.0,1.0,1.0,0.0,0.0,0.0,0.0,0.0,0.0,1.0,1.0,0.0,0.0,0.0,0.0,0.0,1.0,1.0,0.0,1474509462.0,772.0,772.0,1938.0,1938.0,1986.0,0.0,155.0,27695.0,24080.0,24018.0,79.0,0.0,0.0,0.0,173.0,0.0,0.0,55.0,63.0,62.0,17.0,53.0,165550752.0,0.0,2592943840.0,42044690368.0,258444672.0,0.0,0.0,1360.0,0.0,0.0,1799.0,124.0,2224.0
1785,0.0,1.0,1.0,1.0,0.0,345600.0,1.0,140250000.0,1.0,1062400000.0,0.536062002182,16508.0,1447.0,4038.0,39875.0,40750.0,41625.0,89.0,25.0,64.0,896.0,5000.0,0.0,25.0,1000000.0,950000.0,1.0,1.0,0.0,10.0,0.0,0.0,100.0,500.0,33091276.0,677857530.0,668230978.0,0.0,0.0,0.0,0.0,0.0,1.0,1.0,1.0,1.0,1.0,0.0,0.0,1.0,0.0,0.0,0.0,0.0,0.0,32.0,1.0,16593929.0,323765057.0,16659157.0,33771391.0,689052432.0,1343.0,2926167473.0,0.0,1.0,1.0,0.0,1.0,0.0,0.0,1.0,1.0,1.0,1.0,2.0,1.0,0.0,0.0,0.0,2.0,0.0,0.0,1.0,1.0,3.0,50.0,50.0,1.0,0.0,0.0,0.0,0.0,0.0,0.0,0.0,0.0,0.0,0.0,2.0,2.0,0.0,1.0,1.0,0.0,1.0,0.0,0.0,0.0,0.0,0.0,1.0,0.0,0.0,1.0,0.0,0.0,0.0,1.0,11.0,0.0,0.0,0.0,0.0,0.0,12.0,0.0,0.0,0.0,0.0,0.0,0.0,0.0,0.0,0.0,1.0,1.0,0.0,0.0,0.0,0.0,1.0,1.0,1.0,0.0,0.0,0.0,0.0,0.0,0.0,1.0,1.0,0.0,0.0,0.0,0.0,0.0,1.0,1.0,0.0,1514152455.0,860.0,860.0,1976.0,1976.0,2026.0,0.0,164.0,27957.0,24427.0,24366.0,96.0,0.0,0.0,0.0,181.0,0.0,0.0,55.0,62.0,61.0,16.0,53.0,554825280.0,0.0,2713186304.0,40792039104.0,199842368.0,0.0,0.0,1343.0,0.0,0.0,1813.0,122.0,2397.0
1786,0.0,1.0,1.0,1.0,0.0,345600.0,1.0,140250000.0,1.0,1062400000.0,0.5209422111509999,12581.0,1142.0,3276.0,39916.6666667,40833.3333333,41833.3333333,89.0,25.0,64.0,896.0,5000.0,0.0,25.0,1000000.0,950000.0,1.0,1.0,0.0,10.0,0.0,0.0,100.0,500.0,27913362.0,640303448.0,644871701.0,0.0,0.0,0.0,0.0,0.0,1.0,1.0,1.0,1.0,1.0,0.0,0.0,1.0,0.0,0.0,0.0,0.0,0.0,34.0,1.0,15610388.0,287298846.0,15287797.0,27727499.0,654463914.0,950.0,2714340590.0,0.0,1.0,1.0,0.0,1.0,0.0,0.0,1.0,1.0,1.0,1.0,2.0,1.0,0.0,0.0,0.0,2.0,0.0,0.0,1.0,1.0,3.0,50.0,50.0,1.0,0.0,0.0,0.0,0.0,0.0,0.0,0.0,0.0,0.0,0.0,2.0,2.0,0.0,1.0,1.0,0.0,1.0,0.0,0.0,0.0,0.0,0.0,1.0,0.0,0.0,1.0,0.0,0.0,0.0,1.0,10.0,0.0,0.0,0.0,0.0,0.0,11.0,0.0,0.0,0.0,0.0,0.0,0.0,0.0,0.0,0.0,1.0,1.0,0.0,0.0,0.0,0.0,1.0,1.0,1.0,0.0,0.0,0.0,0.0,0.0,0.0,1.0,1.0,0.0,0.0,0.0,0.0,0.0,1.0,1.0,0.0,1421059757.0,728.0,728.0,1590.0,1590.0,1628.0,0.0,127.0,23823.0,23017.0,22969.0,124.0,0.0,0.0,0.0,130.0,0.0,0.0,43.0,49.0,48.0,14.0,41.0,244478848.0,0.0,2156379232.0,32243359712.0,287277056.0,0.0,0.0,950.0,0.0,0.0,1277.0,96.0,1612.0
1787,0.0,1.0,1.0,1.0,0.0,1574400.0,1.0,1300500000.0,1.0,1331200000.0,0.108484983444,5107.0,1066.0,1371.0,39000.0,42500.0,42000.0,87.0,25.0,64.0,896.0,5000.0,0.0,25.0,1000000.0,950000.0,1.0,0.0,0.0,10.0,0.0,0.0,0.0,100.0,18959270.0,554747062.0,541160978.0,0.0,0.0,0.0,0.0,0.0,1.0,1.0,1.0,1.0,1.0,0.0,0.0,1.0,0.0,0.0,0.0,0.0,0.0,31.0,1.0,14343519.0,266733865.0,13993409.0,19081534.0,562560801.0,468.0,2225126551.0,0.0,1.0,1.0,0.0,1.0,0.0,0.0,1.0,1.0,1.0,1.0,2.0,1.0,0.0,0.0,0.0,2.0,0.0,0.0,1.0,1.0,3.0,50.0,50.0,1.0,0.0,0.0,0.0,0.0,0.0,0.0,0.0,0.0,0.0,0.0,2.0,2.0,0.0,1.0,1.0,0.0,1.0,0.0,0.0,0.0,0.0,0.0,1.0,0.0,0.0,1.0,0.0,0.0,0.0,1.0,10.0,0.0,0.0,0.0,0.0,0.0,11.0,0.0,0.0,0.0,0.0,0.0,0.0,0.0,0.0,0.0,1.0,1.0,0.0,0.0,0.0,0.0,1.0,1.0,1.0,0.0,0.0,0.0,0.0,0.0,0.0,1.0,1.0,0.0,0.0,0.0,0.0,0.0,1.0,1.0,0.0,1283384595.0,405.0,405.0,1071.0,1071.0,1099.0,0.0,41.0,18330.0,21008.0,20988.0,17.0,0.0,0.0,0.0,52.0,0.0,0.0,19.0,21.0,20.0,5.0,17.0,111634048.0,0.0,1322265632.0,10552407360.0,64651072.0,0.0,0.0,468.0,0.0,0.0,545.0,40.0,671.0
1788,0.0,1.0,1.0,1.0,0.0,1574400.0,1.0,1300500000.0,1.0,1331200000.0,0.104465007782,4992.0,914.0,1447.0,39750.0,43000.0,42000.0,87.0,25.0,64.0,896.0,5000.0,0.0,25.0,1000000.0,950000.0,1.0,0.0,0.0,10.0,0.0,0.0,0.0,100.0,17438629.0,546560762.0,533129225.0,0.0,0.0,0.0,0.0,0.0,1.0,1.0,1.0,1.0,1.0,0.0,0.0,1.0,0.0,0.0,0.0,0.0,0.0,35.0,1.0,13842883.0,251843836.0,13732860.0,17817026.0,560838017.0,414.0,2281809345.0,0.0,1.0,1.0,0.0,1.0,0.0,0.0,1.0,1.0,1.0,1.0,2.0,1.0,0.0,0.0,0.0,2.0,0.0,0.0,1.0,1.0,3.0,50.0,50.0,1.0,0.0,0.0,0.0,0.0,0.0,0.0,0.0,0.0,0.0,0.0,2.0,2.0,0.0,1.0,1.0,0.0,1.0,0.0,0.0,0.0,0.0,0.0,1.0,0.0,0.0,1.0,0.0,0.0,0.0,1.0,10.0,0.0,0.0,0.0,0.0,0.0,11.0,0.0,0.0,0.0,0.0,0.0,0.0,0.0,0.0,0.0,1.0,1.0,0.0,0.0,0.0,0.0,1.0,1.0,1.0,0.0,0.0,0.0,0.0,0.0,0.0,1.0,1.0,0.0,0.0,0.0,0.0,0.0,1.0,1.0,0.0,1286124622.0,358.0,358.0,1086.0,1086.0,1118.0,0.0,42.0,18135.0,20922.0,20902.0,11.0,0.0,0.0,0.0,47.0,0.0,0.0,19.0,21.0,20.0,6.0,17.0,5282752.0,1989568.0,1274718496.0,23975604704.0,27364160.0,0.0,0.0,414.0,0.0,0.0,448.0,40.0,591.0
1789,0.0,1.0,1.0,1.0,0.0,1574400.0,1.0,1300500000.0,1.0,1331200000.0,0.10122013092,10365.0,1980.0,2666.0,40750.0,42500.0,42000.0,87.0,25.0,64.0,896.0,5000.0,0.0,25.0,1000000.0,950000.0,1.0,0.0,0.0,10.0,0.0,0.0,0.0,100.0,19564702.0,558723051.0,549913435.0,0.0,0.0,0.0,0.0,0.0,1.0,1.0,1.0,1.0,1.0,0.0,0.0,1.0,0.0,0.0,0.0,0.0,0.0,33.0,1.0,14391100.0,268775450.0,13871798.0,21512503.0,569562560.0,483.0,2278165878.0,0.0,1.0,1.0,0.0,1.0,0.0,0.0,1.0,1.0,1.0,1.0,2.0,1.0,0.0,0.0,0.0,2.0,0.0,0.0,1.0,1.0,3.0,50.0,50.0,1.0,0.0,0.0,0.0,0.0,0.0,0.0,0.0,0.0,0.0,0.0,2.0,2.0,0.0,1.0,1.0,0.0,1.0,0.0,0.0,0.0,0.0,0.0,1.0,0.0,0.0,1.0,0.0,0.0,0.0,1.0,10.0,0.0,0.0,0.0,0.0,0.0,11.0,0.0,0.0,0.0,0.0,0.0,0.0,0.0,0.0,0.0,1.0,1.0,0.0,0.0,0.0,0.0,1.0,1.0,1.0,0.0,0.0,0.0,0.0,0.0,0.0,1.0,1.0,0.0,0.0,0.0,0.0,0.0,1.0,1.0,0.0,1324406152.0,428.0,428.0,1125.0,1125.0,1155.0,0.0,72.0,20072.0,21337.0,21310.0,36.0,0.0,0.0,0.0,70.0,0.0,0.0,25.0,28.0,27.0,7.0,23.0,215073792.0,0.0,1370718816.0,19303825664.0,63205088.0,0.0,0.0,483.0,0.0,0.0,615.0,54.0,769.0
1790,0.0,1.0,1.0,1.0,0.0,1574400.0,1.0,1300500000.0,1.0,1331200000.0,0.10426306724500001,10518.0,1904.0,2818.0,40500.0,41750.0,42000.0,94.0,25.0,64.0,896.0,5000.0,0.0,25.0,1000000.0,950000.0,1.0,1.0,0.0,10.0,0.0,0.0,0.0,100.0,22486704.0,575547661.0,558603250.0,0.0,0.0,0.0,0.0,0.0,1.0,1.0,1.0,1.0,1.0,0.0,0.0,1.0,0.0,0.0,0.0,0.0,0.0,34.0,1.0,14226188.0,268989601.0,14322716.0,23611465.0,581217426.0,603.0,2441848506.0,0.0,1.0,1.0,0.0,1.0,0.0,0.0,1.0,1.0,1.0,1.0,2.0,1.0,0.0,0.0,0.0,2.0,0.0,0.0,1.0,1.0,3.0,50.0,50.0,1.0,0.0,0.0,0.0,0.0,0.0,0.0,0.0,0.0,0.0,0.0,2.0,2.0,0.0,1.0,1.0,0.0,1.0,0.0,0.0,0.0,0.0,0.0,1.0,0.0,0.0,1.0,0.0,0.0,0.0,1.0,10.0,0.0,0.0,0.0,0.0,0.0,11.0,0.0,0.0,0.0,0.0,0.0,0.0,0.0,0.0,0.0,1.0,1.0,0.0,0.0,0.0,0.0,1.0,1.0,1.0,0.0,0.0,0.0,0.0,0.0,0.0,1.0,1.0,0.0,0.0,0.0,0.0,0.0,1.0,1.0,0.0,1353661821.0,440.0,440.0,1225.0,1225.0,1256.0,0.0,70.0,21350.0,21921.0,21887.0,53.0,0.0,0.0,0.0,69.0,0.0,0.0,31.0,35.0,34.0,12.0,29.0,20617024.0,0.0,1433473728.0,14728340736.0,76790944.0,0.0,0.0,603.0,0.0,0.0,843.0,68.0,957.0
1791,0.0,1.0,1.0,1.0,0.0,1574400.0,1.0,1300500000.0,1.0,1331200000.0,0.102749109268,4954.0,914.0,1447.0,40750.0,42500.0,42000.0,94.0,25.0,64.0,896.0,5000.0,0.0,25.0,1000000.0,950000.0,1.0,1.0,0.0,10.0,0.0,0.0,0.0,100.0,17134193.0,546705159.0,543609267.0,0.0,0.0,0.0,0.0,0.0,1.0,1.0,1.0,1.0,1.0,0.0,0.0,1.0,0.0,0.0,0.0,0.0,0.0,34.0,1.0,14087185.0,257661191.0,13880868.0,17657158.0,574107825.0,385.0,2276893830.0,0.0,1.0,1.0,0.0,1.0,0.0,0.0,1.0,1.0,1.0,1.0,2.0,1.0,0.0,0.0,0.0,2.0,0.0,0.0,1.0,1.0,3.0,50.0,50.0,1.0,0.0,0.0,0.0,0.0,0.0,0.0,0.0,0.0,0.0,0.0,2.0,2.0,0.0,1.0,1.0,0.0,1.0,0.0,0.0,0.0,0.0,0.0,1.0,0.0,0.0,1.0,0.0,0.0,0.0,1.0,10.0,0.0,0.0,0.0,0.0,0.0,11.0,0.0,0.0,0.0,0.0,0.0,0.0,0.0,0.0,0.0,1.0,1.0,0.0,0.0,0.0,0.0,1.0,1.0,1.0,0.0,0.0,0.0,0.0,0.0,0.0,1.0,1.0,0.0,0.0,0.0,0.0,0.0,1.0,1.0,0.0,1302966000.0,428.0,428.0,1010.0,1010.0,1036.0,0.0,42.0,18377.0,20973.0,20953.0,47.0,0.0,0.0,0.0,54.0,0.0,0.0,19.0,21.0,20.0,7.0,17.0,118273024.0,2128384.0,1274794080.0,17533753856.0,25993792.0,0.0,0.0,385.0,0.0,0.0,547.0,40.0,712.0
1792,0.0,1.0,1.0,1.0,0.0,1574400.0,1.0,1300500000.0,1.0,1331200000.0,0.102281093597,5411.0,914.0,1447.0,40000.0,42500.0,42000.0,94.0,25.0,64.0,896.0,5000.0,0.0,25.0,1000000.0,950000.0,1.0,1.0,0.0,10.0,0.0,0.0,0.0,100.0,19374545.0,548810077.0,537466035.0,0.0,0.0,0.0,0.0,0.0,1.0,1.0,1.0,1.0,1.0,0.0,0.0,1.0,0.0,0.0,0.0,0.0,0.0,31.0,1.0,14464734.0,258132465.0,13840596.0,20433644.0,558218840.0,387.0,2162980313.0,0.0,1.0,1.0,0.0,1.0,0.0,0.0,1.0,1.0,1.0,1.0,2.0,1.0,0.0,0.0,0.0,2.0,0.0,0.0,1.0,1.0,3.0,50.0,50.0,1.0,0.0,0.0,0.0,0.0,0.0,0.0,0.0,0.0,0.0,0.0,2.0,2.0,0.0,1.0,1.0,0.0,1.0,0.0,0.0,0.0,0.0,0.0,1.0,0.0,0.0,1.0,0.0,0.0,0.0,1.0,10.0,0.0,0.0,0.0,0.0,0.0,11.0,0.0,0.0,0.0,0.0,0.0,0.0,0.0,0.0,0.0,1.0,1.0,0.0,0.0,0.0,0.0,1.0,1.0,1.0,0.0,0.0,0.0,0.0,0.0,0.0,1.0,1.0,0.0,0.0,0.0,0.0,0.0,1.0,1.0,0.0,1291701002.0,428.0,428.0,1090.0,1090.0,1122.0,0.0,42.0,18118.0,20868.0,20848.0,16.0,0.0,0.0,0.0,65.0,0.0,0.0,19.0,21.0,20.0,8.0,17.0,7677088.0,0.0,1281994944.0,15360584992.0,44199680.0,0.0,0.0,387.0,0.0,0.0,498.0,40.0,572.0
1793,0.0,1.0,1.0,1.0,0.0,1574400.0,1.0,1300500000.0,1.0,1331200000.0,0.105304002762,5335.0,914.0,1447.0,40000.0,42500.0,42500.0,77.0,25.0,64.0,896.0,5000.0,0.0,25.0,1000000.0,950000.0,1.0,0.0,0.0,10.0,0.0,0.0,0.0,500.0,19575709.0,538110875.0,531723681.0,0.0,0.0,0.0,0.0,0.0,1.0,1.0,1.0,1.0,1.0,0.0,0.0,1.0,0.0,0.0,0.0,0.0,0.0,30.0,1.0,14511475.0,257027817.0,14387699.0,18836644.0,550916028.0,410.0,2209319860.0,0.0,1.0,1.0,0.0,1.0,0.0,0.0,1.0,1.0,1.0,1.0,2.0,1.0,0.0,0.0,0.0,2.0,0.0,0.0,1.0,1.0,3.0,50.0,50.0,1.0,0.0,0.0,0.0,0.0,0.0,0.0,0.0,0.0,0.0,0.0,2.0,2.0,0.0,1.0,1.0,0.0,1.0,0.0,0.0,0.0,0.0,0.0,1.0,0.0,0.0,1.0,0.0,0.0,0.0,1.0,10.0,0.0,0.0,0.0,0.0,0.0,11.0,0.0,0.0,0.0,0.0,0.0,0.0,0.0,0.0,0.0,1.0,1.0,0.0,0.0,0.0,0.0,1.0,1.0,1.0,0.0,0.0,0.0,0.0,0.0,0.0,1.0,1.0,0.0,0.0,0.0,0.0,0.0,1.0,1.0,0.0,1296134362.0,401.0,401.0,1101.0,1101.0,1130.0,0.0,50.0,18130.0,20925.0,20905.0,23.0,0.0,0.0,0.0,60.0,0.0,0.0,19.0,21.0,20.0,9.0,17.0,205500480.0,0.0,1291923040.0,14124043008.0,64846304.0,0.0,0.0,410.0,0.0,0.0,514.0,40.0,611.0
1794,0.0,1.0,1.0,1.0,0.0,1574400.0,1.0,1300500000.0,1.0,1331200000.0,0.103813886642,11163.0,1980.0,2666.0,40000.0,42500.0,42000.0,77.0,25.0,64.0,896.0,5000.0,0.0,25.0,1000000.0,950000.0,1.0,0.0,0.0,10.0,0.0,0.0,0.0,500.0,21879496.0,551656843.0,537183244.0,0.0,0.0,0.0,0.0,0.0,1.0,1.0,1.0,1.0,1.0,0.0,0.0,1.0,0.0,0.0,0.0,0.0,0.0,33.0,1.0,14487267.0,262646181.0,13828064.0,22774627.0,562782320.0,472.0,2221253269.0,0.0,1.0,1.0,0.0,1.0,0.0,0.0,1.0,1.0,1.0,1.0,2.0,1.0,0.0,0.0,0.0,2.0,0.0,0.0,1.0,1.0,3.0,50.0,50.0,1.0,0.0,0.0,0.0,0.0,0.0,0.0,0.0,0.0,0.0,0.0,2.0,2.0,0.0,1.0,1.0,0.0,1.0,0.0,0.0,0.0,0.0,0.0,1.0,0.0,0.0,1.0,0.0,0.0,0.0,1.0,11.0,0.0,0.0,0.0,0.0,0.0,12.0,0.0,0.0,0.0,0.0,0.0,0.0,0.0,0.0,0.0,1.0,1.0,0.0,0.0,0.0,0.0,1.0,1.0,1.0,0.0,0.0,0.0,0.0,0.0,0.0,1.0,1.0,0.0,0.0,0.0,0.0,0.0,1.0,1.0,0.0,1302094542.0,404.0,404.0,1142.0,1142.0,1172.0,0.0,65.0,20338.0,21456.0,21429.0,27.0,0.0,0.0,0.0,63.0,0.0,0.0,25.0,28.0,27.0,8.0,23.0,17454816.0,2287232.0,1368753984.0,26942499840.0,50236416.0,0.0,0.0,472.0,0.0,0.0,658.0,54.0,749.0
1795,0.0,1.0,1.0,1.0,0.0,1574400.0,1.0,1300500000.0,1.0,1331200000.0,0.0995070934296,5488.0,1066.0,1371.0,41000.0,43000.0,42000.0,77.0,25.0,64.0,896.0,5000.0,0.0,25.0,1000000.0,950000.0,1.0,0.0,0.0,10.0,0.0,0.0,0.0,500.0,19255980.0,541427399.0,536937297.0,0.0,0.0,0.0,0.0,0.0,1.0,1.0,1.0,1.0,1.0,0.0,0.0,1.0,0.0,0.0,0.0,0.0,0.0,31.0,1.0,14631954.0,266425183.0,14337431.0,17093796.0,553738473.0,374.0,2201463190.0,0.0,1.0,1.0,0.0,1.0,0.0,0.0,1.0,1.0,1.0,1.0,2.0,1.0,0.0,0.0,0.0,2.0,0.0,0.0,1.0,1.0,3.0,50.0,50.0,1.0,0.0,0.0,0.0,0.0,0.0,0.0,0.0,0.0,0.0,0.0,2.0,2.0,0.0,1.0,1.0,0.0,1.0,0.0,0.0,0.0,0.0,0.0,1.0,0.0,0.0,1.0,0.0,0.0,0.0,1.0,10.0,0.0,0.0,0.0,0.0,0.0,11.0,0.0,0.0,0.0,0.0,0.0,0.0,0.0,0.0,0.0,1.0,1.0,0.0,0.0,0.0,0.0,1.0,1.0,1.0,0.0,0.0,0.0,0.0,0.0,0.0,1.0,1.0,0.0,0.0,0.0,0.0,0.0,1.0,1.0,0.0,1312898060.0,452.0,452.0,1078.0,1078.0,1108.0,0.0,48.0,18601.0,20849.0,20829.0,17.0,0.0,0.0,0.0,50.0,0.0,0.0,19.0,21.0,20.0,6.0,17.0,106395072.0,0.0,1316404608.0,18306453376.0,56886144.0,0.0,0.0,374.0,0.0,0.0,486.0,40.0,630.0
1796,0.0,1.0,1.0,1.0,0.0,1574400.0,1.0,1300500000.0,1.0,1331200000.0,0.104828119278,11469.0,1980.0,2818.0,40500.0,42500.0,42500.0,83.0,25.0,64.0,896.0,5000.0,0.0,25.0,1000000.0,950000.0,1.0,1.0,0.0,10.0,0.0,0.0,0.0,500.0,21255858.0,555879726.0,552382807.0,0.0,0.0,0.0,0.0,0.0,1.0,1.0,1.0,1.0,1.0,0.0,0.0,1.0,0.0,0.0,0.0,0.0,0.0,30.0,1.0,14514644.0,263761814.0,14165296.0,20445536.0,575694771.0,522.0,2269096107.0,0.0,1.0,1.0,0.0,1.0,0.0,0.0,1.0,1.0,1.0,1.0,2.0,1.0,0.0,0.0,0.0,2.0,0.0,0.0,1.0,1.0,3.0,50.0,50.0,1.0,0.0,0.0,0.0,0.0,0.0,0.0,0.0,0.0,0.0,0.0,2.0,2.0,0.0,1.0,1.0,0.0,1.0,0.0,0.0,0.0,0.0,0.0,1.0,0.0,0.0,1.0,0.0,0.0,0.0,1.0,10.0,0.0,0.0,0.0,0.0,0.0,11.0,0.0,0.0,0.0,0.0,0.0,0.0,0.0,0.0,0.0,1.0,1.0,0.0,0.0,0.0,0.0,1.0,1.0,1.0,0.0,0.0,0.0,0.0,0.0,0.0,1.0,1.0,0.0,0.0,0.0,0.0,0.0,1.0,1.0,0.0,1317406124.0,412.0,412.0,1152.0,1152.0,1184.0,0.0,71.0,20441.0,21446.0,21419.0,62.0,0.0,0.0,0.0,68.0,0.0,0.0,25.0,28.0,27.0,10.0,23.0,8666752.0,0.0,1368575840.0,17649909600.0,44395264.0,0.0,0.0,522.0,0.0,0.0,739.0,54.0,837.0
1797,0.0,1.0,1.0,1.0,0.0,1574400.0,1.0,1300500000.0,1.0,1331200000.0,0.0987918376923,11280.0,1980.0,2742.0,40000.0,43000.0,42500.0,83.0,25.0,64.0,896.0,5000.0,0.0,25.0,1000000.0,950000.0,1.0,1.0,0.0,10.0,0.0,0.0,0.0,500.0,20672148.0,557380267.0,544088345.0,0.0,0.0,0.0,0.0,0.0,1.0,1.0,1.0,1.0,1.0,0.0,0.0,1.0,0.0,0.0,0.0,0.0,0.0,33.0,1.0,14098091.0,262538581.0,13782843.0,21900631.0,571106110.0,541.0,2247564850.0,0.0,1.0,1.0,0.0,1.0,0.0,0.0,1.0,1.0,1.0,1.0,2.0,1.0,0.0,0.0,0.0,2.0,0.0,0.0,1.0,1.0,3.0,50.0,50.0,1.0,0.0,0.0,0.0,0.0,0.0,0.0,0.0,0.0,0.0,0.0,2.0,2.0,0.0,1.0,1.0,0.0,1.0,0.0,0.0,0.0,0.0,0.0,1.0,0.0,0.0,1.0,0.0,0.0,0.0,1.0,10.0,0.0,0.0,0.0,0.0,0.0,11.0,0.0,0.0,0.0,0.0,0.0,0.0,0.0,0.0,0.0,1.0,1.0,0.0,0.0,0.0,0.0,1.0,1.0,1.0,0.0,0.0,0.0,0.0,0.0,0.0,1.0,1.0,0.0,0.0,0.0,0.0,0.0,1.0,1.0,0.0,1324736331.0,460.0,460.0,1190.0,1190.0,1225.0,0.0,58.0,20058.0,21490.0,21463.0,46.0,0.0,0.0,0.0,66.0,0.0,0.0,25.0,28.0,27.0,8.0,23.0,21921536.0,0.0,1362628928.0,29585769344.0,51019072.0,0.0,0.0,541.0,0.0,0.0,700.0,54.0,847.0
1798,0.0,1.0,1.0,1.0,0.0,1574400.0,1.0,1300500000.0,1.0,1331200000.0,0.102364063263,4992.0,914.0,1371.0,40000.0,42500.0,42500.0,83.0,25.0,64.0,896.0,5000.0,0.0,25.0,1000000.0,950000.0,1.0,1.0,0.0,10.0,0.0,0.0,0.0,500.0,16871915.0,546977754.0,532542570.0,0.0,0.0,0.0,0.0,0.0,1.0,1.0,1.0,1.0,1.0,0.0,0.0,1.0,0.0,0.0,0.0,0.0,0.0,34.0,1.0,14091098.0,255686237.0,13670213.0,17700947.0,557570080.0,362.0,2198348181.0,0.0,1.0,1.0,0.0,1.0,0.0,0.0,1.0,1.0,1.0,1.0,2.0,1.0,0.0,0.0,0.0,2.0,0.0,0.0,1.0,1.0,3.0,50.0,50.0,1.0,0.0,0.0,0.0,0.0,0.0,0.0,0.0,0.0,0.0,0.0,2.0,2.0,0.0,1.0,1.0,0.0,1.0,0.0,0.0,0.0,0.0,0.0,1.0,0.0,0.0,1.0,0.0,0.0,0.0,1.0,11.0,0.0,0.0,0.0,0.0,0.0,12.0,0.0,0.0,0.0,0.0,0.0,0.0,0.0,0.0,0.0,1.0,1.0,0.0,0.0,0.0,0.0,1.0,1.0,1.0,0.0,0.0,0.0,0.0,0.0,0.0,1.0,1.0,0.0,0.0,0.0,0.0,0.0,1.0,1.0,0.0,1277711483.0,388.0,388.0,1075.0,1075.0,1100.0,0.0,43.0,18097.0,20828.0,20808.0,21.0,0.0,0.0,0.0,44.0,0.0,0.0,19.0,21.0,20.0,4.0,17.0,105498848.0,0.0,1307957888.0,14390104256.0,34141152.0,0.0,0.0,362.0,0.0,0.0,429.0,40.0,525.0
1799,0.0,1.0,1.0,1.0,0.0,1574400.0,1.0,1300500000.0,1.0,1331200000.0,0.104173898697,10556.0,1980.0,2818.0,41000.0,43000.0,42500.0,85.0,25.0,64.0,896.0,5000.0,0.0,25.0,1000000.0,950000.0,1.0,0.0,0.0,10.0,0.0,0.0,100.0,100.0,19887869.0,560471486.0,545680601.0,0.0,0.0,0.0,0.0,0.0,1.0,1.0,1.0,1.0,1.0,0.0,0.0,1.0,0.0,0.0,0.0,0.0,0.0,34.0,1.0,14239980.0,267312095.0,13993964.0,20892807.0,565326645.0,469.0,2338317688.0,0.0,1.0,1.0,0.0,1.0,0.0,0.0,1.0,1.0,1.0,1.0,2.0,1.0,0.0,0.0,0.0,2.0,0.0,0.0,1.0,1.0,3.0,50.0,50.0,1.0,0.0,0.0,0.0,0.0,0.0,0.0,0.0,0.0,0.0,0.0,2.0,2.0,0.0,1.0,1.0,0.0,1.0,0.0,0.0,0.0,0.0,0.0,1.0,0.0,0.0,1.0,0.0,0.0,0.0,1.0,10.0,0.0,0.0,0.0,0.0,0.0,11.0,0.0,0.0,0.0,0.0,0.0,0.0,0.0,0.0,0.0,1.0,1.0,0.0,0.0,0.0,0.0,1.0,1.0,1.0,0.0,0.0,0.0,0.0,0.0,0.0,1.0,1.0,0.0,0.0,0.0,0.0,0.0,1.0,1.0,0.0,1303926670.0,395.0,395.0,1080.0,1080.0,1112.0,0.0,64.0,20493.0,21427.0,21400.0,25.0,0.0,0.0,0.0,71.0,0.0,0.0,25.0,28.0,27.0,6.0,23.0,18717344.0,169472.0,1368401216.0,16826074272.0,83884928.0,0.0,0.0,469.0,0.0,0.0,612.0,54.0,784.0
1800,0.0,1.0,1.0,1.0,0.0,1574400.0,1.0,1300500000.0,1.0,1331200000.0,0.10254502296399999,4992.0,838.0,1447.0,40750.0,42500.0,42500.0,85.0,25.0,64.0,896.0,5000.0,0.0,25.0,1000000.0,950000.0,1.0,0.0,0.0,10.0,0.0,0.0,100.0,100.0,18165186.0,547337750.0,529712739.0,0.0,0.0,0.0,0.0,0.0,1.0,1.0,1.0,1.0,1.0,0.0,0.0,1.0,0.0,0.0,0.0,0.0,0.0,31.0,1.0,13995298.0,257373947.0,14010424.0,19039811.0,565551072.0,389.0,2252482443.0,0.0,1.0,1.0,0.0,1.0,0.0,0.0,1.0,1.0,1.0,1.0,2.0,1.0,0.0,0.0,0.0,2.0,0.0,0.0,1.0,1.0,3.0,50.0,50.0,1.0,0.0,0.0,0.0,0.0,0.0,0.0,0.0,0.0,0.0,0.0,2.0,2.0,0.0,1.0,1.0,0.0,1.0,0.0,0.0,0.0,0.0,0.0,1.0,0.0,0.0,1.0,0.0,0.0,0.0,1.0,10.0,0.0,0.0,0.0,0.0,0.0,11.0,0.0,0.0,0.0,0.0,0.0,0.0,0.0,0.0,0.0,1.0,1.0,0.0,0.0,0.0,0.0,1.0,1.0,1.0,0.0,0.0,0.0,0.0,0.0,0.0,1.0,1.0,0.0,0.0,0.0,0.0,0.0,1.0,1.0,0.0,1319640634.0,406.0,406.0,1137.0,1137.0,1169.0,0.0,50.0,18174.0,20887.0,20867.0,27.0,0.0,0.0,0.0,62.0,0.0,0.0,19.0,21.0,20.0,4.0,17.0,107795328.0,2392576.0,1315752256.0,23717531968.0,29424096.0,0.0,0.0,389.0,0.0,0.0,495.0,40.0,616.0
1801,0.0,1.0,1.0,1.0,0.0,1574400.0,1.0,1300500000.0,1.0,1331200000.0,0.103152036667,10633.0,2056.0,2970.0,40250.0,43000.0,42500.0,85.0,25.0,64.0,896.0,5000.0,0.0,25.0,1000000.0,950000.0,1.0,0.0,0.0,10.0,0.0,0.0,100.0,100.0,20268086.0,565439014.0,558872939.0,0.0,0.0,0.0,0.0,0.0,1.0,1.0,1.0,1.0,1.0,0.0,0.0,1.0,0.0,0.0,0.0,0.0,0.0,33.0,1.0,14354796.0,257843566.0,14316836.0,23006088.0,568997834.0,511.0,2408378217.0,0.0,1.0,1.0,0.0,1.0,0.0,0.0,1.0,1.0,1.0,1.0,2.0,1.0,0.0,0.0,0.0,2.0,0.0,0.0,1.0,1.0,3.0,50.0,50.0,1.0,0.0,0.0,0.0,0.0,0.0,0.0,0.0,0.0,0.0,0.0,2.0,2.0,0.0,1.0,1.0,0.0,1.0,0.0,0.0,0.0,0.0,0.0,1.0,0.0,0.0,1.0,0.0,0.0,0.0,1.0,10.0,0.0,0.0,0.0,0.0,0.0,11.0,0.0,0.0,0.0,0.0,0.0,0.0,0.0,0.0,0.0,1.0,1.0,0.0,0.0,0.0,0.0,1.0,1.0,1.0,0.0,0.0,0.0,0.0,0.0,0.0,1.0,1.0,0.0,0.0,0.0,0.0,0.0,1.0,1.0,0.0,1309349558.0,438.0,438.0,1194.0,1194.0,1228.0,0.0,73.0,20346.0,21398.0,21371.0,63.0,0.0,0.0,0.0,84.0,0.0,0.0,25.0,28.0,27.0,10.0,23.0,11592704.0,0.0,1416991168.0,25166517408.0,51881344.0,0.0,0.0,511.0,0.0,0.0,757.0,54.0,850.0
1802,0.0,1.0,1.0,1.0,0.0,1574400.0,1.0,1300500000.0,1.0,1331200000.0,0.105297088623,10518.0,1904.0,2818.0,40250.0,42500.0,42500.0,86.0,25.0,64.0,896.0,5000.0,0.0,25.0,1000000.0,950000.0,1.0,1.0,0.0,10.0,0.0,0.0,100.0,100.0,20331218.0,560670926.0,533028264.0,0.0,0.0,0.0,0.0,0.0,1.0,1.0,1.0,1.0,1.0,0.0,0.0,1.0,0.0,0.0,0.0,0.0,0.0,34.0,1.0,13943566.0,258350646.0,14143258.0,21645966.0,570090258.0,433.0,2380482219.0,0.0,1.0,1.0,0.0,1.0,0.0,0.0,1.0,1.0,1.0,1.0,2.0,1.0,0.0,0.0,0.0,2.0,0.0,0.0,1.0,1.0,3.0,50.0,50.0,1.0,0.0,0.0,0.0,0.0,0.0,0.0,0.0,0.0,0.0,0.0,2.0,2.0,0.0,1.0,1.0,0.0,1.0,0.0,0.0,0.0,0.0,0.0,1.0,0.0,0.0,1.0,0.0,0.0,0.0,1.0,10.0,0.0,0.0,0.0,0.0,0.0,11.0,0.0,0.0,0.0,0.0,0.0,0.0,0.0,0.0,0.0,1.0,1.0,0.0,0.0,0.0,0.0,1.0,1.0,1.0,0.0,0.0,0.0,0.0,0.0,0.0,1.0,1.0,0.0,0.0,0.0,0.0,0.0,1.0,1.0,0.0,1357737594.0,430.0,430.0,1076.0,1076.0,1111.0,0.0,54.0,20338.0,21372.0,21345.0,38.0,0.0,0.0,0.0,65.0,0.0,0.0,25.0,28.0,27.0,7.0,23.0,7614400.0,0.0,1347831968.0,19176908064.0,44172192.0,0.0,0.0,433.0,0.0,0.0,592.0,54.0,732.0
1803,0.0,1.0,1.0,1.0,0.0,1574400.0,1.0,1300500000.0,1.0,1331200000.0,0.101437807083,4916.0,914.0,1371.0,40000.0,43000.0,42000.0,86.0,25.0,64.0,896.0,5000.0,0.0,25.0,1000000.0,950000.0,1.0,1.0,0.0,10.0,0.0,0.0,100.0,100.0,18898788.0,544570996.0,532442435.0,0.0,0.0,0.0,0.0,0.0,1.0,1.0,1.0,1.0,1.0,0.0,0.0,1.0,0.0,0.0,0.0,0.0,0.0,33.0,1.0,14661993.0,260721354.0,14239514.0,19179844.0,546793980.0,379.0,2215114975.0,0.0,1.0,1.0,0.0,1.0,0.0,0.0,1.0,1.0,1.0,1.0,2.0,1.0,0.0,0.0,0.0,2.0,0.0,0.0,1.0,1.0,3.0,50.0,50.0,1.0,0.0,0.0,0.0,0.0,0.0,0.0,0.0,0.0,0.0,0.0,2.0,2.0,0.0,1.0,1.0,0.0,1.0,0.0,0.0,0.0,0.0,0.0,1.0,0.0,0.0,1.0,0.0,0.0,0.0,1.0,11.0,0.0,0.0,0.0,0.0,0.0,12.0,0.0,0.0,0.0,0.0,0.0,0.0,0.0,0.0,0.0,1.0,1.0,0.0,0.0,0.0,0.0,1.0,1.0,1.0,0.0,0.0,0.0,0.0,0.0,0.0,1.0,1.0,0.0,0.0,0.0,0.0,0.0,1.0,1.0,0.0,1300136131.0,398.0,398.0,1080.0,1080.0,1103.0,0.0,46.0,18712.0,20883.0,20863.0,12.0,0.0,0.0,0.0,61.0,0.0,0.0,19.0,21.0,20.0,4.0,17.0,6593024.0,2188288.0,1318198528.0,24683294208.0,32716256.0,0.0,0.0,379.0,0.0,0.0,484.0,40.0,584.0
1804,0.0,1.0,1.0,1.0,0.0,1574400.0,1.0,1300500000.0,1.0,1331200000.0,0.104001045227,10480.0,1904.0,2818.0,40250.0,43000.0,42500.0,86.0,25.0,64.0,896.0,5000.0,0.0,25.0,1000000.0,950000.0,1.0,1.0,0.0,10.0,0.0,0.0,100.0,100.0,20262359.0,559353867.0,537700125.0,0.0,0.0,0.0,0.0,0.0,1.0,1.0,1.0,1.0,1.0,0.0,0.0,1.0,0.0,0.0,0.0,0.0,0.0,35.0,1.0,14282758.0,264647936.0,14127882.0,21419246.0,566497025.0,467.0,2353821255.0,0.0,1.0,1.0,0.0,1.0,0.0,0.0,1.0,1.0,1.0,1.0,2.0,1.0,0.0,0.0,0.0,2.0,0.0,0.0,1.0,1.0,3.0,50.0,50.0,1.0,0.0,0.0,0.0,0.0,0.0,0.0,0.0,0.0,0.0,0.0,2.0,2.0,0.0,1.0,1.0,0.0,1.0,0.0,0.0,0.0,0.0,0.0,1.0,0.0,0.0,1.0,0.0,0.0,0.0,1.0,10.0,0.0,0.0,0.0,0.0,0.0,11.0,0.0,0.0,0.0,0.0,0.0,0.0,0.0,0.0,0.0,1.0,1.0,0.0,0.0,0.0,0.0,1.0,1.0,1.0,0.0,0.0,0.0,0.0,0.0,0.0,1.0,1.0,0.0,0.0,0.0,0.0,0.0,1.0,1.0,0.0,1337610815.0,413.0,413.0,1139.0,1139.0,1168.0,0.0,69.0,20509.0,21519.0,21492.0,63.0,0.0,0.0,0.0,75.0,0.0,0.0,25.0,28.0,27.0,8.0,23.0,117760544.0,46144.0,1387210400.0,182885311456.0,74245664.0,0.0,0.0,467.0,0.0,0.0,706.0,54.0,909.0
1805,0.0,1.0,1.0,1.0,0.0,1574400.0,1.0,1300500000.0,1.0,1331200000.0,0.104101896286,5107.0,1066.0,1447.0,40250.0,43000.0,42500.0,92.0,25.0,64.0,896.0,5000.0,0.0,25.0,1000000.0,950000.0,1.0,0.0,0.0,10.0,0.0,0.0,100.0,500.0,17025796.0,555628474.0,533048314.0,0.0,0.0,0.0,0.0,0.0,1.0,1.0,1.0,1.0,1.0,0.0,0.0,1.0,0.0,0.0,0.0,0.0,0.0,32.0,1.0,14284732.0,261497593.0,14363559.0,19098071.0,563375875.0,401.0,2248508173.0,0.0,1.0,1.0,0.0,1.0,0.0,0.0,1.0,1.0,1.0,1.0,2.0,1.0,0.0,0.0,0.0,2.0,0.0,0.0,1.0,1.0,3.0,50.0,50.0,1.0,0.0,0.0,0.0,0.0,0.0,0.0,0.0,0.0,0.0,0.0,2.0,2.0,0.0,1.0,1.0,0.0,1.0,0.0,0.0,0.0,0.0,0.0,1.0,0.0,0.0,1.0,0.0,0.0,0.0,1.0,10.0,0.0,0.0,0.0,0.0,0.0,11.0,0.0,0.0,0.0,0.0,0.0,0.0,0.0,0.0,0.0,1.0,1.0,0.0,0.0,0.0,0.0,1.0,1.0,1.0,0.0,0.0,0.0,0.0,0.0,0.0,1.0,1.0,0.0,0.0,0.0,0.0,0.0,1.0,1.0,0.0,1289844356.0,380.0,380.0,1105.0,1105.0,1133.0,0.0,45.0,17940.0,20899.0,20879.0,9.0,0.0,0.0,0.0,60.0,0.0,0.0,19.0,21.0,20.0,5.0,17.0,6810496.0,0.0,1299629184.0,16939694752.0,35660320.0,0.0,0.0,401.0,0.0,0.0,477.0,40.0,592.0
1806,0.0,1.0,1.0,1.0,0.0,1574400.0,1.0,1300500000.0,1.0,1331200000.0,0.102094888687,4992.0,990.0,1447.0,40250.0,43000.0,42500.0,92.0,25.0,64.0,896.0,5000.0,0.0,25.0,1000000.0,950000.0,1.0,0.0,0.0,10.0,0.0,0.0,100.0,500.0,18916280.0,548430638.0,544000093.0,0.0,0.0,0.0,0.0,0.0,1.0,1.0,1.0,1.0,1.0,0.0,0.0,1.0,0.0,0.0,0.0,0.0,0.0,32.0,1.0,14513905.0,260949401.0,13761476.0,19537267.0,556037179.0,394.0,2170244021.0,0.0,1.0,1.0,0.0,1.0,0.0,0.0,1.0,1.0,1.0,1.0,2.0,1.0,0.0,0.0,0.0,2.0,0.0,0.0,1.0,1.0,3.0,50.0,50.0,1.0,0.0,0.0,0.0,0.0,0.0,0.0,0.0,0.0,0.0,0.0,2.0,2.0,0.0,1.0,1.0,0.0,1.0,0.0,0.0,0.0,0.0,0.0,1.0,0.0,0.0,1.0,0.0,0.0,0.0,1.0,10.0,0.0,0.0,0.0,0.0,0.0,11.0,0.0,0.0,0.0,0.0,0.0,0.0,0.0,0.0,0.0,1.0,1.0,0.0,0.0,0.0,0.0,1.0,1.0,1.0,0.0,0.0,0.0,0.0,0.0,0.0,1.0,1.0,0.0,0.0,0.0,0.0,0.0,1.0,1.0,0.0,1291371123.0,416.0,416.0,1062.0,1062.0,1088.0,0.0,40.0,18142.0,20889.0,20869.0,13.0,0.0,0.0,0.0,49.0,0.0,0.0,19.0,21.0,20.0,6.0,17.0,13682144.0,0.0,1286754912.0,10711413440.0,35085248.0,0.0,0.0,394.0,0.0,0.0,487.0,40.0,602.0
1807,0.0,1.0,1.0,1.0,0.0,1574400.0,1.0,1300500000.0,1.0,1331200000.0,0.10150384903,4992.0,914.0,1371.0,40250.0,43000.0,42500.0,92.0,25.0,64.0,896.0,5000.0,0.0,25.0,1000000.0,950000.0,1.0,0.0,0.0,10.0,0.0,0.0,100.0,500.0,19324758.0,551238244.0,544380111.0,0.0,0.0,0.0,0.0,0.0,1.0,1.0,1.0,1.0,1.0,0.0,0.0,1.0,0.0,0.0,0.0,0.0,0.0,32.0,1.0,14210653.0,256922930.0,13885453.0,19725255.0,563544904.0,469.0,2186306673.0,0.0,1.0,1.0,0.0,1.0,0.0,0.0,1.0,1.0,1.0,1.0,2.0,1.0,0.0,0.0,0.0,2.0,0.0,0.0,1.0,1.0,3.0,50.0,50.0,1.0,0.0,0.0,0.0,0.0,0.0,0.0,0.0,0.0,0.0,0.0,2.0,2.0,0.0,1.0,1.0,0.0,1.0,0.0,0.0,0.0,0.0,0.0,1.0,0.0,0.0,1.0,0.0,0.0,0.0,1.0,10.0,0.0,0.0,0.0,0.0,0.0,11.0,0.0,0.0,0.0,0.0,0.0,0.0,0.0,0.0,0.0,1.0,1.0,0.0,0.0,0.0,0.0,1.0,1.0,1.0,0.0,0.0,0.0,0.0,0.0,0.0,1.0,1.0,0.0,0.0,0.0,0.0,0.0,1.0,1.0,0.0,1274516070.0,398.0,398.0,1072.0,1072.0,1102.0,0.0,43.0,18745.0,21013.0,20993.0,53.0,0.0,0.0,0.0,58.0,0.0,0.0,19.0,21.0,20.0,6.0,17.0,22231104.0,50912.0,1331524000.0,20110755136.0,62266304.0,0.0,0.0,469.0,0.0,0.0,598.0,40.0,693.0
1808,0.0,1.0,1.0,1.0,0.0,1574400.0,1.0,1300500000.0,1.0,1331200000.0,0.10516500473,5030.0,914.0,1447.0,40000.0,42500.0,42500.0,80.0,25.0,64.0,896.0,5000.0,0.0,25.0,1000000.0,950000.0,1.0,1.0,0.0,10.0,0.0,0.0,100.0,500.0,18396310.0,557827759.0,544816257.0,0.0,0.0,0.0,0.0,0.0,1.0,1.0,1.0,1.0,1.0,0.0,0.0,1.0,0.0,0.0,0.0,0.0,0.0,34.0,1.0,14305471.0,267589363.0,14615270.0,18207886.0,552327656.0,297.0,2286505722.0,0.0,1.0,1.0,0.0,1.0,0.0,0.0,1.0,1.0,1.0,1.0,2.0,1.0,0.0,0.0,0.0,2.0,0.0,0.0,1.0,1.0,3.0,50.0,50.0,1.0,0.0,0.0,0.0,0.0,0.0,0.0,0.0,0.0,0.0,0.0,2.0,2.0,0.0,1.0,1.0,0.0,1.0,0.0,0.0,0.0,0.0,0.0,1.0,0.0,0.0,1.0,0.0,0.0,0.0,1.0,10.0,0.0,0.0,0.0,0.0,0.0,11.0,0.0,0.0,0.0,0.0,0.0,0.0,0.0,0.0,0.0,1.0,1.0,0.0,0.0,0.0,0.0,1.0,1.0,1.0,0.0,0.0,0.0,0.0,0.0,0.0,1.0,1.0,0.0,0.0,0.0,0.0,0.0,1.0,1.0,0.0,1265536329.0,358.0,358.0,966.0,966.0,990.0,0.0,34.0,18091.0,20842.0,20822.0,11.0,0.0,0.0,0.0,38.0,0.0,0.0,19.0,21.0,20.0,5.0,17.0,108455552.0,0.0,1267396640.0,8971129888.0,37990336.0,0.0,0.0,297.0,0.0,0.0,382.0,40.0,532.0
1809,0.0,1.0,1.0,1.0,0.0,1574400.0,1.0,1300500000.0,1.0,1331200000.0,0.100867033005,4992.0,914.0,1371.0,40000.0,43000.0,42500.0,80.0,25.0,64.0,896.0,5000.0,0.0,25.0,1000000.0,950000.0,1.0,1.0,0.0,10.0,0.0,0.0,100.0,500.0,18384485.0,544297606.0,533970259.0,0.0,0.0,0.0,0.0,0.0,1.0,1.0,1.0,1.0,1.0,0.0,0.0,1.0,0.0,0.0,0.0,0.0,0.0,31.0,1.0,14430142.0,243279121.0,14197620.0,19652279.0,552782538.0,374.0,2205211811.0,0.0,1.0,1.0,0.0,1.0,0.0,0.0,1.0,1.0,1.0,1.0,2.0,1.0,0.0,0.0,0.0,2.0,0.0,0.0,1.0,1.0,3.0,50.0,50.0,1.0,0.0,0.0,0.0,0.0,0.0,0.0,0.0,0.0,0.0,0.0,2.0,2.0,0.0,1.0,1.0,0.0,1.0,0.0,0.0,0.0,0.0,0.0,1.0,0.0,0.0,1.0,0.0,0.0,0.0,1.0,11.0,0.0,0.0,0.0,0.0,0.0,12.0,0.0,0.0,0.0,0.0,0.0,0.0,0.0,0.0,0.0,1.0,1.0,0.0,0.0,0.0,0.0,1.0,1.0,1.0,0.0,0.0,0.0,0.0,0.0,0.0,1.0,1.0,0.0,0.0,0.0,0.0,0.0,1.0,1.0,0.0,1306957835.0,384.0,384.0,1073.0,1073.0,1101.0,0.0,45.0,18071.0,20846.0,20826.0,19.0,0.0,0.0,0.0,44.0,0.0,0.0,19.0,21.0,20.0,6.0,17.0,8714752.0,2105440.0,1295191840.0,317818168576.0,40788480.0,0.0,0.0,374.0,0.0,0.0,454.0,40.0,561.0
1810,0.0,1.0,1.0,1.0,0.0,1574400.0,1.0,1300500000.0,1.0,1331200000.0,0.101125955582,5107.0,1142.0,1371.0,40250.0,43000.0,42500.0,80.0,25.0,64.0,896.0,5000.0,0.0,25.0,1000000.0,950000.0,1.0,1.0,0.0,10.0,0.0,0.0,100.0,500.0,19485916.0,549505273.0,547469354.0,0.0,0.0,0.0,0.0,0.0,1.0,1.0,1.0,1.0,1.0,0.0,0.0,1.0,0.0,0.0,0.0,0.0,0.0,33.0,1.0,14475867.0,256862928.0,14056627.0,19819484.0,558338957.0,459.0,2211628845.0,0.0,1.0,1.0,0.0,1.0,0.0,0.0,1.0,1.0,1.0,1.0,2.0,1.0,0.0,0.0,0.0,2.0,0.0,0.0,1.0,1.0,3.0,50.0,50.0,1.0,0.0,0.0,0.0,0.0,0.0,0.0,0.0,0.0,0.0,0.0,2.0,2.0,0.0,1.0,1.0,0.0,1.0,0.0,0.0,0.0,0.0,0.0,1.0,0.0,0.0,1.0,0.0,0.0,0.0,1.0,10.0,0.0,0.0,0.0,0.0,0.0,11.0,0.0,0.0,0.0,0.0,0.0,0.0,0.0,0.0,0.0,1.0,1.0,0.0,0.0,0.0,0.0,1.0,1.0,1.0,0.0,0.0,0.0,0.0,0.0,0.0,1.0,1.0,0.0,0.0,0.0,0.0,0.0,1.0,1.0,0.0,1318553288.0,397.0,397.0,1114.0,1114.0,1140.0,0.0,49.0,18061.0,21024.0,21004.0,14.0,0.0,0.0,0.0,57.0,0.0,0.0,19.0,21.0,20.0,9.0,17.0,12982848.0,0.0,1326343520.0,16729920128.0,91808960.0,0.0,0.0,459.0,0.0,0.0,561.0,40.0,684.0
1811,0.0,1.0,0.0,0.0,1.0,806400.0,1.0,943500000.0,1.0,1062400000.0,0.136563062668,9223.0,1219.0,2438.0,40250.0,42000.0,42500.0,79.0,25.0,64.0,896.0,5000.0,0.0,25.0,1000000.0,950000.0,1.0,0.0,0.0,10.0,0.0,0.0,0.0,100.0,20515376.0,575816260.0,558036057.0,0.0,0.0,0.0,0.0,0.0,1.0,1.0,1.0,1.0,1.0,0.0,0.0,1.0,0.0,0.0,0.0,0.0,0.0,32.0,1.0,14430531.0,254287229.0,14304685.0,21274039.0,587321528.0,530.0,2350347776.0,0.0,1.0,1.0,0.0,1.0,0.0,0.0,1.0,1.0,1.0,1.0,2.0,1.0,0.0,0.0,0.0,2.0,0.0,0.0,1.0,1.0,3.0,50.0,50.0,1.0,0.0,0.0,0.0,0.0,0.0,0.0,0.0,0.0,0.0,0.0,2.0,2.0,0.0,1.0,1.0,0.0,1.0,0.0,0.0,0.0,0.0,0.0,1.0,0.0,0.0,1.0,0.0,0.0,0.0,1.0,10.0,0.0,0.0,0.0,0.0,0.0,11.0,0.0,0.0,0.0,0.0,0.0,0.0,0.0,0.0,0.0,1.0,1.0,0.0,0.0,0.0,0.0,1.0,1.0,1.0,0.0,0.0,0.0,0.0,0.0,0.0,1.0,1.0,0.0,0.0,0.0,0.0,0.0,1.0,1.0,0.0,1314633101.0,451.0,451.0,1198.0,1198.0,1229.0,0.0,61.0,20549.0,21544.0,21517.0,26.0,0.0,0.0,0.0,53.0,0.0,0.0,25.0,28.0,27.0,7.0,23.0,210209600.0,0.0,1534666080.0,10885990272.0,108429088.0,0.0,0.0,530.0,0.0,0.0,640.0,54.0,875.0
1812,0.0,1.0,0.0,0.0,1.0,806400.0,1.0,943500000.0,1.0,1062400000.0,0.144331216812,9336.0,1370.0,2667.0,41125.0,41500.0,42000.0,79.0,25.0,64.0,896.0,5000.0,0.0,25.0,1000000.0,950000.0,1.0,0.0,0.0,10.0,0.0,0.0,0.0,100.0,21699184.0,590700730.0,580325836.0,0.0,0.0,0.0,0.0,0.0,1.0,1.0,1.0,1.0,1.0,0.0,0.0,1.0,0.0,0.0,0.0,0.0,0.0,32.0,1.0,14887420.0,264986208.0,14868022.0,23189309.0,617045058.0,751.0,2539771159.0,0.0,1.0,1.0,0.0,1.0,0.0,0.0,1.0,1.0,1.0,1.0,2.0,1.0,0.0,0.0,0.0,2.0,0.0,0.0,1.0,1.0,3.0,50.0,50.0,1.0,0.0,0.0,0.0,0.0,0.0,0.0,0.0,0.0,0.0,0.0,2.0,2.0,0.0,1.0,1.0,0.0,1.0,0.0,0.0,0.0,0.0,0.0,1.0,0.0,0.0,1.0,0.0,0.0,0.0,1.0,11.0,0.0,0.0,0.0,0.0,0.0,12.0,0.0,0.0,0.0,0.0,0.0,0.0,0.0,0.0,0.0,1.0,1.0,0.0,0.0,0.0,0.0,1.0,1.0,1.0,0.0,0.0,0.0,0.0,0.0,0.0,1.0,1.0,0.0,0.0,0.0,0.0,0.0,1.0,1.0,0.0,1367335267.0,524.0,524.0,1360.0,1360.0,1394.0,0.0,78.0,22271.0,21977.0,21943.0,91.0,0.0,0.0,0.0,78.0,0.0,0.0,31.0,35.0,34.0,12.0,29.0,133079968.0,0.0,1639072224.0,22149137728.0,190661152.0,0.0,0.0,751.0,0.0,0.0,955.0,68.0,1211.0
1813,0.0,1.0,0.0,0.0,1.0,806400.0,1.0,943500000.0,1.0,1062400000.0,0.134458065033,4497.0,686.0,1295.0,40000.0,42000.0,42000.0,79.0,25.0,64.0,896.0,5000.0,0.0,25.0,1000000.0,950000.0,1.0,0.0,0.0,10.0,0.0,0.0,0.0,100.0,18171730.0,564688087.0,549256541.0,0.0,0.0,0.0,0.0,0.0,1.0,1.0,1.0,1.0,1.0,0.0,0.0,1.0,0.0,0.0,0.0,0.0,0.0,33.0,1.0,14571290.0,251699670.0,14558145.0,18735330.0,582199779.0,500.0,2347582012.0,0.0,1.0,1.0,0.0,1.0,0.0,0.0,1.0,1.0,1.0,1.0,2.0,1.0,0.0,0.0,0.0,2.0,0.0,0.0,1.0,1.0,3.0,50.0,50.0,1.0,0.0,0.0,0.0,0.0,0.0,0.0,0.0,0.0,0.0,0.0,2.0,2.0,0.0,1.0,1.0,0.0,1.0,0.0,0.0,0.0,0.0,0.0,1.0,0.0,0.0,1.0,0.0,0.0,0.0,1.0,11.0,0.0,0.0,0.0,0.0,0.0,12.0,0.0,0.0,0.0,0.0,0.0,0.0,0.0,0.0,0.0,1.0,1.0,0.0,0.0,0.0,0.0,1.0,1.0,1.0,0.0,0.0,0.0,0.0,0.0,0.0,1.0,1.0,0.0,0.0,0.0,0.0,0.0,1.0,1.0,0.0,1325077772.0,470.0,470.0,1164.0,1164.0,1194.0,0.0,44.0,18451.0,21030.0,21010.0,26.0,0.0,0.0,0.0,56.0,0.0,0.0,19.0,21.0,20.0,3.0,17.0,107253536.0,0.0,1479875168.0,17662724032.0,128312960.0,0.0,0.0,500.0,0.0,0.0,588.0,40.0,744.0
1814,0.0,1.0,0.0,0.0,1.0,806400.0,1.0,943500000.0,1.0,1062400000.0,0.127505064011,4459.0,609.0,1371.0,40250.0,42000.0,42500.0,92.0,25.0,64.0,896.0,5000.0,0.0,25.0,1000000.0,950000.0,1.0,1.0,0.0,10.0,0.0,0.0,0.0,100.0,19167800.0,577788987.0,565921823.0,0.0,0.0,0.0,0.0,0.0,1.0,1.0,1.0,1.0,1.0,0.0,0.0,1.0,0.0,0.0,0.0,0.0,0.0,30.0,1.0,15171823.0,260115961.0,14459896.0,18891192.0,569422410.0,478.0,2334125204.0,0.0,1.0,1.0,0.0,1.0,0.0,0.0,1.0,1.0,1.0,1.0,2.0,1.0,0.0,0.0,0.0,2.0,0.0,0.0,1.0,1.0,3.0,50.0,50.0,1.0,0.0,0.0,0.0,0.0,0.0,0.0,0.0,0.0,0.0,0.0,2.0,2.0,0.0,1.0,1.0,0.0,1.0,0.0,0.0,0.0,0.0,0.0,1.0,0.0,0.0,1.0,0.0,0.0,0.0,1.0,11.0,0.0,0.0,0.0,0.0,0.0,12.0,0.0,0.0,0.0,0.0,0.0,0.0,0.0,0.0,0.0,1.0,1.0,0.0,0.0,0.0,0.0,1.0,1.0,1.0,0.0,0.0,0.0,0.0,0.0,0.0,1.0,1.0,0.0,0.0,0.0,0.0,0.0,1.0,1.0,0.0,1266489823.0,403.0,403.0,1184.0,1184.0,1220.0,0.0,37.0,18144.0,21066.0,21046.0,39.0,0.0,0.0,0.0,29.0,0.0,0.0,19.0,21.0,20.0,5.0,17.0,110459488.0,0.0,1415560352.0,14345946272.0,105583424.0,0.0,0.0,478.0,0.0,0.0,552.0,40.0,685.0
1815,0.0,1.0,0.0,0.0,1.0,806400.0,1.0,943500000.0,1.0,1062400000.0,0.136713981628,9451.0,1294.0,2666.0,40250.0,42000.0,42000.0,92.0,25.0,64.0,896.0,5000.0,0.0,25.0,1000000.0,950000.0,1.0,1.0,0.0,10.0,0.0,0.0,0.0,100.0,20386162.0,560704071.0,556579168.0,0.0,0.0,0.0,0.0,0.0,1.0,1.0,1.0,1.0,1.0,0.0,0.0,1.0,0.0,0.0,0.0,0.0,0.0,34.0,1.0,14473022.0,257763347.0,14405719.0,19928802.0,587782506.0,573.0,2431142829.0,0.0,1.0,1.0,0.0,1.0,0.0,0.0,1.0,1.0,1.0,1.0,2.0,1.0,0.0,0.0,0.0,2.0,0.0,0.0,1.0,1.0,3.0,50.0,50.0,1.0,0.0,0.0,0.0,0.0,0.0,0.0,0.0,0.0,0.0,0.0,2.0,2.0,0.0,1.0,1.0,0.0,1.0,0.0,0.0,0.0,0.0,0.0,1.0,0.0,0.0,1.0,0.0,0.0,0.0,1.0,10.0,0.0,0.0,0.0,0.0,0.0,11.0,0.0,0.0,0.0,0.0,0.0,0.0,0.0,0.0,0.0,1.0,1.0,0.0,0.0,0.0,0.0,1.0,1.0,1.0,0.0,0.0,0.0,0.0,0.0,0.0,1.0,1.0,0.0,0.0,0.0,0.0,0.0,1.0,1.0,0.0,1352848689.0,441.0,441.0,1206.0,1206.0,1235.0,0.0,67.0,20497.0,21353.0,21326.0,37.0,0.0,0.0,0.0,58.0,0.0,0.0,25.0,28.0,27.0,8.0,23.0,109710016.0,0.0,1477420096.0,10249366112.0,107121120.0,0.0,0.0,573.0,0.0,0.0,668.0,54.0,726.0
1816,0.0,1.0,0.0,0.0,1.0,806400.0,1.0,943500000.0,1.0,1062400000.0,0.134024143219,9451.0,1370.0,2667.0,40250.0,42000.0,42500.0,92.0,25.0,64.0,896.0,5000.0,0.0,25.0,1000000.0,950000.0,1.0,1.0,0.0,10.0,0.0,0.0,0.0,100.0,20104800.0,572682708.0,559802190.0,0.0,0.0,0.0,0.0,0.0,1.0,1.0,1.0,1.0,1.0,0.0,0.0,1.0,0.0,0.0,0.0,0.0,0.0,35.0,1.0,14601802.0,252757291.0,14514647.0,20425998.0,576469681.0,624.0,2441228051.0,0.0,1.0,1.0,0.0,1.0,0.0,0.0,1.0,1.0,1.0,1.0,2.0,1.0,0.0,0.0,0.0,2.0,0.0,0.0,1.0,1.0,3.0,50.0,50.0,1.0,0.0,0.0,0.0,0.0,0.0,0.0,0.0,0.0,0.0,0.0,2.0,2.0,0.0,1.0,1.0,0.0,1.0,0.0,0.0,0.0,0.0,0.0,1.0,0.0,0.0,1.0,0.0,0.0,0.0,1.0,11.0,0.0,0.0,0.0,0.0,0.0,12.0,0.0,0.0,0.0,0.0,0.0,0.0,0.0,0.0,0.0,1.0,1.0,0.0,0.0,0.0,0.0,1.0,1.0,1.0,0.0,0.0,0.0,0.0,0.0,0.0,1.0,1.0,0.0,0.0,0.0,0.0,0.0,1.0,1.0,0.0,1287652502.0,484.0,484.0,1143.0,1143.0,1179.0,0.0,62.0,20561.0,21511.0,21484.0,35.0,0.0,0.0,0.0,63.0,0.0,0.0,25.0,28.0,27.0,8.0,23.0,17690784.0,2051360.0,1488502048.0,27269982368.0,105267552.0,0.0,0.0,624.0,0.0,0.0,719.0,54.0,904.0
1817,0.0,1.0,0.0,0.0,1.0,806400.0,1.0,943500000.0,1.0,1062400000.0,0.13162398338300002,9337.0,1219.0,2666.0,40750.0,41500.0,42500.0,98.0,25.0,64.0,896.0,5000.0,0.0,25.0,1000000.0,950000.0,1.0,0.0,0.0,10.0,0.0,0.0,0.0,500.0,23009598.0,591176210.0,577108477.0,0.0,0.0,0.0,0.0,0.0,1.0,1.0,1.0,1.0,1.0,0.0,0.0,1.0,0.0,0.0,0.0,0.0,0.0,35.0,1.0,14892900.0,256255164.0,14968672.0,22166083.0,587894092.0,573.0,2499673722.0,0.0,1.0,1.0,0.0,1.0,0.0,0.0,1.0,1.0,1.0,1.0,2.0,1.0,0.0,0.0,0.0,2.0,0.0,0.0,1.0,1.0,3.0,50.0,50.0,1.0,0.0,0.0,0.0,0.0,0.0,0.0,0.0,0.0,0.0,0.0,2.0,2.0,0.0,1.0,1.0,0.0,1.0,0.0,0.0,0.0,0.0,0.0,1.0,0.0,0.0,1.0,0.0,0.0,0.0,1.0,11.0,0.0,0.0,0.0,0.0,0.0,12.0,0.0,0.0,0.0,0.0,0.0,0.0,0.0,0.0,0.0,1.0,1.0,0.0,0.0,0.0,0.0,1.0,1.0,1.0,0.0,0.0,0.0,0.0,0.0,0.0,1.0,1.0,0.0,0.0,0.0,0.0,0.0,1.0,1.0,0.0,1341366221.0,441.0,441.0,1177.0,1177.0,1211.0,0.0,65.0,21300.0,21779.0,21745.0,85.0,0.0,0.0,0.0,49.0,0.0,0.0,31.0,35.0,34.0,8.0,29.0,12644512.0,175424.0,1558492224.0,15363901632.0,129162624.0,0.0,0.0,573.0,0.0,0.0,703.0,68.0,831.0
1818,0.0,1.0,0.0,0.0,1.0,806400.0,1.0,943500000.0,1.0,1062400000.0,0.138396024704,9222.0,1370.0,2514.0,40500.0,42000.0,42000.0,98.0,25.0,64.0,896.0,5000.0,0.0,25.0,1000000.0,950000.0,1.0,0.0,0.0,10.0,0.0,0.0,0.0,500.0,20156147.0,577456449.0,554604248.0,0.0,0.0,0.0,0.0,0.0,1.0,1.0,1.0,1.0,1.0,0.0,0.0,1.0,0.0,0.0,0.0,0.0,0.0,34.0,1.0,14323616.0,260251193.0,14405476.0,20669330.0,596764686.0,626.0,2395631974.0,0.0,1.0,1.0,0.0,1.0,0.0,0.0,1.0,1.0,1.0,1.0,2.0,1.0,0.0,0.0,0.0,2.0,0.0,0.0,1.0,1.0,3.0,50.0,50.0,1.0,0.0,0.0,0.0,0.0,0.0,0.0,0.0,0.0,0.0,0.0,2.0,2.0,0.0,1.0,1.0,0.0,1.0,0.0,0.0,0.0,0.0,0.0,1.0,0.0,0.0,1.0,0.0,0.0,0.0,1.0,10.0,0.0,0.0,0.0,0.0,0.0,11.0,0.0,0.0,0.0,0.0,0.0,0.0,0.0,0.0,0.0,1.0,1.0,0.0,0.0,0.0,0.0,1.0,1.0,1.0,0.0,0.0,0.0,0.0,0.0,0.0,1.0,1.0,0.0,0.0,0.0,0.0,0.0,1.0,1.0,0.0,1312495147.0,435.0,435.0,1254.0,1254.0,1292.0,0.0,65.0,20614.0,21440.0,21413.0,66.0,0.0,0.0,0.0,57.0,0.0,0.0,25.0,28.0,27.0,9.0,23.0,117996352.0,0.0,1520331616.0,75430330016.0,113314592.0,0.0,0.0,626.0,0.0,0.0,735.0,54.0,879.0
1819,0.0,1.0,0.0,0.0,1.0,806400.0,1.0,943500000.0,1.0,1062400000.0,0.127806186676,4497.0,685.0,1295.0,40250.0,42000.0,42500.0,98.0,25.0,64.0,896.0,5000.0,0.0,25.0,1000000.0,950000.0,1.0,0.0,0.0,10.0,0.0,0.0,0.0,500.0,18535685.0,561138716.0,546985304.0,0.0,0.0,0.0,0.0,0.0,1.0,1.0,1.0,1.0,1.0,0.0,0.0,1.0,0.0,0.0,0.0,0.0,0.0,33.0,1.0,14082598.0,251861822.0,14249251.0,19023186.0,579455256.0,531.0,2268008628.0,0.0,1.0,1.0,0.0,1.0,0.0,0.0,1.0,1.0,1.0,1.0,2.0,1.0,0.0,0.0,0.0,2.0,0.0,0.0,1.0,1.0,3.0,50.0,50.0,1.0,0.0,0.0,0.0,0.0,0.0,0.0,0.0,0.0,0.0,0.0,2.0,2.0,0.0,1.0,1.0,0.0,1.0,0.0,0.0,0.0,0.0,0.0,1.0,0.0,0.0,1.0,0.0,0.0,0.0,1.0,11.0,0.0,0.0,0.0,0.0,0.0,12.0,0.0,0.0,0.0,0.0,0.0,0.0,0.0,0.0,0.0,1.0,1.0,0.0,0.0,0.0,0.0,1.0,1.0,1.0,0.0,0.0,0.0,0.0,0.0,0.0,1.0,1.0,0.0,0.0,0.0,0.0,0.0,1.0,1.0,0.0,1315888848.0,454.0,454.0,1125.0,1125.0,1153.0,0.0,45.0,18284.0,21058.0,21038.0,18.0,0.0,0.0,0.0,39.0,0.0,0.0,19.0,21.0,20.0,4.0,17.0,105715744.0,1209568.0,1448089664.0,20820449728.0,115703680.0,0.0,0.0,531.0,0.0,0.0,614.0,40.0,705.0
1820,0.0,1.0,0.0,0.0,1.0,806400.0,1.0,943500000.0,1.0,1062400000.0,0.133183956146,9375.0,1294.0,2666.0,40250.0,42000.0,42000.0,78.0,25.0,64.0,896.0,5000.0,0.0,25.0,1000000.0,950000.0,1.0,1.0,0.0,10.0,0.0,0.0,0.0,500.0,19952214.0,583741567.0,554489528.0,0.0,0.0,0.0,0.0,0.0,1.0,1.0,1.0,1.0,1.0,0.0,0.0,1.0,0.0,0.0,0.0,0.0,0.0,34.0,1.0,14654757.0,252579762.0,14389119.0,19962426.0,589091445.0,626.0,2443951471.0,0.0,1.0,1.0,0.0,1.0,0.0,0.0,1.0,1.0,1.0,1.0,2.0,1.0,0.0,0.0,0.0,2.0,0.0,0.0,1.0,1.0,3.0,50.0,50.0,1.0,0.0,0.0,0.0,0.0,0.0,0.0,0.0,0.0,0.0,0.0,2.0,2.0,0.0,1.0,1.0,0.0,1.0,0.0,0.0,0.0,0.0,0.0,1.0,0.0,0.0,1.0,0.0,0.0,0.0,1.0,10.0,0.0,0.0,0.0,0.0,0.0,11.0,0.0,0.0,0.0,0.0,0.0,0.0,0.0,0.0,0.0,1.0,1.0,0.0,0.0,0.0,0.0,1.0,1.0,1.0,0.0,0.0,0.0,0.0,0.0,0.0,1.0,1.0,0.0,0.0,0.0,0.0,0.0,1.0,1.0,0.0,1315400925.0,527.0,527.0,1177.0,1177.0,1211.0,0.0,71.0,20491.0,21413.0,21386.0,58.0,0.0,0.0,0.0,67.0,0.0,0.0,25.0,28.0,27.0,7.0,23.0,216127328.0,0.0,1524414592.0,16012114656.0,103442848.0,0.0,0.0,626.0,0.0,0.0,746.0,54.0,883.0
1821,0.0,1.0,0.0,0.0,1.0,806400.0,1.0,943500000.0,1.0,1062400000.0,0.13873195648199999,9413.0,1370.0,2742.0,41250.0,42000.0,42000.0,78.0,25.0,64.0,896.0,5000.0,0.0,25.0,1000000.0,950000.0,1.0,1.0,0.0,10.0,0.0,0.0,0.0,500.0,20214159.0,583739711.0,573876054.0,0.0,0.0,0.0,0.0,0.0,1.0,1.0,1.0,1.0,1.0,0.0,0.0,1.0,0.0,0.0,0.0,0.0,0.0,34.0,1.0,14893114.0,269074440.0,14811721.0,20085173.0,582076891.0,538.0,2457577047.0,0.0,1.0,1.0,0.0,1.0,0.0,0.0,1.0,1.0,1.0,1.0,2.0,1.0,0.0,0.0,0.0,2.0,0.0,0.0,1.0,1.0,3.0,50.0,50.0,1.0,0.0,0.0,0.0,0.0,0.0,0.0,0.0,0.0,0.0,0.0,2.0,2.0,0.0,1.0,1.0,0.0,1.0,0.0,0.0,0.0,0.0,0.0,1.0,0.0,0.0,1.0,0.0,0.0,0.0,1.0,10.0,0.0,0.0,0.0,0.0,0.0,11.0,0.0,0.0,0.0,0.0,0.0,0.0,0.0,0.0,0.0,1.0,1.0,0.0,0.0,0.0,0.0,1.0,1.0,1.0,0.0,0.0,0.0,0.0,0.0,0.0,1.0,1.0,0.0,0.0,0.0,0.0,0.0,1.0,1.0,0.0,1300314603.0,448.0,448.0,1196.0,1196.0,1228.0,0.0,66.0,20478.0,21437.0,21410.0,52.0,0.0,0.0,0.0,64.0,0.0,0.0,25.0,28.0,27.0,4.0,23.0,207795328.0,0.0,1483885408.0,14609014592.0,74444640.0,0.0,0.0,538.0,0.0,0.0,675.0,54.0,786.0
1822,0.0,1.0,0.0,0.0,1.0,806400.0,1.0,943500000.0,1.0,1062400000.0,0.134196043015,4497.0,686.0,1295.0,40000.0,42000.0,42000.0,78.0,25.0,64.0,896.0,5000.0,0.0,25.0,1000000.0,950000.0,1.0,1.0,0.0,10.0,0.0,0.0,0.0,500.0,17274169.0,568920432.0,564121293.0,0.0,0.0,0.0,0.0,0.0,1.0,1.0,1.0,1.0,1.0,0.0,0.0,1.0,0.0,0.0,0.0,0.0,0.0,30.0,1.0,14437551.0,251776130.0,14582146.0,18328222.0,576748538.0,432.0,2358599903.0,0.0,1.0,1.0,0.0,1.0,0.0,0.0,1.0,1.0,1.0,1.0,2.0,1.0,0.0,0.0,0.0,2.0,0.0,0.0,1.0,1.0,3.0,50.0,50.0,1.0,0.0,0.0,0.0,0.0,0.0,0.0,0.0,0.0,0.0,0.0,2.0,2.0,0.0,1.0,1.0,0.0,1.0,0.0,0.0,0.0,0.0,0.0,1.0,0.0,0.0,1.0,0.0,0.0,0.0,1.0,11.0,0.0,0.0,0.0,0.0,0.0,12.0,0.0,0.0,0.0,0.0,0.0,0.0,0.0,0.0,0.0,1.0,1.0,0.0,0.0,0.0,0.0,1.0,1.0,1.0,0.0,0.0,0.0,0.0,0.0,0.0,1.0,1.0,0.0,0.0,0.0,0.0,0.0,1.0,1.0,0.0,1290739487.0,398.0,398.0,1152.0,1152.0,1187.0,0.0,40.0,18322.0,20931.0,20911.0,23.0,0.0,0.0,0.0,36.0,0.0,0.0,19.0,21.0,20.0,4.0,17.0,8890176.0,1860160.0,1436644736.0,13311784320.0,90150016.0,0.0,0.0,432.0,0.0,0.0,490.0,40.0,573.0
1823,0.0,1.0,0.0,0.0,1.0,806400.0,1.0,943500000.0,1.0,1062400000.0,0.131540060043,9413.0,1294.0,2666.0,40250.0,42000.0,42000.0,90.0,25.0,64.0,896.0,5000.0,0.0,25.0,1000000.0,950000.0,1.0,0.0,0.0,10.0,0.0,0.0,100.0,100.0,20683306.0,587335183.0,559041772.0,0.0,0.0,0.0,0.0,0.0,1.0,1.0,1.0,1.0,1.0,0.0,0.0,1.0,0.0,0.0,0.0,0.0,0.0,34.0,1.0,14312102.0,257781769.0,14399956.0,20586999.0,589959911.0,579.0,2406946070.0,0.0,1.0,1.0,0.0,1.0,0.0,0.0,1.0,1.0,1.0,1.0,2.0,1.0,0.0,0.0,0.0,2.0,0.0,0.0,1.0,1.0,3.0,50.0,50.0,1.0,0.0,0.0,0.0,0.0,0.0,0.0,0.0,0.0,0.0,0.0,2.0,2.0,0.0,1.0,1.0,0.0,1.0,0.0,0.0,0.0,0.0,0.0,1.0,0.0,0.0,1.0,0.0,0.0,0.0,1.0,10.0,0.0,0.0,0.0,0.0,0.0,11.0,0.0,0.0,0.0,0.0,0.0,0.0,0.0,0.0,0.0,1.0,1.0,0.0,0.0,0.0,0.0,1.0,1.0,1.0,0.0,0.0,0.0,0.0,0.0,0.0,1.0,1.0,0.0,0.0,0.0,0.0,0.0,1.0,1.0,0.0,1306595218.0,468.0,468.0,1142.0,1142.0,1173.0,0.0,60.0,20790.0,21548.0,21521.0,40.0,0.0,0.0,0.0,63.0,0.0,0.0,25.0,28.0,27.0,3.0,23.0,18784640.0,0.0,1495578560.0,10477849056.0,120780672.0,0.0,0.0,579.0,0.0,0.0,686.0,54.0,888.0
1824,0.0,1.0,0.0,0.0,1.0,806400.0,1.0,943500000.0,1.0,1062400000.0,0.137008190155,4459.0,686.0,1295.0,40250.0,42000.0,42000.0,90.0,25.0,64.0,896.0,5000.0,0.0,25.0,1000000.0,950000.0,1.0,0.0,0.0,10.0,0.0,0.0,100.0,100.0,18268056.0,567669553.0,564313211.0,0.0,0.0,0.0,0.0,0.0,1.0,1.0,1.0,1.0,1.0,0.0,0.0,1.0,0.0,0.0,0.0,0.0,0.0,29.0,1.0,14487785.0,258264161.0,14234420.0,18860232.0,563058709.0,510.0,2293145897.0,0.0,1.0,1.0,0.0,1.0,0.0,0.0,1.0,1.0,1.0,1.0,2.0,1.0,0.0,0.0,0.0,2.0,0.0,0.0,1.0,1.0,3.0,50.0,50.0,1.0,0.0,0.0,0.0,0.0,0.0,0.0,0.0,0.0,0.0,0.0,2.0,2.0,0.0,1.0,1.0,0.0,1.0,0.0,0.0,0.0,0.0,0.0,1.0,0.0,0.0,1.0,0.0,0.0,0.0,1.0,10.0,0.0,0.0,0.0,0.0,0.0,11.0,0.0,0.0,0.0,0.0,0.0,0.0,0.0,0.0,0.0,1.0,1.0,0.0,0.0,0.0,0.0,1.0,1.0,1.0,0.0,0.0,0.0,0.0,0.0,0.0,1.0,1.0,0.0,0.0,0.0,0.0,0.0,1.0,1.0,0.0,1255385640.0,464.0,464.0,1171.0,1171.0,1205.0,0.0,42.0,18341.0,20855.0,20835.0,162.0,0.0,0.0,0.0,41.0,0.0,0.0,19.0,21.0,20.0,6.0,17.0,16986432.0,0.0,1448347168.0,142434652800.0,106505984.0,0.0,0.0,510.0,0.0,0.0,683.0,40.0,738.0
1825,0.0,1.0,0.0,0.0,1.0,806400.0,1.0,943500000.0,1.0,1062400000.0,0.134221792221,9337.0,1371.0,2666.0,40000.0,42500.0,42000.0,90.0,25.0,64.0,896.0,5000.0,0.0,25.0,1000000.0,950000.0,1.0,0.0,0.0,10.0,0.0,0.0,100.0,100.0,20359917.0,592945246.0,559898249.0,0.0,0.0,0.0,0.0,0.0,1.0,1.0,1.0,1.0,1.0,0.0,0.0,1.0,0.0,0.0,0.0,0.0,0.0,34.0,1.0,14722212.0,258714047.0,14251823.0,20810412.0,581636658.0,584.0,2370531586.0,0.0,1.0,1.0,0.0,1.0,0.0,0.0,1.0,1.0,1.0,1.0,2.0,1.0,0.0,0.0,0.0,2.0,0.0,0.0,1.0,1.0,3.0,50.0,50.0,1.0,0.0,0.0,0.0,0.0,0.0,0.0,0.0,0.0,0.0,0.0,2.0,2.0,0.0,1.0,1.0,0.0,1.0,0.0,0.0,0.0,0.0,0.0,1.0,0.0,0.0,1.0,0.0,0.0,0.0,1.0,10.0,0.0,0.0,0.0,0.0,0.0,11.0,0.0,0.0,0.0,0.0,0.0,0.0,0.0,0.0,0.0,1.0,1.0,0.0,0.0,0.0,0.0,1.0,1.0,1.0,0.0,0.0,0.0,0.0,0.0,0.0,1.0,1.0,0.0,0.0,0.0,0.0,0.0,1.0,1.0,0.0,1296651544.0,425.0,425.0,1224.0,1224.0,1260.0,0.0,50.0,20520.0,21528.0,21501.0,25.0,0.0,0.0,0.0,44.0,0.0,0.0,25.0,28.0,27.0,7.0,23.0,9075552.0,2038880.0,1492252864.0,19181953824.0,98804960.0,0.0,0.0,584.0,0.0,0.0,681.0,54.0,781.0
1826,0.0,1.0,0.0,0.0,1.0,806400.0,1.0,943500000.0,1.0,1062400000.0,0.135710954666,9186.0,1295.0,2590.0,40750.0,42000.0,42000.0,78.0,25.0,64.0,896.0,5000.0,0.0,25.0,1000000.0,950000.0,1.0,1.0,0.0,10.0,0.0,0.0,100.0,100.0,20055512.0,576600992.0,560374073.0,0.0,0.0,0.0,0.0,0.0,1.0,1.0,1.0,1.0,1.0,0.0,0.0,1.0,0.0,0.0,0.0,0.0,0.0,34.0,1.0,14704072.0,257911838.0,14470787.0,20932273.0,583175213.0,570.0,2410699028.0,0.0,1.0,1.0,0.0,1.0,0.0,0.0,1.0,1.0,1.0,1.0,2.0,1.0,0.0,0.0,0.0,2.0,0.0,0.0,1.0,1.0,3.0,50.0,50.0,1.0,0.0,0.0,0.0,0.0,0.0,0.0,0.0,0.0,0.0,0.0,2.0,2.0,0.0,1.0,1.0,0.0,1.0,0.0,0.0,0.0,0.0,0.0,1.0,0.0,0.0,1.0,0.0,0.0,0.0,1.0,10.0,0.0,0.0,0.0,0.0,0.0,11.0,0.0,0.0,0.0,0.0,0.0,0.0,0.0,0.0,0.0,1.0,1.0,0.0,0.0,0.0,0.0,1.0,1.0,1.0,0.0,0.0,0.0,0.0,0.0,0.0,1.0,1.0,0.0,0.0,0.0,0.0,0.0,1.0,1.0,0.0,1294779610.0,457.0,457.0,1175.0,1175.0,1210.0,0.0,64.0,21035.0,21513.0,21486.0,94.0,0.0,0.0,0.0,61.0,0.0,0.0,25.0,28.0,27.0,8.0,23.0,212830016.0,0.0,1483842368.0,13274234432.0,140879776.0,0.0,0.0,570.0,0.0,0.0,748.0,54.0,917.0
1827,0.0,1.0,0.0,0.0,1.0,806400.0,1.0,943500000.0,1.0,1062400000.0,0.140007972717,10061.0,1370.0,3047.0,40250.0,42000.0,42000.0,78.0,25.0,64.0,896.0,5000.0,0.0,25.0,1000000.0,950000.0,1.0,1.0,0.0,10.0,0.0,0.0,100.0,100.0,19910037.0,583068995.0,555891341.0,0.0,0.0,0.0,0.0,0.0,1.0,1.0,1.0,1.0,1.0,0.0,0.0,1.0,0.0,0.0,0.0,0.0,0.0,34.0,1.0,14535662.0,258701452.0,14486055.0,20267039.0,590949525.0,504.0,2488386378.0,0.0,1.0,1.0,0.0,1.0,0.0,0.0,1.0,1.0,1.0,1.0,2.0,1.0,0.0,0.0,0.0,2.0,0.0,0.0,1.0,1.0,3.0,50.0,50.0,1.0,0.0,0.0,0.0,0.0,0.0,0.0,0.0,0.0,0.0,0.0,2.0,2.0,0.0,1.0,1.0,0.0,1.0,0.0,0.0,0.0,0.0,0.0,1.0,0.0,0.0,1.0,0.0,0.0,0.0,1.0,10.0,0.0,0.0,0.0,0.0,0.0,11.0,0.0,0.0,0.0,0.0,0.0,0.0,0.0,0.0,0.0,1.0,1.0,0.0,0.0,0.0,0.0,1.0,1.0,1.0,0.0,0.0,0.0,0.0,0.0,0.0,1.0,1.0,0.0,0.0,0.0,0.0,0.0,1.0,1.0,0.0,1314483988.0,410.0,410.0,1149.0,1149.0,1181.0,0.0,48.0,20290.0,21443.0,21416.0,47.0,0.0,0.0,0.0,45.0,0.0,0.0,25.0,28.0,27.0,4.0,23.0,213549600.0,0.0,1463050944.0,11116456672.0,82623872.0,0.0,0.0,504.0,0.0,0.0,586.0,54.0,699.0
1828,0.0,1.0,0.0,0.0,1.0,806400.0,1.0,943500000.0,1.0,1062400000.0,0.132371902466,4420.0,686.0,1295.0,40250.0,42000.0,42000.0,78.0,25.0,64.0,896.0,5000.0,0.0,25.0,1000000.0,950000.0,1.0,1.0,0.0,10.0,0.0,0.0,100.0,100.0,19341902.0,563740190.0,554707440.0,0.0,0.0,0.0,0.0,0.0,1.0,1.0,1.0,1.0,1.0,0.0,0.0,1.0,0.0,0.0,0.0,0.0,0.0,29.0,1.0,14909203.0,261635503.0,14920511.0,18188286.0,576999509.0,480.0,2404937454.0,0.0,1.0,1.0,0.0,1.0,0.0,0.0,1.0,1.0,1.0,1.0,2.0,1.0,0.0,0.0,0.0,2.0,0.0,0.0,1.0,1.0,3.0,50.0,50.0,1.0,0.0,0.0,0.0,0.0,0.0,0.0,0.0,0.0,0.0,0.0,2.0,2.0,0.0,1.0,1.0,0.0,1.0,0.0,0.0,0.0,0.0,0.0,1.0,0.0,0.0,1.0,0.0,0.0,0.0,1.0,10.0,0.0,0.0,0.0,0.0,0.0,11.0,0.0,0.0,0.0,0.0,0.0,0.0,0.0,0.0,0.0,1.0,1.0,0.0,0.0,0.0,0.0,1.0,1.0,1.0,0.0,0.0,0.0,0.0,0.0,0.0,1.0,1.0,0.0,0.0,0.0,0.0,0.0,1.0,1.0,0.0,1332772515.0,405.0,405.0,1204.0,1204.0,1233.0,0.0,40.0,18337.0,20986.0,20966.0,39.0,0.0,0.0,0.0,35.0,0.0,0.0,19.0,21.0,20.0,7.0,17.0,220404928.0,0.0,1451093760.0,25100827552.0,88379040.0,0.0,0.0,480.0,0.0,0.0,556.0,40.0,643.0
1829,0.0,1.0,0.0,0.0,1.0,806400.0,1.0,943500000.0,1.0,1062400000.0,0.132164955139,9337.0,1294.0,2666.0,41250.0,41750.0,42000.0,76.0,25.0,64.0,896.0,5000.0,0.0,25.0,1000000.0,950000.0,1.0,0.0,0.0,10.0,0.0,0.0,100.0,500.0,22005994.0,599255786.0,588400089.0,0.0,0.0,0.0,0.0,0.0,1.0,1.0,1.0,1.0,1.0,0.0,0.0,1.0,0.0,0.0,0.0,0.0,0.0,34.0,1.0,14731773.0,262246255.0,14710801.0,21884431.0,601854571.0,645.0,2537599818.0,0.0,1.0,1.0,0.0,1.0,0.0,0.0,1.0,1.0,1.0,1.0,2.0,1.0,0.0,0.0,0.0,2.0,0.0,0.0,1.0,1.0,3.0,50.0,50.0,1.0,0.0,0.0,0.0,0.0,0.0,0.0,0.0,0.0,0.0,0.0,2.0,2.0,0.0,1.0,1.0,0.0,1.0,0.0,0.0,0.0,0.0,0.0,1.0,0.0,0.0,1.0,0.0,0.0,0.0,1.0,10.0,0.0,0.0,0.0,0.0,0.0,11.0,0.0,0.0,0.0,0.0,0.0,0.0,0.0,0.0,0.0,1.0,1.0,0.0,0.0,0.0,0.0,1.0,1.0,1.0,0.0,0.0,0.0,0.0,0.0,0.0,1.0,1.0,0.0,0.0,0.0,0.0,0.0,1.0,1.0,0.0,1353368335.0,469.0,469.0,1248.0,1248.0,1279.0,0.0,75.0,22051.0,21902.0,21868.0,93.0,0.0,0.0,0.0,70.0,0.0,0.0,31.0,35.0,34.0,9.0,29.0,216409920.0,0.0,1588955648.0,16711758368.0,123500544.0,0.0,0.0,645.0,0.0,0.0,819.0,68.0,1042.0
1830,0.0,1.0,0.0,0.0,1.0,806400.0,1.0,943500000.0,1.0,1062400000.0,0.142059087753,9261.0,1295.0,2666.0,40750.0,41500.0,42250.0,76.0,25.0,64.0,896.0,5000.0,0.0,25.0,1000000.0,950000.0,1.0,0.0,0.0,10.0,0.0,0.0,100.0,500.0,20849580.0,580120057.0,562133988.0,0.0,0.0,0.0,0.0,0.0,1.0,1.0,1.0,1.0,1.0,0.0,0.0,1.0,0.0,0.0,0.0,0.0,0.0,33.0,1.0,14824245.0,252069103.0,14731622.0,22456796.0,597027709.0,537.0,2491660410.0,0.0,1.0,1.0,0.0,1.0,0.0,0.0,1.0,1.0,1.0,1.0,2.0,1.0,0.0,0.0,0.0,2.0,0.0,0.0,1.0,1.0,3.0,50.0,50.0,1.0,0.0,0.0,0.0,0.0,0.0,0.0,0.0,0.0,0.0,0.0,2.0,2.0,0.0,1.0,1.0,0.0,1.0,0.0,0.0,0.0,0.0,0.0,1.0,0.0,0.0,1.0,0.0,0.0,0.0,1.0,10.0,0.0,0.0,0.0,0.0,0.0,11.0,0.0,0.0,0.0,0.0,0.0,0.0,0.0,0.0,0.0,1.0,1.0,0.0,0.0,0.0,0.0,1.0,1.0,1.0,0.0,0.0,0.0,0.0,0.0,0.0,1.0,1.0,0.0,0.0,0.0,0.0,0.0,1.0,1.0,0.0,1315301012.0,462.0,462.0,1250.0,1250.0,1288.0,0.0,70.0,21231.0,21786.0,21752.0,89.0,0.0,0.0,0.0,47.0,0.0,0.0,31.0,35.0,34.0,8.0,29.0,112701216.0,0.0,1544478176.0,16932279392.0,173066784.0,0.0,0.0,537.0,0.0,0.0,686.0,68.0,892.0
1831,0.0,1.0,0.0,0.0,1.0,806400.0,1.0,943500000.0,1.0,1062400000.0,0.134416103363,9527.0,1370.0,2667.0,41250.0,42000.0,42000.0,76.0,25.0,64.0,896.0,5000.0,0.0,25.0,1000000.0,950000.0,1.0,0.0,0.0,10.0,0.0,0.0,100.0,500.0,20960159.0,571686751.0,564143520.0,0.0,0.0,0.0,0.0,0.0,1.0,1.0,1.0,1.0,1.0,0.0,0.0,1.0,0.0,0.0,0.0,0.0,0.0,31.0,1.0,15018168.0,262391671.0,14662514.0,21018487.0,584729131.0,602.0,2411619206.0,0.0,1.0,1.0,0.0,1.0,0.0,0.0,1.0,1.0,1.0,1.0,2.0,1.0,0.0,0.0,0.0,2.0,0.0,0.0,1.0,1.0,3.0,50.0,50.0,1.0,0.0,0.0,0.0,0.0,0.0,0.0,0.0,0.0,0.0,0.0,2.0,2.0,0.0,1.0,1.0,0.0,1.0,0.0,0.0,0.0,0.0,0.0,1.0,0.0,0.0,1.0,0.0,0.0,0.0,1.0,10.0,0.0,0.0,0.0,0.0,0.0,11.0,0.0,0.0,0.0,0.0,0.0,0.0,0.0,0.0,0.0,1.0,1.0,0.0,0.0,0.0,0.0,1.0,1.0,1.0,0.0,0.0,0.0,0.0,0.0,0.0,1.0,1.0,0.0,0.0,0.0,0.0,0.0,1.0,1.0,0.0,1313886881.0,478.0,478.0,1231.0,1231.0,1263.0,0.0,55.0,20739.0,21462.0,21435.0,85.0,0.0,0.0,0.0,54.0,0.0,0.0,25.0,28.0,27.0,7.0,23.0,31506112.0,0.0,1525857056.0,27040084512.0,173361088.0,0.0,0.0,602.0,0.0,0.0,731.0,54.0,873.0
1832,0.0,1.0,0.0,0.0,1.0,806400.0,1.0,943500000.0,1.0,1062400000.0,0.128047943115,4878.0,609.0,1295.0,40250.0,42000.0,42500.0,78.0,25.0,64.0,896.0,5000.0,0.0,25.0,1000000.0,950000.0,1.0,1.0,0.0,10.0,0.0,0.0,100.0,500.0,18992153.0,557794025.0,556648118.0,0.0,0.0,0.0,0.0,0.0,1.0,1.0,1.0,1.0,1.0,0.0,0.0,1.0,0.0,0.0,0.0,0.0,0.0,32.0,1.0,14863839.0,258303579.0,14708154.0,19593057.0,572921576.0,626.0,2302046216.0,0.0,1.0,1.0,0.0,1.0,0.0,0.0,1.0,1.0,1.0,1.0,2.0,1.0,0.0,0.0,0.0,2.0,0.0,0.0,1.0,1.0,3.0,50.0,50.0,1.0,0.0,0.0,0.0,0.0,0.0,0.0,0.0,0.0,0.0,0.0,2.0,2.0,0.0,1.0,1.0,0.0,1.0,0.0,0.0,0.0,0.0,0.0,1.0,0.0,0.0,1.0,0.0,0.0,0.0,1.0,10.0,0.0,0.0,0.0,0.0,0.0,11.0,0.0,0.0,0.0,0.0,0.0,0.0,0.0,0.0,0.0,1.0,1.0,0.0,0.0,0.0,0.0,1.0,1.0,1.0,0.0,0.0,0.0,0.0,0.0,0.0,1.0,1.0,0.0,0.0,0.0,0.0,0.0,1.0,1.0,0.0,1312738462.0,562.0,562.0,1186.0,1186.0,1217.0,0.0,42.0,18307.0,21064.0,21044.0,50.0,0.0,0.0,0.0,39.0,0.0,0.0,19.0,21.0,20.0,3.0,17.0,213473024.0,0.0,1461918688.0,13416317920.0,130648160.0,0.0,0.0,626.0,0.0,0.0,733.0,40.0,859.0
1833,0.0,1.0,0.0,0.0,1.0,806400.0,1.0,943500000.0,1.0,1062400000.0,0.141680955887,4878.0,609.0,1295.0,40250.0,42000.0,42500.0,78.0,25.0,64.0,896.0,5000.0,0.0,25.0,1000000.0,950000.0,1.0,1.0,0.0,10.0,0.0,0.0,100.0,500.0,17852935.0,579972812.0,562473816.0,0.0,0.0,0.0,0.0,0.0,1.0,1.0,1.0,1.0,1.0,0.0,0.0,1.0,0.0,0.0,0.0,0.0,0.0,34.0,1.0,14411531.0,252819168.0,13974990.0,19230305.0,571649141.0,460.0,2318853258.0,0.0,1.0,1.0,0.0,1.0,0.0,0.0,1.0,1.0,1.0,1.0,2.0,1.0,0.0,0.0,0.0,2.0,0.0,0.0,1.0,1.0,3.0,50.0,50.0,1.0,0.0,0.0,0.0,0.0,0.0,0.0,0.0,0.0,0.0,0.0,2.0,2.0,0.0,1.0,1.0,0.0,1.0,0.0,0.0,0.0,0.0,0.0,1.0,0.0,0.0,1.0,0.0,0.0,0.0,1.0,10.0,0.0,0.0,0.0,0.0,0.0,11.0,0.0,0.0,0.0,0.0,0.0,0.0,0.0,0.0,0.0,1.0,1.0,0.0,0.0,0.0,0.0,1.0,1.0,1.0,0.0,0.0,0.0,0.0,0.0,0.0,1.0,1.0,0.0,0.0,0.0,0.0,0.0,1.0,1.0,0.0,1269826809.0,386.0,386.0,1181.0,1181.0,1211.0,0.0,42.0,18346.0,20956.0,20936.0,92.0,0.0,0.0,0.0,36.0,0.0,0.0,19.0,21.0,20.0,4.0,17.0,10657248.0,0.0,1415857568.0,10020534784.0,60494784.0,0.0,0.0,460.0,0.0,0.0,591.0,40.0,648.0
1834,0.0,1.0,0.0,0.0,1.0,806400.0,1.0,943500000.0,1.0,1062400000.0,0.135099887848,10213.0,1294.0,2590.0,40250.0,42000.0,42500.0,78.0,25.0,64.0,896.0,5000.0,0.0,25.0,1000000.0,950000.0,1.0,1.0,0.0,10.0,0.0,0.0,100.0,500.0,20118486.0,577890219.0,559756225.0,0.0,0.0,0.0,0.0,0.0,1.0,1.0,1.0,1.0,1.0,0.0,0.0,1.0,0.0,0.0,0.0,0.0,0.0,33.0,1.0,14414145.0,254882656.0,14388372.0,21011910.0,595397819.0,585.0,2356804646.0,0.0,1.0,1.0,0.0,1.0,0.0,0.0,1.0,1.0,1.0,1.0,2.0,1.0,0.0,0.0,0.0,2.0,0.0,0.0,1.0,1.0,3.0,50.0,50.0,1.0,0.0,0.0,0.0,0.0,0.0,0.0,0.0,0.0,0.0,0.0,2.0,2.0,0.0,1.0,1.0,0.0,1.0,0.0,0.0,0.0,0.0,0.0,1.0,0.0,0.0,1.0,0.0,0.0,0.0,1.0,10.0,0.0,0.0,0.0,0.0,0.0,11.0,0.0,0.0,0.0,0.0,0.0,0.0,0.0,0.0,0.0,1.0,1.0,0.0,0.0,0.0,0.0,1.0,1.0,1.0,0.0,0.0,0.0,0.0,0.0,0.0,1.0,1.0,0.0,0.0,0.0,0.0,0.0,1.0,1.0,0.0,1339581161.0,579.0,579.0,1234.0,1234.0,1265.0,0.0,49.0,20339.0,21461.0,21434.0,61.0,0.0,0.0,0.0,50.0,0.0,0.0,25.0,28.0,27.0,6.0,23.0,115923584.0,0.0,1567462784.0,26007943744.0,173317088.0,0.0,0.0,585.0,0.0,0.0,701.0,54.0,881.0
1835,0.0,1.0,1.0,0.0,0.0,1420800.0,1.0,586500000.0,1.0,102000000.0,0.9007539749150001,16011.0,1447.0,4800.0,40250.0,41000.0,42166.6666667,83.0,25.0,64.0,896.0,5000.0,0.0,25.0,1000000.0,950000.0,1.0,0.0,0.0,10.0,0.0,0.0,0.0,100.0,34103306.0,801175641.0,730689548.0,0.0,0.0,0.0,0.0,0.0,1.0,1.0,1.0,1.0,1.0,0.0,0.0,1.0,0.0,0.0,0.0,0.0,0.0,30.0,1.0,21632503.0,302809084.0,21914822.0,36275218.0,838573709.0,1742.0,11497246989.0,0.0,1.0,1.0,0.0,1.0,0.0,0.0,1.0,1.0,1.0,1.0,2.0,1.0,0.0,0.0,0.0,2.0,0.0,0.0,1.0,1.0,3.0,50.0,50.0,1.0,0.0,0.0,0.0,0.0,0.0,0.0,0.0,0.0,0.0,0.0,2.0,2.0,0.0,1.0,1.0,0.0,1.0,0.0,0.0,0.0,0.0,0.0,1.0,0.0,0.0,1.0,0.0,0.0,0.0,1.0,11.0,0.0,0.0,0.0,0.0,0.0,12.0,0.0,0.0,0.0,0.0,0.0,0.0,0.0,0.0,0.0,1.0,1.0,0.0,0.0,0.0,0.0,1.0,1.0,1.0,0.0,0.0,0.0,0.0,0.0,0.0,1.0,1.0,0.0,0.0,0.0,0.0,0.0,1.0,1.0,0.0,1623480099.0,2291.0,2291.0,4162.0,4162.0,4210.0,0.0,205.0,26939.0,23724.0,23670.0,81.0,0.0,0.0,0.0,269.0,0.0,0.0,49.0,55.0,54.0,21.0,47.0,781845568.0,0.0,7061013568.0,98060857920.0,1140217248.0,0.0,0.0,1742.0,0.0,0.0,2284.0,108.0,2742.0
1836,0.0,1.0,1.0,0.0,0.0,1420800.0,1.0,586500000.0,1.0,102000000.0,0.8597009181980001,14449.0,1523.0,4648.0,40333.3333333,40833.3333333,42000.0,83.0,25.0,64.0,896.0,5000.0,0.0,25.0,1000000.0,950000.0,1.0,0.0,0.0,10.0,0.0,0.0,0.0,100.0,32638970.0,793115518.0,725168452.0,0.0,0.0,0.0,0.0,0.0,1.0,1.0,1.0,1.0,1.0,0.0,0.0,1.0,0.0,0.0,0.0,0.0,0.0,34.0,1.0,22640165.0,294105853.0,23368493.0,34956377.0,832560495.0,1784.0,11492181418.0,0.0,1.0,1.0,0.0,1.0,0.0,0.0,1.0,1.0,1.0,1.0,2.0,1.0,0.0,0.0,0.0,2.0,0.0,0.0,1.0,1.0,3.0,50.0,50.0,1.0,0.0,0.0,0.0,0.0,0.0,0.0,0.0,0.0,0.0,0.0,2.0,2.0,0.0,1.0,1.0,0.0,1.0,0.0,0.0,0.0,0.0,0.0,1.0,0.0,0.0,1.0,0.0,0.0,0.0,1.0,11.0,0.0,0.0,0.0,0.0,0.0,12.0,0.0,0.0,0.0,0.0,0.0,0.0,0.0,0.0,0.0,1.0,1.0,0.0,0.0,0.0,0.0,1.0,1.0,1.0,0.0,0.0,0.0,0.0,0.0,0.0,1.0,1.0,0.0,0.0,0.0,0.0,0.0,1.0,1.0,0.0,1603273875.0,2355.0,2355.0,4286.0,4286.0,4322.0,0.0,186.0,26693.0,23654.0,23602.0,101.0,0.0,0.0,0.0,262.0,0.0,0.0,49.0,53.0,52.0,18.0,47.0,816295872.0,561920.0,7148721856.0,103210021024.0,1075955904.0,0.0,0.0,1784.0,0.0,0.0,2245.0,104.0,2753.0
1837,0.0,1.0,1.0,0.0,0.0,1420800.0,1.0,586500000.0,1.0,102000000.0,0.8460290431980001,17155.0,1599.0,5335.0,40350.0,40800.0,42000.0,83.0,25.0,64.0,896.0,5000.0,0.0,25.0,1000000.0,950000.0,1.0,0.0,0.0,10.0,0.0,0.0,0.0,100.0,40574135.0,852017523.0,782827202.0,0.0,0.0,0.0,0.0,0.0,1.0,1.0,1.0,1.0,1.0,0.0,0.0,1.0,0.0,0.0,0.0,0.0,0.0,32.0,1.0,22093816.0,318773837.0,22693081.0,43922634.0,860225557.0,2311.0,12248922691.0,0.0,1.0,1.0,0.0,1.0,0.0,0.0,1.0,1.0,1.0,1.0,2.0,1.0,0.0,0.0,0.0,2.0,0.0,0.0,1.0,1.0,3.0,50.0,50.0,1.0,0.0,0.0,0.0,0.0,0.0,0.0,0.0,0.0,0.0,0.0,2.0,2.0,0.0,1.0,1.0,0.0,1.0,0.0,0.0,0.0,0.0,0.0,1.0,0.0,0.0,1.0,0.0,0.0,0.0,1.0,11.0,0.0,0.0,0.0,0.0,0.0,12.0,0.0,0.0,0.0,0.0,0.0,0.0,0.0,0.0,0.0,1.0,1.0,0.0,0.0,0.0,0.0,1.0,1.0,1.0,0.0,0.0,0.0,0.0,0.0,0.0,1.0,1.0,0.0,0.0,0.0,0.0,0.0,1.0,1.0,0.0,1665594981.0,2871.0,2871.0,4626.0,4626.0,4675.0,0.0,196.0,29341.0,24720.0,24648.0,189.0,0.0,0.0,0.0,282.0,0.0,0.0,67.0,73.0,72.0,32.0,65.0,1537947776.0,5696224.0,7874062400.0,130348662464.0,1497337376.0,0.0,0.0,2311.0,0.0,0.0,2922.0,144.0,3382.0
1838,0.0,1.0,1.0,0.0,0.0,1420800.0,1.0,586500000.0,1.0,102000000.0,0.874308109283,14411.0,1599.0,4877.0,40250.0,40875.0,42000.0,74.0,25.0,64.0,896.0,5000.0,0.0,25.0,1000000.0,950000.0,1.0,1.0,0.0,10.0,0.0,0.0,0.0,100.0,36058916.0,812516003.0,749545476.0,0.0,0.0,0.0,0.0,0.0,1.0,1.0,1.0,1.0,1.0,0.0,0.0,1.0,0.0,0.0,0.0,0.0,0.0,41.0,1.0,23390324.0,311308949.0,23612374.0,37197689.0,841916376.0,2008.0,11937660981.0,0.0,1.0,1.0,0.0,1.0,0.0,0.0,1.0,1.0,1.0,1.0,2.0,1.0,0.0,0.0,0.0,2.0,0.0,0.0,1.0,1.0,3.0,50.0,50.0,1.0,0.0,0.0,0.0,0.0,0.0,0.0,0.0,0.0,0.0,0.0,2.0,2.0,0.0,1.0,1.0,0.0,1.0,0.0,0.0,0.0,0.0,0.0,1.0,0.0,0.0,1.0,0.0,0.0,0.0,1.0,11.0,0.0,0.0,0.0,0.0,0.0,12.0,0.0,0.0,0.0,0.0,0.0,0.0,0.0,0.0,0.0,1.0,1.0,0.0,0.0,0.0,0.0,1.0,1.0,1.0,0.0,0.0,0.0,0.0,0.0,0.0,1.0,1.0,0.0,0.0,0.0,0.0,0.0,1.0,1.0,0.0,1647467072.0,2590.0,2590.0,4429.0,4429.0,4467.0,0.0,195.0,27900.0,24103.0,24044.0,117.0,0.0,0.0,0.0,239.0,0.0,0.0,55.0,60.0,59.0,27.0,53.0,862400928.0,0.0,7451959584.0,106281408416.0,1181451424.0,0.0,0.0,2008.0,0.0,0.0,2502.0,118.0,3116.0
1839,0.0,1.0,1.0,0.0,0.0,1420800.0,1.0,586500000.0,1.0,102000000.0,0.859821081161,13725.0,1447.0,4268.0,40150.0,40700.0,42000.0,74.0,25.0,64.0,896.0,5000.0,0.0,25.0,1000000.0,950000.0,1.0,1.0,0.0,10.0,0.0,0.0,0.0,100.0,37699304.0,840215315.0,757901918.0,0.0,0.0,0.0,0.0,0.0,1.0,1.0,1.0,1.0,1.0,0.0,0.0,1.0,0.0,0.0,0.0,0.0,0.0,32.0,1.0,23386579.0,302631703.0,23729694.0,39715956.0,848182945.0,2061.0,11909847814.0,0.0,1.0,1.0,0.0,1.0,0.0,0.0,1.0,1.0,1.0,1.0,2.0,1.0,0.0,0.0,0.0,2.0,0.0,0.0,1.0,1.0,3.0,50.0,50.0,1.0,0.0,0.0,0.0,0.0,0.0,0.0,0.0,0.0,0.0,0.0,2.0,2.0,0.0,1.0,1.0,0.0,1.0,0.0,0.0,0.0,0.0,0.0,1.0,0.0,0.0,1.0,0.0,0.0,0.0,1.0,10.0,0.0,0.0,0.0,0.0,0.0,11.0,0.0,0.0,0.0,0.0,0.0,0.0,0.0,0.0,0.0,1.0,1.0,0.0,0.0,0.0,0.0,1.0,1.0,1.0,0.0,0.0,0.0,0.0,0.0,0.0,1.0,1.0,0.0,0.0,0.0,0.0,0.0,1.0,1.0,0.0,1648205630.0,2754.0,2754.0,4541.0,4541.0,4575.0,0.0,200.0,29488.0,24455.0,24389.0,115.0,0.0,0.0,0.0,293.0,0.0,0.0,61.0,67.0,66.0,25.0,59.0,1256767904.0,0.0,7711715584.0,118188301376.0,1222461984.0,0.0,0.0,2061.0,0.0,0.0,2640.0,132.0,3303.0
1840,0.0,1.0,1.0,0.0,0.0,1420800.0,1.0,586500000.0,1.0,102000000.0,0.8592488765719999,14335.0,1522.0,4876.0,40125.0,40750.0,41875.0,74.0,25.0,64.0,896.0,5000.0,0.0,25.0,1000000.0,950000.0,1.0,1.0,0.0,10.0,0.0,0.0,0.0,100.0,37548713.0,809990332.0,756585441.0,0.0,0.0,0.0,0.0,0.0,1.0,1.0,1.0,1.0,1.0,0.0,0.0,1.0,0.0,0.0,0.0,0.0,0.0,39.0,1.0,22470462.0,306281446.0,23240429.0,38824515.0,831408477.0,2167.0,11259686587.0,0.0,1.0,1.0,0.0,1.0,0.0,0.0,1.0,1.0,1.0,1.0,2.0,1.0,0.0,0.0,0.0,2.0,0.0,0.0,1.0,1.0,3.0,50.0,50.0,1.0,0.0,0.0,0.0,0.0,0.0,0.0,0.0,0.0,0.0,0.0,2.0,2.0,0.0,1.0,1.0,0.0,1.0,0.0,0.0,0.0,0.0,0.0,1.0,0.0,0.0,1.0,0.0,0.0,0.0,1.0,10.0,0.0,0.0,0.0,0.0,0.0,11.0,0.0,0.0,0.0,0.0,0.0,0.0,0.0,0.0,0.0,1.0,1.0,0.0,0.0,0.0,0.0,1.0,1.0,1.0,0.0,0.0,0.0,0.0,0.0,0.0,1.0,1.0,0.0,0.0,0.0,0.0,0.0,1.0,1.0,0.0,1605153208.0,2645.0,2645.0,4338.0,4338.0,4374.0,0.0,225.0,27863.0,24039.0,23979.0,111.0,0.0,0.0,0.0,306.0,0.0,0.0,55.0,61.0,60.0,21.0,53.0,1594619936.0,0.0,7207163296.0,119896467584.0,1050199232.0,0.0,0.0,2167.0,0.0,0.0,2777.0,120.0,3103.0
1841,0.0,1.0,1.0,0.0,0.0,1420800.0,1.0,586500000.0,1.0,102000000.0,0.8978490829469999,17574.0,1599.0,5715.0,40083.3333333,40666.6666667,41750.0,86.0,25.0,64.0,896.0,5000.0,0.0,25.0,1000000.0,950000.0,1.0,0.0,0.0,10.0,0.0,0.0,0.0,500.0,39889216.0,864398928.0,798412744.0,0.0,0.0,0.0,0.0,0.0,1.0,1.0,1.0,1.0,1.0,0.0,0.0,1.0,0.0,0.0,0.0,0.0,0.0,32.0,1.0,25779875.0,335363504.0,25780369.0,44063125.0,886402758.0,2353.0,12915692287.0,0.0,1.0,1.0,0.0,1.0,0.0,0.0,1.0,1.0,1.0,1.0,2.0,1.0,0.0,0.0,0.0,2.0,0.0,0.0,1.0,1.0,3.0,50.0,50.0,1.0,0.0,0.0,0.0,0.0,0.0,0.0,0.0,0.0,0.0,0.0,2.0,2.0,0.0,1.0,1.0,0.0,1.0,0.0,0.0,0.0,0.0,0.0,1.0,0.0,0.0,1.0,0.0,0.0,0.0,1.0,11.0,0.0,0.0,0.0,0.0,0.0,12.0,0.0,0.0,0.0,0.0,0.0,0.0,0.0,0.0,0.0,1.0,1.0,0.0,0.0,0.0,0.0,1.0,1.0,1.0,0.0,0.0,0.0,0.0,0.0,0.0,1.0,1.0,0.0,0.0,0.0,0.0,0.0,1.0,1.0,0.0,1748525269.0,2892.0,2892.0,4862.0,4862.0,4917.0,0.0,264.0,31474.0,25389.0,25311.0,150.0,0.0,0.0,0.0,366.0,0.0,0.0,73.0,79.0,78.0,32.0,71.0,1205864672.0,0.0,8403183296.0,139365896448.0,1475812640.0,0.0,0.0,2353.0,0.0,0.0,3002.0,156.0,3679.0
1842,0.0,1.0,1.0,0.0,0.0,1420800.0,1.0,586500000.0,1.0,102000000.0,0.847033977509,14105.0,1522.0,4572.0,40062.5,40875.0,42000.0,86.0,25.0,64.0,896.0,5000.0,0.0,25.0,1000000.0,950000.0,1.0,0.0,0.0,10.0,0.0,0.0,0.0,500.0,33935585.0,808273980.0,745338492.0,0.0,0.0,0.0,0.0,0.0,1.0,1.0,1.0,1.0,1.0,0.0,0.0,1.0,0.0,0.0,0.0,0.0,0.0,32.0,1.0,22646211.0,306295928.0,23389063.0,36386653.0,832556935.0,2005.0,11506835472.0,0.0,1.0,1.0,0.0,1.0,0.0,0.0,1.0,1.0,1.0,1.0,2.0,1.0,0.0,0.0,0.0,2.0,0.0,0.0,1.0,1.0,3.0,50.0,50.0,1.0,0.0,0.0,0.0,0.0,0.0,0.0,0.0,0.0,0.0,0.0,2.0,2.0,0.0,1.0,1.0,0.0,1.0,0.0,0.0,0.0,0.0,0.0,1.0,0.0,0.0,1.0,0.0,0.0,0.0,1.0,11.0,0.0,0.0,0.0,0.0,0.0,12.0,0.0,0.0,0.0,0.0,0.0,0.0,0.0,0.0,0.0,1.0,1.0,0.0,0.0,0.0,0.0,1.0,1.0,1.0,0.0,0.0,0.0,0.0,0.0,0.0,1.0,1.0,0.0,0.0,0.0,0.0,0.0,1.0,1.0,0.0,1619047912.0,2578.0,2578.0,4209.0,4209.0,4241.0,0.0,188.0,27718.0,23962.0,23903.0,135.0,0.0,0.0,0.0,260.0,0.0,0.0,55.0,60.0,59.0,21.0,53.0,900074528.0,0.0,7208627200.0,134765765856.0,1227872928.0,0.0,0.0,2005.0,0.0,0.0,2562.0,118.0,2994.0
1843,0.0,1.0,1.0,0.0,0.0,1420800.0,1.0,586500000.0,1.0,102000000.0,0.854964017868,10789.0,1218.0,3810.0,40166.6666667,40666.6666667,41833.3333333,86.0,25.0,64.0,896.0,5000.0,0.0,25.0,1000000.0,950000.0,1.0,0.0,0.0,10.0,0.0,0.0,0.0,500.0,31251297.0,796400225.0,734394184.0,0.0,0.0,0.0,0.0,0.0,1.0,1.0,1.0,1.0,1.0,0.0,0.0,1.0,0.0,0.0,0.0,0.0,0.0,30.0,1.0,21203714.0,299710766.0,21509770.0,33403752.0,816925081.0,1877.0,10928058062.0,0.0,1.0,1.0,0.0,1.0,0.0,0.0,1.0,1.0,1.0,1.0,2.0,1.0,0.0,0.0,0.0,2.0,0.0,0.0,1.0,1.0,3.0,50.0,50.0,1.0,0.0,0.0,0.0,0.0,0.0,0.0,0.0,0.0,0.0,0.0,2.0,2.0,0.0,1.0,1.0,0.0,1.0,0.0,0.0,0.0,0.0,0.0,1.0,0.0,0.0,1.0,0.0,0.0,0.0,1.0,11.0,0.0,0.0,0.0,0.0,0.0,12.0,0.0,0.0,0.0,0.0,0.0,0.0,0.0,0.0,0.0,1.0,1.0,0.0,0.0,0.0,0.0,1.0,1.0,1.0,0.0,0.0,0.0,0.0,0.0,0.0,1.0,1.0,0.0,0.0,0.0,0.0,0.0,1.0,1.0,0.0,1574316969.0,2494.0,2494.0,3880.0,3880.0,3917.0,0.0,123.0,24164.0,23161.0,23116.0,55.0,0.0,0.0,0.0,193.0,0.0,0.0,43.0,46.0,45.0,23.0,41.0,732324512.0,0.0,6638121984.0,119752771840.0,846470560.0,0.0,0.0,1877.0,0.0,0.0,2363.0,90.0,2809.0
1844,0.0,1.0,1.0,0.0,0.0,1420800.0,1.0,586500000.0,1.0,102000000.0,0.8479189872740001,14715.0,1599.0,4878.0,40000.0,40750.0,42000.0,97.0,25.0,64.0,896.0,5000.0,0.0,25.0,1000000.0,950000.0,1.0,1.0,0.0,10.0,0.0,0.0,0.0,500.0,30382817.0,778305969.0,719773321.0,0.0,0.0,0.0,0.0,0.0,1.0,1.0,1.0,1.0,1.0,0.0,0.0,1.0,0.0,0.0,0.0,0.0,0.0,33.0,1.0,21491889.0,293739425.0,21956743.0,31146839.0,789610686.0,1806.0,10854905960.0,0.0,1.0,1.0,0.0,1.0,0.0,0.0,1.0,1.0,1.0,1.0,2.0,1.0,0.0,0.0,0.0,2.0,0.0,0.0,1.0,1.0,3.0,50.0,50.0,1.0,0.0,0.0,0.0,0.0,0.0,0.0,0.0,0.0,0.0,0.0,2.0,2.0,0.0,1.0,1.0,0.0,1.0,0.0,0.0,0.0,0.0,0.0,1.0,0.0,0.0,1.0,0.0,0.0,0.0,1.0,11.0,0.0,0.0,0.0,0.0,0.0,12.0,0.0,0.0,0.0,0.0,0.0,0.0,0.0,0.0,0.0,1.0,1.0,0.0,0.0,0.0,0.0,1.0,1.0,1.0,0.0,0.0,0.0,0.0,0.0,0.0,1.0,1.0,0.0,0.0,0.0,0.0,0.0,1.0,1.0,0.0,1540913917.0,2548.0,2548.0,3900.0,3900.0,3940.0,0.0,131.0,24365.0,23014.0,22969.0,71.0,0.0,0.0,0.0,190.0,0.0,0.0,43.0,46.0,45.0,26.0,41.0,622814656.0,0.0,6620914240.0,79130405440.0,1013154016.0,0.0,0.0,1806.0,0.0,0.0,2162.0,90.0,2703.0
1845,0.0,1.0,1.0,0.0,0.0,1420800.0,1.0,586500000.0,1.0,102000000.0,0.870952129364,10408.0,1066.0,3657.0,40083.3333333,40500.0,42000.0,97.0,25.0,64.0,896.0,5000.0,0.0,25.0,1000000.0,950000.0,1.0,1.0,0.0,10.0,0.0,0.0,0.0,500.0,31258075.0,764656478.0,711092458.0,0.0,0.0,0.0,0.0,0.0,1.0,1.0,1.0,1.0,1.0,0.0,0.0,1.0,0.0,0.0,0.0,0.0,0.0,34.0,1.0,20656319.0,289012090.0,21497769.0,33434199.0,804676607.0,1665.0,10790488659.0,0.0,1.0,1.0,0.0,1.0,0.0,0.0,1.0,1.0,1.0,1.0,2.0,1.0,0.0,0.0,0.0,2.0,0.0,0.0,1.0,1.0,3.0,50.0,50.0,1.0,0.0,0.0,0.0,0.0,0.0,0.0,0.0,0.0,0.0,0.0,2.0,2.0,0.0,1.0,1.0,0.0,1.0,0.0,0.0,0.0,0.0,0.0,1.0,0.0,0.0,1.0,0.0,0.0,0.0,1.0,11.0,0.0,0.0,0.0,0.0,0.0,12.0,0.0,0.0,0.0,0.0,0.0,0.0,0.0,0.0,0.0,1.0,1.0,0.0,0.0,0.0,0.0,1.0,1.0,1.0,0.0,0.0,0.0,0.0,0.0,0.0,1.0,1.0,0.0,0.0,0.0,0.0,0.0,1.0,1.0,0.0,1584339662.0,2308.0,2308.0,3868.0,3868.0,3905.0,0.0,157.0,24234.0,23230.0,23183.0,87.0,0.0,0.0,0.0,229.0,0.0,0.0,43.0,48.0,47.0,22.0,41.0,810334496.0,0.0,6661083520.0,129851981664.0,1038232288.0,0.0,0.0,1665.0,0.0,0.0,2091.0,94.0,2666.0
1846,0.0,1.0,1.0,0.0,0.0,1420800.0,1.0,586500000.0,1.0,102000000.0,0.856086015701,14105.0,1523.0,4572.0,40125.0,40500.0,41875.0,97.0,25.0,64.0,896.0,5000.0,0.0,25.0,1000000.0,950000.0,1.0,1.0,0.0,10.0,0.0,0.0,0.0,500.0,36272841.0,814935566.0,753534210.0,0.0,0.0,0.0,0.0,0.0,1.0,1.0,1.0,1.0,1.0,0.0,0.0,1.0,0.0,0.0,0.0,0.0,0.0,39.0,1.0,23164451.0,316366915.0,23532719.0,34272342.0,833407493.0,2159.0,11677592607.0,0.0,1.0,1.0,0.0,1.0,0.0,0.0,1.0,1.0,1.0,1.0,2.0,1.0,0.0,0.0,0.0,2.0,0.0,0.0,1.0,1.0,3.0,50.0,50.0,1.0,0.0,0.0,0.0,0.0,0.0,0.0,0.0,0.0,0.0,0.0,2.0,2.0,0.0,1.0,1.0,0.0,1.0,0.0,0.0,0.0,0.0,0.0,1.0,0.0,0.0,1.0,0.0,0.0,0.0,1.0,11.0,0.0,0.0,0.0,0.0,0.0,12.0,0.0,0.0,0.0,0.0,0.0,0.0,0.0,0.0,0.0,1.0,1.0,0.0,0.0,0.0,0.0,1.0,1.0,1.0,0.0,0.0,0.0,0.0,0.0,0.0,1.0,1.0,0.0,0.0,0.0,0.0,0.0,1.0,1.0,0.0,1640306304.0,2644.0,2644.0,4458.0,4458.0,4497.0,0.0,193.0,28235.0,24170.0,24111.0,154.0,0.0,0.0,0.0,262.0,0.0,0.0,55.0,60.0,59.0,28.0,53.0,908307424.0,0.0,7425034912.0,113651204448.0,1401644160.0,0.0,0.0,2159.0,0.0,0.0,2704.0,118.0,3293.0
1847,0.0,1.0,1.0,0.0,0.0,1420800.0,1.0,586500000.0,1.0,102000000.0,0.8396689891820001,14601.0,1599.0,4877.0,40000.0,40666.6666667,42000.0,99.0,25.0,64.0,896.0,5000.0,0.0,25.0,1000000.0,950000.0,1.0,0.0,0.0,10.0,0.0,0.0,100.0,100.0,30953174.0,784115368.0,716334089.0,0.0,0.0,0.0,0.0,0.0,1.0,1.0,1.0,1.0,1.0,0.0,0.0,1.0,0.0,0.0,0.0,0.0,0.0,31.0,1.0,22720009.0,296986056.0,23355461.0,32040570.0,805589200.0,1490.0,11275472639.0,0.0,1.0,1.0,0.0,1.0,0.0,0.0,1.0,1.0,1.0,1.0,2.0,1.0,0.0,0.0,0.0,2.0,0.0,0.0,1.0,1.0,3.0,50.0,50.0,1.0,0.0,0.0,0.0,0.0,0.0,0.0,0.0,0.0,0.0,0.0,2.0,2.0,0.0,1.0,1.0,0.0,1.0,0.0,0.0,0.0,0.0,0.0,1.0,0.0,0.0,1.0,0.0,0.0,0.0,1.0,11.0,0.0,0.0,0.0,0.0,0.0,12.0,0.0,0.0,0.0,0.0,0.0,0.0,0.0,0.0,0.0,1.0,1.0,0.0,0.0,0.0,0.0,1.0,1.0,1.0,0.0,0.0,0.0,0.0,0.0,0.0,1.0,1.0,0.0,0.0,0.0,0.0,0.0,1.0,1.0,0.0,1572123409.0,2129.0,2129.0,4273.0,4273.0,4313.0,0.0,171.0,26109.0,23431.0,23380.0,117.0,0.0,0.0,0.0,227.0,0.0,0.0,49.0,52.0,51.0,27.0,47.0,726242240.0,0.0,6969477888.0,79899617216.0,1085192928.0,0.0,0.0,1490.0,0.0,0.0,1861.0,102.0,2332.0
1848,0.0,1.0,1.0,0.0,0.0,1420800.0,1.0,586500000.0,1.0,102000000.0,0.853332042694,10751.0,1218.0,3581.0,40083.3333333,40500.0,42000.0,99.0,25.0,64.0,896.0,5000.0,0.0,25.0,1000000.0,950000.0,1.0,0.0,0.0,10.0,0.0,0.0,100.0,100.0,32048605.0,786574241.0,710516448.0,0.0,0.0,0.0,0.0,0.0,1.0,1.0,1.0,1.0,1.0,0.0,0.0,1.0,0.0,0.0,0.0,0.0,0.0,43.0,1.0,22196474.0,283831448.0,22515440.0,34523037.0,798979641.0,1883.0,10846648268.0,0.0,1.0,1.0,0.0,1.0,0.0,0.0,1.0,1.0,1.0,1.0,2.0,1.0,0.0,0.0,0.0,2.0,0.0,0.0,1.0,1.0,3.0,50.0,50.0,1.0,0.0,0.0,0.0,0.0,0.0,0.0,0.0,0.0,0.0,0.0,2.0,2.0,0.0,1.0,1.0,0.0,1.0,0.0,0.0,0.0,0.0,0.0,1.0,0.0,0.0,1.0,0.0,0.0,0.0,1.0,11.0,0.0,0.0,0.0,0.0,0.0,12.0,0.0,0.0,0.0,0.0,0.0,0.0,0.0,0.0,0.0,1.0,1.0,0.0,0.0,0.0,0.0,1.0,1.0,1.0,0.0,0.0,0.0,0.0,0.0,0.0,1.0,1.0,0.0,0.0,0.0,0.0,0.0,1.0,1.0,0.0,1551825390.0,2402.0,2402.0,4015.0,4015.0,4045.0,0.0,153.0,25199.0,23220.0,23174.0,144.0,0.0,0.0,0.0,211.0,0.0,0.0,43.0,47.0,46.0,14.0,41.0,651565408.0,0.0,6757975968.0,108592608160.0,1187358816.0,0.0,0.0,1883.0,0.0,0.0,2372.0,92.0,2747.0
1849,0.0,1.0,1.0,0.0,0.0,1420800.0,1.0,586500000.0,1.0,102000000.0,0.849943876266,10560.0,1142.0,3429.0,39916.6666667,40666.6666667,41833.3333333,99.0,25.0,64.0,896.0,5000.0,0.0,25.0,1000000.0,950000.0,1.0,0.0,0.0,10.0,0.0,0.0,100.0,100.0,33297460.0,782961139.0,720636443.0,0.0,0.0,0.0,0.0,0.0,1.0,1.0,1.0,1.0,1.0,0.0,0.0,1.0,0.0,0.0,0.0,0.0,0.0,35.0,1.0,21300739.0,289795927.0,21699664.0,33267371.0,810388915.0,1931.0,10896186923.0,0.0,1.0,1.0,0.0,1.0,0.0,0.0,1.0,1.0,1.0,1.0,2.0,1.0,0.0,0.0,0.0,2.0,0.0,0.0,1.0,1.0,3.0,50.0,50.0,1.0,0.0,0.0,0.0,0.0,0.0,0.0,0.0,0.0,0.0,0.0,2.0,2.0,0.0,1.0,1.0,0.0,1.0,0.0,0.0,0.0,0.0,0.0,1.0,0.0,0.0,1.0,0.0,0.0,0.0,1.0,11.0,0.0,0.0,0.0,0.0,0.0,12.0,0.0,0.0,0.0,0.0,0.0,0.0,0.0,0.0,0.0,1.0,1.0,0.0,0.0,0.0,0.0,1.0,1.0,1.0,0.0,0.0,0.0,0.0,0.0,0.0,1.0,1.0,0.0,0.0,0.0,0.0,0.0,1.0,1.0,0.0,1595909462.0,2484.0,2484.0,3938.0,3938.0,3966.0,0.0,140.0,24554.0,23373.0,23327.0,75.0,0.0,0.0,0.0,218.0,0.0,0.0,43.0,47.0,46.0,19.0,41.0,780004672.0,0.0,6720917152.0,85720526432.0,1076792288.0,0.0,0.0,1931.0,0.0,0.0,2351.0,92.0,2985.0
1850,0.0,1.0,1.0,0.0,0.0,1420800.0,1.0,586500000.0,1.0,102000000.0,0.8603730201719999,19940.0,1750.0,6097.0,39750.0,40500.0,41750.0,86.0,25.0,64.0,896.0,5000.0,0.0,25.0,1000000.0,950000.0,1.0,1.0,0.0,10.0,0.0,0.0,100.0,100.0,42256430.0,853439862.0,777713052.0,0.0,0.0,0.0,0.0,0.0,1.0,1.0,1.0,1.0,1.0,0.0,0.0,1.0,0.0,0.0,0.0,0.0,0.0,31.0,1.0,22584675.0,315433916.0,23258542.0,43872704.0,858589091.0,2521.0,12111669780.0,0.0,1.0,1.0,0.0,1.0,0.0,0.0,1.0,1.0,1.0,1.0,2.0,1.0,0.0,0.0,0.0,2.0,0.0,0.0,1.0,1.0,3.0,50.0,50.0,1.0,0.0,0.0,0.0,0.0,0.0,0.0,0.0,0.0,0.0,0.0,2.0,2.0,0.0,1.0,1.0,0.0,1.0,0.0,0.0,0.0,0.0,0.0,1.0,0.0,0.0,1.0,0.0,0.0,0.0,1.0,11.0,0.0,0.0,0.0,0.0,0.0,12.0,0.0,0.0,0.0,0.0,0.0,0.0,0.0,0.0,0.0,1.0,1.0,0.0,0.0,0.0,0.0,1.0,1.0,1.0,0.0,0.0,0.0,0.0,0.0,0.0,1.0,1.0,0.0,0.0,0.0,0.0,0.0,1.0,1.0,0.0,1674822788.0,3055.0,3055.0,4868.0,4868.0,4901.0,0.0,243.0,29708.0,24897.0,24825.0,188.0,0.0,0.0,0.0,293.0,0.0,0.0,67.0,73.0,72.0,26.0,65.0,1514638208.0,728128.0,7999972576.0,113159200480.0,1592580800.0,0.0,0.0,2521.0,0.0,0.0,3090.0,144.0,3653.0
1851,0.0,1.0,1.0,0.0,0.0,1420800.0,1.0,586500000.0,1.0,102000000.0,0.876373052597,11932.0,1142.0,3505.0,39850.0,40500.0,41500.0,86.0,25.0,64.0,896.0,5000.0,0.0,25.0,1000000.0,950000.0,1.0,1.0,0.0,10.0,0.0,0.0,100.0,100.0,35464374.0,794931436.0,748631276.0,0.0,0.0,0.0,0.0,0.0,1.0,1.0,1.0,1.0,1.0,0.0,0.0,1.0,0.0,0.0,0.0,0.0,0.0,35.0,1.0,22839145.0,323666697.0,23026631.0,37559298.0,830675766.0,2253.0,11210147418.0,0.0,1.0,1.0,0.0,1.0,0.0,0.0,1.0,1.0,1.0,1.0,2.0,1.0,0.0,0.0,0.0,2.0,0.0,0.0,1.0,1.0,3.0,50.0,50.0,1.0,0.0,0.0,0.0,0.0,0.0,0.0,0.0,0.0,0.0,0.0,2.0,2.0,0.0,1.0,1.0,0.0,1.0,0.0,0.0,0.0,0.0,0.0,1.0,0.0,0.0,1.0,0.0,0.0,0.0,1.0,11.0,0.0,0.0,0.0,0.0,0.0,12.0,0.0,0.0,0.0,0.0,0.0,0.0,0.0,0.0,0.0,1.0,1.0,0.0,0.0,0.0,0.0,1.0,1.0,1.0,0.0,0.0,0.0,0.0,0.0,0.0,1.0,1.0,0.0,0.0,0.0,0.0,0.0,1.0,1.0,0.0,1632020546.0,2798.0,2798.0,4348.0,4348.0,4391.0,0.0,175.0,27087.0,23976.0,23918.0,124.0,0.0,0.0,0.0,270.0,0.0,0.0,55.0,59.0,58.0,25.0,53.0,1258511008.0,0.0,7168083712.0,125141959648.0,1236886496.0,0.0,0.0,2253.0,0.0,0.0,2696.0,116.0,3251.0
1852,0.0,1.0,1.0,0.0,0.0,1420800.0,1.0,586500000.0,1.0,102000000.0,0.8445038795469999,16011.0,1599.0,4571.0,40166.6666667,40500.0,41500.0,86.0,25.0,64.0,896.0,5000.0,0.0,25.0,1000000.0,950000.0,1.0,1.0,0.0,10.0,0.0,0.0,100.0,100.0,33163783.0,798540872.0,738463750.0,0.0,0.0,0.0,0.0,0.0,1.0,1.0,1.0,1.0,1.0,0.0,0.0,1.0,0.0,0.0,0.0,0.0,0.0,32.0,1.0,20771479.0,288669417.0,21128522.0,34664344.0,820719945.0,2034.0,11309726540.0,0.0,1.0,1.0,0.0,1.0,0.0,0.0,1.0,1.0,1.0,1.0,2.0,1.0,0.0,0.0,0.0,2.0,0.0,0.0,1.0,1.0,3.0,50.0,50.0,1.0,0.0,0.0,0.0,0.0,0.0,0.0,0.0,0.0,0.0,0.0,2.0,2.0,0.0,1.0,1.0,0.0,1.0,0.0,0.0,0.0,0.0,0.0,1.0,0.0,0.0,1.0,0.0,0.0,0.0,1.0,11.0,0.0,0.0,0.0,0.0,0.0,12.0,0.0,0.0,0.0,0.0,0.0,0.0,0.0,0.0,0.0,1.0,1.0,0.0,0.0,0.0,0.0,1.0,1.0,1.0,0.0,0.0,0.0,0.0,0.0,0.0,1.0,1.0,0.0,0.0,0.0,0.0,0.0,1.0,1.0,0.0,1565740772.0,2752.0,2752.0,4161.0,4161.0,4199.0,0.0,139.0,26212.0,23369.0,23318.0,113.0,0.0,0.0,0.0,210.0,0.0,0.0,49.0,52.0,51.0,21.0,47.0,786581600.0,230464.0,7004664608.0,97160144928.0,1093610208.0,0.0,0.0,2034.0,0.0,0.0,2452.0,102.0,2952.0
1853,0.0,1.0,1.0,0.0,0.0,1420800.0,1.0,586500000.0,1.0,102000000.0,0.873629808426,14372.0,1446.0,5105.0,39916.6666667,40500.0,42000.0,92.0,25.0,64.0,896.0,5000.0,0.0,25.0,1000000.0,950000.0,1.0,0.0,0.0,10.0,0.0,0.0,100.0,500.0,32918363.0,812858254.0,739675067.0,0.0,0.0,0.0,0.0,0.0,1.0,1.0,1.0,1.0,1.0,0.0,0.0,1.0,0.0,0.0,0.0,0.0,0.0,33.0,1.0,22355099.0,294563816.0,23030445.0,34230361.0,820493464.0,1898.0,11570077345.0,0.0,1.0,1.0,0.0,1.0,0.0,0.0,1.0,1.0,1.0,1.0,2.0,1.0,0.0,0.0,0.0,2.0,0.0,0.0,1.0,1.0,3.0,50.0,50.0,1.0,0.0,0.0,0.0,0.0,0.0,0.0,0.0,0.0,0.0,0.0,2.0,2.0,0.0,1.0,1.0,0.0,1.0,0.0,0.0,0.0,0.0,0.0,1.0,0.0,0.0,1.0,0.0,0.0,0.0,1.0,11.0,0.0,0.0,0.0,0.0,0.0,12.0,0.0,0.0,0.0,0.0,0.0,0.0,0.0,0.0,0.0,1.0,1.0,0.0,0.0,0.0,0.0,1.0,1.0,1.0,0.0,0.0,0.0,0.0,0.0,0.0,1.0,1.0,0.0,0.0,0.0,0.0,0.0,1.0,1.0,0.0,1597390826.0,2605.0,2605.0,4542.0,4542.0,4583.0,0.0,187.0,26507.0,23627.0,23574.0,102.0,0.0,0.0,0.0,246.0,0.0,0.0,49.0,54.0,53.0,26.0,47.0,1200079232.0,0.0,7344323776.0,107371573952.0,1383718784.0,0.0,0.0,1898.0,0.0,0.0,2376.0,106.0,2918.0
1854,0.0,1.0,1.0,0.0,0.0,1420800.0,1.0,586500000.0,1.0,102000000.0,0.870534896851,14258.0,1446.0,4876.0,40062.5,40500.0,41625.0,92.0,25.0,64.0,896.0,5000.0,0.0,25.0,1000000.0,950000.0,1.0,0.0,0.0,10.0,0.0,0.0,100.0,500.0,33860434.0,803348125.0,736507263.0,0.0,0.0,0.0,0.0,0.0,1.0,1.0,1.0,1.0,1.0,0.0,0.0,1.0,0.0,0.0,0.0,0.0,0.0,32.0,1.0,22768446.0,293288797.0,22935356.0,36491044.0,818681532.0,1837.0,11919789605.0,0.0,1.0,1.0,0.0,1.0,0.0,0.0,1.0,1.0,1.0,1.0,2.0,1.0,0.0,0.0,0.0,2.0,0.0,0.0,1.0,1.0,3.0,50.0,50.0,1.0,0.0,0.0,0.0,0.0,0.0,0.0,0.0,0.0,0.0,0.0,2.0,2.0,0.0,1.0,1.0,0.0,1.0,0.0,0.0,0.0,0.0,0.0,1.0,0.0,0.0,1.0,0.0,0.0,0.0,1.0,10.0,0.0,0.0,0.0,0.0,0.0,11.0,0.0,0.0,0.0,0.0,0.0,0.0,0.0,0.0,0.0,1.0,1.0,0.0,0.0,0.0,0.0,1.0,1.0,1.0,0.0,0.0,0.0,0.0,0.0,0.0,1.0,1.0,0.0,0.0,0.0,0.0,0.0,1.0,1.0,0.0,1612755872.0,2545.0,2545.0,4308.0,4308.0,4343.0,0.0,196.0,27650.0,23875.0,23817.0,82.0,0.0,0.0,0.0,223.0,0.0,0.0,55.0,59.0,58.0,26.0,53.0,1034770112.0,0.0,7346098976.0,122713520480.0,1202941248.0,0.0,0.0,1837.0,0.0,0.0,2308.0,116.0,2778.0
1855,0.0,1.0,1.0,0.0,0.0,1420800.0,1.0,586500000.0,1.0,102000000.0,0.8902690410609999,14105.0,1370.0,4572.0,39700.0,40400.0,41600.0,92.0,25.0,64.0,896.0,5000.0,0.0,25.0,1000000.0,950000.0,1.0,0.0,0.0,10.0,0.0,0.0,100.0,500.0,38454574.0,835660283.0,757409205.0,0.0,0.0,0.0,0.0,0.0,1.0,1.0,1.0,1.0,1.0,0.0,0.0,1.0,0.0,0.0,0.0,0.0,0.0,31.0,1.0,21660202.0,304247510.0,22292929.0,41427115.0,855537586.0,2399.0,11771738585.0,0.0,1.0,1.0,0.0,1.0,0.0,0.0,1.0,1.0,1.0,1.0,2.0,1.0,0.0,0.0,0.0,2.0,0.0,0.0,1.0,1.0,3.0,50.0,50.0,1.0,0.0,0.0,0.0,0.0,0.0,0.0,0.0,0.0,0.0,0.0,2.0,2.0,0.0,1.0,1.0,0.0,1.0,0.0,0.0,0.0,0.0,0.0,1.0,0.0,0.0,1.0,0.0,0.0,0.0,1.0,11.0,0.0,0.0,0.0,0.0,0.0,12.0,0.0,0.0,0.0,0.0,0.0,0.0,0.0,0.0,0.0,1.0,1.0,0.0,0.0,0.0,0.0,1.0,1.0,1.0,0.0,0.0,0.0,0.0,0.0,0.0,1.0,1.0,0.0,0.0,0.0,0.0,0.0,1.0,1.0,0.0,1655901925.0,2899.0,2899.0,4453.0,4453.0,4495.0,0.0,211.0,29238.0,24379.0,24314.0,151.0,0.0,0.0,0.0,300.0,0.0,0.0,61.0,66.0,65.0,31.0,59.0,1033805600.0,0.0,7589288576.0,144054163040.0,1300309024.0,0.0,0.0,2399.0,0.0,0.0,2969.0,130.0,3434.0
1856,0.0,1.0,1.0,0.0,0.0,1420800.0,1.0,586500000.0,1.0,102000000.0,0.881813049316,10561.0,1142.0,3581.0,40166.6666667,40500.0,42000.0,97.0,25.0,64.0,896.0,5000.0,0.0,25.0,1000000.0,950000.0,1.0,1.0,0.0,10.0,0.0,0.0,100.0,500.0,31509247.0,794561619.0,720758106.0,0.0,0.0,0.0,0.0,0.0,1.0,1.0,1.0,1.0,1.0,0.0,0.0,1.0,0.0,0.0,0.0,0.0,0.0,30.0,1.0,22128018.0,279130774.0,23080013.0,32437283.0,817541952.0,1927.0,11375128507.0,0.0,1.0,1.0,0.0,1.0,0.0,0.0,1.0,1.0,1.0,1.0,2.0,1.0,0.0,0.0,0.0,2.0,0.0,0.0,1.0,1.0,3.0,50.0,50.0,1.0,0.0,0.0,0.0,0.0,0.0,0.0,0.0,0.0,0.0,0.0,2.0,2.0,0.0,1.0,1.0,0.0,1.0,0.0,0.0,0.0,0.0,0.0,1.0,0.0,0.0,1.0,0.0,0.0,0.0,1.0,11.0,0.0,0.0,0.0,0.0,0.0,12.0,0.0,0.0,0.0,0.0,0.0,0.0,0.0,0.0,0.0,1.0,1.0,0.0,0.0,0.0,0.0,1.0,1.0,1.0,0.0,0.0,0.0,0.0,0.0,0.0,1.0,1.0,0.0,0.0,0.0,0.0,0.0,1.0,1.0,0.0,1599827286.0,2517.0,2517.0,3920.0,3920.0,3952.0,0.0,148.0,24484.0,23337.0,23291.0,72.0,0.0,0.0,0.0,203.0,0.0,0.0,43.0,47.0,46.0,20.0,41.0,996628224.0,0.0,6944531232.0,92289579392.0,885960288.0,0.0,0.0,1927.0,0.0,0.0,2287.0,92.0,2869.0
1857,0.0,1.0,1.0,0.0,0.0,1420800.0,1.0,586500000.0,1.0,102000000.0,0.8685169219969999,14602.0,1523.0,4952.0,40000.0,40500.0,41833.3333333,97.0,25.0,64.0,896.0,5000.0,0.0,25.0,1000000.0,950000.0,1.0,1.0,0.0,10.0,0.0,0.0,100.0,500.0,34689294.0,803247136.0,738577333.0,0.0,0.0,0.0,0.0,0.0,1.0,1.0,1.0,1.0,1.0,0.0,0.0,1.0,0.0,0.0,0.0,0.0,0.0,34.0,1.0,22087424.0,307804732.0,22355060.0,32643918.0,823499664.0,1871.0,11361883565.0,0.0,1.0,1.0,0.0,1.0,0.0,0.0,1.0,1.0,1.0,1.0,2.0,1.0,0.0,0.0,0.0,2.0,0.0,0.0,1.0,1.0,3.0,50.0,50.0,1.0,0.0,0.0,0.0,0.0,0.0,0.0,0.0,0.0,0.0,0.0,2.0,2.0,0.0,1.0,1.0,0.0,1.0,0.0,0.0,0.0,0.0,0.0,1.0,0.0,0.0,1.0,0.0,0.0,0.0,1.0,11.0,0.0,0.0,0.0,0.0,0.0,12.0,0.0,0.0,0.0,0.0,0.0,0.0,0.0,0.0,0.0,1.0,1.0,0.0,0.0,0.0,0.0,1.0,1.0,1.0,0.0,0.0,0.0,0.0,0.0,0.0,1.0,1.0,0.0,0.0,0.0,0.0,0.0,1.0,1.0,0.0,1662774298.0,2546.0,2546.0,4068.0,4068.0,4103.0,0.0,160.0,25561.0,23539.0,23487.0,102.0,0.0,0.0,0.0,207.0,0.0,0.0,49.0,53.0,52.0,23.0,47.0,1009759712.0,0.0,6911601184.0,94039806176.0,1009995168.0,0.0,0.0,1871.0,0.0,0.0,2303.0,104.0,2856.0
1858,0.0,1.0,1.0,0.0,0.0,1420800.0,1.0,586500000.0,1.0,102000000.0,0.859789848328,11323.0,1066.0,3810.0,39916.6666667,40500.0,41666.6666667,97.0,25.0,64.0,896.0,5000.0,0.0,25.0,1000000.0,950000.0,1.0,1.0,0.0,10.0,0.0,0.0,100.0,500.0,32234895.0,789219666.0,726926554.0,0.0,0.0,0.0,0.0,0.0,1.0,1.0,1.0,1.0,1.0,0.0,0.0,1.0,0.0,0.0,0.0,0.0,0.0,33.0,1.0,21529308.0,291288746.0,21816773.0,33369351.0,802901717.0,2046.0,10930434947.0,0.0,1.0,1.0,0.0,1.0,0.0,0.0,1.0,1.0,1.0,1.0,2.0,1.0,0.0,0.0,0.0,2.0,0.0,0.0,1.0,1.0,3.0,50.0,50.0,1.0,0.0,0.0,0.0,0.0,0.0,0.0,0.0,0.0,0.0,0.0,2.0,2.0,0.0,1.0,1.0,0.0,1.0,0.0,0.0,0.0,0.0,0.0,1.0,0.0,0.0,1.0,0.0,0.0,0.0,1.0,11.0,0.0,0.0,0.0,0.0,0.0,12.0,0.0,0.0,0.0,0.0,0.0,0.0,0.0,0.0,0.0,1.0,1.0,0.0,0.0,0.0,0.0,1.0,1.0,1.0,0.0,0.0,0.0,0.0,0.0,0.0,1.0,1.0,0.0,0.0,0.0,0.0,0.0,1.0,1.0,0.0,1536914930.0,2700.0,2700.0,3956.0,3956.0,3986.0,0.0,171.0,25009.0,23094.0,23048.0,58.0,0.0,0.0,0.0,202.0,0.0,0.0,43.0,47.0,46.0,16.0,41.0,698108864.0,0.0,6769373504.0,103552809120.0,1070629504.0,0.0,0.0,2046.0,0.0,0.0,2499.0,92.0,2905.0
1859,0.0,1.0,0.0,1.0,1.0,806400.0,1.0,497250000.0,1.0,40800000.0,15.397057056400001,30573.0,3200.0,10287.0,39833.3333333,40500.0,42000.0,77.0,25.0,64.0,896.0,5000.0,0.0,25.0,1000000.0,950000.0,1.0,0.0,0.0,10.0,0.0,0.0,0.0,100.0,73719758.0,1423823210.0,1327384963.0,0.0,0.0,0.0,0.0,0.0,1.0,1.0,1.0,1.0,1.0,0.0,0.0,1.0,0.0,0.0,0.0,0.0,0.0,45.0,1.0,105415793.0,581547513.0,111730362.0,73411386.0,1486917206.0,6129.0,76124558625.0,0.0,1.0,1.0,0.0,1.0,0.0,0.0,1.0,1.0,1.0,1.0,2.0,1.0,0.0,0.0,0.0,2.0,0.0,0.0,1.0,1.0,3.0,50.0,50.0,1.0,0.0,0.0,0.0,0.0,0.0,0.0,0.0,0.0,0.0,0.0,2.0,2.0,0.0,1.0,1.0,0.0,1.0,0.0,0.0,0.0,0.0,0.0,1.0,0.0,0.0,1.0,0.0,0.0,0.0,1.0,11.0,0.0,0.0,0.0,0.0,0.0,12.0,0.0,0.0,0.0,0.0,0.0,0.0,0.0,0.0,0.0,1.0,1.0,0.0,0.0,0.0,0.0,1.0,1.0,1.0,0.0,0.0,0.0,0.0,0.0,0.0,1.0,1.0,0.0,0.0,0.0,0.0,0.0,1.0,1.0,0.0,2562579338.0,15966.0,15966.0,24595.0,24595.0,24895.0,0.0,814.0,42227.0,30183.0,30059.0,326.0,0.0,0.0,0.0,1456.0,0.0,0.0,115.0,125.0,124.0,58.0,113.0,6483575328.0,0.0,53214833760.0,1278352553184.0,11359090240.0,0.0,0.0,6129.0,0.0,0.0,8157.0,248.0,9456.0
1860,0.0,1.0,0.0,1.0,1.0,806400.0,1.0,497250000.0,1.0,40800000.0,14.745556831400002,30879.0,3124.0,10439.0,39638.8888889,40444.444444400004,41833.3333333,77.0,25.0,64.0,896.0,5000.0,0.0,25.0,1000000.0,950000.0,1.0,0.0,0.0,10.0,0.0,0.0,0.0,100.0,72221705.0,1419224313.0,1305342876.0,0.0,0.0,0.0,0.0,0.0,1.0,1.0,1.0,1.0,1.0,0.0,0.0,1.0,0.0,0.0,0.0,0.0,0.0,34.0,1.0,105984427.0,557268705.0,114240479.0,75302363.0,1469512116.0,6690.0,73764483723.0,0.0,1.0,1.0,0.0,1.0,0.0,0.0,1.0,1.0,1.0,1.0,2.0,1.0,0.0,0.0,0.0,2.0,0.0,0.0,1.0,1.0,3.0,50.0,50.0,1.0,0.0,0.0,0.0,0.0,0.0,0.0,0.0,0.0,0.0,0.0,2.0,2.0,0.0,1.0,1.0,0.0,1.0,0.0,0.0,0.0,0.0,0.0,1.0,0.0,0.0,1.0,0.0,0.0,0.0,1.0,11.0,0.0,0.0,0.0,0.0,0.0,12.0,0.0,0.0,0.0,0.0,0.0,0.0,0.0,0.0,0.0,1.0,1.0,0.0,0.0,0.0,0.0,1.0,1.0,1.0,0.0,0.0,0.0,0.0,0.0,0.0,1.0,1.0,0.0,0.0,0.0,0.0,0.0,1.0,1.0,0.0,2544487914.0,16584.0,16584.0,26538.0,26538.0,26799.0,0.0,689.0,42334.0,30016.0,29892.0,225.0,0.0,0.0,0.0,1417.0,0.0,0.0,115.0,125.0,124.0,53.0,113.0,8111694592.0,0.0,52298029728.0,1146379033312.0,11172978272.0,0.0,0.0,6690.0,0.0,0.0,8691.0,248.0,10151.0
1861,0.0,1.0,0.0,1.0,1.0,806400.0,1.0,497250000.0,1.0,40800000.0,14.4371800423,35606.0,3275.0,10897.0,39944.444444400004,40444.444444400004,42000.0,77.0,25.0,64.0,896.0,5000.0,0.0,25.0,1000000.0,950000.0,1.0,0.0,0.0,10.0,0.0,0.0,0.0,100.0,75273626.0,1448413379.0,1348013000.0,0.0,0.0,0.0,0.0,0.0,1.0,1.0,1.0,1.0,1.0,0.0,0.0,1.0,0.0,0.0,0.0,0.0,0.0,31.0,1.0,121366432.0,587844798.0,125064646.0,77553940.0,1491776739.0,5482.0,78443154551.0,0.0,1.0,1.0,0.0,1.0,0.0,0.0,1.0,1.0,1.0,1.0,2.0,1.0,0.0,0.0,0.0,2.0,0.0,0.0,1.0,1.0,3.0,50.0,50.0,1.0,0.0,0.0,0.0,0.0,0.0,0.0,0.0,0.0,0.0,0.0,2.0,2.0,0.0,1.0,1.0,0.0,1.0,0.0,0.0,0.0,0.0,0.0,1.0,0.0,0.0,1.0,0.0,0.0,0.0,1.0,11.0,0.0,0.0,0.0,0.0,0.0,12.0,0.0,0.0,0.0,0.0,0.0,0.0,0.0,0.0,0.0,1.0,1.0,0.0,0.0,0.0,0.0,1.0,1.0,1.0,0.0,0.0,0.0,0.0,0.0,0.0,1.0,1.0,0.0,0.0,0.0,0.0,0.0,1.0,1.0,0.0,2554307147.0,15833.0,15833.0,26943.0,26943.0,27159.0,0.0,766.0,44593.0,30736.0,30606.0,288.0,0.0,0.0,0.0,1490.0,0.0,0.0,121.0,131.0,130.0,51.0,119.0,7911266976.0,0.0,54722468448.0,1514929419584.0,10064652608.0,0.0,0.0,5482.0,0.0,0.0,7507.0,260.0,8735.0
1862,0.0,1.0,0.0,1.0,1.0,806400.0,1.0,497250000.0,1.0,40800000.0,15.799983024600001,33930.0,3505.0,11202.0,39888.8888889,40500.0,41944.444444400004,68.0,25.0,64.0,896.0,5000.0,0.0,25.0,1000000.0,950000.0,1.0,1.0,0.0,10.0,0.0,0.0,0.0,100.0,77851238.0,1475406469.0,1362730002.0,0.0,0.0,0.0,0.0,0.0,1.0,1.0,1.0,1.0,1.0,0.0,0.0,1.0,0.0,0.0,0.0,0.0,0.0,30.0,1.0,109148998.0,605844235.0,115314175.0,81244970.0,1523022455.0,6846.0,77497447650.0,0.0,1.0,1.0,0.0,1.0,0.0,0.0,1.0,1.0,1.0,1.0,2.0,1.0,0.0,0.0,0.0,2.0,0.0,0.0,1.0,1.0,3.0,50.0,50.0,1.0,0.0,0.0,0.0,0.0,0.0,0.0,0.0,0.0,0.0,0.0,2.0,2.0,0.0,1.0,1.0,0.0,1.0,0.0,0.0,0.0,0.0,0.0,1.0,0.0,0.0,1.0,0.0,0.0,0.0,1.0,11.0,0.0,0.0,0.0,0.0,0.0,12.0,0.0,0.0,0.0,0.0,0.0,0.0,0.0,0.0,0.0,1.0,1.0,0.0,0.0,0.0,0.0,1.0,1.0,1.0,0.0,0.0,0.0,0.0,0.0,0.0,1.0,1.0,0.0,0.0,0.0,0.0,0.0,1.0,1.0,0.0,2616879841.0,17390.0,17390.0,27281.0,27281.0,27537.0,0.0,850.0,45317.0,30949.0,30819.0,256.0,0.0,0.0,0.0,1649.0,0.0,0.0,121.0,131.0,130.0,43.0,119.0,7211087424.0,0.0,55219162944.0,970242521920.0,10680526720.0,0.0,0.0,6846.0,0.0,0.0,9215.0,260.0,10799.0
1863,0.0,1.0,0.0,1.0,1.0,806400.0,1.0,497250000.0,1.0,40800000.0,14.460652828199999,30423.0,3200.0,10363.0,39861.1111111,40444.444444400004,41888.8888889,68.0,25.0,64.0,896.0,5000.0,0.0,25.0,1000000.0,950000.0,1.0,1.0,0.0,10.0,0.0,0.0,0.0,100.0,74755504.0,1373273279.0,1278595034.0,0.0,0.0,0.0,0.0,0.0,1.0,1.0,1.0,1.0,1.0,0.0,0.0,1.0,0.0,0.0,0.0,0.0,0.0,33.0,1.0,105628611.0,545760032.0,109453380.0,74903771.0,1411054203.0,5741.0,72005719105.0,0.0,1.0,1.0,0.0,1.0,0.0,0.0,1.0,1.0,1.0,1.0,2.0,1.0,0.0,0.0,0.0,2.0,0.0,0.0,1.0,1.0,3.0,50.0,50.0,1.0,0.0,0.0,0.0,0.0,0.0,0.0,0.0,0.0,0.0,0.0,2.0,2.0,0.0,1.0,1.0,0.0,1.0,0.0,0.0,0.0,0.0,0.0,1.0,0.0,0.0,1.0,0.0,0.0,0.0,1.0,11.0,0.0,0.0,0.0,0.0,0.0,12.0,0.0,0.0,0.0,0.0,0.0,0.0,0.0,0.0,0.0,1.0,1.0,0.0,0.0,0.0,0.0,1.0,1.0,1.0,0.0,0.0,0.0,0.0,0.0,0.0,1.0,1.0,0.0,0.0,0.0,0.0,0.0,1.0,1.0,0.0,2450893367.0,15435.0,15435.0,25615.0,25615.0,25855.0,0.0,710.0,43101.0,30196.0,30072.0,247.0,0.0,0.0,0.0,1428.0,0.0,0.0,115.0,125.0,124.0,47.0,113.0,6583866208.0,0.0,51268330592.0,800740107552.0,9755759328.0,0.0,0.0,5741.0,0.0,0.0,7837.0,248.0,9269.0
1864,0.0,1.0,0.0,1.0,1.0,806400.0,1.0,497250000.0,1.0,40800000.0,14.535490035999999,31106.0,3124.0,10439.0,39861.1111111,40500.0,41944.444444400004,68.0,25.0,64.0,896.0,5000.0,0.0,25.0,1000000.0,950000.0,1.0,1.0,0.0,10.0,0.0,0.0,0.0,100.0,73573400.0,1435342256.0,1311141529.0,0.0,0.0,0.0,0.0,0.0,1.0,1.0,1.0,1.0,1.0,0.0,0.0,1.0,0.0,0.0,0.0,0.0,0.0,33.0,1.0,115142418.0,568609299.0,119075537.0,75931726.0,1482283114.0,6487.0,72812788432.0,0.0,1.0,1.0,0.0,1.0,0.0,0.0,1.0,1.0,1.0,1.0,2.0,1.0,0.0,0.0,0.0,2.0,0.0,0.0,1.0,1.0,3.0,50.0,50.0,1.0,0.0,0.0,0.0,0.0,0.0,0.0,0.0,0.0,0.0,0.0,2.0,2.0,0.0,1.0,1.0,0.0,1.0,0.0,0.0,0.0,0.0,0.0,1.0,0.0,0.0,1.0,0.0,0.0,0.0,1.0,11.0,0.0,0.0,0.0,0.0,0.0,12.0,0.0,0.0,0.0,0.0,0.0,0.0,0.0,0.0,0.0,1.0,1.0,0.0,0.0,0.0,0.0,1.0,1.0,1.0,0.0,0.0,0.0,0.0,0.0,0.0,1.0,1.0,0.0,0.0,0.0,0.0,0.0,1.0,1.0,0.0,2601763484.0,16313.0,16313.0,25480.0,25480.0,25745.0,0.0,737.0,43153.0,30269.0,30145.0,228.0,0.0,0.0,0.0,1489.0,0.0,0.0,115.0,125.0,124.0,50.0,113.0,6800880288.0,6525888.0,51361230144.0,897036526496.0,9790443200.0,0.0,0.0,6487.0,0.0,0.0,8633.0,248.0,10039.0
1865,0.0,1.0,0.0,1.0,1.0,806400.0,1.0,497250000.0,1.0,40800000.0,15.7890079021,31795.0,3200.0,10211.0,39875.0,40625.0,42000.0,71.0,25.0,64.0,896.0,5000.0,0.0,25.0,1000000.0,950000.0,1.0,0.0,0.0,10.0,0.0,0.0,0.0,500.0,73208893.0,1419047549.0,1300899194.0,0.0,0.0,0.0,0.0,0.0,1.0,1.0,1.0,1.0,1.0,0.0,0.0,1.0,0.0,0.0,0.0,0.0,0.0,30.0,1.0,108760332.0,558157978.0,114466095.0,76790988.0,1458639203.0,6938.0,73823862216.0,0.0,1.0,1.0,0.0,1.0,0.0,0.0,1.0,1.0,1.0,1.0,2.0,1.0,0.0,0.0,0.0,2.0,0.0,0.0,1.0,1.0,3.0,50.0,50.0,1.0,0.0,0.0,0.0,0.0,0.0,0.0,0.0,0.0,0.0,0.0,2.0,2.0,0.0,1.0,1.0,0.0,1.0,0.0,0.0,0.0,0.0,0.0,1.0,0.0,0.0,1.0,0.0,0.0,0.0,1.0,11.0,0.0,0.0,0.0,0.0,0.0,12.0,0.0,0.0,0.0,0.0,0.0,0.0,0.0,0.0,0.0,1.0,1.0,0.0,0.0,0.0,0.0,1.0,1.0,1.0,0.0,0.0,0.0,0.0,0.0,0.0,1.0,1.0,0.0,0.0,0.0,0.0,0.0,1.0,1.0,0.0,2492678280.0,17026.0,17026.0,25677.0,25677.0,25957.0,0.0,765.0,41595.0,29589.0,29471.0,251.0,0.0,0.0,0.0,1463.0,0.0,0.0,109.0,119.0,118.0,65.0,107.0,7791441184.0,0.0,52700288960.0,1328912368768.0,12149852672.0,0.0,0.0,6938.0,0.0,0.0,8982.0,236.0,10157.0
1866,0.0,1.0,0.0,1.0,1.0,806400.0,1.0,497250000.0,1.0,40800000.0,14.274374008199999,30651.0,3200.0,10211.0,40027.77777780001,40500.0,41944.444444400004,71.0,25.0,64.0,896.0,5000.0,0.0,25.0,1000000.0,950000.0,1.0,0.0,0.0,10.0,0.0,0.0,0.0,500.0,70506910.0,1403608330.0,1285137101.0,0.0,0.0,0.0,0.0,0.0,1.0,1.0,1.0,1.0,1.0,0.0,0.0,1.0,0.0,0.0,0.0,0.0,0.0,32.0,1.0,106895485.0,574111953.0,111716892.0,74477943.0,1437159984.0,5567.0,72511430393.0,0.0,1.0,1.0,0.0,1.0,0.0,0.0,1.0,1.0,1.0,1.0,2.0,1.0,0.0,0.0,0.0,2.0,0.0,0.0,1.0,1.0,3.0,50.0,50.0,1.0,0.0,0.0,0.0,0.0,0.0,0.0,0.0,0.0,0.0,0.0,2.0,2.0,0.0,1.0,1.0,0.0,1.0,0.0,0.0,0.0,0.0,0.0,1.0,0.0,0.0,1.0,0.0,0.0,0.0,1.0,11.0,0.0,0.0,0.0,0.0,0.0,12.0,0.0,0.0,0.0,0.0,0.0,0.0,0.0,0.0,0.0,1.0,1.0,0.0,0.0,0.0,0.0,1.0,1.0,1.0,0.0,0.0,0.0,0.0,0.0,0.0,1.0,1.0,0.0,0.0,0.0,0.0,0.0,1.0,1.0,0.0,2500135085.0,15478.0,15478.0,25761.0,25761.0,26049.0,0.0,736.0,43505.0,30203.0,30079.0,271.0,0.0,0.0,0.0,1537.0,0.0,0.0,115.0,125.0,124.0,45.0,113.0,7411116736.0,0.0,51344116896.0,1156045126272.0,8600637472.0,0.0,0.0,5567.0,0.0,0.0,7844.0,248.0,9254.0
1867,0.0,1.0,0.0,1.0,1.0,806400.0,1.0,497250000.0,1.0,40800000.0,14.274374008199999,30651.0,3200.0,10211.0,40027.77777780001,40500.0,41944.444444400004,71.0,25.0,64.0,896.0,5000.0,0.0,25.0,1000000.0,950000.0,1.0,0.0,0.0,10.0,0.0,0.0,0.0,500.0,73828681653.0,904359774198.0,880093878616.0,0.0,8212.0,0.0,0.0,415.0,54459.0,53704.0,0.0,45832.0,8147.0,0.0,0.0,45832.0,0.0,0.0,0.0,0.0,0.0,10404.0,8152.0,82511005469.0,413033802372.0,85954120660.0,75173192218.0,905878299062.0,7383763.0,51689791460538.0,0.0,0.0,0.0,0.0,0.0,0.0,0.0,0.0,0.0,0.0,0.0,0.0,0.0,0.0,0.0,0.0,177.0,909.0,387.0,129.0,129.0,16430.0,43181.0,43181.0,705.0,8593.0,47598.0,8593.0,8593.0,705.0,0.0,0.0,0.0,0.0,45.0,16430.0,16430.0,0.0,0.0,0.0,0.0,0.0,16430.0,0.0,0.0,0.0,0.0,0.0,0.0,0.0,0.0,0.0,0.0,0.0,0.0,0.0,0.0,0.0,0.0,293.0,0.0,0.0,0.0,0.0,0.0,0.0,0.0,0.0,0.0,0.0,0.0,0.0,0.0,0.0,0.0,0.0,37.0,20.0,0.0,0.0,0.0,0.0,0.0,0.0,0.0,0.0,0.0,0.0,0.0,0.0,0.0,0.0,0.0,0.0,0.0,0.0,1378824314608.0,14292520.0,14292520.0,20111713.0,20111713.0,20314727.0,6300.0,785251.0,38519575.0,13633463.0,13478684.0,217541.0,0.0,0.0,0.0,1657907.0,0.0,0.0,154771.0,154781.0,154780.0,66328.0,154769.0,3182702154496.0,923877330304.0,40467911913024.0,1047714964425600.0,11739481878400.0,0.0,0.0,7383763.0,0.0,0.0,9725948.0,309560.0,10978254.0
1868,0.0,1.0,0.0,1.0,1.0,806400.0,1.0,497250000.0,1.0,40800000.0,14.274374008199999,30651.0,3200.0,10211.0,40027.77777780001,40500.0,41944.444444400004,72.0,25.0,64.0,896.0,5000.0,0.0,25.0,1000000.0,950000.0,1.0,1.0,0.0,10.0,0.0,0.0,0.0,500.0,38177417.0,1072997602.0,977259673.0,0.0,1797.0,0.0,0.0,46.0,2936.0,2935.0,0.0,1093.0,577.0,0.0,0.0,1093.0,0.0,0.0,0.0,0.0,0.0,7722.0,577.0,35468207.0,369204432.0,37278265.0,40046762.0,1083368520.0,3103.0,49337975003.0,0.0,0.0,0.0,0.0,0.0,0.0,0.0,0.0,0.0,0.0,0.0,0.0,0.0,0.0,0.0,0.0,0.0,0.0,6.0,0.0,0.0,750.0,8288.0,8288.0,0.0,0.0,0.0,0.0,0.0,0.0,0.0,0.0,0.0,0.0,1.0,750.0,750.0,0.0,0.0,0.0,0.0,0.0,750.0,0.0,0.0,0.0,0.0,0.0,0.0,0.0,0.0,0.0,0.0,0.0,0.0,0.0,0.0,0.0,0.0,67.0,0.0,0.0,0.0,0.0,0.0,0.0,0.0,0.0,0.0,0.0,0.0,0.0,0.0,0.0,0.0,0.0,0.0,0.0,0.0,0.0,0.0,0.0,0.0,0.0,0.0,0.0,0.0,0.0,0.0,0.0,0.0,0.0,0.0,0.0,0.0,0.0,1775865966.0,8592.0,8592.0,16213.0,16213.0,16289.0,2.0,243.0,22652.0,22692.0,22658.0,221.0,0.0,0.0,0.0,355.0,0.0,0.0,31.0,37.0,36.0,16.0,29.0,2820061088.0,2359745440.0,31793197216.0,274251026400.0,5002109408.0,0.0,0.0,3103.0,0.0,0.0,3876.0,72.0,5485.0
1869,0.0,1.0,0.0,1.0,1.0,806400.0,1.0,497250000.0,1.0,40800000.0,14.274374008199999,30651.0,3200.0,10211.0,40027.77777780001,40500.0,41944.444444400004,72.0,25.0,64.0,896.0,5000.0,0.0,25.0,1000000.0,950000.0,1.0,1.0,0.0,10.0,0.0,0.0,0.0,500.0,30095918.0,921216123.0,826069631.0,0.0,0.0,0.0,0.0,0.0,0.0,0.0,0.0,0.0,0.0,0.0,0.0,0.0,0.0,0.0,0.0,0.0,0.0,16.0,0.0,29150231.0,313651428.0,30633114.0,32107623.0,918259614.0,1211.0,37873835479.0,0.0,0.0,0.0,0.0,0.0,0.0,0.0,0.0,0.0,0.0,0.0,0.0,0.0,0.0,0.0,0.0,0.0,0.0,0.0,0.0,0.0,0.0,48.0,48.0,0.0,0.0,0.0,0.0,0.0,0.0,0.0,0.0,0.0,0.0,0.0,0.0,0.0,0.0,0.0,0.0,0.0,0.0,0.0,0.0,0.0,0.0,0.0,0.0,0.0,0.0,0.0,0.0,0.0,0.0,0.0,0.0,0.0,0.0,0.0,0.0,0.0,0.0,0.0,0.0,0.0,0.0,0.0,0.0,0.0,0.0,0.0,0.0,0.0,0.0,0.0,0.0,0.0,0.0,0.0,0.0,0.0,0.0,0.0,0.0,0.0,0.0,0.0,0.0,0.0,0.0,0.0,0.0,0.0,0.0,0.0,0.0,1587598049.0,6761.0,6761.0,12866.0,12866.0,12896.0,0.0,197.0,21096.0,22044.0,22017.0,55.0,0.0,0.0,0.0,426.0,0.0,0.0,25.0,29.0,28.0,10.0,23.0,161287776.0,0.0,25125044192.0,170951953376.0,1717177568.0,0.0,0.0,1211.0,0.0,0.0,1945.0,56.0,2748.0
1870,0.0,1.0,0.0,1.0,1.0,806400.0,1.0,497250000.0,1.0,40800000.0,14.274374008199999,30651.0,3200.0,10211.0,40027.77777780001,40500.0,41944.444444400004,72.0,25.0,64.0,896.0,5000.0,0.0,25.0,1000000.0,950000.0,1.0,1.0,0.0,10.0,0.0,0.0,0.0,500.0,31304141.0,942332245.0,843142745.0,0.0,0.0,0.0,0.0,0.0,0.0,0.0,0.0,0.0,0.0,0.0,0.0,0.0,0.0,0.0,0.0,0.0,0.0,18.0,0.0,31696607.0,311644668.0,32972430.0,33242982.0,947428619.0,1518.0,37309789944.0,0.0,0.0,0.0,0.0,0.0,0.0,0.0,0.0,0.0,0.0,0.0,0.0,0.0,0.0,0.0,0.0,0.0,0.0,0.0,0.0,0.0,0.0,48.0,48.0,0.0,0.0,0.0,0.0,0.0,0.0,0.0,0.0,0.0,0.0,0.0,0.0,0.0,0.0,0.0,0.0,0.0,0.0,0.0,0.0,0.0,0.0,0.0,0.0,0.0,0.0,0.0,0.0,0.0,0.0,0.0,0.0,0.0,0.0,0.0,0.0,0.0,0.0,0.0,0.0,0.0,0.0,0.0,0.0,0.0,0.0,0.0,0.0,0.0,0.0,0.0,0.0,0.0,0.0,0.0,0.0,0.0,0.0,0.0,0.0,0.0,0.0,0.0,0.0,0.0,0.0,0.0,0.0,0.0,0.0,0.0,0.0,1648069548.0,6536.0,6536.0,12527.0,12527.0,12548.0,0.0,208.0,23002.0,22794.0,22760.0,86.0,0.0,0.0,0.0,387.0,0.0,0.0,31.0,36.0,35.0,12.0,29.0,212850528.0,0.0,24205974592.0,226124507904.0,1739989344.0,0.0,0.0,1518.0,0.0,0.0,2244.0,70.0,3326.0
1871,0.0,1.0,0.0,1.0,1.0,806400.0,1.0,497250000.0,1.0,40800000.0,14.274374008199999,30651.0,3200.0,10211.0,40027.77777780001,40500.0,41944.444444400004,74.0,25.0,64.0,896.0,5000.0,0.0,25.0,1000000.0,950000.0,1.0,0.0,0.0,10.0,0.0,0.0,100.0,100.0,30986198.0,921702115.0,827525426.0,0.0,0.0,0.0,0.0,0.0,0.0,0.0,0.0,0.0,0.0,0.0,0.0,0.0,0.0,0.0,0.0,0.0,0.0,19.0,0.0,31689273.0,309671482.0,32914760.0,33452128.0,934189079.0,1316.0,35452558817.0,0.0,0.0,0.0,0.0,0.0,0.0,0.0,0.0,0.0,0.0,0.0,0.0,0.0,0.0,0.0,0.0,0.0,0.0,0.0,0.0,0.0,0.0,48.0,48.0,0.0,0.0,0.0,0.0,0.0,0.0,0.0,0.0,0.0,0.0,0.0,0.0,0.0,0.0,0.0,0.0,0.0,0.0,0.0,0.0,0.0,0.0,0.0,0.0,0.0,0.0,0.0,0.0,0.0,0.0,0.0,0.0,0.0,0.0,0.0,0.0,0.0,0.0,0.0,0.0,0.0,0.0,0.0,0.0,0.0,0.0,0.0,0.0,0.0,0.0,0.0,0.0,0.0,0.0,0.0,0.0,0.0,0.0,0.0,0.0,0.0,0.0,0.0,0.0,0.0,0.0,0.0,0.0,0.0,0.0,0.0,0.0,1638552890.0,5989.0,5989.0,11929.0,11929.0,11975.0,0.0,201.0,22615.0,22674.0,22640.0,79.0,0.0,0.0,0.0,359.0,0.0,0.0,31.0,37.0,36.0,10.0,29.0,209451680.0,0.0,22647731104.0,239649440384.0,1414149440.0,0.0,0.0,1316.0,0.0,0.0,1953.0,72.0,3075.0
1872,0.0,1.0,0.0,1.0,1.0,806400.0,1.0,497250000.0,1.0,40800000.0,14.274374008199999,30651.0,3200.0,10211.0,40027.77777780001,40500.0,41944.444444400004,74.0,25.0,64.0,896.0,5000.0,0.0,25.0,1000000.0,950000.0,1.0,0.0,0.0,10.0,0.0,0.0,100.0,100.0,30178158.0,927881862.0,823130907.0,0.0,0.0,0.0,0.0,0.0,0.0,0.0,0.0,0.0,0.0,0.0,0.0,0.0,0.0,0.0,0.0,0.0,0.0,20.0,0.0,33992235.0,310409888.0,35584339.0,33579280.0,934923539.0,1698.0,36482132328.0,0.0,0.0,0.0,0.0,0.0,0.0,0.0,0.0,0.0,0.0,0.0,0.0,0.0,0.0,0.0,0.0,0.0,0.0,0.0,0.0,0.0,0.0,48.0,48.0,0.0,0.0,0.0,0.0,0.0,0.0,0.0,0.0,0.0,0.0,0.0,0.0,0.0,0.0,0.0,0.0,0.0,0.0,0.0,0.0,0.0,0.0,0.0,0.0,0.0,0.0,0.0,0.0,0.0,0.0,0.0,0.0,0.0,0.0,0.0,0.0,0.0,0.0,0.0,0.0,0.0,0.0,0.0,0.0,0.0,0.0,0.0,0.0,0.0,0.0,0.0,0.0,0.0,0.0,0.0,0.0,0.0,0.0,0.0,0.0,0.0,0.0,0.0,0.0,0.0,0.0,0.0,0.0,0.0,0.0,0.0,0.0,1630434155.0,6529.0,6529.0,12342.0,12342.0,12410.0,0.0,271.0,22917.0,22875.0,22841.0,93.0,0.0,0.0,0.0,429.0,0.0,0.0,31.0,36.0,35.0,14.0,29.0,445256672.0,0.0,24043752448.0,422278074400.0,4699118592.0,0.0,0.0,1698.0,0.0,0.0,2388.0,70.0,3380.0
1873,0.0,1.0,0.0,1.0,1.0,806400.0,1.0,497250000.0,1.0,40800000.0,14.274374008199999,30651.0,3200.0,10211.0,40027.77777780001,40500.0,41944.444444400004,74.0,25.0,64.0,896.0,5000.0,0.0,25.0,1000000.0,950000.0,1.0,0.0,0.0,10.0,0.0,0.0,100.0,100.0,30089485.0,898778171.0,809807145.0,0.0,0.0,0.0,0.0,0.0,0.0,0.0,0.0,0.0,0.0,0.0,0.0,0.0,0.0,0.0,0.0,0.0,0.0,22.0,0.0,30331612.0,302479037.0,32039152.0,32124261.0,912389801.0,1378.0,33790297171.0,0.0,0.0,0.0,0.0,0.0,0.0,0.0,0.0,0.0,0.0,0.0,0.0,0.0,0.0,0.0,0.0,0.0,0.0,0.0,0.0,0.0,0.0,48.0,48.0,0.0,0.0,0.0,0.0,0.0,0.0,0.0,0.0,0.0,0.0,0.0,0.0,0.0,0.0,0.0,0.0,0.0,0.0,0.0,0.0,0.0,0.0,0.0,0.0,0.0,0.0,0.0,0.0,0.0,0.0,0.0,0.0,0.0,0.0,0.0,0.0,0.0,0.0,0.0,0.0,0.0,0.0,0.0,0.0,0.0,0.0,0.0,0.0,0.0,0.0,0.0,0.0,0.0,0.0,0.0,0.0,0.0,0.0,0.0,0.0,0.0,0.0,0.0,0.0,0.0,0.0,0.0,0.0,0.0,0.0,0.0,0.0,1621644626.0,5916.0,5916.0,11474.0,11474.0,11522.0,0.0,220.0,22989.0,22777.0,22742.0,62.0,0.0,0.0,0.0,410.0,0.0,0.0,31.0,37.0,36.0,15.0,29.0,401018304.0,0.0,21880313760.0,587458905504.0,2163382112.0,0.0,0.0,1378.0,0.0,0.0,2148.0,72.0,3004.0
1874,0.0,1.0,0.0,1.0,1.0,806400.0,1.0,497250000.0,1.0,40800000.0,14.274374008199999,30651.0,3200.0,10211.0,40027.77777780001,40500.0,41944.444444400004,77.0,25.0,64.0,896.0,5000.0,0.0,25.0,1000000.0,950000.0,1.0,1.0,0.0,10.0,0.0,0.0,100.0,100.0,26174363.0,857136320.0,756844117.0,0.0,0.0,0.0,0.0,0.0,0.0,0.0,0.0,0.0,0.0,0.0,0.0,0.0,0.0,0.0,0.0,0.0,0.0,19.0,0.0,26928074.0,288307573.0,27839390.0,27523354.0,890860739.0,914.0,32831233395.0,0.0,0.0,0.0,0.0,0.0,0.0,0.0,0.0,0.0,0.0,0.0,0.0,0.0,0.0,0.0,0.0,0.0,0.0,0.0,0.0,0.0,0.0,48.0,48.0,0.0,0.0,0.0,0.0,0.0,0.0,0.0,0.0,0.0,0.0,0.0,0.0,0.0,0.0,0.0,0.0,0.0,0.0,0.0,0.0,0.0,0.0,0.0,0.0,0.0,0.0,0.0,0.0,0.0,0.0,0.0,0.0,0.0,0.0,0.0,0.0,0.0,0.0,0.0,0.0,0.0,0.0,0.0,0.0,0.0,0.0,0.0,0.0,0.0,0.0,0.0,0.0,0.0,0.0,0.0,0.0,0.0,0.0,0.0,0.0,0.0,0.0,0.0,0.0,0.0,0.0,0.0,0.0,0.0,0.0,0.0,0.0,1560467486.0,5366.0,5366.0,10816.0,10816.0,10841.0,0.0,120.0,20005.0,21606.0,21584.0,37.0,0.0,0.0,0.0,236.0,0.0,0.0,21.0,25.0,24.0,7.0,18.0,83146432.0,0.0,20347590848.0,121079575616.0,906469312.0,0.0,0.0,914.0,0.0,0.0,1373.0,48.0,2260.0
1875,0.0,1.0,0.0,1.0,1.0,806400.0,1.0,497250000.0,1.0,40800000.0,14.274374008199999,30651.0,3200.0,10211.0,40027.77777780001,40500.0,41944.444444400004,77.0,25.0,64.0,896.0,5000.0,0.0,25.0,1000000.0,950000.0,1.0,1.0,0.0,10.0,0.0,0.0,100.0,100.0,25012802.0,840033701.0,742225655.0,0.0,0.0,0.0,0.0,0.0,0.0,0.0,0.0,0.0,0.0,0.0,0.0,0.0,0.0,0.0,0.0,0.0,0.0,19.0,0.0,25347983.0,278895548.0,25775527.0,25455182.0,857455342.0,837.0,30522685120.0,0.0,0.0,0.0,0.0,0.0,0.0,0.0,0.0,0.0,0.0,0.0,0.0,0.0,0.0,0.0,0.0,0.0,0.0,0.0,0.0,0.0,0.0,48.0,48.0,0.0,0.0,0.0,0.0,0.0,0.0,0.0,0.0,0.0,0.0,0.0,0.0,0.0,0.0,0.0,0.0,0.0,0.0,0.0,0.0,0.0,0.0,0.0,0.0,0.0,0.0,0.0,0.0,0.0,0.0,0.0,0.0,0.0,0.0,0.0,0.0,0.0,0.0,0.0,0.0,0.0,0.0,0.0,0.0,0.0,0.0,0.0,0.0,0.0,0.0,0.0,0.0,0.0,0.0,0.0,0.0,0.0,0.0,0.0,0.0,0.0,0.0,0.0,0.0,0.0,0.0,0.0,0.0,0.0,0.0,0.0,0.0,1513554504.0,4999.0,4999.0,10076.0,10076.0,10113.0,0.0,93.0,19063.0,21552.0,21532.0,55.0,0.0,0.0,0.0,237.0,0.0,0.0,19.0,23.0,22.0,10.0,17.0,57083168.0,0.0,18988249312.0,527529129504.0,649074336.0,0.0,0.0,837.0,0.0,0.0,1234.0,44.0,2217.0
1876,0.0,1.0,0.0,1.0,1.0,806400.0,1.0,497250000.0,1.0,40800000.0,14.274374008199999,30651.0,3200.0,10211.0,40027.77777780001,40500.0,41944.444444400004,77.0,25.0,64.0,896.0,5000.0,0.0,25.0,1000000.0,950000.0,1.0,1.0,0.0,10.0,0.0,0.0,100.0,100.0,28354289.0,876088343.0,784150530.0,0.0,0.0,0.0,0.0,0.0,0.0,0.0,0.0,0.0,0.0,0.0,0.0,0.0,0.0,0.0,0.0,0.0,0.0,19.0,0.0,27695499.0,287297111.0,28155012.0,29452116.0,892819457.0,1167.0,32321366416.0,0.0,0.0,0.0,0.0,0.0,0.0,0.0,0.0,0.0,0.0,0.0,0.0,0.0,0.0,0.0,0.0,0.0,0.0,0.0,0.0,0.0,0.0,48.0,48.0,0.0,0.0,0.0,0.0,0.0,0.0,0.0,0.0,0.0,0.0,0.0,0.0,0.0,0.0,0.0,0.0,0.0,0.0,0.0,0.0,0.0,0.0,0.0,0.0,0.0,0.0,0.0,0.0,0.0,0.0,0.0,0.0,0.0,0.0,0.0,0.0,0.0,0.0,0.0,0.0,0.0,0.0,0.0,0.0,0.0,0.0,0.0,0.0,0.0,0.0,0.0,0.0,0.0,0.0,0.0,0.0,0.0,0.0,0.0,0.0,0.0,0.0,0.0,0.0,0.0,0.0,0.0,0.0,0.0,0.0,0.0,0.0,1583736162.0,5482.0,5482.0,10850.0,10850.0,10877.0,0.0,164.0,20963.0,22202.0,22174.0,91.0,0.0,0.0,0.0,320.0,0.0,0.0,25.0,30.0,29.0,11.0,23.0,188567264.0,0.0,20638288576.0,142158383712.0,1237652096.0,0.0,0.0,1167.0,0.0,0.0,1725.0,58.0,2780.0
